1403638538127829504.000000 -17.542020798 7.572527885 -4.194146156 -0.563020945 -0.622873664 -0.363227814 0.403858274
1403638538427829504.000000 -17.542440414 7.573124886 -4.193922520 -0.563072145 -0.622805178 -0.363201261 0.403916240
1403638538727829504.000000 -17.542404175 7.573488712 -4.194143295 -0.562857568 -0.622307837 -0.363722265 0.404512703
1403638538977829376.000000 -17.543693542 7.579586506 -4.192917347 -0.557990313 -0.618411481 -0.369155079 0.412236243
1403638539227829504.000000 -17.546720505 7.594450474 -4.173572063 -0.550843596 -0.606994450 -0.381580472 0.427229881
1403638539727829504.000000 -17.554164886 7.637198925 -4.037621498 -0.549837887 -0.612825036 -0.376425266 0.424767911
1403638539977829376.000000 -17.560577393 7.667450905 -4.013301849 -0.553331196 -0.620175481 -0.367460400 0.417348593
1403638540227829504.000000 -17.571695328 7.724065781 -3.993498564 -0.557841659 -0.627739727 -0.359140515 0.407153219
1403638540477829376.000000 -17.591602325 7.818500519 -3.969663858 -0.544197679 -0.624159694 -0.368458211 0.422507048
1403638540777829376.000000 -17.634765625 7.952556610 -3.947647333 -0.502689898 -0.656180978 -0.351837814 0.439248770
1403638541227829504.000000 -17.763957977 8.160182953 -3.939385176 -0.426634550 -0.707516015 -0.311349243 0.469537795
1403638542477829376.000000 -18.534473419 8.617136002 -3.731953144 -0.291230589 -0.763643980 -0.223394021 0.531157076
1403638542827829504.000000 -18.803245544 8.674534798 -3.693987608 -0.265281320 -0.771768987 -0.214695856 0.536567092
1403638543177829376.000000 -19.085748672 8.661575317 -3.597169876 -0.280620575 -0.774992645 -0.196155593 0.531188786
1403638543627829504.000000 -19.466070175 8.634183884 -3.545055866 -0.260889590 -0.783783495 -0.183843136 0.532749355
1403638544427829504.000000 -20.226947784 8.552525520 -3.413545132 -0.161358953 -0.810392678 -0.105099455 0.553336382
1403638544877829376.000000 -20.673091888 8.528841972 -3.355872631 -0.155179322 -0.806754053 -0.104276054 0.560529947
1403638545327829504.000000 -21.104766846 8.513620377 -3.358398914 -0.151102841 -0.806634665 -0.103889279 0.561885715
1403638545777829376.000000 -21.522504807 8.490836143 -3.403542995 -0.113552578 -0.814337969 -0.074082471 0.564332664
1403638546227829504.000000 -21.932752609 8.459472656 -3.345834970 -0.024347425 -0.824692011 -0.025989810 0.564459801
1403638546727829504.000000 -22.403247833 8.404524803 -3.348528147 -0.001605818 -0.825692296 -0.003127213 0.564109921
1403638547227829504.000000 -22.906511307 8.315504074 -3.286714315 0.022410277 -0.827118695 -0.009715254 0.561496198
1403638547727829504.000000 -23.430644989 8.148838043 -3.323692083 0.008795424 -0.827888548 0.001893296 0.560820520
1403638548227829504.000000 -23.992031097 7.928030491 -3.385750055 0.026373828 -0.828078926 0.010184026 0.559898317
1403638548727829504.000000 -24.584678650 7.652959347 -3.317965508 0.083221547 -0.824711323 0.052453317 0.556932807
1403638549227829504.000000 -25.199331284 7.364315510 -3.199935675 0.089736998 -0.823491156 0.060472209 0.556913674
1403638549727829504.000000 -25.833015442 7.073176861 -3.024147034 0.082398839 -0.820191622 0.063776627 0.562520087
1403638550177829376.000000 -26.429271698 6.830624580 -2.827902079 0.079773128 -0.823104858 0.066801853 0.558276117
1403638550677829376.000000 -27.118694305 6.592576504 -2.534990072 0.076125525 -0.818418145 0.074827716 0.564621568
1403638551177829376.000000 -27.781558990 6.433336258 -2.345389605 0.069626130 -0.800129235 0.083040528 0.589957297
1403638551677829376.000000 -28.304697037 6.431758881 -2.164304256 -0.001671029 -0.813058555 0.060892891 0.578986347
1403638552177829376.000000 -28.743875504 6.635895729 -2.032926083 -0.061971225 -0.809886813 -0.002019946 0.583300054
1403638554677829376.000000 -28.699642181 8.807078362 -1.563155770 -0.034150537 -0.819071829 -0.014415823 0.572492123
1403638555677829376.000000 -28.063091278 9.625744820 -1.498887777 -0.081583440 -0.814210057 -0.042425327 0.573241949
1403638556177829376.000000 -27.760530472 10.053820610 -1.408446431 -0.080610946 -0.820654571 -0.041847020 0.564160168
1403638556677829376.000000 -27.532365799 10.495637894 -1.356156588 -0.091767721 -0.829276979 -0.028023647 0.550538957
1403638558677829376.000000 -27.239366531 12.737151146 -1.023178101 -0.087526068 -0.838549137 -0.039417475 0.536303043
1403638559177829376.000000 -27.449729919 13.308891296 -0.906971097 -0.086189695 -0.821589887 -0.042582121 0.561914802
1403638561677829376.000000 -28.219507217 15.566628456 -1.269970179 -0.355319053 -0.730539382 -0.243157476 0.530033052
1403638562177829376.000000 -28.038444519 15.847160339 -1.372866035 -0.373361200 -0.721307278 -0.265062392 0.519672215
1403638563177829376.000000 -27.550069809 16.202610016 -1.365405798 -0.534992993 -0.609488130 -0.347352833 0.470800191
1403638563677829376.000000 -27.141626358 16.271333694 -1.453740239 -0.549870253 -0.582151473 -0.375012547 0.467020392
1403638564177829376.000000 -26.586614609 16.196352005 -1.451155424 -0.543871939 -0.589003503 -0.361835003 0.475766301
1403638565177829376.000000 -25.032472610 15.691859245 -1.530687332 -0.540109992 -0.591767013 -0.349633485 0.485643446
1403638566027829504.000000 -23.325923920 15.017194748 -1.936736465 -0.529889703 -0.607795477 -0.380275816 0.452981204
1403638567027829504.000000 -21.486955643 14.033092499 -2.611203432 -0.543884516 -0.642233729 -0.343261391 0.417009830
1403638567527829504.000000 -20.713834763 13.670393944 -3.062300920 -0.523855925 -0.623097360 -0.376763850 0.442010969
1403638568027829504.000000 -20.055864334 13.320711136 -3.386818886 -0.535806298 -0.630099535 -0.369180322 0.423783064
1403638568527829504.000000 -19.538684845 13.050965309 -3.561197519 -0.534271359 -0.631952047 -0.374088585 0.418627053
1403638569027829504.000000 -19.172393799 12.865713120 -3.719566345 -0.534456611 -0.634435177 -0.373502970 0.415142894
1403638569527829504.000000 -18.962924957 12.772019386 -3.776904583 -0.532519162 -0.636293590 -0.377983689 0.410709321
1403638570027829504.000000 -18.906892776 12.743077278 -3.805413723 -0.529212177 -0.630974412 -0.383418202 0.418086529
1403638570527829504.000000 -18.957447052 12.736473083 -3.880421162 -0.562236309 -0.601570547 -0.362188369 0.436832666
1403638571527829504.000000 -18.540187836 12.620018005 -4.191210747 -0.666464865 -0.465717733 -0.451623648 0.367379457
1403638572027829504.000000 -18.094247818 12.420748711 -4.276271820 -0.714224339 -0.409352630 -0.465848833 0.324497789
1403638572527829504.000000 -17.541561127 12.169665337 -4.296306133 -0.758923590 -0.340666056 -0.494211882 0.252460152
1403638573027829504.000000 -16.911672592 11.969687462 -4.267357349 -0.765494049 -0.338636607 -0.500121474 0.221861988
1403638573527829504.000000 -16.237621307 11.907384872 -4.219829559 -0.764842749 -0.345408440 -0.497776896 0.218921527
1403638573777829376.000000 -15.886951447 11.936767578 -4.152147770 -0.765968323 -0.339808077 -0.503771186 0.209851727
1403638574027829504.000000 -15.537675858 11.999817848 -4.090680599 -0.766749322 -0.293394715 -0.534015715 0.202094689
1403638574477829376.000000 -14.946843147 12.079052925 -4.063129425 -0.794096649 -0.173929796 -0.558922410 0.163599640
1403638574977829376.000000 -14.338022232 12.053065300 -4.000409126 -0.810689092 -0.144397080 -0.556977808 0.108204842
1403638575477829376.000000 -13.738519669 11.995457649 -4.003773689 -0.818959951 -0.142204136 -0.541963935 0.123926505
1403638575927829504.000000 -13.137851715 11.923847198 -3.987411499 -0.822712302 -0.167967826 -0.532503664 0.106635682
1403638576377829376.000000 -12.471742630 11.924824715 -3.846267462 -0.816751301 -0.173697546 -0.541126609 0.099642217
1403638576827829504.000000 -11.772755623 12.039211273 -3.780794382 -0.808578491 -0.184063643 -0.552524805 0.083891682
1403638577327829504.000000 -11.042664528 12.312810898 -3.753571510 -0.804009974 -0.170388117 -0.560439706 0.102192558
1403638577777829376.000000 -10.449330330 12.630701065 -3.669766188 -0.805769026 -0.173868462 -0.557309330 0.099561155
1403638578277829376.000000 -9.845633507 13.065079689 -3.626377344 -0.805836916 -0.164008215 -0.556091547 0.120376371
1403638578777829376.000000 -9.270705223 13.493481636 -3.581084728 -0.804091632 -0.164716974 -0.559377253 0.115767933
1403638579277829376.000000 -8.740887642 13.913907051 -3.538045883 -0.801549494 -0.172125563 -0.562100351 0.109244838
1403638581777829376.000000 -7.372394562 15.383616447 -3.585739851 -0.672752261 -0.455093592 -0.487051249 0.321053356
1403638584077829376.000000 -7.613543987 15.833870888 -2.895882130 -0.675789595 -0.456486315 -0.489099443 0.309370995
1403638586077829376.000000 -8.967737198 15.667247772 -2.707893610 -0.686748207 -0.455604315 -0.473482013 0.310831934
1403638586577829376.000000 -9.328811646 15.650443077 -2.635334492 -0.671139121 -0.454326242 -0.497778028 0.308831781
1403638587077829376.000000 -9.732808113 15.614037514 -2.699569464 -0.675301909 -0.449791104 -0.491486222 0.316380709
1403638588677829376.000000 -11.130797386 15.375528336 -2.864134550 -0.677626967 -0.451977789 -0.487790585 0.314003557
1403638590577829376.000000 -12.887378693 14.887882233 -3.001406431 -0.684391737 -0.446165085 -0.483409017 0.314420670
1403638591077829376.000000 -13.305030823 14.747102737 -2.984953880 -0.690442204 -0.447638333 -0.474969566 0.311950982
1403638591577829376.000000 -13.662370682 14.663118362 -2.991348743 -0.710808277 -0.456998259 -0.445823967 0.295203835
1403638592077829376.000000 -13.893620491 14.753815651 -3.042004585 -0.702892661 -0.451509565 -0.457153440 0.305109441
1403638593077829376.000000 -14.032997131 15.147830009 -2.679929256 -0.659886539 -0.513793290 -0.423743695 0.347861350
1403638593577829376.000000 -13.981648445 15.428625107 -2.477207184 -0.637882173 -0.511478424 -0.459396601 0.347060531
1403638594077829376.000000 -13.990608215 15.688184738 -2.330466747 -0.625892937 -0.504915833 -0.461674839 0.374398857
1403638596077829376.000000 -14.407377243 15.808814049 -1.936501265 -0.620926023 -0.528060555 -0.456283003 0.356943727
1403638596577829376.000000 -14.656796455 15.752894402 -1.953616142 -0.596121132 -0.552386224 -0.485372514 0.322370231
1403638597077829376.000000 -15.276067734 15.721229553 -1.795692682 -0.583276570 -0.559406757 -0.500728071 0.310038596
1403638597577829376.000000 -16.297298431 15.693369865 -1.723875046 -0.593532503 -0.533482671 -0.494462490 0.344415963
1403638598077829376.000000 -17.568199158 15.589903831 -1.765594125 -0.577085793 -0.551708162 -0.492998332 0.345749527
1403638598427829504.000000 -18.572065353 15.457820892 -1.773072124 -0.600151718 -0.541310847 -0.451102167 0.378559679
1403638598777829376.000000 -19.564380646 15.297745705 -1.833110213 -0.588726699 -0.560330033 -0.434124708 0.388544589
1403638599077829376.000000 -20.392349243 15.149273872 -1.861945748 -0.554923415 -0.593534589 -0.412711591 0.411638111
1403638599427829504.000000 -21.338628769 14.953795433 -1.827339888 -0.511611760 -0.637778878 -0.379289955 0.433163553
1403638599777829376.000000 -22.257865906 14.752360344 -1.786420465 -0.499235332 -0.654157460 -0.362995327 0.437123030
1403638600277829376.000000 -23.513113022 14.519144058 -1.844808459 -0.532962322 -0.635946870 -0.329227209 0.450701952
1403638600777829376.000000 -24.546463013 14.432108879 -1.873887777 -0.552243590 -0.631366193 -0.308827430 0.448363066
1403638601277829376.000000 -25.334619522 14.561141014 -1.830472708 -0.516432464 -0.657776594 -0.354423344 0.418343812
1403638601777829376.000000 -26.122636795 14.810351372 -1.779292464 -0.450707346 -0.684527218 -0.330082685 0.468327761
1403638602277829376.000000 -26.926162720 15.013956070 -1.663123846 -0.357363403 -0.731263220 -0.289914936 0.503482699
1403638603477829376.000000 -28.006856918 14.737622261 -1.275512934 -0.197834015 -0.786782622 -0.122011967 0.571793497
1403638603977829376.000000 -27.986570358 14.474355698 -1.292788506 -0.159841299 -0.773960352 -0.155447349 0.592682242
1403638604477829376.000000 -27.841899872 14.043000221 -1.339173913 -0.170769662 -0.785072505 -0.141095027 0.578438520
1403638604977829376.000000 -27.615535736 13.506876945 -1.329551339 -0.184898525 -0.798924804 -0.122712791 0.558992982
1403638605477829376.000000 -27.414688110 13.025645256 -1.257444143 -0.169932425 -0.806542873 -0.142850578 0.547909856
1403638605977829376.000000 -27.315803528 12.509599686 -1.211696625 -0.150519446 -0.801744461 -0.170135871 0.552814126
1403638606477829376.000000 -27.319709778 11.804564476 -1.193754792 -0.169881210 -0.811886132 -0.151224732 0.537691832
1403638607477829376.000000 -27.811105728 10.418712616 -1.368022442 -0.094988815 -0.816672444 -0.047625676 0.567234755
1403638607977829376.000000 -28.155202866 9.914675713 -1.540066957 -0.099378213 -0.816203296 -0.040865537 0.567684948
1403638608477829376.000000 -28.457674026 9.530192375 -1.817315340 -0.093773887 -0.801842570 -0.061187770 0.586950541
1403638608977829376.000000 -28.633159637 9.190686226 -2.152969837 -0.098252498 -0.804808378 -0.054336276 0.582818568
1403638609127829504.000000 -28.661664963 9.102073669 -2.211969137 -0.099585742 -0.807711720 -0.052293941 0.578748643
1403638609627829504.000000 -28.680608749 8.869064331 -2.442444086 -0.102008581 -0.806109965 -0.051199101 0.580654442
1403638610127829504.000000 -28.609685898 8.711470604 -2.691704512 -0.100839578 -0.800978363 -0.052952524 0.587759376
1403638610627829504.000000 -28.414077759 8.610991478 -2.917464972 -0.097813673 -0.785085738 -0.058407780 0.608819723
1403638611127829504.000000 -28.018108368 8.543464661 -3.123019934 -0.099489041 -0.792899609 -0.049458869 0.599137604
1403638611627829504.000000 -27.452768326 8.512787819 -3.278027534 -0.079674937 -0.800112903 -0.079223216 0.589232624
1403638612127829504.000000 -26.780336380 8.428343773 -3.395777941 -0.102293804 -0.806785166 -0.051940974 0.579599798
1403638612627829504.000000 -26.068799973 8.383134842 -3.447025537 -0.097958826 -0.804564655 -0.065651812 0.582039297
1403638613127829504.000000 -25.304830551 8.323784828 -3.547193766 -0.102220304 -0.802332044 -0.072385199 0.583587766
1403638613327829504.000000 -24.983764648 8.283576012 -3.545398235 -0.103503607 -0.804348648 -0.071488306 0.580688953
1403638613627829504.000000 -24.492742538 8.213987350 -3.536578178 -0.111183025 -0.799362004 -0.073018022 0.585941315
1403638614127829504.000000 -23.602798462 8.086318016 -3.644182444 -0.160473287 -0.786242485 -0.106382385 0.587157547
1403638614627829504.000000 -22.609001160 7.938250542 -3.719565392 -0.222236544 -0.779096603 -0.137722448 0.569782495
1403638615127829504.000000 -21.543966293 7.821309566 -3.578763247 -0.322428226 -0.757943094 -0.180586636 0.537541449
1403638615327829504.000000 -21.084402084 7.793217659 -3.500614405 -0.360717535 -0.734256208 -0.231834814 0.526311040
1403638615527829504.000000 -20.622285843 7.764425755 -3.438578367 -0.405248493 -0.707899332 -0.271267772 0.510946274
1403638615727829504.000000 -20.165332794 7.729535103 -3.390397072 -0.435745716 -0.688900590 -0.294173956 0.499002427
1403638615927829504.000000 -19.711404800 7.685877323 -3.321619034 -0.455379397 -0.676001787 -0.304630727 0.492799580
1403638616127829504.000000 -19.255220413 7.635217190 -3.265129805 -0.475944251 -0.662742496 -0.319056928 0.482132882
1403638616327829504.000000 -18.787815094 7.573512554 -3.254005432 -0.504143536 -0.646095335 -0.335516542 0.464573771
1403638616577829376.000000 -18.187633514 7.481740952 -3.285717010 -0.536741376 -0.624807715 -0.353489131 0.443361610
1403638616777829376.000000 -17.705656052 7.407857418 -3.321667671 -0.560643613 -0.623661935 -0.342024952 0.423961729
1403638616977829376.000000 -17.217470169 7.363248348 -3.351317644 -0.565735042 -0.625218213 -0.339791298 0.416638941
1403638617177829376.000000 -16.723751068 7.360066891 -3.340909481 -0.551516593 -0.628131032 -0.356497526 0.417361170
1403638617777829376.000000 -15.345777512 7.490920067 -3.138324261 -0.540265083 -0.644945979 -0.355264038 0.407364398
1403638617977829376.000000 -14.943159103 7.589377880 -3.015637159 -0.536520123 -0.646003485 -0.356908649 0.409196615
1403638618177829376.000000 -14.573521614 7.711458683 -2.909105301 -0.535516024 -0.645747304 -0.355762661 0.411905229
1403638618327829504.000000 -14.318579674 7.815979958 -2.848285198 -0.533964932 -0.645534217 -0.357540697 0.412712574
1403638618727829504.000000 -13.724694252 8.135152817 -2.724514961 -0.536183953 -0.641110361 -0.364115685 0.410979450
1403638618927829504.000000 -13.483481407 8.319706917 -2.657750607 -0.542809010 -0.629727662 -0.372613668 0.412262678
1403638619127829504.000000 -13.280930519 8.513404846 -2.608561516 -0.560421586 -0.604247868 -0.395599037 0.405356288
1403638619527829504.000000 -12.964594841 8.889057159 -2.613360405 -0.621686578 -0.532256961 -0.435724258 0.374636889
1403638619927829504.000000 -12.727162361 9.230147362 -2.684973240 -0.651710927 -0.494159400 -0.433451980 0.378416181
1403638620127829504.000000 -12.599425316 9.377271652 -2.725252628 -0.650733352 -0.489753753 -0.440621018 0.377545297
1403638622327829504.000000 -11.159575462 10.147362709 -2.944767714 -0.623885036 -0.508538842 -0.454523653 0.381528437
1403638622577829376.000000 -11.063063622 10.115430832 -2.967851400 -0.622174203 -0.511283278 -0.459214866 0.374980658
1403638622927829504.000000 -10.961146355 10.011416435 -2.916645288 -0.608360708 -0.497934341 -0.479922742 0.389400750
1403638623277829376.000000 -10.904552460 9.808290482 -2.883259535 -0.627393961 -0.504085541 -0.455902874 0.380035967
1403638623627829504.000000 -10.861372948 9.547443390 -2.888313293 -0.630477250 -0.507142961 -0.452488542 0.374911368
1403638623977829376.000000 -10.825055122 9.243106842 -2.839075327 -0.633260369 -0.509984851 -0.452469021 0.366290212
1403638624327829504.000000 -10.800172806 8.914237022 -2.828601599 -0.639739573 -0.503939927 -0.447444886 0.369555026
1403638624727829504.000000 -10.766614914 8.522792816 -2.870375633 -0.632523596 -0.496012658 -0.457509071 0.380224884
1403638625127829504.000000 -10.737710953 8.084222794 -2.869322300 -0.629109383 -0.516910315 -0.438505650 0.380444467
1403638625527829504.000000 -10.701796532 7.642781258 -2.876589060 -0.626730442 -0.520196199 -0.434476018 0.384494007
1403638625977829376.000000 -10.635999680 7.162306309 -2.828502417 -0.633959770 -0.526524723 -0.425866365 0.373503149
1403638626427829504.000000 -10.542790413 6.734278679 -2.860958099 -0.627378464 -0.528270483 -0.437181085 0.369052023
1403638626877829376.000000 -10.462803841 6.359971046 -2.922108412 -0.634774387 -0.536137819 -0.424951613 0.359212935
1403638627327829504.000000 -10.400055885 6.090903282 -2.934850216 -0.633125007 -0.538489521 -0.425000608 0.358547360
1403638627827829504.000000 -10.349639893 5.900190830 -3.003112316 -0.626526892 -0.535147011 -0.435882896 0.362060666
1403638628327829504.000000 -10.347178459 5.781915665 -3.069911957 -0.631047785 -0.537182808 -0.432920396 0.354673445
1403638628827829504.000000 -10.379721642 5.729939938 -3.088345528 -0.633134127 -0.519717991 -0.431428194 0.378026456
1403638629327829504.000000 -10.385674477 5.682286263 -3.125353336 -0.627566934 -0.529969990 -0.439579010 0.363403231
1403638629827829504.000000 -10.419139862 5.678964615 -3.122775793 -0.642292738 -0.516306341 -0.420930296 0.379085213
1403638630327829504.000000 -10.414693832 5.688773632 -3.229251623 -0.628510118 -0.526586771 -0.442872584 0.362691820
1403638630777829376.000000 -10.429595947 5.718734264 -3.246855259 -0.636195362 -0.548686624 -0.418925166 0.344528943
1403638631227829504.000000 -10.439052582 5.687158585 -3.256721735 -0.636603713 -0.546560764 -0.416829020 0.349658042
