#LBA time[ms], KF opt[#], KF fixed[#], MP[#], Edges[#]
4.390449,3,1,0,674
4.235656,4,1,0,666
5.312573,3,1,0,711
2.154476,3,1,0,564
6.123292,3,1,0,990
4.489947,4,1,0,1375
6.386549,5,1,0,1499
3.676421,3,1,0,945
3.487574,3,1,0,602
2.336440,3,1,0,648
6.797069,4,1,0,830
8.694818,5,1,0,1330
6.019687,6,1,0,1747
8.139053,7,1,0,2274
9.515043,8,1,0,2784
11.926171,9,1,0,3250
12.649601,10,1,0,3439
13.531081,0,0,0,0
14.981825,0,0,0,0
16.351051,0,0,0,0
18.085779,0,0,0,0
19.252103,0,0,0,0
21.625055,0,0,0,0
23.336486,0,0,0,0
25.434062,0,0,0,0
27.633542,0,0,0,0
33.307037,0,0,0,0
4.721500,3,1,0,1171
7.825054,4,1,0,1006
3.461286,5,1,0,1037
5.747879,6,1,0,1142
5.530118,7,1,0,1212
4.085829,3,1,0,1352
7.295940,4,1,0,1561
5.409429,5,1,0,1629
5.543926,3,1,0,1088
4.276396,4,1,0,1304
4.730898,5,1,0,1443
6.963900,6,1,0,1697
8.053639,7,1,0,1964
7.783644,8,1,0,2106
7.290636,9,1,0,2130
7.706790,10,1,0,2228
4.527453,3,1,0,832
2.989593,3,1,0,759
2.446602,4,1,0,624
6.710414,3,1,0,688
4.959669,3,1,0,892
5.842447,4,1,0,929
7.376396,5,1,0,1240
5.800472,6,1,0,1509
2.749247,3,1,0,697
2.968495,4,1,0,808
5.540933,5,1,0,1068
4.632480,6,1,0,1214
2.402026,3,1,0,592
4.146231,4,1,0,731
3.364679,5,1,0,910
5.064477,6,1,0,1146
5.527606,7,1,0,1397
7.986943,8,1,0,1616
5.978610,9,1,0,1865
6.514952,10,1,0,2050
10.028146,0,0,0,0
10.225298,0,0,0,0
14.572568,0,0,0,0
25.325542,0,0,0,0
16.783050,0,0,0,0
14.202450,0,0,0,0
15.473543,0,0,0,0
16.890263,0,0,0,0
18.173126,0,0,0,0
19.800654,0,0,0,0
29.383010,0,0,0,0
4.219734,3,1,0,1260
5.069796,4,1,0,1531
5.245591,5,1,0,1534
3.395711,3,1,0,990
9.724760,4,1,0,1167
5.428978,5,1,0,1439
8.991153,6,1,0,1731
6.546452,7,1,0,2216
9.728768,8,1,0,2476
10.911949,9,1,0,2809
7.115020,3,1,0,933
5.113887,4,1,0,1570
8.735910,5,1,0,2101
10.105729,6,1,0,2406
10.079122,7,1,0,2516
10.443450,8,1,0,2600
10.381126,9,1,0,2678
13.050461,10,1,0,2684
2.529927,3,1,0,512
6.532985,4,1,0,717
6.313537,5,1,0,1071
5.477164,6,1,0,1391
9.485731,7,1,0,1749
1.915404,3,1,0,474
8.170215,4,1,0,908
6.520797,5,1,0,1335
13.629198,6,1,0,1752
7.469160,7,1,0,2090
10.119032,8,1,0,2814
11.408539,9,1,0,3300
13.383864,10,1,0,3729
21.502431,0,0,0,0
17.029200,0,0,0,0
21.543622,0,0,0,0
18.615083,0,0,0,0
21.385898,0,0,0,0
27.507116,0,0,0,0
26.361707,0,0,0,0
35.172540,0,0,0,0
29.972931,0,0,0,0
32.771387,0,0,0,0
35.028655,0,0,0,0
36.094875,0,0,0,0
39.724234,0,0,0,0
35.394923,0,0,0,0
39.078061,0,0,0,0
36.070377,0,0,0,0
38.773675,0,0,0,0
40.986937,0,0,0,0
37.636564,0,0,0,0
36.272661,0,0,0,0
38.351786,0,0,0,0
48.023122,0,0,0,0
42.266207,0,0,0,0
39.768161,0,0,0,0
41.484701,0,0,0,0
62.919162,0,0,0,0
44.286836,0,0,0,0
45.385681,0,0,0,0
46.035714,0,0,0,0
47.432314,0,0,0,0
49.205827,0,0,0,0
46.448149,0,0,0,0
46.416967,0,0,0,0
47.810440,0,0,0,0
47.477587,0,0,0,0
49.785513,0,0,0,0
55.958586,0,0,0,0
48.907452,0,0,0,0
62.894261,0,0,0,0
76.229968,0,0,0,0
53.402444,0,0,0,0
65.295111,0,0,0,0
48.523661,0,0,0,0
49.084091,0,0,0,0
48.344839,0,0,0,0
47.961868,0,0,0,0
50.646123,0,0,0,0
50.089007,0,0,0,0
50.379144,0,0,0,0
65.376326,0,0,0,0
55.489410,0,0,0,0
49.440082,0,0,0,0
47.495135,0,0,0,0
47.977341,0,0,0,0
62.329738,0,0,0,0
49.056733,0,0,0,0
49.004168,0,0,0,0
51.454296,0,0,0,0
50.442334,0,0,0,0
49.367000,0,0,0,0
55.507122,0,0,0,0
51.322132,0,0,0,0
51.038649,0,0,0,0
50.889347,0,0,0,0
50.282447,0,0,0,0
60.829710,0,0,0,0
51.043476,0,0,0,0
50.826402,0,0,0,0
50.746184,0,0,0,0
50.638604,0,0,0,0
50.379433,0,0,0,0
55.272058,0,0,0,0
54.024522,0,0,0,0
50.543220,0,0,0,0
56.055410,0,0,0,0
53.405092,0,0,0,0
51.867840,0,0,0,0
61.764459,0,0,0,0
52.028616,0,0,0,0
53.181809,0,0,0,0
57.100247,0,0,0,0
62.470653,0,0,0,0
57.517459,0,0,0,0
53.128167,0,0,0,0
53.076232,0,0,0,0
59.427904,0,0,0,0
53.794043,0,0,0,0
54.379204,0,0,0,0
53.605949,0,0,0,0
56.862114,0,0,0,0
74.689591,0,0,0,0
53.872956,0,0,0,0
54.356384,0,0,0,0
57.147371,0,0,0,0
60.529022,0,0,0,0
55.263474,0,0,0,0
55.917958,0,0,0,0
55.509040,0,0,0,0
76.497368,0,0,0,0
65.085870,0,0,0,0
55.967025,0,0,0,0
54.671996,0,0,0,0
60.551198,0,0,0,0
56.854650,0,0,0,0
55.179379,0,0,0,0
57.598004,0,0,0,0
58.087022,0,0,0,0
59.185860,0,0,0,0
56.823816,0,0,0,0
56.876077,0,0,0,0
59.829513,0,0,0,0
60.690586,0,0,0,0
56.273606,0,0,0,0
61.278439,0,0,0,0
53.129379,0,0,0,0
60.035434,0,0,0,0
54.768190,0,0,0,0
56.992507,0,0,0,0
52.088161,0,0,0,0
52.578629,0,0,0,0
54.213297,0,0,0,0
55.942642,0,0,0,0
57.933506,0,0,0,0
54.037719,0,0,0,0
52.979320,0,0,0,0
53.325193,0,0,0,0
55.672275,0,0,0,0
55.846978,0,0,0,0
54.849989,0,0,0,0
54.551607,0,0,0,0
55.638020,0,0,0,0
55.370134,0,0,0,0
57.560765,0,0,0,0
57.379788,0,0,0,0
57.848397,0,0,0,0
63.678870,0,0,0,0
57.771567,0,0,0,0
58.731802,0,0,0,0
58.369634,0,0,0,0
57.801998,0,0,0,0
61.823899,0,0,0,0
68.353497,0,0,0,0
59.011082,0,0,0,0
58.747321,0,0,0,0
59.999581,0,0,0,0
60.175583,0,0,0,0
61.924545,0,0,0,0
61.668070,0,0,0,0
60.766224,0,0,0,0
60.427443,0,0,0,0
59.210776,0,0,0,0
61.939866,0,0,0,0
58.276466,0,0,0,0
58.889990,0,0,0,0
57.181727,0,0,0,0
57.082135,0,0,0,0
59.050458,0,0,0,0
59.150865,0,0,0,0
57.910964,0,0,0,0
63.050256,0,0,0,0
67.363452,0,0,0,0
61.780949,0,0,0,0
59.940213,0,0,0,0
59.342449,0,0,0,0
59.065090,0,0,0,0
59.794622,0,0,0,0
57.566368,0,0,0,0
59.164800,0,0,0,0
58.395760,0,0,0,0
60.487877,0,0,0,0
57.972837,0,0,0,0
57.347461,0,0,0,0
57.835710,0,0,0,0
56.112506,0,0,0,0
56.492128,0,0,0,0
55.543854,0,0,0,0
56.657143,0,0,0,0
56.020369,0,0,0,0
58.183066,0,0,0,0
63.126104,0,0,0,0
56.379773,0,0,0,0
57.054821,0,0,0,0
56.288034,0,0,0,0
53.555981,0,0,0,0
53.310140,0,0,0,0
52.963061,0,0,0,0
55.131205,0,0,0,0
57.063794,0,0,0,0
55.879723,0,0,0,0
54.812876,0,0,0,0
51.312446,0,0,0,0
54.236700,0,0,0,0
49.139897,0,0,0,0
50.873797,0,0,0,0
49.657719,0,0,0,0
50.566714,0,0,0,0
50.319286,0,0,0,0
50.636541,0,0,0,0
50.495886,0,0,0,0
50.993257,0,0,0,0
52.458720,0,0,0,0
52.172094,0,0,0,0
51.886398,0,0,0,0
49.960589,0,0,0,0
47.738489,0,0,0,0
48.688364,0,0,0,0
48.106687,0,0,0,0
47.615918,0,0,0,0
48.733753,0,0,0,0
45.788310,0,0,0,0
44.448242,0,0,0,0
45.428221,0,0,0,0
44.576256,0,0,0,0
47.950085,0,0,0,0
44.696217,0,0,0,0
44.964856,0,0,0,0
44.609166,0,0,0,0
43.821796,0,0,0,0
42.972592,0,0,0,0
43.840943,0,0,0,0
42.489931,0,0,0,0
49.814660,0,0,0,0
45.380182,0,0,0,0
42.994317,0,0,0,0
51.169679,0,0,0,0
43.982753,0,0,0,0
44.415333,0,0,0,0
43.437681,0,0,0,0
44.556729,0,0,0,0
45.687121,0,0,0,0
49.894084,0,0,0,0
44.414466,0,0,0,0
45.945204,0,0,0,0
48.989461,0,0,0,0
44.769102,0,0,0,0
45.672685,0,0,0,0
46.143713,0,0,0,0
46.958875,0,0,0,0
48.312362,0,0,0,0
47.621971,0,0,0,0
47.592956,0,0,0,0
46.703119,0,0,0,0
46.912562,0,0,0,0
47.967646,0,0,0,0
53.004972,0,0,0,0
49.993351,0,0,0,0
48.156976,0,0,0,0
48.160913,0,0,0,0
49.390034,0,0,0,0
46.454792,0,0,0,0
45.848556,0,0,0,0
57.092645,0,0,0,0
46.772224,0,0,0,0
47.562764,0,0,0,0
48.847863,0,0,0,0
48.391061,0,0,0,0
52.593482,0,0,0,0
54.009450,0,0,0,0
52.188709,0,0,0,0
51.519789,0,0,0,0
50.963147,0,0,0,0
53.443563,0,0,0,0
52.107659,0,0,0,0
53.573715,0,0,0,0
55.971665,0,0,0,0
55.086424,0,0,0,0
55.093827,0,0,0,0
63.799282,0,0,0,0
58.425242,0,0,0,0
61.422113,0,0,0,0
57.939786,0,0,0,0
58.665441,0,0,0,0
58.637868,0,0,0,0
59.564612,0,0,0,0
62.217016,0,0,0,0
63.487005,0,0,0,0
62.529172,0,0,0,0
59.934243,0,0,0,0
67.709833,0,0,0,0
62.679172,0,0,0,0
60.717133,0,0,0,0
62.846261,0,0,0,0
61.065897,0,0,0,0
60.088088,0,0,0,0
62.215488,0,0,0,0
61.101897,0,0,0,0
65.025332,0,0,0,0
64.999989,0,0,0,0
62.271730,0,0,0,0
58.897469,0,0,0,0
63.291424,0,0,0,0
60.182784,0,0,0,0
60.160884,0,0,0,0
76.295745,0,0,0,0
61.574573,0,0,0,0
63.233335,0,0,0,0
61.166577,0,0,0,0
61.006639,0,0,0,0
61.701805,0,0,0,0
69.206884,0,0,0,0
59.274202,0,0,0,0
61.724759,0,0,0,0
61.682932,0,0,0,0
62.055082,0,0,0,0
64.170167,0,0,0,0
59.799054,0,0,0,0
62.472228,0,0,0,0
61.217764,0,0,0,0
64.431867,0,0,0,0
68.979464,0,0,0,0
66.092780,0,0,0,0
72.895572,0,0,0,0
69.856424,0,0,0,0
64.951369,0,0,0,0
72.801142,0,0,0,0
63.137174,0,0,0,0
68.500931,0,0,0,0
69.674539,0,0,0,0
61.868730,0,0,0,0
65.811410,0,0,0,0
68.401261,0,0,0,0
64.994746,0,0,0,0
65.001680,0,0,0,0
71.356256,0,0,0,0
65.517457,0,0,0,0
65.409040,0,0,0,0
68.750528,0,0,0,0
69.997887,0,0,0,0
70.616230,0,0,0,0
67.551657,0,0,0,0
68.930459,0,0,0,0
74.723667,0,0,0,0
79.844885,0,0,0,0
70.354573,0,0,0,0
74.513143,0,0,0,0
70.590103,0,0,0,0
73.970598,0,0,0,0
73.719639,0,0,0,0
73.308376,0,0,0,0
76.292247,0,0,0,0
78.998260,0,0,0,0
75.349822,0,0,0,0
83.561800,0,0,0,0
76.540362,0,0,0,0
83.169127,0,0,0,0
77.140904,0,0,0,0
76.890196,0,0,0,0
80.689524,0,0,0,0
79.127242,0,0,0,0
81.040306,0,0,0,0
75.987611,0,0,0,0
77.075579,0,0,0,0
74.446904,0,0,0,0
73.866353,0,0,0,0
75.364213,0,0,0,0
73.981068,0,0,0,0
79.268610,0,0,0,0
75.210124,0,0,0,0
74.322305,0,0,0,0
83.203781,0,0,0,0
77.454337,0,0,0,0
78.907486,0,0,0,0
86.427780,0,0,0,0
75.688693,0,0,0,0
84.443072,0,0,0,0
82.153075,0,0,0,0
85.347063,0,0,0,0
77.815761,0,0,0,0
81.221400,0,0,0,0
72.627981,0,0,0,0
72.707519,0,0,0,0
73.735757,0,0,0,0
78.794431,0,0,0,0
67.773353,0,0,0,0
75.159617,0,0,0,0
70.280359,0,0,0,0
68.428170,0,0,0,0
69.601348,0,0,0,0
69.430373,0,0,0,0
71.826856,0,0,0,0
72.360754,0,0,0,0
69.155585,0,0,0,0
71.019648,0,0,0,0
69.120236,0,0,0,0
68.983824,0,0,0,0
67.682960,0,0,0,0
68.251366,0,0,0,0
69.719748,0,0,0,0
65.474884,0,0,0,0
78.480805,0,0,0,0
61.915475,0,0,0,0
62.699878,0,0,0,0
63.254239,0,0,0,0
71.859439,0,0,0,0
69.261870,0,0,0,0
67.673591,0,0,0,0
68.123674,0,0,0,0
66.624480,0,0,0,0
70.786651,0,0,0,0
67.802822,0,0,0,0
68.647600,0,0,0,0
67.750689,0,0,0,0
67.631405,0,0,0,0
66.499781,0,0,0,0
76.490841,0,0,0,0
65.228515,0,0,0,0
67.133676,0,0,0,0
63.753952,0,0,0,0
66.391543,0,0,0,0
66.120164,0,0,0,0
63.993727,0,0,0,0
67.413235,0,0,0,0
63.418640,0,0,0,0
62.615116,0,0,0,0
62.901609,0,0,0,0
63.054069,0,0,0,0
62.849358,0,0,0,0
62.679610,0,0,0,0
62.514591,0,0,0,0
67.118540,0,0,0,0
62.899742,0,0,0,0
61.468531,0,0,0,0
61.621083,0,0,0,0
65.372367,0,0,0,0
61.646460,0,0,0,0
62.224215,0,0,0,0
60.042289,0,0,0,0
60.312782,0,0,0,0
67.247173,0,0,0,0
59.809645,0,0,0,0
60.292514,0,0,0,0
60.516548,0,0,0,0
63.166011,0,0,0,0
60.615764,0,0,0,0
64.640425,0,0,0,0
61.464301,0,0,0,0
61.853046,0,0,0,0
62.980599,0,0,0,0
61.076907,0,0,0,0
65.044431,0,0,0,0
64.257778,0,0,0,0
63.016252,0,0,0,0
69.627219,0,0,0,0
64.277647,0,0,0,0
78.600800,0,0,0,0
66.593875,0,0,0,0
65.852527,0,0,0,0
65.966820,0,0,0,0
73.694394,0,0,0,0
68.746214,0,0,0,0
76.360494,0,0,0,0
71.851852,0,0,0,0
71.418557,0,0,0,0
73.772982,0,0,0,0
73.941891,0,0,0,0
72.203866,0,0,0,0
72.996352,0,0,0,0
72.873910,0,0,0,0
72.582736,0,0,0,0
73.121518,0,0,0,0
72.744842,0,0,0,0
75.456656,0,0,0,0
74.454671,0,0,0,0
74.829359,0,0,0,0
80.201833,0,0,0,0
80.894179,0,0,0,0
83.865663,0,0,0,0
85.153095,0,0,0,0
82.266195,0,0,0,0
85.375087,0,0,0,0
90.970398,0,0,0,0
93.047645,0,0,0,0
93.122030,0,0,0,0
96.422681,0,0,0,0
97.514410,0,0,0,0
102.140070,0,0,0,0
111.209774,0,0,0,0
103.075341,0,0,0,0
103.378490,0,0,0,0
106.709837,0,0,0,0
104.914504,0,0,0,0
148.386771,0,0,0,0
101.545405,0,0,0,0
112.114753,0,0,0,0
107.604686,0,0,0,0
106.858494,0,0,0,0
105.916417,0,0,0,0
108.415641,0,0,0,0
109.744475,0,0,0,0
109.231634,0,0,0,0
108.756750,0,0,0,0
110.925872,0,0,0,0
111.090740,0,0,0,0
110.666473,0,0,0,0
108.193200,0,0,0,0
106.818676,0,0,0,0
110.955421,0,0,0,0
110.858148,0,0,0,0
108.582694,0,0,0,0
109.131039,0,0,0,0
118.797945,0,0,0,0
109.329812,0,0,0,0
109.228718,0,0,0,0
109.133822,0,0,0,0
108.420153,0,0,0,0
106.067538,0,0,0,0
98.210828,0,0,0,0
101.667991,0,0,0,0
94.579797,0,0,0,0
90.482637,0,0,0,0
90.270525,0,0,0,0
91.132576,0,0,0,0
92.011072,0,0,0,0
92.596837,0,0,0,0
85.759298,0,0,0,0
85.666356,0,0,0,0
85.898890,0,0,0,0
86.294425,0,0,0,0
85.949504,0,0,0,0
86.531315,0,0,0,0
85.454611,0,0,0,0
82.068314,0,0,0,0
82.517177,0,0,0,0
85.728512,0,0,0,0
82.591958,0,0,0,0
86.392261,0,0,0,0
80.472447,0,0,0,0
84.113861,0,0,0,0
83.088915,0,0,0,0
81.409971,0,0,0,0
81.375140,0,0,0,0
81.010384,0,0,0,0
84.299371,0,0,0,0
96.259244,0,0,0,0
83.764467,0,0,0,0
89.527311,0,0,0,0
84.923240,0,0,0,0
94.292396,0,0,0,0
85.170232,0,0,0,0
84.461634,0,0,0,0
87.851848,0,0,0,0
86.628466,0,0,0,0
86.492472,0,0,0,0
88.094243,0,0,0,0
86.526968,0,0,0,0
86.077295,0,0,0,0
90.042201,0,0,0,0
102.649867,0,0,0,0
90.884972,0,0,0,0
93.799837,0,0,0,0
93.085643,0,0,0,0
93.068908,0,0,0,0
98.761839,0,0,0,0
95.784710,0,0,0,0
105.464032,0,0,0,0
100.310235,0,0,0,0
97.481724,0,0,0,0
101.087740,0,0,0,0
103.957419,0,0,0,0
114.922473,0,0,0,0
105.753966,0,0,0,0
106.646556,0,0,0,0
103.586311,0,0,0,0
102.843924,0,0,0,0
108.444078,0,0,0,0
108.874673,0,0,0,0
105.747686,0,0,0,0
112.761569,0,0,0,0
119.049534,0,0,0,0
107.811399,0,0,0,0
108.804261,0,0,0,0
115.807654,0,0,0,0
109.508143,0,0,0,0
110.815494,0,0,0,0
109.304327,0,0,0,0
109.361664,0,0,0,0
115.275020,0,0,0,0
112.308369,0,0,0,0
109.865003,0,0,0,0
108.190634,0,0,0,0
106.113018,0,0,0,0
105.469076,0,0,0,0
114.116908,0,0,0,0
110.131099,0,0,0,0
111.304777,0,0,0,0
113.271490,0,0,0,0
107.805063,0,0,0,0
108.870822,0,0,0,0
111.864377,0,0,0,0
109.567813,0,0,0,0
111.531155,0,0,0,0
110.980206,0,0,0,0
114.108576,0,0,0,0
111.103237,0,0,0,0
119.097886,0,0,0,0
117.315364,0,0,0,0
116.115991,0,0,0,0
111.944516,0,0,0,0
119.895902,0,0,0,0
115.566763,0,0,0,0
118.405291,0,0,0,0
116.523271,0,0,0,0
118.693378,0,0,0,0
118.135971,0,0,0,0
111.753263,0,0,0,0
115.097697,0,0,0,0
114.233582,0,0,0,0
116.448445,0,0,0,0
118.774597,0,0,0,0
117.153624,0,0,0,0
113.341624,0,0,0,0
111.446299,0,0,0,0
113.675224,0,0,0,0
117.282288,0,0,0,0
111.358645,0,0,0,0
112.507647,0,0,0,0
111.830916,0,0,0,0
124.821935,0,0,0,0
113.787588,0,0,0,0
109.269199,0,0,0,0
109.771941,0,0,0,0
110.518547,0,0,0,0
108.293578,0,0,0,0
114.087461,0,0,0,0
107.276822,0,0,0,0
115.065813,0,0,0,0
108.791793,0,0,0,0
109.136115,0,0,0,0
115.945210,0,0,0,0
114.142604,0,0,0,0
106.484270,0,0,0,0
98.056288,0,0,0,0
100.571364,0,0,0,0
107.519093,0,0,0,0
102.321617,0,0,0,0
99.916788,0,0,0,0
103.123367,0,0,0,0
100.623727,0,0,0,0
99.996759,0,0,0,0
101.316974,0,0,0,0
102.056595,0,0,0,0
97.890141,0,0,0,0
99.884922,0,0,0,0
96.810307,0,0,0,0
100.459747,0,0,0,0
99.252051,0,0,0,0
103.681346,0,0,0,0
109.018829,0,0,0,0
106.768485,0,0,0,0
106.191457,0,0,0,0
100.757991,0,0,0,0
103.066345,0,0,0,0
102.280080,0,0,0,0
103.105179,0,0,0,0
109.595931,0,0,0,0
100.558056,0,0,0,0
98.768553,0,0,0,0
100.445508,0,0,0,0
101.867404,0,0,0,0
98.252410,0,0,0,0
102.908424,0,0,0,0
97.129037,0,0,0,0
93.251109,0,0,0,0
96.613311,0,0,0,0
97.008655,0,0,0,0
96.470757,0,0,0,0
106.840578,0,0,0,0
96.902362,0,0,0,0
98.904466,0,0,0,0
98.420922,0,0,0,0
95.007816,0,0,0,0
97.401282,0,0,0,0
102.748233,0,0,0,0
102.233795,0,0,0,0
103.298279,0,0,0,0
107.548913,0,0,0,0
106.872183,0,0,0,0
112.488607,0,0,0,0
115.063398,0,0,0,0
114.955843,0,0,0,0
114.462176,0,0,0,0
113.956789,0,0,0,0
116.729993,0,0,0,0
131.449938,0,0,0,0
109.408475,0,0,0,0
109.235783,0,0,0,0
106.598080,0,0,0,0
104.963399,0,0,0,0
102.596645,0,0,0,0
104.907644,0,0,0,0
104.644282,0,0,0,0
102.157723,0,0,0,0
99.040843,0,0,0,0
101.699345,0,0,0,0
99.160402,0,0,0,0
96.029972,0,0,0,0
93.366166,0,0,0,0
94.375000,0,0,0,0
88.992272,0,0,0,0
86.110531,0,0,0,0
84.170262,0,0,0,0
85.095128,0,0,0,0
77.274217,0,0,0,0
72.423149,0,0,0,0
62.072640,0,0,0,0
60.315008,0,0,0,0
61.871993,0,0,0,0
57.795723,0,0,0,0
55.286374,0,0,0,0
57.915077,0,0,0,0
52.985359,0,0,0,0
51.236276,0,0,0,0
53.734322,0,0,0,0
50.705632,0,0,0,0
50.076183,0,0,0,0
47.378789,0,0,0,0
45.757486,0,0,0,0
44.683226,0,0,0,0
50.755478,0,0,0,0
43.261615,0,0,0,0
42.808841,0,0,0,0
