#LBA time[ms], KF opt[#], KF fixed[#], MP[#], Edges[#]
5.194013,3,1,0,682
2.129932,4,1,0,669
4.074235,3,1,0,708
3.976541,4,1,0,1202
8.286379,5,1,0,1384
4.149847,6,1,0,1190
3.278551,3,1,0,962
4.715258,3,1,0,598
5.646927,3,1,0,858
3.765469,4,1,0,1125
5.946991,5,1,0,1624
6.902669,6,1,0,2199
8.726190,7,1,0,2654
9.772213,8,1,0,3177
15.864910,9,1,0,3613
18.563192,10,1,0,3597
13.873319,0,0,0,0
15.062466,0,0,0,0
20.793185,0,0,0,0
17.872019,0,0,0,0
19.620419,0,0,0,0
21.372536,0,0,0,0
23.164942,0,0,0,0
25.652431,0,0,0,0
29.274206,0,0,0,0
30.902419,0,0,0,0
33.919019,0,0,0,0
35.025256,0,0,0,0
36.561577,0,0,0,0
35.621403,0,0,0,0
45.042577,0,0,0,0
39.515961,0,0,0,0
41.335769,0,0,0,0
43.149090,0,0,0,0
39.129265,0,0,0,0
39.248195,0,0,0,0
38.633481,0,0,0,0
41.569787,0,0,0,0
41.346020,0,0,0,0
44.254631,0,0,0,0
4.390856,3,1,0,1127
3.714364,4,1,0,1086
3.872374,5,1,0,1141
11.071387,6,1,0,1337
5.464957,7,1,0,1548
5.834109,8,1,0,1687
7.035770,9,1,0,2054
7.652417,10,1,0,2267
9.643023,0,0,0,0
11.520386,0,0,0,0
12.702804,0,0,0,0
13.624189,0,0,0,0
15.027337,0,0,0,0
16.141945,0,0,0,0
25.553133,0,0,0,0
24.457170,0,0,0,0
20.905856,0,0,0,0
22.417873,0,0,0,0
24.026745,0,0,0,0
31.755885,0,0,0,0
27.123852,0,0,0,0
29.327456,0,0,0,0
30.943272,0,0,0,0
30.337079,0,0,0,0
34.227478,0,0,0,0
32.640772,0,0,0,0
33.304801,0,0,0,0
34.183521,0,0,0,0
35.136464,0,0,0,0
33.785701,0,0,0,0
34.882746,0,0,0,0
35.411300,0,0,0,0
36.507850,0,0,0,0
38.456554,0,0,0,0
35.917595,0,0,0,0
37.095557,0,0,0,0
36.575125,0,0,0,0
37.921488,0,0,0,0
37.878221,0,0,0,0
39.357329,0,0,0,0
36.988829,0,0,0,0
39.060376,0,0,0,0
37.974606,0,0,0,0
38.105902,0,0,0,0
38.874729,0,0,0,0
37.995258,0,0,0,0
41.495388,0,0,0,0
39.531168,0,0,0,0
41.242440,0,0,0,0
40.545188,0,0,0,0
41.668693,0,0,0,0
40.165919,0,0,0,0
44.709831,0,0,0,0
41.148469,0,0,0,0
42.866879,0,0,0,0
42.253648,0,0,0,0
42.621182,0,0,0,0
43.160241,0,0,0,0
46.134118,0,0,0,0
45.199033,0,0,0,0
46.027031,0,0,0,0
44.902205,0,0,0,0
45.854792,0,0,0,0
45.522200,0,0,0,0
45.822896,0,0,0,0
45.781588,0,0,0,0
46.770984,0,0,0,0
46.753314,0,0,0,0
46.919281,0,0,0,0
46.035540,0,0,0,0
46.250759,0,0,0,0
46.769696,0,0,0,0
47.396343,0,0,0,0
48.374648,0,0,0,0
46.242762,0,0,0,0
46.188244,0,0,0,0
46.187312,0,0,0,0
46.507287,0,0,0,0
45.913926,0,0,0,0
44.769271,0,0,0,0
44.682587,0,0,0,0
43.622471,0,0,0,0
45.574107,0,0,0,0
3.078354,3,1,0,596
3.450968,3,1,0,837
2.836674,4,1,0,742
7.607016,5,1,0,939
3.946667,6,1,0,1020
5.283712,3,1,0,1039
6.066114,4,1,0,1276
7.638980,5,1,0,1578
8.006207,6,1,0,1897
9.983827,7,1,0,2285
11.799290,8,1,0,2648
10.890013,9,1,0,3011
13.981127,10,1,0,3413
13.333891,0,0,0,0
15.157399,0,0,0,0
16.447167,0,0,0,0
18.168965,0,0,0,0
19.890868,0,0,0,0
29.597985,0,0,0,0
25.030791,0,0,0,0
25.864888,0,0,0,0
27.546196,0,0,0,0
29.392125,0,0,0,0
31.744309,0,0,0,0
33.955156,0,0,0,0
33.489777,0,0,0,0
32.568967,0,0,0,0
31.914205,0,0,0,0
31.314470,0,0,0,0
30.848038,0,0,0,0
31.740340,0,0,0,0
30.081739,0,0,0,0
30.967246,0,0,0,0
27.223895,0,0,0,0
28.741880,0,0,0,0
28.451145,0,0,0,0
29.550351,0,0,0,0
29.259757,0,0,0,0
30.482870,0,0,0,0
38.219973,0,0,0,0
32.021680,0,0,0,0
32.231356,0,0,0,0
32.151030,0,0,0,0
31.132857,0,0,0,0
33.503055,0,0,0,0
34.513248,0,0,0,0
33.083134,0,0,0,0
35.488300,0,0,0,0
36.269375,0,0,0,0
35.585416,0,0,0,0
35.416629,0,0,0,0
39.307773,0,0,0,0
36.539592,0,0,0,0
37.405279,0,0,0,0
44.496553,0,0,0,0
45.662261,0,0,0,0
41.354134,0,0,0,0
38.674622,0,0,0,0
39.486013,0,0,0,0
39.518810,0,0,0,0
39.501373,0,0,0,0
40.115880,0,0,0,0
40.323294,0,0,0,0
41.380527,0,0,0,0
40.891268,0,0,0,0
43.975797,0,0,0,0
41.830760,0,0,0,0
41.883612,0,0,0,0
49.907116,0,0,0,0
43.101551,0,0,0,0
42.335913,0,0,0,0
42.294291,0,0,0,0
41.709053,0,0,0,0
43.963729,0,0,0,0
43.701895,0,0,0,0
43.841926,0,0,0,0
43.153887,0,0,0,0
43.491280,0,0,0,0
48.867369,0,0,0,0
45.691593,0,0,0,0
46.554127,0,0,0,0
43.850040,0,0,0,0
44.581811,0,0,0,0
46.472284,0,0,0,0
50.788816,0,0,0,0
46.767210,0,0,0,0
53.246022,0,0,0,0
61.753966,0,0,0,0
50.958825,0,0,0,0
54.286311,0,0,0,0
46.911722,0,0,0,0
47.436534,0,0,0,0
47.882860,0,0,0,0
47.115127,0,0,0,0
48.303445,0,0,0,0
48.078906,0,0,0,0
48.611618,0,0,0,0
48.547405,0,0,0,0
48.918528,0,0,0,0
50.743385,0,0,0,0
52.257920,0,0,0,0
50.953501,0,0,0,0
50.687171,0,0,0,0
60.360367,0,0,0,0
64.215090,0,0,0,0
50.538947,0,0,0,0
51.036599,0,0,0,0
73.430900,0,0,0,0
66.017222,0,0,0,0
55.342628,0,0,0,0
50.793854,0,0,0,0
52.688004,0,0,0,0
51.850565,0,0,0,0
61.552309,0,0,0,0
53.554087,0,0,0,0
51.488645,0,0,0,0
50.859494,0,0,0,0
51.999652,0,0,0,0
52.395586,0,0,0,0
51.175242,0,0,0,0
50.979405,0,0,0,0
51.456774,0,0,0,0
51.298109,0,0,0,0
51.554404,0,0,0,0
55.057062,0,0,0,0
53.161791,0,0,0,0
50.083561,0,0,0,0
50.626116,0,0,0,0
61.091931,0,0,0,0
51.624017,0,0,0,0
51.615663,0,0,0,0
51.768334,0,0,0,0
52.112453,0,0,0,0
53.879830,0,0,0,0
53.309404,0,0,0,0
51.709330,0,0,0,0
51.985723,0,0,0,0
51.774995,0,0,0,0
53.631804,0,0,0,0
77.325940,0,0,0,0
55.215574,0,0,0,0
54.275802,0,0,0,0
55.834850,0,0,0,0
72.527755,0,0,0,0
53.389250,0,0,0,0
53.987059,0,0,0,0
52.815947,0,0,0,0
53.178522,0,0,0,0
53.967975,0,0,0,0
54.193462,0,0,0,0
54.007612,0,0,0,0
56.833567,0,0,0,0
55.524236,0,0,0,0
57.476135,0,0,0,0
56.875924,0,0,0,0
61.493777,0,0,0,0
56.550532,0,0,0,0
60.397565,0,0,0,0
59.877118,0,0,0,0
58.923040,0,0,0,0
58.727572,0,0,0,0
58.164128,0,0,0,0
57.746843,0,0,0,0
58.652394,0,0,0,0
58.329285,0,0,0,0
58.721024,0,0,0,0
63.945470,0,0,0,0
60.156009,0,0,0,0
60.299486,0,0,0,0
59.243166,0,0,0,0
59.400263,0,0,0,0
60.692073,0,0,0,0
62.727942,0,0,0,0
63.662526,0,0,0,0
62.028740,0,0,0,0
62.391184,0,0,0,0
64.660374,0,0,0,0
63.254764,0,0,0,0
62.112820,0,0,0,0
61.235232,0,0,0,0
62.750110,0,0,0,0
61.756250,0,0,0,0
61.345693,0,0,0,0
61.233709,0,0,0,0
64.109516,0,0,0,0
63.388741,0,0,0,0
73.585052,0,0,0,0
66.961643,0,0,0,0
62.237306,0,0,0,0
59.770169,0,0,0,0
59.287554,0,0,0,0
66.787112,0,0,0,0
62.796566,0,0,0,0
63.855690,0,0,0,0
64.003900,0,0,0,0
61.097721,0,0,0,0
64.114443,0,0,0,0
63.002648,0,0,0,0
62.511384,0,0,0,0
67.614020,0,0,0,0
61.792924,0,0,0,0
63.515617,0,0,0,0
64.806677,0,0,0,0
61.768089,0,0,0,0
64.409057,0,0,0,0
63.672949,0,0,0,0
64.000471,0,0,0,0
63.328760,0,0,0,0
63.905230,0,0,0,0
61.572246,0,0,0,0
60.341729,0,0,0,0
59.203691,0,0,0,0
58.350008,0,0,0,0
62.369282,0,0,0,0
61.526066,0,0,0,0
59.103192,0,0,0,0
59.432256,0,0,0,0
58.983727,0,0,0,0
59.445915,0,0,0,0
62.918527,0,0,0,0
65.612080,0,0,0,0
65.101295,0,0,0,0
62.232406,0,0,0,0
65.866334,0,0,0,0
61.163353,0,0,0,0
63.803330,0,0,0,0
60.303198,0,0,0,0
59.874112,0,0,0,0
59.483804,0,0,0,0
57.836080,0,0,0,0
57.475997,0,0,0,0
58.892236,0,0,0,0
57.021570,0,0,0,0
58.243938,0,0,0,0
58.011969,0,0,0,0
57.533901,0,0,0,0
56.047284,0,0,0,0
58.867001,0,0,0,0
56.642414,0,0,0,0
63.562296,0,0,0,0
55.212223,0,0,0,0
55.818902,0,0,0,0
56.837607,0,0,0,0
59.027759,0,0,0,0
54.295934,0,0,0,0
55.709937,0,0,0,0
55.924872,0,0,0,0
56.871702,0,0,0,0
55.815980,0,0,0,0
58.454140,0,0,0,0
55.745575,0,0,0,0
51.910712,0,0,0,0
52.403899,0,0,0,0
51.277162,0,0,0,0
50.069775,0,0,0,0
49.996850,0,0,0,0
49.953507,0,0,0,0
50.729740,0,0,0,0
49.364392,0,0,0,0
51.596291,0,0,0,0
49.410290,0,0,0,0
49.831072,0,0,0,0
49.596847,0,0,0,0
53.887001,0,0,0,0
50.767814,0,0,0,0
50.235797,0,0,0,0
50.419415,0,0,0,0
46.918161,0,0,0,0
49.087624,0,0,0,0
46.613985,0,0,0,0
47.240918,0,0,0,0
46.448277,0,0,0,0
49.468523,0,0,0,0
44.643780,0,0,0,0
44.966923,0,0,0,0
44.229662,0,0,0,0
45.231554,0,0,0,0
43.631919,0,0,0,0
44.508506,0,0,0,0
46.020460,0,0,0,0
44.733372,0,0,0,0
44.670655,0,0,0,0
44.858199,0,0,0,0
44.822080,0,0,0,0
44.695377,0,0,0,0
47.074375,0,0,0,0
46.192120,0,0,0,0
46.611716,0,0,0,0
46.961494,0,0,0,0
45.229116,0,0,0,0
44.753451,0,0,0,0
44.035523,0,0,0,0
44.560584,0,0,0,0
45.606028,0,0,0,0
45.918191,0,0,0,0
46.528282,0,0,0,0
49.738486,0,0,0,0
46.465939,0,0,0,0
48.583059,0,0,0,0
46.632261,0,0,0,0
47.118236,0,0,0,0
47.351794,0,0,0,0
48.144999,0,0,0,0
46.637774,0,0,0,0
48.084766,0,0,0,0
57.807977,0,0,0,0
50.038473,0,0,0,0
47.981459,0,0,0,0
48.454302,0,0,0,0
49.467825,0,0,0,0
49.380096,0,0,0,0
49.002031,0,0,0,0
49.733555,0,0,0,0
49.988857,0,0,0,0
50.798842,0,0,0,0
49.070594,0,0,0,0
50.445236,0,0,0,0
52.818370,0,0,0,0
54.291783,0,0,0,0
53.413649,0,0,0,0
52.739093,0,0,0,0
52.995116,0,0,0,0
55.111489,0,0,0,0
56.299854,0,0,0,0
57.519709,0,0,0,0
57.985705,0,0,0,0
57.906019,0,0,0,0
58.077833,0,0,0,0
61.477281,0,0,0,0
57.971916,0,0,0,0
58.696943,0,0,0,0
62.582187,0,0,0,0
62.112474,0,0,0,0
65.863306,0,0,0,0
59.232528,0,0,0,0
60.027117,0,0,0,0
61.560405,0,0,0,0
62.003162,0,0,0,0
60.167875,0,0,0,0
62.792228,0,0,0,0
60.753286,0,0,0,0
60.584650,0,0,0,0
63.344121,0,0,0,0
62.576095,0,0,0,0
63.346333,0,0,0,0
71.815356,0,0,0,0
62.675952,0,0,0,0
60.197059,0,0,0,0
59.900933,0,0,0,0
61.283883,0,0,0,0
61.784503,0,0,0,0
63.032804,0,0,0,0
63.879304,0,0,0,0
60.740034,0,0,0,0
62.749969,0,0,0,0
78.871317,0,0,0,0
61.768886,0,0,0,0
63.438219,0,0,0,0
61.909209,0,0,0,0
61.708123,0,0,0,0
62.638416,0,0,0,0
64.941809,0,0,0,0
62.083965,0,0,0,0
64.410749,0,0,0,0
65.679507,0,0,0,0
65.490699,0,0,0,0
69.439130,0,0,0,0
67.255542,0,0,0,0
66.802228,0,0,0,0
68.476631,0,0,0,0
67.019239,0,0,0,0
73.289751,0,0,0,0
67.529975,0,0,0,0
66.998923,0,0,0,0
66.029170,0,0,0,0
66.034776,0,0,0,0
78.792637,0,0,0,0
67.290132,0,0,0,0
71.227304,0,0,0,0
68.115378,0,0,0,0
67.550620,0,0,0,0
67.497460,0,0,0,0
69.886282,0,0,0,0
70.629109,0,0,0,0
68.076051,0,0,0,0
69.234997,0,0,0,0
72.458754,0,0,0,0
71.303652,0,0,0,0
71.168265,0,0,0,0
75.561116,0,0,0,0
73.892688,0,0,0,0
75.185804,0,0,0,0
75.761279,0,0,0,0
75.075469,0,0,0,0
82.970626,0,0,0,0
76.860936,0,0,0,0
83.334685,0,0,0,0
83.824877,0,0,0,0
84.780098,0,0,0,0
84.492043,0,0,0,0
84.500832,0,0,0,0
85.569565,0,0,0,0
84.399550,0,0,0,0
79.002760,0,0,0,0
78.003137,0,0,0,0
77.417598,0,0,0,0
88.086623,0,0,0,0
76.576200,0,0,0,0
77.866399,0,0,0,0
78.677421,0,0,0,0
88.584250,0,0,0,0
76.347160,0,0,0,0
74.371753,0,0,0,0
76.331147,0,0,0,0
75.586638,0,0,0,0
75.413749,0,0,0,0
75.781781,0,0,0,0
78.518617,0,0,0,0
76.782960,0,0,0,0
80.829298,0,0,0,0
78.824834,0,0,0,0
78.690635,0,0,0,0
87.305606,0,0,0,0
79.042044,0,0,0,0
82.909785,0,0,0,0
85.911550,0,0,0,0
77.154261,0,0,0,0
88.138580,0,0,0,0
68.899414,0,0,0,0
85.496526,0,0,0,0
67.423562,0,0,0,0
68.127850,0,0,0,0
68.605535,0,0,0,0
70.200017,0,0,0,0
67.658295,0,0,0,0
68.709899,0,0,0,0
68.671434,0,0,0,0
69.288742,0,0,0,0
72.401719,0,0,0,0
66.670299,0,0,0,0
67.820817,0,0,0,0
67.458165,0,0,0,0
71.271832,0,0,0,0
67.903957,0,0,0,0
64.998534,0,0,0,0
67.666206,0,0,0,0
63.579175,0,0,0,0
63.589273,0,0,0,0
66.460805,0,0,0,0
66.731929,0,0,0,0
69.365095,0,0,0,0
68.816189,0,0,0,0
68.056033,0,0,0,0
73.893021,0,0,0,0
65.279816,0,0,0,0
67.691203,0,0,0,0
65.723899,0,0,0,0
67.317702,0,0,0,0
65.508789,0,0,0,0
66.467128,0,0,0,0
65.025479,0,0,0,0
67.002164,0,0,0,0
65.412298,0,0,0,0
67.096746,0,0,0,0
65.889432,0,0,0,0
65.933919,0,0,0,0
71.449081,0,0,0,0
64.754749,0,0,0,0
65.491550,0,0,0,0
68.602879,0,0,0,0
64.747139,0,0,0,0
63.529044,0,0,0,0
66.218643,0,0,0,0
63.809024,0,0,0,0
63.717708,0,0,0,0
63.686050,0,0,0,0
70.542362,0,0,0,0
64.778877,0,0,0,0
66.588164,0,0,0,0
68.244620,0,0,0,0
65.234721,0,0,0,0
62.684081,0,0,0,0
64.867629,0,0,0,0
62.887614,0,0,0,0
68.645974,0,0,0,0
60.750333,0,0,0,0
63.005467,0,0,0,0
61.101081,0,0,0,0
60.698310,0,0,0,0
61.309430,0,0,0,0
61.378315,0,0,0,0
61.028665,0,0,0,0
62.955758,0,0,0,0
60.478552,0,0,0,0
60.402550,0,0,0,0
63.368039,0,0,0,0
61.131060,0,0,0,0
63.737912,0,0,0,0
62.989244,0,0,0,0
65.996563,0,0,0,0
66.344329,0,0,0,0
74.272258,0,0,0,0
74.123698,0,0,0,0
66.843558,0,0,0,0
69.443913,0,0,0,0
72.506979,0,0,0,0
72.154522,0,0,0,0
72.804261,0,0,0,0
72.820236,0,0,0,0
72.943790,0,0,0,0
73.690649,0,0,0,0
73.895120,0,0,0,0
75.247852,0,0,0,0
75.954596,0,0,0,0
76.956852,0,0,0,0
75.901775,0,0,0,0
75.746384,0,0,0,0
76.300444,0,0,0,0
78.920435,0,0,0,0
77.707380,0,0,0,0
81.123703,0,0,0,0
81.617814,0,0,0,0
84.847623,0,0,0,0
96.332763,0,0,0,0
89.862554,0,0,0,0
91.575799,0,0,0,0
105.955446,0,0,0,0
105.571398,0,0,0,0
97.059626,0,0,0,0
98.741980,0,0,0,0
98.814407,0,0,0,0
101.918481,0,0,0,0
99.270724,0,0,0,0
108.388366,0,0,0,0
111.691396,0,0,0,0
102.626299,0,0,0,0
100.970478,0,0,0,0
101.486233,0,0,0,0
102.732574,0,0,0,0
105.307023,0,0,0,0
102.038566,0,0,0,0
106.250306,0,0,0,0
109.634215,0,0,0,0
104.920403,0,0,0,0
108.705847,0,0,0,0
116.859287,0,0,0,0
107.198868,0,0,0,0
106.326178,0,0,0,0
105.631633,0,0,0,0
104.045872,0,0,0,0
101.605424,0,0,0,0
103.257080,0,0,0,0
102.687122,0,0,0,0
105.062660,0,0,0,0
108.639116,0,0,0,0
108.265120,0,0,0,0
106.510966,0,0,0,0
105.525994,0,0,0,0
108.328021,0,0,0,0
102.489923,0,0,0,0
102.363564,0,0,0,0
95.294619,0,0,0,0
95.020139,0,0,0,0
95.109994,0,0,0,0
89.752667,0,0,0,0
90.281886,0,0,0,0
90.586333,0,0,0,0
91.667350,0,0,0,0
92.188317,0,0,0,0
91.357129,0,0,0,0
87.249193,0,0,0,0
86.291906,0,0,0,0
86.075843,0,0,0,0
86.453858,0,0,0,0
85.848158,0,0,0,0
86.797088,0,0,0,0
90.130545,0,0,0,0
92.222189,0,0,0,0
85.740186,0,0,0,0
81.937123,0,0,0,0
93.089550,0,0,0,0
82.639045,0,0,0,0
85.177855,0,0,0,0
82.058928,0,0,0,0
81.846178,0,0,0,0
84.481982,0,0,0,0
82.565245,0,0,0,0
86.395480,0,0,0,0
82.516381,0,0,0,0
84.097078,0,0,0,0
84.953357,0,0,0,0
84.255654,0,0,0,0
88.536319,0,0,0,0
85.806237,0,0,0,0
85.082069,0,0,0,0
85.472533,0,0,0,0
84.815376,0,0,0,0
84.502815,0,0,0,0
86.246696,0,0,0,0
86.300240,0,0,0,0
87.649177,0,0,0,0
86.118309,0,0,0,0
87.742561,0,0,0,0
96.572849,0,0,0,0
98.377025,0,0,0,0
94.671759,0,0,0,0
95.843088,0,0,0,0
96.160155,0,0,0,0
97.398041,0,0,0,0
100.097803,0,0,0,0
100.581189,0,0,0,0
99.546322,0,0,0,0
103.392947,0,0,0,0
102.740907,0,0,0,0
107.148239,0,0,0,0
104.278477,0,0,0,0
106.873581,0,0,0,0
106.236282,0,0,0,0
107.651112,0,0,0,0
108.517984,0,0,0,0
108.839392,0,0,0,0
105.411062,0,0,0,0
114.248162,0,0,0,0
109.033037,0,0,0,0
108.946352,0,0,0,0
111.691884,0,0,0,0
109.552772,0,0,0,0
109.289761,0,0,0,0
109.664047,0,0,0,0
121.509142,0,0,0,0
111.279504,0,0,0,0
109.708042,0,0,0,0
111.196198,0,0,0,0
111.213104,0,0,0,0
111.486527,0,0,0,0
111.275095,0,0,0,0
109.945154,0,0,0,0
107.644256,0,0,0,0
106.584943,0,0,0,0
110.728197,0,0,0,0
104.013529,0,0,0,0
109.372130,0,0,0,0
107.366857,0,0,0,0
112.315711,0,0,0,0
106.280587,0,0,0,0
108.969517,0,0,0,0
113.444222,0,0,0,0
112.509661,0,0,0,0
115.700552,0,0,0,0
112.493414,0,0,0,0
110.726450,0,0,0,0
111.907169,0,0,0,0
114.432299,0,0,0,0
110.720866,0,0,0,0
111.179064,0,0,0,0
114.197334,0,0,0,0
114.836774,0,0,0,0
111.384451,0,0,0,0
112.379228,0,0,0,0
112.459897,0,0,0,0
110.685987,0,0,0,0
113.514253,0,0,0,0
115.377639,0,0,0,0
114.272382,0,0,0,0
111.933716,0,0,0,0
114.774200,0,0,0,0
115.931831,0,0,0,0
112.297644,0,0,0,0
109.791679,0,0,0,0
110.714173,0,0,0,0
111.820693,0,0,0,0
108.562324,0,0,0,0
104.332598,0,0,0,0
113.186242,0,0,0,0
106.745780,0,0,0,0
111.020082,0,0,0,0
115.964250,0,0,0,0
109.696009,0,0,0,0
102.921989,0,0,0,0
102.866098,0,0,0,0
108.120580,0,0,0,0
109.670585,0,0,0,0
111.319727,0,0,0,0
106.817106,0,0,0,0
112.330212,0,0,0,0
105.975525,0,0,0,0
100.627572,0,0,0,0
103.237159,0,0,0,0
96.327079,0,0,0,0
100.277976,0,0,0,0
109.753689,0,0,0,0
99.772015,0,0,0,0
109.635707,0,0,0,0
108.117717,0,0,0,0
100.771516,0,0,0,0
104.979842,0,0,0,0
99.073994,0,0,0,0
97.816777,0,0,0,0
105.843838,0,0,0,0
108.039385,0,0,0,0
102.223424,0,0,0,0
108.699614,0,0,0,0
101.499235,0,0,0,0
104.944629,0,0,0,0
101.268940,0,0,0,0
102.238452,0,0,0,0
105.735877,0,0,0,0
108.857359,0,0,0,0
104.426210,0,0,0,0
101.878688,0,0,0,0
109.173502,0,0,0,0
106.583177,0,0,0,0
92.004155,0,0,0,0
91.720689,0,0,0,0
93.349585,0,0,0,0
95.755485,0,0,0,0
96.633286,0,0,0,0
96.656064,0,0,0,0
95.227956,0,0,0,0
93.573513,0,0,0,0
95.608933,0,0,0,0
94.818366,0,0,0,0
93.075876,0,0,0,0
93.996494,0,0,0,0
98.256525,0,0,0,0
94.850071,0,0,0,0
99.047675,0,0,0,0
98.021740,0,0,0,0
140.538023,0,0,0,0
107.549354,0,0,0,0
105.773547,0,0,0,0
107.773849,0,0,0,0
107.844149,0,0,0,0
109.850437,0,0,0,0
117.011248,0,0,0,0
125.904709,0,0,0,0
118.949289,0,0,0,0
118.034415,0,0,0,0
119.626262,0,0,0,0
120.622811,0,0,0,0
121.380266,0,0,0,0
118.010031,0,0,0,0
121.794287,0,0,0,0
136.722344,0,0,0,0
130.893736,0,0,0,0
128.037852,0,0,0,0
118.798412,0,0,0,0
112.809513,0,0,0,0
117.890321,0,0,0,0
115.688667,0,0,0,0
111.485979,0,0,0,0
111.024373,0,0,0,0
107.399469,0,0,0,0
105.496006,0,0,0,0
159.776452,0,0,0,0
101.606468,0,0,0,0
97.988241,0,0,0,0
96.467928,0,0,0,0
94.518577,0,0,0,0
94.609046,0,0,0,0
91.323890,0,0,0,0
78.979746,0,0,0,0
76.869448,0,0,0,0
73.884442,0,0,0,0
78.249474,0,0,0,0
74.332016,0,0,0,0
71.214433,0,0,0,0
74.984077,0,0,0,0
67.005722,0,0,0,0
66.075515,0,0,0,0
62.075275,0,0,0,0
68.926672,0,0,0,0
58.533050,0,0,0,0
56.774408,0,0,0,0
55.611674,0,0,0,0
