1403636626313555456.000000 0.013951698 -0.000198221 0.001454910 0.000652184 0.000212199 0.000924286 0.999999344
1403636626363555584.000000 0.027045598 0.002869989 0.005937581 0.001094554 -0.004584779 0.004235876 0.999979913
1403636626413555456.000000 0.033770833 0.005626210 0.008472142 0.001242774 -0.004859162 0.003186927 0.999982417
1403636626463555584.000000 0.039216850 0.008337436 0.011005495 0.000791106 -0.004842473 0.000427142 0.999987900
1403636626513555456.000000 0.040820155 0.012436296 0.013662136 0.000803874 -0.001005348 -0.003203007 0.999994040
1403636626563555584.000000 0.043267589 0.012834639 0.013566506 -0.001831788 0.008708488 -0.011751563 0.999891400
1403636626613555456.000000 0.045219574 0.020187937 0.014549488 0.001345600 0.004966035 -0.012612285 0.999907255
1403636626663555584.000000 0.045178160 0.022992454 0.013356034 0.002299608 0.010013496 -0.017747054 0.999789715
1403636626713555456.000000 0.046518937 0.032865405 0.014819825 0.004877316 0.006477265 -0.016692871 0.999827802
1403636626763555584.000000 0.043691307 0.037600338 0.013816539 0.006518214 0.004939261 -0.017918857 0.999806046
1403636626813555456.000000 0.037244465 0.037036527 0.014012264 -0.000194343 0.008745709 -0.021238945 0.999736190
1403636626863555584.000000 0.032182805 0.041385725 0.012652962 0.000929126 0.005663466 -0.021971131 0.999742210
1403636626913555456.000000 0.026622262 0.044838645 0.011525554 0.001471791 0.002323943 -0.023253055 0.999725878
1403636626963555584.000000 0.020215478 0.048134785 0.009692783 0.001391842 -0.001523533 -0.024512758 0.999697387
1403636627013555456.000000 0.011990026 0.056948368 0.007833511 0.004201880 -0.004431938 -0.023104353 0.999714434
1403636627063555584.000000 0.006452062 0.065067090 0.000313689 0.001426986 -0.012983844 -0.023443136 0.999639869
1403636627113555456.000000 0.002074994 0.067643337 -0.002242161 0.001502384 -0.017216623 -0.024383957 0.999553323
1403636627163555584.000000 -0.000384071 0.071837932 -0.004544866 0.002695739 -0.015716963 -0.024242820 0.999578953
1403636627213555456.000000 0.000997676 0.075900830 -0.007576652 0.003491804 -0.013400503 -0.024612285 0.999601126
1403636627263555584.000000 0.004479958 0.080207236 -0.010613498 0.004366254 -0.010230564 -0.025198350 0.999620616
1403636627313555456.000000 0.007196368 0.081460789 -0.021585969 0.001790402 -0.006120934 -0.023041347 0.999714196
1403636627363555584.000000 0.014486422 0.083861701 -0.024672030 0.002500441 -0.006162667 -0.022203816 0.999731362
1403636627413555456.000000 0.024237279 0.086266831 -0.028545357 0.003234860 -0.007570922 -0.021417767 0.999736726
1403636627463555584.000000 0.039092496 0.089652836 -0.035315610 0.003831151 -0.009680661 -0.020218557 0.999741375
1403636627513555456.000000 0.047719784 0.087399401 -0.035743069 0.001301637 -0.011825019 -0.018471848 0.999758661
1403636627563555584.000000 0.058287632 0.100345261 -0.059739921 -0.002218588 -0.005118156 -0.015435617 0.999865353
1403636627613555456.000000 0.062148575 0.106732622 -0.064904489 -0.005019921 -0.007035263 -0.013262192 0.999874711
1403636627663555584.000000 0.061925687 0.112444244 -0.068223380 -0.007434463 -0.010387386 -0.011714444 0.999849856
1403636627713555456.000000 0.058555946 0.117635258 -0.070220813 -0.011408891 -0.014642428 -0.010808395 0.999769270
1403636627763555584.000000 0.053052913 0.123934880 -0.073487751 -0.016372895 -0.019774742 -0.010080845 0.999619603
1403636627813555456.000000 0.045448337 0.130212992 -0.082155950 -0.026645657 -0.025556130 -0.008468382 0.999282420
1403636627863555584.000000 0.038138606 0.138121530 -0.082116224 -0.031950004 -0.029320948 -0.007476998 0.999031365
1403636627913555456.000000 0.031363055 0.145431265 -0.083856672 -0.036623426 -0.032906789 -0.006234076 0.998767793
1403636627963555584.000000 0.029785221 0.150168926 -0.080627009 -0.041000422 -0.034900475 -0.006351210 0.998529255
1403636628013555456.000000 0.028043957 0.155438229 -0.079188451 -0.044619653 -0.035092048 -0.006800693 0.998364389
1403636628063555584.000000 0.031591140 0.163966686 -0.080662392 -0.051808316 -0.037072696 -0.004324148 0.997959375
1403636628113555456.000000 0.036380690 0.169127971 -0.078303546 -0.053565223 -0.031292755 -0.002932544 0.998069644
1403636628163555584.000000 0.045484614 0.169422075 -0.080607772 -0.055888474 -0.023807513 -0.001403395 0.998152196
1403636628213555456.000000 0.056547239 0.172792375 -0.080902070 -0.056549594 -0.017228430 0.001005633 0.998250663
1403636628263555584.000000 0.061423752 0.161890343 -0.026883777 -0.032280236 -0.016028685 0.001557273 0.999349177
1403636628313555456.000000 0.097056292 0.215219378 -0.070900112 -0.051035076 -0.005102841 0.007205635 0.998657882
1403636628363555584.000000 0.108044848 0.218431026 -0.074027345 0.050001279 0.003406091 -0.009768778 -0.998695612
1403636628413555456.000000 0.110066660 0.205051303 -0.063209742 -0.055974793 0.000915833 0.012841286 0.998349249
1403636628463555584.000000 0.121139094 0.213825986 -0.061711658 0.054968890 -0.001022691 -0.014178486 -0.998386919
1403636628513555456.000000 0.145025149 0.246424928 -0.061508384 -0.047484092 -0.003166063 0.014517243 0.998761535
1403636628563555584.000000 0.139690429 0.229090571 -0.057731073 -0.053652119 0.000070783 0.016590837 0.998421848
1403636628613555456.000000 0.145706788 0.239848629 -0.055445995 0.051917899 0.000533383 -0.017421298 -0.998499274
1403636628663555584.000000 0.162839562 0.273346722 -0.050952509 -0.042924892 -0.005069022 0.016403845 0.998930812
1403636628713555456.000000 0.165817082 0.286544025 -0.048326626 0.043798350 0.005434916 -0.014619244 -0.998918653
1403636628763555584.000000 0.168852299 0.300013155 -0.046622112 -0.046823446 -0.008149953 0.012519610 0.998791575
1403636628813555456.000000 0.168159008 0.315304220 -0.043662500 -0.050923143 -0.011956845 0.010271966 0.998578191
1403636628863555584.000000 0.170150131 0.334243476 -0.041202776 -0.055738226 -0.016253300 0.008588020 0.998276234
1403636628913555456.000000 0.168712571 0.345552713 -0.036487021 -0.059644282 -0.020667888 0.008258432 0.997971535
1403636628963555584.000000 0.170901716 0.361007959 -0.035616834 -0.062778048 -0.024333009 0.007818089 0.997700214
1403636629013555456.000000 0.164568737 0.345255733 -0.035471652 -0.075903952 -0.022727314 0.009876371 0.996807218
1403636629063555584.000000 0.170958430 0.360023558 -0.038372885 -0.078376472 -0.024240687 0.010660607 0.996572137
1403636629113555456.000000 0.179832578 0.372868896 -0.038118094 -0.081934631 -0.024773888 0.010473909 0.996274710
1403636629163555584.000000 0.187428892 0.388266355 -0.040998470 -0.085770480 -0.025002632 0.012009230 0.995928824
1403636629213555456.000000 0.205576792 0.433168560 -0.036270786 -0.079050340 -0.029076984 0.011958245 0.996374786
1403636629263555584.000000 0.211695611 0.449225277 -0.036175378 -0.083663680 -0.027262431 0.013768181 0.996025980
1403636629313555456.000000 0.222598955 0.458114207 -0.046339117 -0.090646185 -0.024491444 0.016060004 0.995452464
1403636629363555584.000000 0.226597175 0.474473089 -0.043645315 -0.093580842 -0.021880528 0.019080516 0.995188355
1403636629413555456.000000 0.215656057 0.462487817 -0.024801550 -0.106476650 -0.012978093 0.025851650 0.993894398
1403636629463555584.000000 0.217576981 0.480404079 -0.020528149 -0.109960325 -0.008904656 0.030870857 0.993416607
1403636629513555456.000000 0.218673900 0.495397210 -0.013536137 -0.115392990 -0.006250537 0.036035750 0.992646456
1403636629563555584.000000 0.216666579 0.514752805 -0.008028005 -0.121092729 -0.006406975 0.040515684 0.991793334
1403636629613555456.000000 0.214478582 0.532193184 -0.000416871 -0.129810840 -0.009148204 0.043079015 0.990560293
1403636629663555584.000000 0.208915085 0.553273857 0.005975017 -0.138461769 -0.014155564 0.045628302 0.989214838
1403636629713555456.000000 0.224010646 0.610590756 0.003351360 -0.134748802 -0.025280435 0.045012437 0.989534020
1403636629763555584.000000 0.216146708 0.633728445 0.011495146 -0.145061746 -0.029757330 0.047120307 0.987851858
1403636629813555456.000000 0.190029800 0.617804170 0.031767227 -0.170387000 -0.026377309 0.053158727 0.983588636
1403636629863555584.000000 0.181112766 0.642953932 0.041378245 -0.180989400 -0.028694447 0.056597628 0.981435835
1403636629913555456.000000 0.174798742 0.665307283 0.053414319 -0.191540763 -0.030005375 0.059951808 0.979192317
1403636629963555584.000000 0.168303639 0.690754890 0.063389957 -0.200263202 -0.030665101 0.062114805 0.977290154
1403636630013555456.000000 0.165320903 0.712780535 0.074712604 -0.207874358 -0.030296599 0.064408362 0.975562394
1403636630063555584.000000 0.162969306 0.738108575 0.083832189 -0.213587552 -0.028452495 0.065784708 0.974291146
1403636630113555456.000000 0.164431259 0.760432005 0.096113719 -0.219281137 -0.023729783 0.066218212 0.973122716
1403636630163555584.000000 0.167388961 0.786492705 0.106452137 -0.223357558 -0.016616032 0.066320568 0.972335815
1403636630213555456.000000 0.175311267 0.810338378 0.109690651 -0.225660473 -0.010166384 0.065422140 0.971953750
1403636630263555584.000000 0.181921527 0.836774528 0.119582355 -0.228215471 -0.004070970 0.065236948 0.971414089
1403636630313555456.000000 0.189932391 0.861003518 0.123995736 -0.230120182 -0.000675564 0.064697228 0.971009016
1403636630363555584.000000 0.198856473 0.886818528 0.132639334 0.230976149 0.001363852 -0.064826526 -0.970796466
1403636630413555456.000000 0.207611978 0.910221636 0.142301559 -0.232095808 -0.002680964 0.064810999 0.970527649
1403636630463555584.000000 0.218909323 0.936181366 0.149762586 -0.231978312 -0.005935819 0.063934550 0.970599413
1403636630513555456.000000 0.231062844 0.956225514 0.176986128 -0.234949723 -0.006693900 0.062976800 0.969942153
1403636630563555584.000000 0.245893300 0.981488645 0.183684200 -0.234544083 -0.009016618 0.060240623 0.970195353
1403636630613555456.000000 0.260347784 1.003967047 0.194431841 -0.234577224 -0.009857985 0.057367727 0.970353246
1403636630663555584.000000 0.274141967 1.028150797 0.201953530 -0.233322635 -0.011898873 0.055133685 0.970762193
1403636630713555456.000000 0.285794199 1.052027345 0.207510188 -0.231880173 -0.013013777 0.053656835 0.971176207
1403636630763555584.000000 0.297226936 1.075946689 0.217451632 -0.229932830 -0.012928409 0.054334007 0.971602619
1403636630813555456.000000 0.307764232 1.095952392 0.239363715 -0.228936747 -0.013027286 0.055600431 0.971764863
1403636630863555584.000000 0.316264391 1.119914293 0.251309067 -0.226855457 -0.012897836 0.056967545 0.972175419
1403636630913555456.000000 0.323889375 1.140208602 0.267155498 -0.225397393 -0.012172052 0.058460571 0.972435236
1403636630963555584.000000 0.329844624 1.164242625 0.280136526 -0.223513246 -0.011780073 0.059756104 0.972796202
1403636631013555456.000000 0.335290611 1.184277773 0.295241386 -0.223092332 -0.011399445 0.060373288 0.972859204
1403636631063555584.000000 0.339538306 1.208784819 0.308917969 -0.221682340 -0.010333731 0.060361803 0.973194063
1403636631113555456.000000 0.343392015 1.232237816 0.320091844 -0.221028477 -0.008575808 0.060156912 0.973372519
1403636631163555584.000000 0.346605062 1.256716132 0.334079176 -0.220326498 -0.007170933 0.059822362 0.973563612
1403636631213555456.000000 0.351666272 1.271601200 0.355086625 -0.220479518 -0.004978612 0.059472769 0.973564088
1403636631263555584.000000 0.354340643 1.295894980 0.368856281 -0.220004365 -0.003717718 0.058649782 0.973727167
1403636631313555456.000000 0.358851492 1.321420193 0.393384039 -0.219990820 -0.003485206 0.058935892 0.973713815
1403636631363555584.000000 0.360019326 1.346391678 0.407159477 -0.219413236 -0.003533419 0.058296934 0.973882437
1403636631413555456.000000 0.360190362 1.371092916 0.421310246 0.218555659 0.003616836 -0.058302339 -0.974074602
1403636631463555584.000000 0.358700246 1.396017313 0.435768872 0.217983395 0.003935318 -0.057414267 -0.974254251
1403636631513555456.000000 0.356775939 1.407379866 0.456962824 -0.218651921 -0.004269392 0.056247547 0.974171162
1403636631563555584.000000 0.353787899 1.432194948 0.471753925 -0.218330115 -0.004284179 0.054734740 0.974329352
1403636631613555456.000000 0.351314038 1.456351399 0.485537767 0.217616171 0.004933903 -0.053514794 -0.974553823
1403636631663555584.000000 0.346697628 1.466897130 0.516965747 -0.218463764 -0.005164711 0.052552585 0.974415302
1403636631713555456.000000 0.345767587 1.491486073 0.531133711 -0.217691436 -0.005644242 0.051848803 0.974623203
1403636631763555584.000000 0.345964342 1.514182091 0.542605758 0.217253298 0.006376333 -0.051153958 -0.974753141
1403636631813555456.000000 0.349059641 1.537649870 0.555069447 0.216359183 0.006092204 -0.050605014 -0.974982440
1403636631863555584.000000 0.353251934 1.545398235 0.582311690 -0.217295885 -0.006713214 0.049602423 0.974821568
1403636631913555456.000000 0.360180020 1.564834118 0.597577751 -0.217145696 -0.007848608 0.048748005 0.974889696
1403636631963555584.000000 0.368127704 1.585494041 0.614562035 0.217115283 0.008333289 -0.048345525 -0.974912465
1403636632013555456.000000 0.378409445 1.606999397 0.614468753 -0.215883270 -0.008788269 0.048497640 0.975174427
1403636632063555584.000000 0.387622982 1.626136303 0.631083488 -0.216141850 -0.007442650 0.047953006 0.975155294
1403636632113555456.000000 0.392758757 1.639573812 0.640683174 -0.216584519 -0.006129619 0.046203464 0.975150704
1403636632163555584.000000 0.401586294 1.657223344 0.656264365 -0.218197599 -0.005250731 0.043050911 0.974940419
1403636632213555456.000000 0.406430393 1.670835137 0.697059214 -0.220724612 -0.004889275 0.042149398 0.974412799
1403636632263555584.000000 0.413538396 1.687507749 0.713848591 -0.220938876 -0.003981662 0.043175567 0.974323452
1403636632313555456.000000 0.418580502 1.702085614 0.730249286 0.221136525 0.003692673 -0.044159580 -0.974235594
1403636632363555584.000000 0.421059370 1.714648485 0.745654106 -0.221119747 -0.003148942 0.045115292 0.974197567
1403636632413555456.000000 0.422538280 1.728567362 0.763298035 -0.221541911 -0.004141000 0.045711916 0.974070132
1403636632463555584.000000 0.421384394 1.740639210 0.780078173 0.220672816 0.006590842 -0.049339078 -0.974076867
1403636632513555456.000000 0.418839335 1.751578689 0.796618342 -0.217926338 -0.009330268 0.053450655 0.974455833
1403636632563555584.000000 0.415677369 1.763141036 0.815247297 -0.213455051 -0.013834994 0.058917657 0.975076556
1403636632613555456.000000 0.414577484 1.774446011 0.848587275 -0.208374962 -0.017856596 0.063545004 0.975819230
1403636632663555584.000000 0.411011189 1.786502838 0.868295372 -0.201407671 -0.021113949 0.066039503 0.977050722
1403636632713555456.000000 0.408082724 1.798461080 0.887682438 -0.193151563 -0.023111595 0.066519313 0.978638649
1403636632763555584.000000 0.406790137 1.811138868 0.907781899 -0.183728978 -0.024139615 0.065115824 0.980520725
1403636632813555456.000000 0.408138305 1.823826432 0.927914798 0.173680216 0.023965115 -0.059929315 -0.982684791
1403636632863555584.000000 0.413989156 1.837201953 0.956674397 -0.164249420 -0.021700282 0.051418439 0.984838784
1403636632913555456.000000 0.419818610 1.851656318 0.976041615 -0.154305592 -0.018343218 0.042063437 0.986956954
1403636632963555584.000000 0.426300108 1.866627693 0.994681358 0.145639747 0.016528908 -0.033596858 -0.988628924
1403636633013555456.000000 0.434542745 1.881012321 0.994454205 -0.137382612 -0.014977950 0.026014192 0.990063071
1403636633063555584.000000 0.443321913 1.896124840 1.013234735 -0.130412132 -0.014788426 0.020370753 0.991140246
1403636633113555456.000000 0.455681056 1.910162330 1.061818361 -0.124966651 -0.014017190 0.016666370 0.991921961
1403636633163555584.000000 0.462850809 1.925202131 1.081139445 -0.119733013 -0.014219677 0.013422837 0.992613614
1403636633213555456.000000 0.468915552 1.940149426 1.101472259 0.115239955 0.014257827 -0.011684456 -0.993166625
1403636633263555584.000000 0.474963695 1.953322291 1.123968363 -0.111454248 -0.015528881 0.011650027 0.993579924
1403636633313555456.000000 0.477795094 1.967834473 1.145350456 -0.108274139 -0.016866855 0.012399707 0.993900657
1403636633363555584.000000 0.479482532 1.982282400 1.167296529 -0.105274126 -0.018272322 0.014676330 0.994167089
1403636633413555456.000000 0.480208933 1.996320724 1.189974308 0.103605367 0.020320497 -0.016857928 -0.994268000
1403636633463555584.000000 0.480413496 2.005902290 1.217508793 -0.102795675 -0.021387961 0.019240389 0.994286358
1403636633513555456.000000 0.479752213 2.020683765 1.241610885 -0.102546543 -0.022733685 0.020591384 0.994255245
1403636633563555584.000000 0.478375167 2.032671690 1.277230859 -0.102906123 -0.024671232 0.022265414 0.994135797
1403636633613555456.000000 0.478535116 2.048311234 1.302674174 -0.103466719 -0.026697949 0.023262957 0.994002402
1403636633663555584.000000 0.480517626 2.064579248 1.328886986 -0.104888394 -0.028173637 0.023623627 0.993804157
1403636633713555456.000000 0.484442532 2.078728914 1.357151866 -0.106288753 -0.027891729 0.024276726 0.993647575
1403636633763555584.000000 0.490662068 2.095474005 1.384141445 -0.107301615 -0.027138112 0.025322545 0.993533432
1403636633813555456.000000 0.499392450 2.112636805 1.411512613 -0.108530007 -0.026919631 0.026333394 0.993379653
1403636633863555584.000000 0.503918469 2.124839067 1.443482995 -0.109887823 -0.025304310 0.028325055 0.993218064
1403636633913555456.000000 0.516020954 2.142334700 1.470965505 -0.109981105 -0.023880521 0.032297451 0.993121743
1403636633963555584.000000 0.527836561 2.159087181 1.498790979 0.109923802 0.021514755 -0.036654588 -0.993030906
1403636634013555456.000000 0.535357058 2.175403595 1.526798725 -0.110245071 -0.019151021 0.040308617 0.992902100
1403636634063555584.000000 0.545932949 2.194461823 1.555891991 -0.111012429 -0.018696563 0.042494647 0.992734075
1403636634113555456.000000 0.557103097 2.214207649 1.585284829 0.110672429 0.019073052 -0.042689569 -0.992756546
1403636634163555584.000000 0.565180600 2.232424974 1.618290663 -0.111093737 -0.020206379 0.041679442 0.992729962
1403636634213555456.000000 0.580295742 2.254272699 1.647182941 -0.111396156 -0.022119530 0.038653661 0.992777705
1403636634263555584.000000 0.597286522 2.276596308 1.675950289 0.111981317 0.022283616 -0.034313299 -0.992867768
1403636634313555456.000000 0.612211406 2.298081636 1.703547716 -0.112429611 -0.019627064 0.030289615 0.993004024
1403636634363555584.000000 0.631613314 2.321557045 1.733128548 -0.112569839 -0.015567692 0.026615808 0.993165314
1403636634413555456.000000 0.650101125 2.345445156 1.763327003 -0.112655938 -0.011423276 0.023027044 0.993301570
1403636634463555584.000000 0.662279367 2.367013216 1.798248649 -0.112992078 -0.008564315 0.020410469 0.993349373
1403636634513555456.000000 0.677196145 2.390769482 1.829297900 -0.112365566 -0.005397235 0.018387832 0.993482172
1403636634563555584.000000 0.687662840 2.413305759 1.861490846 -0.111815900 -0.003132694 0.016900802 0.993580341
1403636634613555456.000000 0.698776722 2.436241150 1.892415524 -0.110356860 -0.002293320 0.014649039 0.993781507
1403636634663555584.000000 0.707740068 2.458420515 1.923335910 0.107110992 0.001876546 -0.012426951 -0.994167626
1403636634713555456.000000 0.714599490 2.479731798 1.953397632 -0.103792161 -0.001799621 0.009313055 0.994553864
1403636634763555584.000000 0.723780811 2.500909090 1.983229041 -0.100038767 -0.003980371 0.007476801 0.994947553
1403636634813555456.000000 0.732941151 2.520684719 2.011605501 0.096407987 0.006188808 -0.006751082 -0.995299816
1403636634863555584.000000 0.743252575 2.539765358 2.047091246 -0.093422212 -0.008197553 0.006302251 0.995572925
1403636634913555456.000000 0.755735815 2.558715582 2.074469566 -0.089885846 -0.009962905 0.005353725 0.995887876
1403636634963555584.000000 0.769643426 2.577191353 2.101385593 -0.086831607 -0.012715858 0.004084502 0.996133447
1403636635013555456.000000 0.784667850 2.594806671 2.131765127 -0.084468797 -0.013212945 0.002156758 0.996336222
1403636635063555584.000000 0.799960852 2.612616777 2.158331394 -0.082275145 -0.014982004 0.000635464 0.996496856
1403636635113555456.000000 0.813538432 2.629525423 2.184654713 0.080403484 0.016630486 0.000504771 -0.996623576
1403636635163555584.000000 0.825677335 2.647286177 2.214470148 -0.078662686 -0.017625138 -0.000806464 0.996745169
1403636635213555456.000000 0.836399615 2.664234161 2.242126942 -0.077078544 -0.019277604 -0.000756778 0.996838331
1403636635263555584.000000 0.846054137 2.680912971 2.270670414 -0.075019211 -0.020096641 0.000852514 0.996979237
1403636635313555456.000000 0.854691744 2.694997787 2.306927681 -0.073594086 -0.021300435 0.002903567 0.997056603
1403636635363555584.000000 0.863043129 2.711353064 2.336622000 -0.071604483 -0.022893796 0.006708023 0.997147799
1403636635413555456.000000 0.872508824 2.727871418 2.366037369 -0.070281424 -0.023902850 0.008285419 0.997206390
1403636635463555584.000000 0.883855939 2.743085384 2.400445223 -0.069793105 -0.023324212 0.009684160 0.997241795
1403636635513555456.000000 0.896734118 2.759987831 2.430839300 -0.068761982 -0.023671506 0.012649736 0.997272074
1403636635563555584.000000 0.912466347 2.775696754 2.462668419 -0.068595484 -0.023652880 0.013495998 0.997272849
1403636635613555456.000000 0.926896036 2.793216467 2.490738630 -0.068354137 -0.022873374 0.014542731 0.997292876
1403636635663555584.000000 0.942164183 2.811507225 2.519433260 0.068561994 0.021766182 -0.015376677 -0.997290909
1403636635713555456.000000 0.962068498 2.827402830 2.550946951 -0.069056831 -0.020400148 0.015867701 0.997277915
1403636635763555584.000000 0.981685519 2.846797705 2.580595732 -0.068738580 -0.016869936 0.017839277 0.997332573
1403636635813555456.000000 1.003362656 2.866109133 2.609705925 0.067815192 0.012512196 -0.021600321 -0.997385561
1403636635863555584.000000 1.030144453 2.884013176 2.640721083 -0.067489840 -0.009619820 0.025055986 0.997358918
1403636635913555456.000000 1.054294348 2.905543089 2.668635368 -0.066638261 -0.010583955 0.028986631 0.997299969
1403636635963555584.000000 1.080104351 2.928364754 2.696829796 0.066848136 0.014082492 -0.030135320 -0.997208595
1403636636013555456.000000 1.107480407 2.949255466 2.726112366 -0.068094976 -0.019553946 0.028674973 0.997075021
1403636636063555584.000000 1.131637692 2.974226713 2.754775047 -0.069955498 -0.023936138 0.024659470 0.996958077
1403636636113555456.000000 1.155332804 2.999736071 2.783808470 0.071736060 0.027143640 -0.020191537 -0.996849775
1403636636163555584.000000 1.181964040 3.019837618 2.814740181 -0.073629752 -0.025915440 0.015989412 0.996820688
1403636636213555456.000000 1.208332062 3.046258211 2.844027996 -0.074987143 -0.021363990 0.011173072 0.996893048
1403636636263555584.000000 1.236732483 3.072707653 2.872897863 -0.076192737 -0.015482193 0.007116429 0.996947587
1403636636313555456.000000 1.268028259 3.095166445 2.902832508 -0.077085249 -0.010010556 0.004762680 0.996962905
1403636636363555584.000000 1.298800707 3.120396376 2.930700541 -0.077679627 -0.003387535 0.002621282 0.996969223
1403636636413555456.000000 1.328858614 3.145225763 2.958296299 -0.077797331 0.005164888 0.000784401 0.996955514
1403636636463555584.000000 1.358626962 3.170097589 2.985927343 -0.077798240 0.012021629 -0.000572285 0.996896505
1403636636513555456.000000 1.383820653 3.194415092 3.012681723 -0.078880310 0.014659409 -0.003795512 0.996769130
1403636636563555584.000000 1.406590462 3.218178272 3.038855553 -0.080075599 0.015502924 -0.007488819 0.996640146
1403636636613555456.000000 1.426417828 3.237921953 3.066793203 -0.081814066 0.015556101 -0.011544058 0.996459365
1403636636663555584.000000 1.444746852 3.260445595 3.091899395 -0.083370484 0.014526838 -0.016114945 0.996282458
1403636636713555456.000000 1.460619092 3.281688213 3.116468906 -0.084782965 0.013986431 -0.019959515 0.996101379
1403636636763555584.000000 1.477217555 3.303487778 3.137683868 -0.085713618 0.013110627 -0.024145935 0.995940924
1403636636813555456.000000 1.488332272 3.321361780 3.161431551 -0.087253399 0.012116083 -0.029325249 0.995680749
1403636636863555584.000000 1.496993184 3.337352514 3.184826612 -0.088462770 0.010059399 -0.033621404 0.995461106
1403636636913555456.000000 1.502674580 3.350703955 3.207771778 0.086957887 -0.007234488 0.030888082 -0.995706737
1403636636963555584.000000 1.507009864 3.362562895 3.230676651 0.084069706 -0.005756042 0.025213359 -0.996124208
1403636637013555456.000000 1.509749413 3.372868061 3.253255844 0.080662370 -0.003748387 0.018138263 -0.996569395
1403636637063555584.000000 1.506483078 3.377055168 3.281071424 -0.078232691 0.003198712 -0.011636757 0.996862113
1403636637113555456.000000 1.506823897 3.385576248 3.302737713 -0.075790375 0.001055134 -0.006803239 0.997100055
1403636637163555584.000000 1.506302118 3.393744469 3.324138403 -0.074239284 -0.002344401 -0.003736792 0.997230709
1403636637213555456.000000 1.502533197 3.400628567 3.345178843 -0.073410608 -0.006374898 -0.002350397 0.997278690
1403636637263555584.000000 1.502643108 3.408258915 3.365860939 -0.072438426 -0.009416633 -0.001458482 0.997327387
1403636637313555456.000000 1.504859567 3.415870905 3.387386560 -0.071716480 -0.012081612 -0.001129595 0.997351229
1403636637363555584.000000 1.504998565 3.421251535 3.407455921 -0.071853451 -0.013760451 -0.001726343 0.997318804
1403636637413555456.000000 1.513819695 3.428486824 3.431021690 -0.070574038 -0.014762815 -0.001039022 0.997396827
1403636637463555584.000000 1.525800705 3.435457706 3.454377651 -0.070051119 -0.016886218 -0.001898814 0.997398734
1403636637513555456.000000 1.532594323 3.440544605 3.468609810 -0.069153875 -0.017358594 -0.001323295 0.997454107
1403636637563555584.000000 1.545860291 3.446309805 3.489456415 -0.068369523 -0.019034510 -0.000966844 0.997478008
1403636637613555456.000000 1.560252070 3.451771498 3.509529352 -0.067235753 -0.019270683 0.000063820 0.997551024
1403636637663555584.000000 1.565916657 3.452824354 3.524020195 -0.067068748 -0.019569773 0.000917171 0.997556031
1403636637713555456.000000 1.584726453 3.458472729 3.544562578 -0.066634431 -0.019013859 0.000418494 0.997596204
1403636637763555584.000000 1.604255438 3.464185476 3.565136194 0.066035956 0.017856734 0.000104276 -0.997657478
1403636637813555456.000000 1.620304108 3.467879772 3.579669237 -0.065840475 -0.015596362 -0.000800431 0.997708023
1403636637863555584.000000 1.643913388 3.473152399 3.599761486 -0.065459810 -0.014077310 -0.001164089 0.997755289
1403636637913555456.000000 1.669207096 3.478174686 3.620303154 -0.064929023 -0.012181607 -0.001340110 0.997814655
1403636637963555584.000000 1.685224414 3.478615999 3.633185625 -0.064989574 -0.009305341 -0.001569706 0.997841358
1403636638013555456.000000 1.704048991 3.483975887 3.655333757 -0.064691179 -0.007647404 -0.001659116 0.997874677
1403636638063555584.000000 1.718721390 3.489364624 3.678766012 -0.064189978 -0.005973941 -0.001792920 0.997918248
1403636638113555456.000000 1.728808641 3.494867325 3.702037811 0.063740827 0.003791296 0.001744864 -0.997957826
1403636638163555584.000000 1.733587146 3.500868797 3.721378565 -0.063063651 -0.002582713 -0.001642635 0.998004854
1403636638213555456.000000 1.739539027 3.506290913 3.746165752 -0.062691845 -0.002323634 -0.001891294 0.998028457
1403636638263555584.000000 1.744160414 3.511715889 3.770691872 -0.062737092 -0.001877785 -0.002314592 0.998025715
1403636638313555456.000000 1.744998336 3.516266108 3.791500330 0.061539423 0.003611612 0.000437848 -0.998098016
1403636638363555584.000000 1.735154033 3.513727665 3.809601307 -0.060532399 -0.008721192 0.004383105 0.998118520
1403636638413555456.000000 1.733012795 3.519119024 3.832451344 -0.058626052 -0.018532334 0.010426010 0.998053551
1403636638463555584.000000 1.730190992 3.525006056 3.855897427 -0.056910932 -0.028355764 0.015456495 0.997856796
1403636638513555456.000000 1.724471450 3.530590534 3.880659342 -0.055342853 -0.036552366 0.020541962 0.997586668
1403636638563555584.000000 1.722563505 3.538032055 3.903223991 -0.054876879 -0.041358802 0.022331018 0.997386277
1403636638613555456.000000 1.723552704 3.546583414 3.925491095 -0.055359125 -0.043611314 0.020349247 0.997306049
1403636638663555584.000000 1.728121519 3.555944443 3.953218699 -0.056844879 -0.042263594 0.014957746 0.997375906
1403636638713555456.000000 1.736342788 3.566387892 3.976453066 -0.058185823 -0.039719984 0.010935343 0.997455359
1403636638763555584.000000 1.746970296 3.577240467 3.999624968 -0.058842219 -0.035306837 0.007512121 0.997614503
1403636638813555456.000000 1.760669351 3.587738276 4.018788815 0.058749750 0.030341538 -0.005396789 -0.997797012
1403636638863555584.000000 1.776812673 3.600383997 4.056883335 -0.058834754 -0.025941957 0.005395894 0.997916043
1403636638913555456.000000 1.792255998 3.611474037 4.079831600 -0.057759684 -0.022519670 0.006837551 0.998053133
1403636638963555584.000000 1.809615016 3.623043299 4.102971077 -0.056603078 -0.019763824 0.008999674 0.998160601
1403636639013555456.000000 1.829932094 3.637872934 4.130818367 -0.054602932 -0.018688241 0.014082450 0.998233974
1403636639063555584.000000 1.847110152 3.650498152 4.155631065 -0.052346088 -0.017479965 0.019774323 0.998280168
1403636639113555456.000000 1.862157702 3.664070845 4.181462765 -0.050423160 -0.016668838 0.024553079 0.998286963
1403636639163555584.000000 1.874359846 3.679956913 4.210899353 0.048952766 0.017033577 -0.028625723 -0.998245537
1403636639213555456.000000 1.884218812 3.693594217 4.252437592 -0.048206791 -0.017064750 0.031935189 0.998180926
1403636639263555584.000000 1.888666630 3.711745739 4.283308506 -0.047633529 -0.017963443 0.033280056 0.998148739
1403636639313555456.000000 1.891008735 3.731770515 4.314849854 -0.049248740 -0.018453738 0.028749699 0.998202205
1403636639363555584.000000 1.892082930 3.752700806 4.348477840 0.051239740 0.019329706 -0.022608807 -0.998243332
1403636639413555456.000000 1.895902753 3.774886131 4.386703968 -0.053613964 -0.020133633 0.016588356 0.998220980
1403636639463555584.000000 1.895362854 3.797881365 4.420409679 -0.055647891 -0.020725664 0.010198287 0.998183250
1403636639513555456.000000 1.894261122 3.821428061 4.454476357 -0.057880055 -0.019975513 0.003455390 0.998117805
1403636639563555584.000000 1.894477844 3.852550745 4.491801262 -0.059997629 -0.018790245 -0.004361569 0.998012185
1403636639613555456.000000 1.892110467 3.875792980 4.526556492 -0.061554071 -0.017506627 -0.010107894 0.997899055
1403636639663555584.000000 1.890275717 3.898227692 4.561438084 -0.061750114 -0.014343150 -0.012313087 0.997912645
1403636639713555456.000000 1.889391065 3.920623541 4.595854759 0.061025668 0.010169475 0.011536903 -0.998017728
1403636639763555584.000000 1.891396999 3.933958769 4.634351254 -0.060551859 -0.005241541 -0.008321361 0.998116672
1403636639813555456.000000 1.892856002 3.954528093 4.666439056 -0.059783217 -0.003020847 -0.006519191 0.998185575
1403636639863555584.000000 1.896261334 3.974508047 4.697655678 -0.058608301 -0.001446171 -0.003948180 0.998272240
1403636639913555456.000000 1.899379015 3.995786190 4.730535030 -0.057226699 -0.000716851 -0.001897780 0.998359144
1403636639963555584.000000 1.906282663 4.014883041 4.758471966 -0.056884848 -0.000154219 -0.001329087 0.998379886
1403636640013555456.000000 1.914590001 4.033664227 4.785504341 -0.056045074 0.000425731 -0.001448162 0.998427093
1403636640063555584.000000 1.925977468 4.051588535 4.812253952 0.053840771 -0.000556604 0.003096221 -0.998544574
1403636640113555456.000000 1.934729218 4.066718578 4.843386650 -0.051337905 0.001260746 -0.006942112 0.998656452
1403636640163555584.000000 1.950121164 4.084120750 4.868010521 -0.046962664 0.001317972 -0.008806284 0.998856962
1403636640213555456.000000 1.967308640 4.101181984 4.890972137 -0.042529974 0.001376419 -0.010448126 0.999039650
1403636640263555584.000000 1.979894161 4.121551514 4.916540623 -0.038872182 -0.000137594 -0.012706335 0.999163389
1403636640313555456.000000 1.997082233 4.138394356 4.937949181 -0.035640769 -0.000829427 -0.013299602 0.999275863
1403636640363555584.000000 2.013236046 4.155083179 4.959251404 -0.032594759 -0.000948749 -0.014827820 0.999358237
1403636640413555456.000000 2.016902685 4.166110992 4.982950687 -0.030876851 -0.000821263 -0.015965642 0.999395430
1403636640463555584.000000 2.029579163 4.183409214 5.004721642 -0.028883237 -0.000884188 -0.017325038 0.999432266
1403636640513555456.000000 2.040451765 4.200706959 5.026453972 -0.026989756 -0.002360858 -0.017629726 0.999477506
1403636640563555584.000000 2.041975260 4.216643810 5.048726082 -0.025461655 -0.002184099 -0.018719971 0.999498129
1403636640613555456.000000 2.050484419 4.233684540 5.071105957 -0.024197087 -0.002213564 -0.018809309 0.999527812
1403636640663555584.000000 2.057726145 4.250553131 5.093255043 -0.023245143 -0.001876318 -0.019333227 0.999541104
1403636640713555456.000000 2.062140703 4.267840385 5.115658760 0.022254555 0.002548622 0.019419570 -0.999560535
1403636640763555584.000000 2.054228306 4.273462772 5.135397434 -0.021862041 -0.003948999 -0.018855568 0.999575377
1403636640813555456.000000 2.060599327 4.289824009 5.157258511 -0.021406071 -0.005319841 -0.019462634 0.999567270
1403636640863555584.000000 2.067414999 4.305844784 5.178175449 -0.020977233 -0.007216015 -0.019993262 0.999554038
1403636640913555456.000000 2.073794842 4.321577072 5.198595524 0.020597154 0.007833874 0.020162029 -0.999553859
1403636640963555584.000000 2.075629950 4.327871323 5.214507103 -0.021010507 -0.008085419 -0.020363297 0.999539137
1403636641013555456.000000 2.085777760 4.342888355 5.232633114 -0.021211248 -0.007604202 -0.020684812 0.999532163
1403636641063555584.000000 2.094966650 4.357446194 5.250950336 -0.021135569 -0.006415268 -0.019836297 0.999559283
1403636641113555456.000000 2.096910000 4.364400864 5.265882492 -0.021904379 -0.005643171 -0.020238508 0.999539256
1403636641163555584.000000 2.102255821 4.378055096 5.284607887 -0.022290081 -0.006012919 -0.020476218 0.999523759
1403636641213555456.000000 2.106195211 4.391496181 5.303405762 -0.022687564 -0.005141745 -0.020367680 0.999521911
1403636641263555584.000000 2.107352495 4.403417587 5.321380615 0.022347154 0.003975720 0.018864434 -0.999564409
1403636641313555456.000000 2.105414867 4.408608437 5.337507725 -0.021812581 -0.004064583 -0.015200506 0.999638259
1403636641363555584.000000 2.104078770 4.421095848 5.356120110 -0.020642284 -0.004296275 -0.010847746 0.999718904
1403636641413555456.000000 2.101656199 4.433776379 5.374885082 -0.019398715 -0.004368848 -0.007102273 0.999777138
1403636641463555584.000000 2.098720312 4.441057682 5.390715122 -0.019667586 -0.004137444 -0.006387385 0.999777615
1403636641513555456.000000 2.095300674 4.454281330 5.408061981 -0.020397017 -0.003790274 -0.007722956 0.999754965
1403636641563555584.000000 2.091790199 4.467171192 5.424111366 0.021039084 0.004225232 0.009622204 -0.999723494
1403636641613555456.000000 2.091974020 4.475568771 5.435816765 -0.022522470 -0.004151206 -0.011631679 0.999670088
1403636641663555584.000000 2.090819836 4.488767147 5.450238228 -0.023258315 -0.004677424 -0.013169427 0.999631882
1403636641713555456.000000 2.091338158 4.501828671 5.463063240 -0.023705654 -0.003753899 -0.014473782 0.999607146
1403636641763555584.000000 2.090373755 4.519647598 5.477219582 0.023936333 0.004549876 0.015157657 -0.999588251
1403636641813555456.000000 2.096155643 4.531716824 5.487680912 0.024236158 0.003615645 0.015456420 -0.999580324
1403636641863555584.000000 2.102862835 4.543522358 5.499055386 0.024405256 0.002733662 0.015690375 -0.999575317
1403636641913555456.000000 2.110891819 4.555240154 5.510498047 0.025513560 0.002412129 0.015254595 -0.999555171
1403636641963555584.000000 2.122561455 4.572823524 5.522346020 0.027578035 0.001800523 0.013521152 -0.999526620
1403636642013555456.000000 2.132067680 4.578362942 5.530652046 0.031831969 0.000300523 0.012378169 -0.999416530
1403636642063555584.000000 2.144036531 4.589898109 5.539744377 0.036367860 -0.000713589 0.010342834 -0.999284744
1403636642113555456.000000 2.171819448 4.581676006 5.529854298 -0.041153550 0.001153525 -0.009473164 0.999107361
1403636642163555584.000000 2.166286945 4.611573696 5.558429718 0.044773698 -0.002314581 0.008761606 -0.998956144
1403636642213555456.000000 2.174945831 4.621798038 5.567461014 0.047880717 -0.003267796 0.007494797 -0.998819649
1403636642263555584.000000 2.182189703 4.631664276 5.576511383 0.050846957 -0.003756679 0.006001181 -0.998681366
1403636642313555456.000000 2.205949545 4.620342255 5.559408188 -0.054918416 0.003639228 -0.003781756 0.998477101
1403636642363555584.000000 2.207916975 4.631895542 5.569221973 -0.059729122 0.004339066 -0.001910604 0.998203397
1403636642413555456.000000 2.208318233 4.643396378 5.579148293 -0.063926116 0.005520747 0.000194647 0.997939408
1403636642463555584.000000 2.206982374 4.654819012 5.589113712 -0.067778513 0.005573090 0.001632500 0.997683525
1403636642513555456.000000 2.203945398 4.665915012 5.598807335 -0.070759803 0.004489651 0.003239939 0.997478068
1403636642563555584.000000 2.199260950 4.676919460 5.608281612 -0.073740080 0.001188677 0.003943610 0.997269034
1403636642613555456.000000 2.193190336 4.687425137 5.617678642 -0.075547189 -0.002652655 0.005782983 0.997121990
1403636642663555584.000000 2.185903072 4.697854519 5.627271652 -0.077182539 -0.006964950 0.007250105 0.996966362
1403636642713555456.000000 2.178171635 4.707917690 5.636643887 -0.078717880 -0.010881728 0.008139723 0.996804297
1403636642763555584.000000 2.171075106 4.717873573 5.646122456 -0.079409108 -0.014473183 0.009060015 0.996695876
1403636642813555456.000000 2.166701794 4.727468014 5.654771328 -0.079943210 -0.017184090 0.010221111 0.996598899
1403636642863555584.000000 2.166246653 4.730405807 5.655019760 -0.079954222 -0.018738819 0.011372613 0.996557534
1403636642913555456.000000 2.166463614 4.736236095 5.657612801 -0.079860248 -0.020566767 0.011769872 0.996524394
1403636642963555584.000000 2.170152187 4.738414764 5.656115532 -0.079875149 -0.021119764 0.012591564 0.996501625
1403636643013555456.000000 2.176372051 4.739137173 5.650225163 -0.079683214 -0.020398939 0.012926253 0.996527672
1403636643063555584.000000 2.183451891 4.744948387 5.652435303 -0.079637982 -0.016726805 0.012800976 0.996601284
1403636643113555456.000000 2.190477848 4.751120567 5.654355049 -0.079457678 -0.012266516 0.012820208 0.996680379
1403636643163555584.000000 2.196608543 4.756486416 5.655668259 -0.079079479 -0.008956232 0.013241189 0.996740162
1403636643213555456.000000 2.200569630 4.763204098 5.659597397 -0.078960322 -0.006351370 0.013421175 0.996767163
1403636643263555584.000000 2.202255249 4.769826889 5.663933754 -0.078660272 -0.005336124 0.013408466 0.996797025
1403636643313555456.000000 2.203503609 4.777230740 5.668373585 -0.078597605 -0.005775404 0.013071191 0.996804059
1403636643363555584.000000 2.204570055 4.784385204 5.672360897 -0.078480780 -0.007881137 0.012834931 0.996801913
1403636643413555456.000000 2.206641436 4.792367935 5.677532196 -0.078048624 -0.010251511 0.013577595 0.996804416
1403636643463555584.000000 2.210789204 4.800449371 5.684079647 -0.077384807 -0.013904663 0.014540795 0.996798277
1403636643513555456.000000 2.216399908 4.810266018 5.691642761 -0.076912597 -0.017903470 0.014649233 0.996769488
1403636643563555584.000000 2.224984884 4.820565701 5.699784756 -0.076353900 -0.021327179 0.014628058 0.996745408
1403636643613555456.000000 2.234178543 4.831044197 5.708247662 -0.076413780 -0.025187094 0.014080836 0.996658623
1403636643663555584.000000 2.245399714 4.841780663 5.716349125 -0.075568616 -0.028515493 0.013472534 0.996641755
1403636643713555456.000000 2.258301735 4.853096008 5.724984646 -0.075154491 -0.031571995 0.012849693 0.996589184
1403636643763555584.000000 2.272981167 4.864786625 5.732916832 -0.075001724 -0.033188131 0.012240490 0.996555865
1403636643813555456.000000 2.264788866 4.903780937 5.772327900 0.074848905 0.035652082 -0.010803655 -0.996498823
1403636643863555584.000000 2.278778791 4.915592670 5.782710552 0.074592784 0.038611770 -0.010880193 -0.996406913
1403636643913555456.000000 2.291796446 4.927060604 5.795022964 0.074501842 0.040567771 -0.010457821 -0.996340513
1403636643963555584.000000 2.304426670 4.940403461 5.809874058 0.074667424 0.042737804 -0.009732399 -0.996244788
1403636644013555456.000000 2.338398218 4.926368237 5.796014309 -0.075252660 -0.044374533 0.009312425 0.996133208
1403636644063555584.000000 2.325507641 4.967437744 5.845840931 0.074832603 0.044520631 -0.009228462 -0.996159077
1403636644113555456.000000 2.334853649 4.979321957 5.865537167 0.074997731 0.045733903 -0.008945339 -0.996094227
1403636644163555584.000000 2.365756273 4.967221737 5.858941078 -0.075423583 -0.044860899 0.008875603 0.996102452
1403636644213555456.000000 2.374552250 4.980941296 5.883705139 -0.074747168 -0.039286945 0.010815936 0.996369660
1403636644263555584.000000 2.360497952 5.020221710 5.938369751 0.072791740 0.031246269 -0.015438430 -0.996738076
1403636644313555456.000000 2.389798880 5.009995461 5.937602997 -0.071160264 -0.022775741 0.021470916 0.996973693
1403636644363555584.000000 2.395032167 5.026315689 5.967188835 -0.069671884 -0.014641101 0.026628450 0.997107029
1403636644413555456.000000 2.399075985 5.043303967 5.997320652 -0.068524361 -0.008409213 0.029845659 0.997167468
1403636644463555584.000000 2.399495840 5.061209679 6.027194023 -0.067868784 -0.003004414 0.032275315 0.997167587
1403636644513555456.000000 2.399010181 5.081337929 6.058242798 -0.066195764 0.002219769 0.036887620 0.997122109
1403636644563555584.000000 2.397086382 5.101936340 6.087993622 -0.064637668 0.005156254 0.040500551 0.997073293
1403636644613555456.000000 2.393625498 5.124457836 6.116743565 -0.064501502 0.006850699 0.041659273 0.997024179
1403636644663555584.000000 2.387778044 5.149259567 6.146785736 -0.066049203 0.007457394 0.037445426 0.997085690
1403636644713555456.000000 2.380403280 5.174859524 6.175319672 -0.068724371 0.007642558 0.030388318 0.997143507
1403636644763555584.000000 2.370883226 5.200687408 6.202422619 -0.071966968 0.006153145 0.021441281 0.997157574
1403636644813555456.000000 2.359629393 5.226246834 6.227591038 -0.075497463 0.005570398 0.013051349 0.997045040
1403636644863555584.000000 2.346770048 5.251430035 6.253450394 -0.078366637 0.003043680 0.007282084 0.996893406
1403636644913555456.000000 2.333088875 5.276685238 6.277842522 -0.079865180 0.000120984 0.005704741 0.996789396
1403636644963555584.000000 2.321683645 5.300930023 6.299737930 -0.080408134 -0.002878349 0.005963226 0.996740043
1403636645013555456.000000 2.311452389 5.324513912 6.321006298 -0.080926172 -0.010356168 0.006493111 0.996645153
1403636645063555584.000000 2.301611185 5.347206593 6.342941761 -0.080816202 -0.021600829 0.009580365 0.996448874
1403636645113555456.000000 2.292568207 5.370066643 6.361608028 -0.080666035 -0.032897819 0.012362047 0.996121466
1403636645163555584.000000 2.286068439 5.393758774 6.381459236 -0.081267715 -0.043437775 0.012244954 0.995670021
1403636645213555456.000000 2.263854265 5.440605164 6.431605339 0.080692649 0.051957298 -0.014314679 -0.995281041
1403636645263555584.000000 2.262677908 5.464233398 6.455741405 0.081120320 0.056692462 -0.014254568 -0.994988620
1403636645313555456.000000 2.286913395 5.461600780 6.450198174 -0.081548572 -0.056438848 0.014719205 0.994961262
1403636645363555584.000000 2.270089149 5.510501385 6.505190372 0.081576616 0.051633123 -0.013500565 -0.995237231
1403636645413555456.000000 2.298248768 5.509637833 6.503432751 -0.082694903 -0.046941981 0.012773962 0.995386779
1403636645463555584.000000 2.304194212 5.533465385 6.531157494 -0.082988419 -0.042857364 0.012685750 0.995547771
1403636645513555456.000000 2.309512854 5.557329655 6.561108112 -0.083218768 -0.039709855 0.012016402 0.995667279
1403636645563555584.000000 2.315451860 5.582239628 6.595090389 -0.083665609 -0.038438231 0.011533953 0.995685518
1403636645613555456.000000 2.320372581 5.607192039 6.631813049 -0.084213592 -0.036390141 0.011227915 0.995719790
1403636645663555584.000000 2.324319363 5.632296562 6.669072628 -0.084382921 -0.035048369 0.010124539 0.995765388
1403636645713555456.000000 2.331403732 5.657858849 6.708963871 -0.084613234 -0.033844687 0.009689042 0.995791852
1403636645763555584.000000 2.340973139 5.682903767 6.748480797 -0.084123157 -0.032840360 0.010262252 0.995861232
1403636645813555456.000000 2.353902102 5.709641933 6.789033890 -0.083702549 -0.032280032 0.011169326 0.995905221
1403636645863555584.000000 2.369105577 5.734766483 6.828194141 -0.083693847 -0.033080097 0.011826166 0.995872080
1403636645913555456.000000 2.386489630 5.760179043 6.868939877 -0.083078817 -0.033383083 0.013095404 0.995897591
1403636645963555584.000000 2.406473637 5.786962986 6.907512188 -0.084118724 -0.028527284 0.014580241 0.995940626
1403636646013555456.000000 2.422291994 5.820879459 6.955623627 -0.086447760 -0.023834463 0.016984722 0.995826483
1403636646063555584.000000 2.450076580 5.841710091 6.983079433 -0.090017773 -0.019875286 0.022182349 0.995494783
1403636646113555456.000000 2.474151134 5.869805336 7.020672321 -0.096024424 -0.016005974 0.027088534 0.994881570
1403636646163555584.000000 2.476998091 5.922219276 7.086858749 0.103958175 0.011794228 -0.031990010 -0.993997097
1403636646213555456.000000 2.502382040 5.955857277 7.127894402 0.112892330 0.007862335 -0.038078133 -0.992846251
1403636646263555584.000000 2.527121067 5.978717327 7.158152580 0.124192826 0.004046522 -0.045076348 -0.991225421
1403636646313555456.000000 2.547015190 6.008990765 7.194897652 0.136345893 -0.000976705 -0.051743768 -0.989308596
1403636646363555584.000000 2.560708523 6.040259838 7.233715534 0.148592815 -0.006057849 -0.058607612 -0.987141669
1403636646413555456.000000 2.579944134 6.076029301 7.273498535 0.162732750 -0.010128846 -0.061577532 -0.984694719
1403636646463555584.000000 2.590209484 6.109830856 7.308068275 0.176158115 -0.014886059 -0.062236991 -0.982279658
1403636646513555456.000000 2.603648901 6.138420582 7.335666656 0.188545287 -0.018949635 -0.061254010 -0.979969203
1403636646563555584.000000 2.634310722 6.147225857 7.338386536 -0.199487716 0.021252917 0.060983006 0.977769971
1403636646613555456.000000 2.630551815 6.202222347 7.397057533 0.207200393 -0.021337848 -0.061284926 -0.976143897
1403636646663555584.000000 2.664351225 6.211110115 7.394863129 -0.215118825 0.018411325 0.060733523 0.974523664
1403636646713555456.000000 2.682003021 6.241881847 7.421046734 -0.220707491 0.016358862 0.061881524 0.973237514
1403636646763555584.000000 2.701950550 6.272410393 7.443995953 -0.225161254 0.015368448 0.062818132 0.972172916
1403636646813555456.000000 2.724931717 6.301350594 7.465270996 -0.228667319 0.015386227 0.062980324 0.971343398
1403636646863555584.000000 2.737436295 6.356860638 7.519978046 0.231241852 -0.016249457 -0.062655628 -0.970740676
1403636646913555456.000000 2.761425972 6.382727623 7.539474487 0.232578948 -0.015372235 -0.063600674 -0.970374048
1403636646963555584.000000 2.785316706 6.410962105 7.559732914 0.233983174 -0.013878152 -0.064039938 -0.970030010
1403636647013555456.000000 2.807870388 6.438533783 7.577568531 0.234899789 -0.012202493 -0.064192511 -0.969820917
1403636647063555584.000000 2.829057217 6.464503288 7.593778610 0.235174909 -0.009701770 -0.064035937 -0.969792783
1403636647113555456.000000 2.848150730 6.489561081 7.609314919 0.235362932 -0.005635089 -0.064501181 -0.969748557
1403636647163555584.000000 2.865219593 6.516583920 7.629211426 0.234982193 -0.002638122 -0.065264329 -0.969802618
1403636647213555456.000000 2.882191658 6.539177895 7.647304535 0.234954536 -0.000442154 -0.064815179 -0.969842851
1403636647263555584.000000 2.896546125 6.563940525 7.664693832 0.234181941 -0.000674609 -0.065280475 -0.969998419
1403636647313555456.000000 2.910813570 6.588216305 7.685114384 0.232920289 -0.001920136 -0.066148467 -0.970241666
1403636647363555584.000000 2.926980495 6.615077496 7.701890469 0.231778547 -0.003682403 -0.066645928 -0.970475972
1403636647413555456.000000 2.938454628 6.635913849 7.717262745 0.230787322 -0.005622837 -0.066880539 -0.970686734
1403636647463555584.000000 2.949743748 6.658370018 7.734884739 0.229276955 -0.007817926 -0.067623042 -0.970977902
1403636647513555456.000000 2.957463503 6.686140537 7.753277779 0.227732554 -0.011332734 -0.067940228 -0.971284568
1403636647563555584.000000 2.965199947 6.712639809 7.771388054 0.225914106 -0.015911685 -0.068926558 -0.971575439
1403636647613555456.000000 2.971861601 6.737506866 7.783951283 0.224327311 -0.021731103 -0.070842437 -0.971692502
1403636647663555584.000000 2.980363131 6.764859200 7.799137115 0.225127757 -0.022817541 -0.071184613 -0.971457481
1403636647713555456.000000 2.988110542 6.792745113 7.811877251 0.226339206 -0.021603147 -0.070532627 -0.971251309
1403636647763555584.000000 2.999860525 6.825618744 7.823770523 0.227724746 -0.018985271 -0.069893956 -0.971028268
1403636647813555456.000000 3.011830091 6.851716042 7.831281662 0.229923174 -0.017612480 -0.068489105 -0.970636070
1403636647863555584.000000 3.020985126 6.880573273 7.844035149 0.233061716 -0.015611072 -0.069046356 -0.969882071
1403636647913555456.000000 3.026851892 6.909364223 7.852415085 0.237727776 -0.015373430 -0.069484331 -0.968721390
1403636647963555584.000000 3.031700611 6.937824726 7.860060692 0.243543550 -0.015569069 -0.071249619 -0.967144072
1403636648013555456.000000 3.031302452 6.968110561 7.868004799 0.251301616 -0.015056131 -0.073326841 -0.965009868
1403636648063555584.000000 3.028311253 6.994872093 7.875174522 0.260513246 -0.014775073 -0.076366425 -0.962331951
1403636648113555456.000000 3.023960590 7.025427818 7.882826805 0.271070987 -0.014721261 -0.080336444 -0.959088087
1403636648163555584.000000 2.999527454 7.058396339 7.884143829 0.283066034 -0.014180886 -0.084530182 -0.955262959
1403636648213555456.000000 3.005446911 7.081299305 7.897127151 0.294702291 -0.015764523 -0.088085704 -0.951390088
1403636648263555584.000000 2.990167141 7.107373238 7.901660919 0.307024568 -0.016347043 -0.092738450 -0.947031319
1403636648313555456.000000 2.971710920 7.141901970 7.909296513 0.319598466 -0.016181054 -0.097498104 -0.942384839
1403636648363555584.000000 2.970607281 7.159491062 7.910698414 0.332240790 -0.017975328 -0.101307660 -0.937565863
1403636648413555456.000000 2.955392599 7.185620785 7.913632393 0.345142722 -0.018103451 -0.105513863 -0.932424664
1403636648463555584.000000 2.927918911 7.213941097 7.916677475 0.358293831 -0.017333042 -0.110220723 -0.926917791
1403636648513555456.000000 2.916114807 7.232449055 7.907805920 0.370567113 -0.017996924 -0.114810891 -0.921506763
1403636648563555584.000000 2.901173592 7.253436565 7.908266068 0.381625533 -0.018711269 -0.118904397 -0.916446209
1403636648613555456.000000 2.888601780 7.273825169 7.907011986 0.391392142 -0.018869720 -0.121849090 -0.911926031
1403636648663555584.000000 2.870989561 7.292256832 7.903647423 0.399993718 -0.017172713 -0.124419324 -0.907871187
1403636648713555456.000000 2.868934155 7.309774399 7.899075508 0.406755716 -0.014434516 -0.125785917 -0.904720604
1403636648763555584.000000 2.871946335 7.325422287 7.898654938 0.412148178 -0.012002595 -0.128471211 -0.901934087
1403636648813555456.000000 2.854326963 7.346054554 7.884470940 0.415632546 -0.004375423 -0.132257238 -0.899854720
1403636648863555584.000000 2.852880001 7.367430687 7.879786015 0.417662352 0.001744730 -0.136133984 -0.898344457
1403636648913555456.000000 2.844539881 7.385313034 7.872681141 0.420012742 0.008782258 -0.138442561 -0.896853328
1403636648963555584.000000 2.851896524 7.402614594 7.862404346 0.420584112 0.012897516 -0.140001640 -0.896293640
1403636649013555456.000000 2.854856968 7.423647404 7.852105618 0.422100753 0.014313209 -0.139870331 -0.895579398
1403636649063555584.000000 2.865991116 7.447410583 7.853941917 0.423046470 0.011300790 -0.137954935 -0.895473361
1403636649113555456.000000 2.875317097 7.468040466 7.840157509 0.424057215 0.005269936 -0.134083644 -0.895639062
1403636649163555584.000000 2.889544964 7.485693455 7.823955536 0.424460590 -0.002446980 -0.130938634 -0.895925403
1403636649213555456.000000 2.903824806 7.507462502 7.815632343 0.424990088 -0.008448297 -0.126939729 -0.896213353
1403636649263555584.000000 2.917852402 7.533706665 7.806035042 0.424909681 -0.013295209 -0.124000803 -0.896604002
1403636649313555456.000000 2.931694746 7.560595036 7.798306942 0.424215436 -0.014694075 -0.122704647 -0.897089243
1403636649363555584.000000 2.946658611 7.583548546 7.788164139 0.422921896 -0.013562432 -0.122309297 -0.897771478
1403636649413555456.000000 2.963703632 7.610014439 7.779351711 0.421293736 -0.011381326 -0.122776508 -0.898503184
1403636649463555584.000000 2.982502222 7.636234283 7.770200253 0.419352770 -0.007777972 -0.123333134 -0.899373055
1403636649513555456.000000 3.002928734 7.660564899 7.759161949 0.417437553 -0.008067768 -0.122812599 -0.900332093
1403636649563555584.000000 3.024561882 7.684793472 7.746449947 0.415914923 -0.010844335 -0.122170851 -0.901094556
1403636649613555456.000000 3.049060345 7.709437370 7.733142376 0.414718479 -0.014514641 -0.122509554 -0.901548266
1403636649663555584.000000 3.070974827 7.732656956 7.716413498 0.415577590 -0.019019036 -0.123447157 -0.900940895
1403636649713555456.000000 3.094305038 7.756868362 7.701829433 0.417704970 -0.021903384 -0.125241444 -0.899642944
1403636649763555584.000000 3.107613087 7.776845932 7.692580223 0.421998769 -0.023425899 -0.125532463 -0.897557735
1403636649813555456.000000 3.125061750 7.796592236 7.675164223 0.425484598 -0.024298543 -0.125696018 -0.895864367
1403636649863555584.000000 3.137731314 7.808384895 7.642672539 0.429368466 -0.025258813 -0.125370041 -0.894028544
1403636649913555456.000000 3.152550697 7.828579426 7.636999130 0.432410568 -0.025890566 -0.125378326 -0.892541945
1403636649963555584.000000 3.160896778 7.847109795 7.615499020 0.435503095 -0.025803579 -0.124981284 -0.891095400
1403636650013555456.000000 3.170521259 7.857569218 7.596048355 0.437962472 -0.025658770 -0.125028566 -0.889886737
1403636650063555584.000000 3.173600197 7.869461060 7.577121258 0.440475643 -0.026392635 -0.125501752 -0.888557196
1403636650113555456.000000 3.175711632 7.883970737 7.561488152 0.444105774 -0.027028674 -0.126931340 -0.886525810
1403636650163555584.000000 3.174663544 7.888162136 7.541220665 0.449455827 -0.027787810 -0.128792495 -0.883532584
1403636650213555456.000000 3.171115398 7.895174026 7.521140099 0.456765085 -0.027375361 -0.131071374 -0.879452467
1403636650263555584.000000 3.164622307 7.905861378 7.503763676 0.465695113 -0.027117385 -0.134389639 -0.874260962
1403636650313555456.000000 3.155750275 7.918244839 7.490363598 0.475241780 -0.027090542 -0.139133200 -0.868362486
1403636650363555584.000000 3.145139217 7.931113720 7.478578091 0.485972852 -0.025887009 -0.144018069 -0.861637473
1403636650413555456.000000 3.138702631 7.943228722 7.468576431 0.496872216 -0.024375025 -0.148842707 -0.854616761
1403636650463555584.000000 3.126263618 7.953870773 7.452273369 0.508211911 -0.021768525 -0.153952509 -0.847080588
1403636650513555456.000000 3.117600441 7.963392258 7.443500996 0.518581152 -0.019226141 -0.159493715 -0.839801073
1403636650563555584.000000 3.100624561 7.969456673 7.427923679 0.527450562 -0.016654629 -0.165036052 -0.833235681
1403636650613555456.000000 3.089908123 7.978322983 7.420272350 0.534878492 -0.014834473 -0.169322655 -0.827656209
1403636650663555584.000000 3.074924469 7.985344887 7.406886101 0.541091740 -0.013657354 -0.172749281 -0.822916090
1403636650713555456.000000 3.057379246 7.994462013 7.394782543 0.547065139 -0.012030034 -0.174794734 -0.818548679
1403636650763555584.000000 3.047274590 7.999949455 7.376046181 0.551314235 -0.012101381 -0.177098915 -0.815194547
1403636650813555456.000000 3.033869743 8.011937141 7.371430874 0.555420280 -0.012680174 -0.178080797 -0.812179029
1403636650863555584.000000 3.025538206 8.023827553 7.362947941 0.558931768 -0.014426962 -0.177409843 -0.809884548
1403636650913555456.000000 3.016628742 8.034000397 7.349407196 0.561949670 -0.017764620 -0.175274849 -0.808192909
1403636650963555584.000000 3.011113167 8.037504196 7.335415840 0.563979328 -0.021023856 -0.173613548 -0.807058632
1403636651013555456.000000 3.010462046 8.043639183 7.319352627 0.565622509 -0.023326075 -0.171501130 -0.806296766
1403636651063555584.000000 3.009427071 8.042140961 7.302565575 0.566394627 -0.024666186 -0.170237377 -0.805982590
1403636651113555456.000000 3.009629250 8.041992188 7.284028530 0.566334069 -0.026181648 -0.169445321 -0.806144297
1403636651163555584.000000 3.011035919 8.044180870 7.266286850 0.566118121 -0.025796989 -0.169314608 -0.806335807
1403636651213555456.000000 3.014718771 8.040996552 7.247908592 0.564869583 -0.024273336 -0.170243546 -0.807062864
1403636651263555584.000000 3.017844677 8.041210175 7.230476379 0.563766181 -0.022115532 -0.171164021 -0.807701349
1403636651313555456.000000 3.021363258 8.040015221 7.210636616 0.562144697 -0.019528747 -0.172267109 -0.808663189
1403636651363555584.000000 3.025837421 8.040893555 7.193687439 0.560310364 -0.017278699 -0.173906177 -0.809635997
1403636651413555456.000000 3.029420376 8.034252167 7.173670769 0.558966994 -0.015833922 -0.174105823 -0.810550690
1403636651463555584.000000 3.030683041 8.029202461 7.154415131 0.557297468 -0.015119155 -0.174392939 -0.811651528
1403636651513555456.000000 3.030187130 8.026427269 7.137244225 0.556215644 -0.015538905 -0.173280582 -0.812623262
1403636651563555584.000000 3.026781082 8.026569366 7.120305061 0.554953754 -0.018164035 -0.172015220 -0.813699663
1403636651613555456.000000 3.023758888 8.024161339 7.107431412 0.554327488 -0.021254489 -0.169349343 -0.814610422
1403636651663555584.000000 3.021732092 8.013782501 7.085035324 0.553461611 -0.024784792 -0.167680487 -0.815444231
1403636651713555456.000000 3.011484623 8.009085655 7.076174259 0.552952707 -0.027560769 -0.167684630 -0.815699458
1403636651763555584.000000 3.000558853 8.008132935 7.062026024 0.553096533 -0.031007653 -0.169505224 -0.815101743
1403636651813555456.000000 2.991312742 7.998059750 7.044976711 0.554319084 -0.035306975 -0.173175469 -0.813322842
1403636651863555584.000000 2.981392860 7.994502068 7.032881260 0.557280421 -0.039479148 -0.176362470 -0.810417354
1403636651913555456.000000 2.969618082 7.986192703 7.006936550 0.561684668 -0.042603925 -0.180250287 -0.806353033
1403636651963555584.000000 2.955304623 7.981662750 6.990944862 0.568054736 -0.045067117 -0.183824897 -0.800931513
1403636652013555456.000000 2.936730623 7.970366001 6.970485687 0.576456785 -0.046634275 -0.186326414 -0.794232607
1403636652063555584.000000 2.919816732 7.964504719 6.949892998 0.586474180 -0.045149729 -0.189516276 -0.786189020
1403636652113555456.000000 2.902901888 7.961293221 6.929431438 0.598151684 -0.041445993 -0.191877976 -0.776968300
1403636652163555584.000000 2.884658098 7.955491066 6.909286499 0.610982716 -0.037244085 -0.195240185 -0.766286135
1403636652213555456.000000 2.863521338 7.948793411 6.888079643 0.624352396 -0.032588702 -0.200364396 -0.754305124
1403636652263555584.000000 2.840036631 7.939598083 6.866442204 0.637253821 -0.028643589 -0.206642523 -0.741880059
1403636652313555456.000000 2.816543102 7.929126263 6.845967770 0.649531603 -0.023306103 -0.214875951 -0.728967667
1403636652363555584.000000 2.792695522 7.919332504 6.825092793 0.660823882 -0.019062500 -0.223032966 -0.716383159
1403636652413555456.000000 2.766475677 7.904231548 6.798940659 0.670945525 -0.016043054 -0.229428574 -0.704937756
1403636652463555584.000000 2.743207216 7.890814304 6.778926373 0.679186285 -0.014527304 -0.235270619 -0.695084751
1403636652513555456.000000 2.719972610 7.879925251 6.758981705 0.685815036 -0.012976104 -0.240808472 -0.686659157
1403636652563555584.000000 2.695929766 7.868001938 6.734677792 0.691190541 -0.010798225 -0.246529549 -0.679236472
1403636652613555456.000000 2.675055027 7.857609749 6.708703041 0.695114672 -0.007838299 -0.251568794 -0.673399866
1403636652663555584.000000 2.657172918 7.849909782 6.684986591 0.698294222 -0.003847106 -0.255608171 -0.668606639
1403636652713555456.000000 2.642105341 7.843322754 6.660117149 0.701472044 -0.000431325 -0.256644607 -0.664883733
1403636652763555584.000000 2.629332304 7.839824200 6.631249428 0.702985168 0.000070294 -0.258650452 -0.662504196
1403636652813555456.000000 2.616532087 7.836008549 6.604784489 0.704635203 0.000664412 -0.258605897 -0.660766184
1403636652863555584.000000 2.607867956 7.835330963 6.577972412 0.705656767 -0.000277332 -0.258474827 -0.659726620
1403636652913555456.000000 2.598716021 7.833733082 6.541993618 0.706640482 -0.001324814 -0.256564260 -0.659418166
1403636652963555584.000000 2.586978674 7.834640026 6.505827427 0.707444191 -0.002303055 -0.254099727 -0.659508049
1403636653013555456.000000 2.580816984 7.838788033 6.475033283 0.707827985 -0.003495640 -0.252016574 -0.659890234
1403636653063555584.000000 2.575671673 7.840305328 6.444393635 0.708272696 -0.004125035 -0.248659670 -0.660682380
1403636653113555456.000000 2.567913532 7.841407776 6.414967060 0.708292425 -0.006636936 -0.245729238 -0.661736369
1403636653163555584.000000 2.554048777 7.850539684 6.379683495 0.708497286 -0.008957176 -0.241768450 -0.662947595
1403636653213555456.000000 2.539466858 7.857527733 6.345838547 0.708837688 -0.012479034 -0.236780241 -0.664325655
1403636653263555584.000000 2.524512053 7.862924099 6.312844276 0.708984375 -0.016409015 -0.231673151 -0.665882468
1403636653313555456.000000 2.512487411 7.865122318 6.279118061 0.709063828 -0.018772725 -0.226642936 -0.667464733
1403636653363555584.000000 2.504745483 7.852869511 6.242893696 0.708218753 -0.020364562 -0.223784566 -0.669277251
1403636653413555456.000000 2.500139713 7.841436863 6.202294827 0.707058132 -0.020941906 -0.221981406 -0.671084583
1403636653463555584.000000 2.491991282 7.829437256 6.168454170 0.705669045 -0.020748418 -0.221499816 -0.672709882
1403636653513555456.000000 2.486297846 7.818813801 6.133318901 0.704180777 -0.020341355 -0.220938057 -0.674464345
1403636653563555584.000000 2.487766981 7.801280022 6.085352421 0.702425241 -0.020206207 -0.221225560 -0.676202536
1403636653613555456.000000 2.488744974 7.779387474 6.046994209 0.701507270 -0.021927241 -0.220067367 -0.677478552
1403636653663555584.000000 2.489121199 7.776741982 6.013860703 0.700901449 -0.023575142 -0.217896074 -0.678750932
1403636653713555456.000000 2.490233660 7.757547379 5.975636005 0.700717032 -0.025079869 -0.215532526 -0.679641485
1403636653763555584.000000 2.490390778 7.748130322 5.950472355 0.700542390 -0.026968559 -0.213742614 -0.680314124
1403636653813555456.000000 2.488157749 7.734761238 5.924169064 0.700350285 -0.027526261 -0.211943015 -0.681052148
1403636653863555584.000000 2.483898163 7.733243465 5.903863907 0.700462043 -0.028075293 -0.210331753 -0.681414187
1403636653913555456.000000 2.477768421 7.714063168 5.871390820 0.700351059 -0.028229993 -0.209967986 -0.681634009
1403636653963555584.000000 2.468886614 7.708605766 5.855052471 0.699396253 -0.028398937 -0.212053254 -0.681961715
1403636654013555456.000000 2.462040186 7.703738213 5.842171192 0.698351145 -0.028696211 -0.214919090 -0.682123244
1403636654063555584.000000 2.451177120 7.696765900 5.826508522 0.697436452 -0.029512618 -0.217228949 -0.682292521
1403636654113555456.000000 2.440346479 7.690508842 5.813456059 0.697816014 -0.030572001 -0.218392640 -0.681485832
1403636654163555584.000000 2.431650639 7.676457405 5.798499107 0.699551225 -0.032405879 -0.218985662 -0.679428637
1403636654213555456.000000 2.422502041 7.673713207 5.783234596 0.702344716 -0.033303883 -0.219394386 -0.676364481
1403636654263555584.000000 2.413300991 7.662126541 5.765635014 0.706104934 -0.031861082 -0.220027030 -0.672301173
1403636654313555456.000000 2.407484055 7.644666195 5.743078709 0.710493267 -0.030608457 -0.221497729 -0.667234063
1403636654363555584.000000 2.398147345 7.616068840 5.712494850 0.715066135 -0.029042343 -0.224234551 -0.661480069
1403636654413555456.000000 2.399567366 7.603135109 5.694121361 0.720438659 -0.027059982 -0.227163792 -0.654700398
1403636654463555584.000000 2.398504257 7.581106663 5.668694496 0.726011753 -0.025931643 -0.230328247 -0.647443771
1403636654513555456.000000 2.406923056 7.569783211 5.643152237 0.732540071 -0.024591552 -0.232504874 -0.639313579
1403636654563555584.000000 2.410795689 7.548099995 5.618031025 0.739174366 -0.023514694 -0.235096678 -0.630712211
1403636654613555456.000000 2.415053844 7.525924206 5.593625546 0.744093597 -0.022700163 -0.239603892 -0.623217046
1403636654663555584.000000 2.401895046 7.419969559 5.546763897 0.747615933 -0.023383973 -0.245688692 -0.616571784
1403636654713555456.000000 2.403740168 7.392404556 5.523896694 0.751226723 -0.022722911 -0.249177322 -0.610780418
1403636654763555584.000000 2.404249668 7.364604950 5.501976967 0.754188597 -0.021889247 -0.252225071 -0.605890214
1403636654813555456.000000 2.403415680 7.336779118 5.480853081 0.757288396 -0.020988612 -0.253863066 -0.601354659
1403636654863555584.000000 2.401000977 7.308912277 5.460760117 0.759827614 -0.020024531 -0.255189091 -0.597611606
1403636654913555456.000000 2.397237778 7.281062126 5.441490650 0.762317836 -0.020021264 -0.255341828 -0.594366252
1403636654963555584.000000 2.392506599 7.253253460 5.422916412 0.765350103 -0.021457287 -0.252282768 -0.591719806
1403636655013555456.000000 2.386755466 7.225091934 5.405351162 0.768066466 -0.024869541 -0.248713985 -0.589573443
1403636655063555584.000000 2.380106449 7.196506977 5.388701439 0.770116448 -0.028193561 -0.245677769 -0.588020623
1403636655113555456.000000 2.372784138 7.167164803 5.373006821 0.771642923 -0.030791927 -0.243518889 -0.586785972
1403636655163555584.000000 2.365089893 7.136885643 5.358098030 0.773069441 -0.032822553 -0.241032809 -0.585823834
1403636655213555456.000000 2.357216835 7.105624199 5.344016552 0.773617566 -0.035536781 -0.239825234 -0.585437357
1403636655263555584.000000 2.348724365 7.072834015 5.330363750 0.774845660 -0.038146250 -0.239502415 -0.583778858
1403636655313555456.000000 2.339855194 7.038338661 5.317116737 0.776686847 -0.039785907 -0.239383310 -0.581266165
1403636655363555584.000000 2.330930233 7.002076626 5.304308891 0.778842807 -0.042098641 -0.240245253 -0.577852786
1403636655413555456.000000 2.322914839 6.963755131 5.292084694 0.780935228 -0.044172626 -0.241277859 -0.574433625
1403636655463555584.000000 2.316653252 6.923949718 5.279417992 0.783742964 -0.044802073 -0.241624743 -0.570400953
1403636655513555456.000000 2.312358856 6.881819725 5.266508102 0.786814213 -0.044815704 -0.243408367 -0.565391362
1403636655563555584.000000 2.308937311 6.836508751 5.254336834 0.789143503 -0.043063663 -0.248510540 -0.560036242
1403636655613555456.000000 2.305244923 6.789146423 5.242589951 0.791403592 -0.040073425 -0.255842984 -0.553731740
1403636655663555584.000000 2.300543785 6.740604401 5.231563568 0.793281198 -0.038359515 -0.263514906 -0.547533989
1403636655713555456.000000 2.293800831 6.691437721 5.221567154 0.794747710 -0.036690343 -0.270385861 -0.542145193
1403636655763555584.000000 2.284260035 6.641994953 5.212258816 0.797066092 -0.034771942 -0.275362641 -0.536332011
1403636655813555456.000000 2.271404743 6.592265129 5.203831196 0.800017416 -0.034456041 -0.279610902 -0.529719532
1403636655863555584.000000 2.255400419 6.541963577 5.196039677 0.803495884 -0.034593388 -0.283889741 -0.522115231
1403636655913555456.000000 2.237559319 6.491250515 5.188418388 0.807704151 -0.035363626 -0.287647814 -0.513441563
1403636655963555584.000000 2.219780684 6.440303802 5.180263042 0.812471569 -0.036423203 -0.290228426 -0.504312217
1403636656013555456.000000 2.203235149 6.388875484 5.171395302 0.816541910 -0.037971947 -0.292010993 -0.496535033
1403636656063555584.000000 2.188974380 6.336729527 5.161166191 0.820627272 -0.038384326 -0.292870551 -0.489207923
1403636656113555456.000000 2.176331520 6.283617973 5.150143623 0.823967516 -0.036837820 -0.293710262 -0.483171582
1403636656163555584.000000 2.166616917 6.230280876 5.137609482 0.826744080 -0.035468698 -0.294341147 -0.478120923
1403636656213555456.000000 2.159415722 6.175817966 5.124300003 0.829039037 -0.031866204 -0.295010298 -0.473970324
1403636656263555584.000000 2.155132771 6.120990753 5.109966278 0.830513775 -0.030566046 -0.295940459 -0.470884144
1403636656313555456.000000 2.152785540 6.066152096 5.094629288 0.831451535 -0.028945288 -0.297175944 -0.468547791
1403636656363555584.000000 2.153100491 6.011623383 5.078197479 0.831960440 -0.028737517 -0.298321158 -0.466926605
1403636656413555456.000000 2.155349731 5.957669258 5.060534000 0.832230806 -0.027623827 -0.298855066 -0.466170073
1403636656463555584.000000 2.159322262 5.904134750 5.041562557 0.832387090 -0.027707646 -0.299104363 -0.465725929
1403636656513555456.000000 2.164492130 5.850715160 5.021922112 0.832388222 -0.026422389 -0.298951864 -0.465896547
1403636656563555584.000000 2.169867516 5.797662735 5.001912117 0.832753539 -0.025695203 -0.297232091 -0.466384441
1403636656613555456.000000 2.174653769 5.744976521 4.982044697 0.833157539 -0.025785811 -0.294893652 -0.467141747
1403636656663555584.000000 2.178935766 5.692646503 4.962335587 0.834067702 -0.027852101 -0.290748894 -0.467996240
1403636656713555456.000000 2.182473421 5.640310764 4.942770958 0.835653543 -0.032179039 -0.283928782 -0.469075769
1403636656763555584.000000 2.184408665 5.587446213 4.923954964 0.837109327 -0.035972733 -0.277388632 -0.470116436
1403636656813555456.000000 2.184476376 5.534064293 4.906048298 0.838342071 -0.037169073 -0.271781296 -0.471100926
1403636656863555584.000000 2.182830811 5.480112076 4.889210224 0.839133501 -0.037013911 -0.267638981 -0.472074509
1403636656913555456.000000 2.179814577 5.425332546 4.873761177 0.839537203 -0.037970223 -0.264271021 -0.473176956
1403636656963555584.000000 2.175302505 5.369619846 4.860136986 0.839407921 -0.039329208 -0.262435675 -0.474315494
1403636657013555456.000000 2.169278383 5.312718391 4.848101616 0.839023829 -0.041539740 -0.261439711 -0.475355417
1403636657063555584.000000 2.161811829 5.254596233 4.837527752 0.838534474 -0.043828744 -0.260968149 -0.476271719
1403636657113555456.000000 2.153362036 5.195284367 4.828381538 0.837809563 -0.046164956 -0.261238545 -0.477177471
1403636657163555584.000000 2.145341396 5.134498596 4.820158482 0.837053895 -0.048724312 -0.261858523 -0.477908969
1403636657213555456.000000 2.138536692 5.072119713 4.812366486 0.835997283 -0.050621439 -0.263462692 -0.478678912
1403636657263555584.000000 2.132925034 5.008346558 4.804714680 0.834749699 -0.050550491 -0.266533554 -0.479163259
1403636657313555456.000000 2.128713846 4.942808151 4.797271729 0.833850086 -0.049646195 -0.269101083 -0.479389191
1403636657363555584.000000 2.125734329 4.876055241 4.789683342 0.832675636 -0.049213849 -0.272706151 -0.479437858
