1403715535212143104.000000 -0.010523499 0.115627870 0.053218950 -0.015094907 -0.011754995 0.008022191 0.999784827
1403715535262142976.000000 -0.007729568 0.135948032 0.066258833 -0.020215390 -0.019673612 0.012318803 0.999526203
1403715535312143104.000000 -0.008985683 0.153337568 0.079504043 -0.025302103 -0.023487862 0.015735863 0.999280035
1403715535362142976.000000 -0.004764192 0.168375000 0.094206922 -0.030187629 -0.028214931 0.018758181 0.998969913
1403715535412143104.000000 -0.006657251 0.185813397 0.105320595 -0.029871823 -0.026906416 0.029179426 0.998765409
1403715535462142976.000000 -0.008889881 0.204811662 0.118825302 -0.028843198 -0.020628942 0.039327893 0.998596907
1403715535512143104.000000 0.002679657 0.434842795 0.268044829 -0.025990264 -0.010348527 0.047557786 0.998476744
1403715535562142976.000000 -0.007393442 0.238287583 0.147825271 -0.027814878 -0.003304923 0.049898110 0.998361528
1403715535612143104.000000 0.007976911 0.468050241 0.297077268 -0.025595013 0.009281717 0.051602036 0.998296618
1403715535662142976.000000 0.011046326 0.482503414 0.311882436 -0.025711857 0.016984645 0.049188197 0.998314083
1403715535712143104.000000 0.014205777 0.498658299 0.328536779 -0.024129108 0.021963630 0.044372421 0.998482168
1403715535762142976.000000 0.015751885 0.516363144 0.344726503 -0.019645136 0.026317952 0.038435459 0.998721361
1403715535812143104.000000 0.061135445 0.756870151 0.547287643 -0.012149555 0.028235527 0.030573403 0.999059737
1403715535862142976.000000 0.059699811 0.766994894 0.565897882 -0.010293547 0.032589491 0.018759441 0.999239802
1403715535912143104.000000 0.063669331 0.786580741 0.581747472 -0.002009584 0.030077219 0.008348371 0.999510765
1403715535962142976.000000 0.066751897 0.799592733 0.601047516 0.003604799 0.027329816 -0.001349720 0.999619126
1403715536012143104.000000 0.074157067 0.814407170 0.615889907 0.011236412 0.020318711 -0.006950542 0.999706328
1403715536062142976.000000 0.108774118 1.017664433 0.795771778 0.023596907 0.012918360 -0.012871614 0.999555230
1403715536112143104.000000 0.115154445 1.033620596 0.811938167 0.030978570 0.006372984 -0.016528385 0.999363065
1403715536162142976.000000 0.113290608 1.041811466 0.831297398 0.033089552 0.005273434 -0.022179691 0.999192357
1403715536212143104.000000 0.119835749 1.058124781 0.847731292 0.038793303 0.000402624 -0.028345209 0.998845100
1403715536262142976.000000 0.121664234 1.068722844 0.866324842 0.040212654 -0.000082752 -0.034867652 0.998582661
1403715536312143104.000000 0.180021569 1.246849775 1.065538287 0.048088517 -0.003862306 -0.040477563 0.998015165
1403715536362142976.000000 0.185490564 1.257593751 1.083671689 0.049942717 -0.000945038 -0.047660355 0.997613847
1403715536412143104.000000 0.192445874 1.269019961 1.101738214 0.051179156 0.003879238 -0.056035105 0.997108698
1403715536462142976.000000 0.199039623 1.273985744 1.119318724 0.047951277 0.009750413 -0.065447137 0.996655583
1403715536512143104.000000 0.206900045 1.284413338 1.137189150 0.048449114 0.015468174 -0.073061533 0.996029854
1403715536562142976.000000 0.292788744 1.418297172 1.358527899 0.052761845 0.019975806 -0.078580432 0.995310187
1403715536612143104.000000 0.297100663 1.422528148 1.376878738 0.051162101 0.028470550 -0.083312333 0.994801998
1403715536662142976.000000 0.304176718 1.427312136 1.395662189 0.050022766 0.036762223 -0.086384967 0.994325936
1403715536712143104.000000 0.314125121 1.430687904 1.413676858 0.049871031 0.044136237 -0.087076493 0.993973196
1403715536762142976.000000 0.323514313 1.437719822 1.432005763 0.054412182 0.056345355 -0.085901804 0.993219733
1403715536812143104.000000 0.425152242 1.499173522 1.650446296 0.059568200 0.065649226 -0.086509429 0.992299318
1403715536862142976.000000 0.433694452 1.501076102 1.668148398 0.061627980 0.076793276 -0.089751236 0.991085052
1403715536912143104.000000 0.440999150 1.501208186 1.684485674 0.061887160 0.088286892 -0.095186196 0.989603519
1403715536962142976.000000 0.449825972 1.500593185 1.699038625 0.061132036 0.098881274 -0.101830274 0.987985849
1403715537012143104.000000 0.457513243 1.498136163 1.712264061 0.059775162 0.109542556 -0.106930718 0.986404240
1403715537062142976.000000 0.550408781 1.485710979 1.885579348 0.058245137 0.120938271 -0.110621907 0.984755933
1403715537112143104.000000 0.557422101 1.479555607 1.895470858 0.056415461 0.135578543 -0.113344721 0.982643783
1403715537162142976.000000 0.562748730 1.471474648 1.903291821 0.054804001 0.151572987 -0.115168206 0.980182886
1403715537212143104.000000 0.567990065 1.463862658 1.908649802 0.054608654 0.165501744 -0.114477374 0.978019416
1403715537262142976.000000 0.573626161 1.458774567 1.916042209 0.058397777 0.178036585 -0.111026496 0.975994825
1403715537312143104.000000 0.642634034 1.368661165 1.992897868 0.063798375 0.182925045 -0.097475030 0.976200223
1403715537362142976.000000 0.653117836 1.333456993 1.993475437 0.070989199 0.180734023 -0.081428528 0.977581322
1403715537412143104.000000 0.659929991 1.296074986 1.987538934 0.076915652 0.169164419 -0.066283062 0.980343819
1403715537462142976.000000 0.663782954 1.257341385 1.975355029 0.083048716 0.151526108 -0.050674666 0.983653843
1403715537512143104.000000 0.665184855 1.218083978 1.957771420 0.087465256 0.129114062 -0.037597612 0.987049103
1403715537562142976.000000 0.664230108 1.179147363 1.935762286 0.090447478 0.105967149 -0.027523724 0.989865005
1403715537612143104.000000 0.663462102 1.139867902 1.910431147 0.092783734 0.085601494 -0.019038912 0.991817117
1403715537662142976.000000 0.662116110 1.101853609 1.882666469 0.093295276 0.071056344 -0.013030842 0.993014276
1403715537712143104.000000 0.662833631 1.063504815 1.852898121 0.093562797 0.067718461 -0.007101280 0.993282318
1403715537762142976.000000 0.664211154 1.028131127 1.822103500 0.093303584 0.071730405 -0.003507897 0.993044317
1403715537812143104.000000 0.665378571 0.993075192 1.789925098 0.093325399 0.080289729 0.000368244 0.992392957
1403715537862142976.000000 0.665357947 0.959478974 1.756596565 0.091832161 0.088199541 0.001000794 0.991860271
1403715537912143104.000000 0.663983345 0.926789403 1.721862674 0.091418542 0.092811488 0.002688601 0.991474450
1403715537962142976.000000 0.659751892 0.897324502 1.685209870 0.090488762 0.091371648 0.001251806 0.991696239
1403715538012143104.000000 0.654883206 0.878238678 1.660352707 -0.091203406 -0.085683741 -0.003245201 -0.992133915
1403715538062142976.000000 0.646500826 0.841002941 1.608510256 0.090615518 0.080296427 0.004936161 0.992631376
1403715538112143104.000000 0.640258133 0.824424684 1.581931591 0.089999445 0.073808841 0.009124652 0.993161201
1403715538162142976.000000 0.629215837 0.787290871 1.528041601 0.086748905 0.067447305 0.013801757 0.993848622
1403715538212143104.000000 0.620520651 0.773089647 1.500769138 -0.082195014 -0.062214065 -0.017520379 -0.994518220
1403715538262142976.000000 0.601580083 0.751995504 1.447184801 0.077179573 0.058969520 0.020256190 0.995065689
1403715538312143104.000000 0.589299560 0.740314782 1.420677781 0.069856718 0.058892511 0.023742806 0.995534003
1403715538362142976.000000 0.564286768 0.718945444 1.370003581 0.061518740 0.060808659 0.026473293 0.995900095
1403715538412143104.000000 0.542947769 0.704694271 1.332357645 0.051084764 0.068562426 0.027520444 0.995957971
1403715538462142976.000000 0.527448893 0.696524978 1.305706143 0.038288128 0.078166410 0.024930259 0.995892823
1403715538512143104.000000 0.497826487 0.683298111 1.252835274 0.025496051 0.088348821 0.022981707 0.995498061
1403715538562142976.000000 0.482275844 0.676839411 1.223859549 -0.011323088 -0.096063510 -0.020583710 -0.995097995
1403715538612143104.000000 0.465767920 0.670875371 1.193433762 0.002212744 -0.101053126 -0.021141276 -0.994654000
1403715538662142976.000000 0.425263643 0.657114029 1.119304538 -0.015476998 0.102294996 0.023204943 0.994363070
1403715538712143104.000000 0.407021284 0.651664078 1.086200595 -0.029673865 0.100362882 0.027175661 0.994136930
1403715538762142976.000000 0.369731784 0.641132295 1.020459294 -0.044550724 0.093527608 0.031927459 0.994106948
1403715538812143104.000000 0.349366128 0.635508955 0.984897375 -0.060274277 0.083481520 0.037863955 0.993963897
1403715538862142976.000000 0.309119433 0.625202060 0.915290117 -0.077393435 0.074632846 0.043467578 0.993252635
1403715538912143104.000000 0.287221223 0.619613707 0.877890170 -0.095557429 0.066719368 0.050222550 0.991914868
1403715538962142976.000000 0.242356971 0.609092653 0.807499230 -0.114574611 0.061088737 0.057268064 0.989879429
1403715539012143104.000000 0.217032045 0.603374958 0.770473719 -0.135061756 0.057732467 0.064323783 0.987060189
1403715539062142976.000000 0.164882004 0.592142701 0.702104330 -0.155550390 0.054811206 0.072800487 0.983615756
1403715539112143104.000000 0.135336608 0.585796595 0.666004539 -0.176647425 0.052332144 0.081231289 0.979519546
1403715539162142976.000000 0.105539128 0.581190944 0.633065641 -0.197732762 0.051265858 0.090151750 0.974754512
1403715539212143104.000000 0.072428398 0.574157715 0.598504245 -0.218249798 0.049805224 0.099928759 0.969484806
1403715539262142976.000000 0.037646800 0.567222774 0.568835437 -0.238071293 0.046802290 0.108543031 0.964028060
1403715539312143104.000000 0.001162026 0.559435189 0.536061347 -0.257093519 0.041812718 0.117220193 0.958339274
1403715539362142976.000000 -0.133026958 0.528441310 0.411196232 -0.274419099 0.035872519 0.125682339 0.952686369
1403715539412143104.000000 -0.170807242 0.520617306 0.380184859 -0.290885478 0.031293049 0.132762164 0.946985006
1403715539462142976.000000 -0.211902767 0.511958122 0.354322672 -0.305611402 0.030166807 0.137893751 0.941635311
1403715539512143104.000000 -0.244741738 0.504411578 0.324047625 -0.317182362 0.027932361 0.144555032 0.936866581
1403715539562142976.000000 -0.277150691 0.495068401 0.297912598 -0.324851274 0.027863128 0.154525474 0.932639956
1403715539612143104.000000 -0.303419292 0.488643378 0.268006593 -0.330772221 0.029299729 0.163895831 0.928907633
1403715539662142976.000000 -0.335266113 0.481545895 0.245874017 -0.335426956 0.035305817 0.170490429 0.925837636
1403715539712143104.000000 -0.354750782 0.476185888 0.215301722 -0.339812130 0.039849628 0.175496310 0.923114717
1403715539762142976.000000 -0.461513430 0.442817509 0.050869379 -0.343271405 0.038109910 0.178889304 0.921255112
1403715539812143104.000000 -0.475297362 0.438636839 0.018865388 -0.345914304 0.040393520 0.179221451 0.920104027
1403715539862142976.000000 -0.501252472 0.429352641 -0.046889566 -0.346769452 0.038542628 0.178579167 0.919986367
1403715539912143104.000000 -0.516362965 0.424028397 -0.097067922 -0.344959497 0.032743089 0.179886743 0.920636535
1403715539962142976.000000 -0.523729801 0.421605140 -0.130804479 0.341267914 -0.028371649 -0.184222966 -0.921299756
1403715540012143104.000000 -0.537005484 0.417948693 -0.200624436 -0.337215662 0.019921904 0.187640518 0.922322989
1403715540062142976.000000 -0.542798936 0.418111920 -0.233962700 -0.332041085 0.012517720 0.194653064 0.922877133
1403715540112143104.000000 -0.553249478 0.419832498 -0.301796794 -0.326092988 0.003975382 0.202176973 0.923456609
1403715540162142976.000000 -0.557004750 0.423673481 -0.333758026 -0.320455432 0.000112014 0.209390134 0.923831224
1403715540212143104.000000 -0.558166862 0.431704938 -0.364832371 0.316877872 0.003241639 -0.213804334 -0.924048543
1403715540262142976.000000 -0.559109807 0.442937732 -0.395378172 0.315369070 0.001517490 -0.214139089 -0.924491525
1403715540312143104.000000 -0.559675872 0.456016749 -0.424938500 0.315057993 0.000966879 -0.209890679 -0.925571918
1403715540362142976.000000 -0.523305297 0.470707834 -0.337969214 -0.317265093 -0.003069330 0.203214988 0.926302969
1403715540412143104.000000 -0.524251878 0.485826612 -0.366131902 -0.317711383 -0.005602597 0.195919678 0.927708745
1403715540462142976.000000 -0.568866134 0.532085598 -0.622825444 -0.319809675 -0.007033363 0.188031286 0.928610027
1403715540512143104.000000 -0.571684539 0.553780913 -0.648319900 -0.321133882 -0.015356693 0.181711480 0.929310620
1403715540562142976.000000 -0.572806537 0.589524686 -0.700177193 -0.322795898 -0.022989634 0.179593116 0.928989053
1403715540612143104.000000 -0.576166332 0.613901675 -0.720765054 -0.323705584 -0.030162763 0.177949637 0.928783536
1403715540662142976.000000 -0.576177478 0.656044006 -0.766626954 -0.323738962 -0.035276737 0.181708097 0.927863657
1403715540712143104.000000 -0.578574955 0.683293700 -0.781368315 -0.322366029 -0.035874039 0.190230086 0.926609874
1403715540762142976.000000 -0.577147245 0.732315660 -0.820818245 -0.321357667 -0.035122801 0.198128536 0.925332785
1403715540812143104.000000 -0.577293754 0.762822807 -0.831508160 0.322105706 0.029570591 -0.202532589 -0.924312770
1403715540862142976.000000 -0.574627101 0.790451944 -0.848711371 -0.323749542 -0.023814715 0.203729957 0.923641264
1403715540912143104.000000 -0.574343026 0.826071382 -0.855685651 -0.325313866 -0.017228704 0.204340339 0.923102975
1403715540962142976.000000 -0.569338500 0.922745466 -0.899945855 -0.327532202 -0.011140804 0.201586589 0.923017621
1403715541012143104.000000 -0.568592608 0.962038875 -0.904914498 -0.330187708 -0.006670462 0.197278440 0.923045397
1403715541062142976.000000 -0.562826157 0.997225702 -0.918797255 -0.332161993 -0.003493293 0.193447724 0.923165381
1403715541112143104.000000 -0.562598348 1.038052320 -0.922799528 -0.333696127 -0.003057455 0.189731449 0.923384845
1403715541162142976.000000 -0.556850255 1.154373646 -0.950025439 -0.332914442 -0.000602588 0.190740123 0.923464060
1403715541212143104.000000 -0.556588829 1.196096659 -0.952407718 -0.330528378 0.007438445 0.196361527 0.923113167
1403715541262142976.000000 -0.549512029 1.280894279 -0.966320217 -0.328591019 0.017968565 0.201704785 0.922507644
1403715541312143104.000000 -0.549317837 1.324197531 -0.969910860 -0.329608440 0.027333671 0.203314349 0.921560884
1403715541362142976.000000 -0.543421447 1.415134907 -0.981743157 -0.333187401 0.031782616 0.198993802 0.921074152
1403715541412143104.000000 -0.545776665 1.459282160 -0.986593187 -0.337010771 0.033005368 0.193704739 0.920767546
1403715541462142976.000000 -0.542573333 1.554599047 -0.996507347 -0.339785814 0.026504936 0.189438567 0.920845330
1403715541512143104.000000 -0.547364175 1.598303556 -1.002081394 -0.341633826 0.017972486 0.187253952 0.920814514
1403715541562142976.000000 -0.541226327 1.558813334 -1.001785517 -0.342153281 0.007272674 0.186192989 0.920983434
1403715541612143104.000000 -0.545243800 1.602858305 -1.006621838 -0.342331827 -0.000570774 0.186699226 0.920843124
1403715541662142976.000000 -0.544963300 1.749177694 -1.016259789 -0.344183147 -0.007129263 0.182553798 0.920956731
1403715541712143104.000000 -0.546038866 1.794254065 -1.019870520 -0.346762627 -0.012557644 0.176116377 0.921184599
1403715541762142976.000000 -0.539531171 1.761120200 -1.014655352 -0.350198567 -0.015116475 0.164052963 0.922073245
1403715541812143104.000000 -0.536636472 1.806963682 -1.014150143 -0.355456620 -0.016319124 0.150182381 0.922404289
1403715541862142976.000000 -0.530049086 2.148789167 -1.015281200 -0.361787111 -0.013380102 0.134841770 0.922360420
1403715541912143104.000000 -0.522991419 2.192286015 -1.010119915 -0.365494490 -0.012498087 0.121507004 0.922764122
1403715541962142976.000000 -0.513500750 2.297481298 -0.997976661 -0.366789490 -0.011973266 0.109910324 0.923710942
1403715542012143104.000000 -0.503982365 2.336126566 -0.987174749 -0.366524607 -0.012905212 0.099085517 0.925027192
1403715542062142976.000000 -0.497915357 2.393594980 -0.977010667 -0.364129782 -0.009797954 0.087757893 0.927152693
1403715542112143104.000000 -0.484826088 2.424735546 -0.960811615 -0.359469652 -0.003162950 0.079716466 0.929740250
1403715542162142976.000000 -0.479032189 2.479773760 -0.948213816 -0.353264660 0.004504715 0.071092233 0.932807505
1403715542212143104.000000 -0.463274121 2.503799915 -0.927839041 -0.345156401 0.015381938 0.064872913 0.936174154
1403715542262142976.000000 -0.455787152 2.550619125 -0.913326442 -0.335433483 0.026474262 0.060102716 0.939771891
1403715542312143104.000000 -0.438629568 2.568059444 -0.891767740 -0.322959900 0.037730642 0.060369488 0.943731368
1403715542362142976.000000 -0.418227702 2.616924047 -0.870994091 -0.308190256 0.045435347 0.060663369 0.948300838
1403715542412143104.000000 -0.402051508 2.632698059 -0.850396454 0.292084783 -0.058180802 -0.064594567 -0.952433228
1403715542462142976.000000 -0.348376751 2.834714174 -0.749183714 -0.276233763 0.076658674 0.067561090 0.955643177
1403715542512143104.000000 -0.331411004 2.843110800 -0.730891347 -0.261264265 0.088297933 0.071348421 0.958568692
1403715542562142976.000000 -0.358629525 2.711703539 -0.786083460 -0.248062700 0.091254570 0.074470446 0.961556971
1403715542612143104.000000 -0.347037792 2.717725754 -0.771547139 -0.237325221 0.090213358 0.076212510 0.964225054
1403715542662142976.000000 -0.273998559 2.943110943 -0.639218032 -0.228558391 0.090051122 0.075619288 0.966402471
1403715542712143104.000000 -0.266484052 2.948190212 -0.629086018 -0.220600322 0.087908655 0.077345617 0.968310535
1403715542762142976.000000 -0.247068644 2.982885599 -0.594779193 -0.214584962 0.083997257 0.076748349 0.970055461
1403715542812143104.000000 -0.243287101 2.989553452 -0.585236728 0.210021481 -0.078554511 -0.076223686 -0.971550405
1403715542862142976.000000 -0.234938771 3.002691746 -0.569551528 -0.205678612 0.073019937 0.077409439 0.972816646
1403715542912143104.000000 -0.234801695 3.006558895 -0.562344909 -0.201653704 0.069586389 0.079870678 0.973711610
1403715542962142976.000000 -0.226458818 3.018860340 -0.545899451 -0.197425693 0.067890435 0.084429018 0.974312961
1403715543012143104.000000 -0.228438005 3.023478270 -0.538217008 -0.194076166 0.068862885 0.089485064 0.974466443
1403715543062142976.000000 -0.210810751 3.072073221 -0.474695683 -0.190288350 0.069832839 0.093261942 0.974790215
1403715543112143104.000000 -0.214844450 3.077824831 -0.466918081 -0.188886806 0.071972236 0.096817397 0.974560559
1403715543162142976.000000 -0.213611871 3.085327387 -0.453434646 -0.188443378 0.073263325 0.097920693 0.974439919
1403715543212143104.000000 -0.219226062 3.091994524 -0.446503520 -0.188867107 0.076520547 0.099339850 0.973963797
1403715543262142976.000000 -0.219615638 3.105551243 -0.428178400 -0.188920140 0.080227941 0.101345770 0.973448396
1403715543312143104.000000 -0.224919438 3.112489223 -0.423436105 -0.189154804 0.083309241 0.103685580 0.972897470
1403715543362142976.000000 -0.226308420 3.118622541 -0.415065140 -0.190774798 0.083039910 0.103331648 0.972641826
1403715543412143104.000000 -0.231349722 3.125519753 -0.412693828 -0.191994831 0.084983088 0.102476202 0.972324312
1403715543462142976.000000 -0.238049209 3.133235455 -0.411453724 0.195176601 -0.083512500 -0.098965272 -0.972181916
1403715543512143104.000000 -0.239195943 3.138402224 -0.406469226 -0.197324485 0.082507886 0.095508002 0.972179890
1403715543562142976.000000 -0.244786873 3.143849373 -0.407525986 -0.199601263 0.085138634 0.092014521 0.971825123
1403715543612143104.000000 -0.265460670 3.168242455 -0.397897124 -0.202705264 0.089208879 0.088212922 0.971169829
1403715543662142976.000000 -0.273009777 3.172682285 -0.402056307 -0.205886424 0.094512910 0.081862822 0.970554829
1403715543712143104.000000 -0.281960130 3.175607681 -0.407789290 0.211216405 -0.098118246 -0.075639531 -0.969556212
1403715543762142976.000000 -0.299265385 3.183990955 -0.413449854 -0.219151020 0.100701921 0.067751221 0.968112469
1403715543812143104.000000 -0.311045408 3.183874130 -0.422763437 -0.229133770 0.101672471 0.059808526 0.966221213
1403715543862142976.000000 -0.330410123 3.185191154 -0.433595598 -0.240481213 0.100212626 0.054168422 0.963946104
1403715543912143104.000000 -0.344550610 3.179684639 -0.444617033 -0.253158212 0.097844370 0.050504647 0.961138248
1403715543962142976.000000 -0.355398715 3.177873135 -0.453039825 -0.266004890 0.092483036 0.049620878 0.958241165
1403715544012143104.000000 -0.370283723 3.166422367 -0.465438485 -0.281229168 0.086900525 0.049823679 0.954398334
1403715544062142976.000000 -0.411545098 3.147468090 -0.490761966 -0.296600789 0.080268644 0.052587040 0.950168192
1403715544112143104.000000 -0.428898036 3.131537676 -0.502023220 -0.312128395 0.075808167 0.064941920 0.944781303
1403715544162142976.000000 -0.446819484 3.119090080 -0.512321532 -0.325432688 0.070079215 0.080234587 0.939545035
1403715544212143104.000000 -0.469973534 3.097293377 -0.522166550 -0.342654139 0.066726595 0.096428514 0.932114422
1403715544262142976.000000 -0.492294133 3.082237482 -0.530375421 -0.359585166 0.062902771 0.112710997 0.924141824
1403715544312143104.000000 -0.520424485 3.058205128 -0.537889600 -0.379379421 0.060641695 0.129541278 0.914118707
1403715544362142976.000000 -0.609809995 2.990721226 -0.566229284 -0.396420240 0.057509001 0.146542639 0.904471695
1403715544412143104.000000 -0.643781781 2.963352680 -0.570479214 -0.414549589 0.056389760 0.163519189 0.893437386
1403715544462142976.000000 -0.697785020 2.921534538 -0.582118750 -0.432466209 0.055983935 0.177410692 0.882249594
1403715544512143104.000000 -0.731493473 2.892980099 -0.586509347 -0.450216681 0.055626713 0.188647732 0.870989501
1403715544562142976.000000 -0.784942448 2.847086906 -0.598448157 -0.465418726 0.054985732 0.198682308 0.860748172
1403715544612143104.000000 -0.811805487 2.817846298 -0.605278850 -0.479067385 0.055265315 0.205771938 0.851526976
1403715544662142976.000000 -0.832596064 2.789197922 -0.613761783 0.489813387 -0.054449677 -0.210995227 -0.844155848
1403715544712143104.000000 -0.885583639 2.729370594 -0.634074330 -0.499441326 0.056927510 0.210806966 0.838378310
1403715544762142976.000000 -0.895844579 2.699369907 -0.647811413 -0.507388294 0.060111884 0.209424630 0.833717644
1403715544812143104.000000 -0.913063526 2.672804832 -0.658331394 -0.512928367 0.063652642 0.207156047 0.830625772
1403715544862142976.000000 -0.912505627 2.639587402 -0.677698016 -0.517201543 0.063895077 0.205409363 0.828388274
1403715544912143104.000000 -0.915606618 2.612496853 -0.692681551 -0.518257201 0.064123593 0.205634221 0.827654719
1403715544962142976.000000 -0.910726190 2.575686216 -0.715556204 -0.519102275 0.058284372 0.207834348 0.827007115
1403715545012143104.000000 -0.935079634 2.462296724 -0.773164093 -0.518993616 0.056567468 0.208383769 0.827056229
1403715545062142976.000000 -0.929313302 2.422796726 -0.796730042 -0.520453155 0.052411452 0.211005047 0.825747252
1403715545112143104.000000 -0.902804852 2.476443291 -0.772722960 -0.522956550 0.045473214 0.215826809 0.823327124
1403715545162142976.000000 -0.902983785 2.435382366 -0.794463575 -0.526950717 0.041304462 0.218360007 0.820326626
1403715545212143104.000000 -0.943987966 2.259099722 -0.880791545 -0.531538785 0.042121664 0.219627947 0.816979766
1403715545262142976.000000 -0.951489866 2.217603683 -0.898924589 -0.537151814 0.038582187 0.223331720 0.812466860
1403715545312143104.000000 -0.963094950 2.154338837 -0.927037776 -0.542984545 0.036495890 0.227892220 0.807403922
1403715545362142976.000000 -0.975582242 2.113034248 -0.941565871 -0.548198760 0.036710422 0.233109310 0.802365541
1403715545412143104.000000 -0.989265800 2.048405886 -0.967953146 -0.551152468 0.040520009 0.240922466 0.797838032
1403715545462142976.000000 -1.000498176 2.007871628 -0.982093871 -0.553154647 0.045753885 0.249603704 0.793488860
1403715545512143104.000000 -1.013809443 1.941980481 -1.008478403 -0.553531408 0.050796218 0.259211183 0.789830625
1403715545562142976.000000 -1.022409081 1.903076530 -1.024686098 -0.554239035 0.055822611 0.267348081 0.786274731
1403715545612143104.000000 -1.028021574 1.866746783 -1.042982101 0.554333627 -0.060578037 -0.274522901 -0.783378482
1403715545662142976.000000 -1.040904760 1.787649393 -1.081178904 0.553961873 -0.064174965 -0.279428750 -0.781618476
1403715545712143104.000000 -1.047601581 1.751138806 -1.103241086 0.553015471 -0.066208437 -0.281849325 -0.781249881
1403715545762142976.000000 -1.059920073 1.688631892 -1.138825655 0.551853418 -0.065684430 -0.282059073 -0.782039762
1403715545812143104.000000 -1.068631291 1.653918624 -1.163595438 0.550334454 -0.063343704 -0.279491603 -0.784222007
1403715545862142976.000000 -1.083037972 1.592894435 -1.202777863 -0.547733188 0.061628938 0.274991304 0.787762702
1403715545912143104.000000 -1.092590690 1.559378743 -1.229618788 -0.544122338 0.057356153 0.267932147 0.793002963
1403715545962142976.000000 -1.095755577 1.554230094 -1.239898205 -0.539380133 0.053242601 0.258596390 0.799601376
1403715546012143104.000000 -1.119446635 1.453652263 -1.308150768 -0.531969607 0.048609279 0.248807356 0.807923555
1403715546062142976.000000 -1.128381133 1.420970082 -1.335645199 -0.522698700 0.045548823 0.238523796 0.817201257
1403715546112143104.000000 -1.142343521 1.362575054 -1.380321860 -0.510930598 0.042729337 0.228849113 0.827497602
1403715546162142976.000000 -1.149298191 1.330548525 -1.405895829 -0.496057868 0.042002335 0.220926717 0.838661969
1403715546212143104.000000 -1.162684441 1.272218943 -1.451635361 -0.479772687 0.041329257 0.211866885 0.850424945
1403715546262142976.000000 -1.168844342 1.240224242 -1.475717068 -0.461404771 0.040983204 0.204333469 0.862365305
1403715546312143104.000000 -1.181319237 1.181650281 -1.522104263 -0.441844404 0.041149829 0.197118968 0.874199271
1403715546362142976.000000 -1.186197639 1.150101066 -1.544942260 -0.422018915 0.041632682 0.188917860 0.885707021
1403715546412143104.000000 -1.191020966 1.119818211 -1.566838622 0.401052505 -0.040641952 -0.181934044 -0.896886349
1403715546462142976.000000 -1.204693437 1.044330478 -1.627175450 -0.379473120 0.040673397 0.174235940 0.907737672
1403715546512143104.000000 -1.208316445 1.013979912 -1.649464965 -0.357922167 0.039486025 0.166372225 0.917961240
1403715546562142976.000000 -1.204761744 1.032734036 -1.633774519 0.336256236 -0.039456859 -0.157859504 -0.927607358
1403715546612143104.000000 -1.225216866 0.907514274 -1.732860804 -0.314009726 0.037002094 0.147675529 0.937134326
1403715546662142976.000000 -1.229931235 0.880167723 -1.753369212 -0.291810930 0.032382153 0.137621030 0.945969522
1403715546712143104.000000 -1.235213876 0.854804754 -1.772157431 0.269085765 -0.025731444 -0.127641663 -0.954273820
1403715546762142976.000000 -1.249280691 0.774031639 -1.833832026 -0.245451316 0.015094029 0.118830837 0.961979806
1403715546812143104.000000 -1.254979134 0.750474811 -1.849255919 -0.221413761 0.004556694 0.112254009 0.968686879
1403715546862142976.000000 -1.250983953 0.782209933 -1.821537375 0.197991103 0.003205966 -0.106230006 -0.974425197
1403715546912143104.000000 -1.271831155 0.647246420 -1.923366427 -0.174085334 -0.007109795 0.100242577 0.979589343
1403715546962142976.000000 -1.273477435 0.629373491 -1.933331370 -0.153323978 -0.011293010 0.086958878 0.984277666
1403715547012143104.000000 -1.280636191 0.570432007 -1.975028753 -0.133767530 -0.013623636 0.071878500 0.988308787
1403715547062142976.000000 -1.279325247 0.554867208 -1.980395317 -0.113879755 -0.015908310 0.058007885 0.991672099
1403715547112143104.000000 -1.276680470 0.539012015 -1.983262062 0.093651824 0.016872603 -0.045572452 -0.994418383
1403715547162142976.000000 -1.285428047 0.460194021 -2.034421206 -0.073415726 -0.016858598 0.033049811 0.996611059
1403715547212143104.000000 -1.279520512 0.446577132 -2.030340433 -0.053093906 -0.016511394 0.020895446 0.998234332
1403715547262142976.000000 -1.281949639 0.386982620 -2.061278820 -0.033727106 -0.015933027 0.008023940 0.999271929
1403715547312143104.000000 -1.273920417 0.372328788 -2.051810265 -0.015350152 -0.016115792 -0.004025226 0.999744296
1403715547362142976.000000 -1.267687201 0.354429662 -2.042707920 -0.002517465 0.016900623 0.014061435 -0.999755204
1403715547412143104.000000 -1.269361854 0.274368376 -2.081836462 0.020307375 -0.019424379 -0.022031555 0.999362290
1403715547462142976.000000 -1.260203481 0.257692546 -2.063470602 0.037354823 -0.023891417 -0.029163931 0.998590708
1403715547512143104.000000 -1.253789425 0.234679759 -2.047766209 -0.054458611 0.027820507 0.035922606 -0.997481823
1403715547562142976.000000 -1.252208233 0.152575299 -2.076799154 0.071992941 -0.030989511 -0.044367228 0.995935917
1403715547612143104.000000 -1.241102934 0.130697444 -2.049946308 0.089985937 -0.032883905 -0.053223912 0.993976057
1403715547662142976.000000 -1.231860399 0.104087926 -2.024693012 -0.107582442 0.034436934 0.062911570 -0.991605937
1403715547712143104.000000 -1.224977851 0.016475409 -2.044482470 0.125017360 -0.035502408 -0.073173285 0.988815486
1403715547762142976.000000 -1.210017681 -0.010652937 -2.008691788 0.142312035 -0.035948575 -0.082912162 0.985687912
1403715547812143104.000000 -1.196087956 -0.040677562 -1.974746346 -0.159487024 0.036041427 0.091533594 -0.982286453
1403715547862142976.000000 -1.184477806 -0.136670277 -1.985424399 0.177136540 -0.035524599 -0.098977588 0.978552043
1403715547912143104.000000 -1.165134668 -0.168890476 -1.940825820 0.193721429 -0.031298995 -0.106248043 0.974784017
1403715547962142976.000000 -1.145462394 -0.204261661 -1.895060897 -0.209885031 0.025192732 0.110768773 -0.971104503
1403715548012143104.000000 -1.130832076 -0.308244288 -1.901716709 0.224830166 -0.016881188 -0.111439839 0.967857242
1403715548062142976.000000 -1.107228518 -0.345100999 -1.848431468 0.236412987 -0.005999035 -0.113244213 0.965012252
1403715548112143104.000000 -1.090017319 -0.430657148 -1.836318851 0.245688215 0.006510218 -0.114970669 0.962484717
1403715548162142976.000000 -1.065608025 -0.468874127 -1.778540850 0.252466977 0.016844163 -0.116360627 0.960435808
1403715548212143104.000000 -1.049701691 -0.556435823 -1.766769528 0.257127792 0.026084345 -0.118364722 0.958746433
1403715548262142976.000000 -1.026010871 -0.594892621 -1.706746101 0.259694010 0.034141887 -0.120400839 0.957547426
1403715548312143104.000000 -1.011962891 -0.685443938 -1.695465922 0.261649996 0.040144797 -0.121292964 0.956669152
1403715548362142976.000000 -0.992555439 -0.724686861 -1.631650805 0.261939496 0.042568970 -0.121750198 0.956426978
1403715548412143104.000000 -0.985697746 -0.817069054 -1.620586872 0.261165351 0.044779401 -0.123218119 0.956349730
1403715548462142976.000000 -0.972413898 -0.856682777 -1.556018591 -0.260167062 -0.044380464 0.122539416 -0.956727564
1403715548512143104.000000 -0.969931722 -0.951416790 -1.543206692 0.259492069 0.043740436 -0.120983362 0.957138300
1403715548562142976.000000 -0.963461637 -1.019487500 -1.505103827 0.259119004 0.042189874 -0.116785958 0.957830071
1403715548612143104.000000 -0.952108383 -1.060018301 -1.441628098 -0.258366138 -0.040432289 0.112994723 -0.958563745
1403715548662142976.000000 -0.951432168 -1.156591177 -1.430528522 0.257277369 0.039202869 -0.109481059 0.959315121
1403715548712143104.000000 -0.954437673 -1.180577874 -1.425882697 0.255612642 0.038865216 -0.106076367 0.960156024
1403715548762142976.000000 -0.939692080 -1.294523597 -1.358665586 0.254792780 0.038828090 -0.103142098 0.960694969
1403715548812143104.000000 -0.939086914 -1.331419706 -1.345087528 0.252748907 0.037880674 -0.100890100 0.961511493
1403715548862142976.000000 -0.923490703 -1.364041686 -1.252794623 0.250895470 0.038687497 -0.099253125 0.962134957
1403715548912143104.000000 -0.919381261 -1.501858830 -1.253036737 0.249832660 0.038846668 -0.096526079 0.962682366
1403715548962142976.000000 -0.912182808 -1.571170092 -1.217954516 0.250074744 0.039578900 -0.095648676 0.962677300
1403715549012143104.000000 -0.905158937 -1.640665054 -1.183396578 0.252024204 0.040654697 -0.095550545 0.962133706
1403715549062142976.000000 -0.898051560 -1.710315108 -1.149640918 0.255879492 0.042753864 -0.096374013 0.960942149
1403715549112143104.000000 -0.891194522 -1.768496037 -1.119810700 0.261392444 0.047291458 -0.095987059 0.959283113
1403715549162142976.000000 -0.880658984 -1.800149083 -1.080976367 0.266671956 0.054670662 -0.096440583 0.957390487
1403715549212143104.000000 -0.872279525 -1.917807221 -1.054326653 0.271978706 0.062517464 -0.096337557 0.955425739
1403715549262142976.000000 -0.863529086 -1.985269785 -1.024926066 0.277044922 0.070379317 -0.095370576 0.953518450
1403715549312143104.000000 -0.852339029 -2.031814337 -0.982428432 -0.281068832 -0.076890782 0.095541909 -0.951819301
1403715549362142976.000000 -0.848516941 -2.115743637 -0.971131444 0.287403286 0.079829112 -0.090210065 0.950204611
1403715549412143104.000000 -0.840106606 -2.161297798 -0.932808399 0.293166995 0.078573622 -0.084592581 0.949064553
1403715549462142976.000000 -0.840066731 -2.227791786 -0.931724429 0.298875988 0.074234538 -0.078562163 0.948151052
1403715549512143104.000000 -0.832975268 -2.268685579 -0.894110322 0.303308457 0.068562694 -0.074172094 0.947523952
1403715549562142976.000000 -0.834541559 -2.333172798 -0.894595385 0.306958765 0.059451446 -0.071050636 0.947203100
1403715549612143104.000000 -0.830381155 -2.369849682 -0.863815904 0.309207439 0.050519202 -0.066695824 0.947306871
1403715549662142976.000000 -0.830603004 -2.425633430 -0.858251750 0.309121966 0.040956065 -0.062077627 0.948110044
1403715549712143104.000000 -0.822528958 -2.503333330 -0.814934134 0.307742685 0.035263821 -0.055162318 0.949214458
1403715549762142976.000000 -0.816767812 -2.534809828 -0.784613729 0.303409874 0.032703757 -0.048074618 0.951084554
1403715549812143104.000000 -0.810829759 -2.587740898 -0.767659903 0.296878457 0.033185359 -0.040340662 0.953485489
1403715549862142976.000000 -0.804244220 -2.617360830 -0.740561664 0.288563281 0.034147069 -0.032077264 0.956313908
1403715549912143104.000000 -0.795764863 -2.658431530 -0.716435075 0.279631585 0.032861192 -0.021094434 0.959312975
1403715549962142976.000000 -0.787737072 -2.681942225 -0.688314915 0.269318491 0.031552821 -0.007886528 0.962501824
1403715550012143104.000000 -0.775932133 -2.713426352 -0.661039114 0.257367790 0.028812902 0.005420508 0.965868711
1403715550062142976.000000 -0.767083406 -2.728562117 -0.629846156 0.242566690 0.024916878 0.016182655 0.969679713
1403715550112143104.000000 -0.752840757 -2.749247551 -0.601176560 0.224683747 0.022650184 0.022422884 0.973910391
1403715550162142976.000000 -0.740402699 -2.756275177 -0.569971681 0.204623476 0.021121282 0.024705322 0.978301048
1403715550212143104.000000 -0.718777597 -2.764558792 -0.539366305 0.184558809 0.020843413 0.026620572 0.982239783
1403715550262142976.000000 -0.700021088 -2.763467312 -0.510250211 0.164491236 0.019561125 0.027892455 0.985790074
1403715550312143104.000000 -0.670179665 -2.762260437 -0.479041398 0.145008892 0.018388702 0.029810796 0.988810182
1403715550362142976.000000 -0.644126534 -2.754785538 -0.451903433 0.125696003 0.019522753 0.032096714 0.991357327
1403715550412143104.000000 -0.606835127 -2.744796753 -0.420312494 0.105635196 0.021892393 0.033292159 0.993606389
1403715550462142976.000000 -0.577407300 -2.732363701 -0.393285781 0.084878340 0.024657436 0.034188058 0.995499372
1403715550512143104.000000 -0.538512170 -2.715914488 -0.360009849 0.064388916 0.027393460 0.036519233 0.996880174
1403715550562142976.000000 -0.510297239 -2.700641394 -0.332663625 -0.044320714 -0.028632224 -0.040511884 -0.997784913
1403715550612143104.000000 -0.475530177 -2.679861546 -0.295952886 0.025848851 0.029651895 0.047844123 0.998079956
1403715550662142976.000000 -0.453955203 -2.663014412 -0.266813278 0.008081294 0.030887855 0.057771545 0.997819185
1403715550712143104.000000 -0.424670875 -2.638607979 -0.226272479 -0.009194479 0.031958267 0.068835914 0.997073591
1403715550762142976.000000 -0.409116000 -2.619861841 -0.195594758 -0.025327142 0.033175547 0.082431860 0.995722353
1403715550812143104.000000 -0.385598242 -2.591444731 -0.151497081 -0.040529873 0.034036539 0.097203344 0.993856311
1403715550862142976.000000 -0.376356274 -2.569675207 -0.119726188 -0.056021184 0.034827616 0.111211210 0.991605163
1403715550912143104.000000 -0.358235180 -2.535779476 -0.072975978 -0.071228698 0.035548188 0.125373468 0.988910735
1403715550962142976.000000 -0.353293628 -2.509425879 -0.041343726 -0.087436646 0.036920477 0.137469217 0.985948324
1403715551012143104.000000 -0.348773569 -2.479254484 -0.010755148 0.104547508 -0.037644073 -0.146873981 -0.982894123
1403715551062142976.000000 -0.343054116 -2.445642471 0.017168546 0.123752028 -0.038903307 -0.151134372 -0.979964495
1403715551112143104.000000 -0.335385203 -2.408402681 0.041617110 0.143041864 -0.040489748 -0.155048087 -0.976657391
1403715551162142976.000000 -0.325821102 -2.367869616 0.062576346 0.162171140 -0.041926503 -0.159040719 -0.972958744
1403715551212143104.000000 -0.314435422 -2.324448109 0.080321841 0.179707855 -0.043590281 -0.166383818 -0.968566656
1403715551262142976.000000 -0.299183905 -2.251695156 0.107576877 -0.186401159 0.051053546 0.157832071 0.968368351
1403715551312143104.000000 -0.277011931 -2.186980486 0.140769452 -0.201742515 0.053641871 0.168922856 0.963269234
1403715551362142976.000000 -0.255783468 -2.119407415 0.171236679 -0.216792509 0.056006361 0.179306060 0.957973778
1403715551412143104.000000 -0.235931158 -2.048917055 0.199165136 -0.232380047 0.058920115 0.189339742 0.952196658
1403715551462142976.000000 -0.217728958 -1.975801826 0.224314570 -0.248816639 0.062517174 0.197552636 0.946126223
1403715551512143104.000000 -0.201389104 -1.899952173 0.246539965 -0.266270489 0.065344118 0.204485640 0.939689219
1403715551562142976.000000 -0.186783984 -1.821122050 0.265253544 -0.285648018 0.068809137 0.208070070 0.932940185
1403715551612143104.000000 -0.174184218 -1.739752889 0.280423045 -0.306333095 0.070693970 0.208602339 0.926092625
1403715551662142976.000000 -0.162984207 -1.656195760 0.291597754 -0.328538924 0.075076677 0.206149444 0.918655574
1403715551712143104.000000 -0.153406531 -1.571256518 0.299259186 -0.350847840 0.080427982 0.204018578 0.910391986
1403715551762142976.000000 -0.154145539 -1.505596519 0.281895995 -0.371424913 0.085091829 0.203010276 0.901992142
1403715551812143104.000000 -0.157122165 -1.439413905 0.260948420 -0.390964836 0.092417330 0.203786150 0.892791510
1403715551862142976.000000 -0.162152022 -1.373125196 0.236576498 -0.409572393 0.100453131 0.205687761 0.883092463
1403715551912143104.000000 -0.169356614 -1.307336807 0.208599284 -0.427703887 0.110733360 0.207513064 0.872780502
1403715551962142976.000000 -0.179051638 -1.242604494 0.176799864 -0.446388721 0.117036365 0.207644090 0.862510026
1403715552012143104.000000 -0.191173017 -1.179412127 0.140951723 -0.465758890 0.119072020 0.205833882 0.852363169
1403715552062142976.000000 -0.206250429 -1.118442893 0.101763666 -0.485173583 0.114716299 0.203426182 0.842653275
1403715552112143104.000000 -0.224091351 -1.059995055 0.059527010 -0.501896620 0.111684501 0.205374926 0.832735002
1403715552162142976.000000 -0.356880069 -1.207397938 -0.221622169 0.533423305 -0.097696729 -0.220394954 -0.810765743
1403715552212143104.000000 -0.266030014 -0.952011704 -0.033699989 -0.535040259 0.106278144 0.208154202 0.811855137
1403715552262142976.000000 -0.404789746 -1.110402346 -0.323743522 0.567627192 -0.096495248 -0.218670696 -0.787826836
1403715552312143104.000000 -0.431019247 -1.066922545 -0.378190339 0.584814131 -0.098886952 -0.217325866 -0.775231183
1403715552362142976.000000 -0.356081069 -0.853313923 -0.233880877 -0.586632550 0.110099778 0.205568120 0.775552750
1403715552412143104.000000 -0.385042161 -0.815234065 -0.290401280 -0.603680015 0.108933792 0.207764015 0.761930466
1403715552462142976.000000 -0.415348113 -0.781878352 -0.348698258 -0.620451093 0.108307257 0.211051911 0.747507215
1403715552512143104.000000 -0.552977562 -0.936534524 -0.612583697 0.651214123 -0.097962208 -0.226432890 -0.717671096
1403715552562142976.000000 -0.586455703 -0.915872157 -0.674348652 0.666752040 -0.100232750 -0.231878355 -0.701161623
1403715552612143104.000000 -0.621026933 -0.900310814 -0.737358212 0.682299495 -0.103999339 -0.237265274 -0.683634937
1403715552662142976.000000 -0.657209277 -0.890224040 -0.801375329 0.696960628 -0.108169317 -0.244825393 -0.665286303
1403715552712143104.000000 -0.695163906 -0.885627329 -0.866188169 0.711304963 -0.110805623 -0.253464758 -0.646160185
1403715552762142976.000000 -0.734824836 -0.886332750 -0.931954324 0.725213051 -0.112096608 -0.263341695 -0.626220167
1403715552812143104.000000 -0.775833786 -0.892437160 -0.998898506 0.739011288 -0.112924337 -0.272747844 -0.605573297
1403715552862142976.000000 -0.819053054 -0.904247522 -1.066951513 0.752217948 -0.112475112 -0.282967985 -0.584334373
1403715552912143104.000000 -0.864338100 -0.921629786 -1.136056662 0.763745725 -0.113582022 -0.294952035 -0.562845230
1403715552962142976.000000 -0.911622345 -0.944611192 -1.205799103 0.773591876 -0.115023494 -0.308676690 -0.541335404
1403715553012143104.000000 -0.960922480 -0.973001838 -1.277036667 0.782765567 -0.117767408 -0.321938872 -0.519388437
1403715553062142976.000000 -1.012373924 -1.006502151 -1.349923015 0.791671574 -0.120668173 -0.333666474 -0.497354984
1403715553112143104.000000 -1.065407276 -1.047125816 -1.420101762 0.800966084 -0.121741615 -0.342754185 -0.475554347
1403715553162142976.000000 -1.120981216 -1.092308521 -1.495741606 0.811790347 -0.120719865 -0.347067386 -0.453836352
1403715553212143104.000000 -1.179037571 -1.142631531 -1.572798967 0.823064089 -0.119944118 -0.348223776 -0.432341397
1403715553262142976.000000 -1.237018108 -1.196989298 -1.653337598 0.833480000 -0.122312248 -0.348567814 -0.410915166
1403715553312143104.000000 -1.295928717 -1.257972002 -1.731754780 0.844992220 -0.122670859 -0.345299512 -0.389497459
1403715553362142976.000000 -1.356141806 -1.323938370 -1.815401316 0.857930005 -0.121749088 -0.337434113 -0.367792785
1403715553412143104.000000 -1.417407751 -1.396018028 -1.899381399 0.870774627 -0.118084639 -0.328628182 -0.346137464
1403715553462142976.000000 -1.478944540 -1.474251509 -1.983147860 0.884819686 -0.110131316 -0.315728724 -0.324469864
1403715553512143104.000000 -1.541499138 -1.558159351 -2.065368891 0.897015750 -0.103532277 -0.304815382 -0.302872151
1403715553562142976.000000 -1.604824901 -1.647455454 -2.145281792 0.907625735 -0.095264092 -0.295734286 -0.282279164
1403715553612143104.000000 -1.668513536 -1.741997242 -2.222155333 0.915783286 -0.086774908 -0.290628999 -0.263336211
1403715553662142976.000000 -1.731531024 -1.841317415 -2.295665741 0.922205746 -0.077225402 -0.287143767 -0.247227147
1403715553712143104.000000 -1.794506311 -1.945036888 -2.365040302 0.925449193 -0.068797991 -0.289671034 -0.234310254
1403715553762142976.000000 -1.857147932 -2.052606106 -2.430302143 0.925633371 -0.056606732 -0.299507052 -0.224263564
1403715553812143104.000000 -1.919169188 -2.163421631 -2.491887093 0.923444867 -0.043804955 -0.313861787 -0.216382980
1403715553862142976.000000 -1.979049206 -2.276835442 -2.550543785 0.920450926 -0.031249253 -0.327827036 -0.210530415
1403715553912143104.000000 -2.036958694 -2.392312527 -2.606912136 0.917275608 -0.019475074 -0.340136617 -0.206236348
1403715553962142976.000000 -2.093770504 -2.509010315 -2.661429167 0.912873209 -0.010778706 -0.353797436 -0.203405544
1403715554012143104.000000 -2.149965525 -2.626353264 -2.714769363 0.907237232 -0.005083506 -0.369326949 -0.201227382
1403715554062142976.000000 -2.206384659 -2.743948460 -2.766913414 0.900263608 -0.001615582 -0.386598796 -0.200160593
1403715554112143104.000000 -2.262719631 -2.861690521 -2.819118023 0.892739415 0.001601558 -0.403964996 -0.199565113
1403715554162142976.000000 -2.319104195 -2.979232788 -2.872132063 0.885126829 0.006223744 -0.420299858 -0.199649245
1403715554212143104.000000 -2.375483990 -3.095921040 -2.927485466 0.878755093 0.008636718 -0.433325976 -0.199858636
1403715554262142976.000000 -2.432356358 -3.211413860 -2.985943317 0.873675108 0.013198947 -0.442894757 -0.200902537
1403715554312143104.000000 -2.490510464 -3.325661659 -3.047499180 0.869969249 0.020344708 -0.449255913 -0.202259243
1403715554362142976.000000 -2.551191807 -3.438241005 -3.112271309 0.868515015 0.033659600 -0.449950904 -0.205165789
1403715554412143104.000000 -2.614535332 -3.548238277 -3.179744244 0.870040953 0.052665506 -0.442472667 -0.210886270
1403715554462142976.000000 -2.679219007 -3.654942036 -3.249534130 0.875746667 0.082221150 -0.421598017 -0.220369503
1403715554512143104.000000 -2.747064114 -3.757639408 -3.319054604 0.881300092 0.113896780 -0.396018296 -0.231316447
1403715554562142976.000000 -2.817034483 -3.855350018 -3.386442661 0.885659277 0.147550285 -0.368422508 -0.241042599
1403715554612143104.000000 -2.887825012 -3.946618080 -3.450571537 0.889003634 0.177761421 -0.340618640 -0.249103278
1403715554662142976.000000 -2.959797621 -4.030982494 -3.510025740 0.890421689 0.202820957 -0.317769259 -0.255020708
1403715554712143104.000000 -3.031471491 -4.107428074 -3.563717842 0.891275406 0.221244678 -0.299308896 -0.259023637
1403715554762142976.000000 -3.101354599 -4.174654484 -3.610623837 0.892067432 0.235173717 -0.283828199 -0.261439353
1403715554812143104.000000 -3.167068958 -4.230860233 -3.650664330 0.893587708 0.245014131 -0.268742949 -0.263147056
1403715554862142976.000000 -3.225585938 -4.274847507 -3.682763577 0.896570563 0.244827107 -0.257624745 -0.264292419
1403715554912143104.000000 -3.274557114 -4.305389404 -3.706663609 0.900292337 0.238302812 -0.251240343 -0.263749361
1403715554962142976.000000 -3.311557293 -4.322755814 -3.722539902 0.905866742 0.225752130 -0.243972659 -0.262523919
1403715555012143104.000000 -3.338694572 -4.328821182 -3.729858398 0.911502481 0.199457973 -0.249201491 -0.259380728
1403715555062142976.000000 -3.356600523 -4.325735092 -3.729366541 0.915530562 0.162411660 -0.265115768 -0.255225360
1403715555112143104.000000 -3.366654634 -4.315295696 -3.722871304 0.916940928 0.118412986 -0.287091851 -0.250551522
1403715555162142976.000000 -3.372051239 -4.300452709 -3.711886168 0.914327204 0.072965726 -0.313670278 -0.245545849
1403715555212143104.000000 -3.375674725 -4.283800125 -3.697845221 0.908760607 0.028400164 -0.339392364 -0.241164789
1403715555262142976.000000 -3.381669521 -4.267090797 -3.680990696 0.898858845 -0.021289712 -0.368257612 -0.236613289
1403715555312143104.000000 -3.391175032 -4.252389431 -3.663173199 0.887768924 -0.066216648 -0.391928524 -0.232107252
1403715555362142976.000000 -3.404564857 -4.241402626 -3.646544933 0.880365849 -0.093189545 -0.404767036 -0.228987724
1403715555412143104.000000 -3.420018911 -4.235748768 -3.632956743 0.876500785 -0.109812319 -0.410230368 -0.226713121
1403715555462142976.000000 -3.434392691 -4.237244606 -3.624837875 0.878686070 -0.111404262 -0.405660152 -0.225698456
1403715555512143104.000000 -3.447374105 -4.245942593 -3.621904850 0.882418752 -0.106816933 -0.398786783 -0.225602522
1403715555562142976.000000 -3.458544254 -4.261690140 -3.623953819 0.887203336 -0.096043624 -0.390261501 -0.226587608
1403715555612143104.000000 -3.468028307 -4.283774376 -3.630033016 0.890926600 -0.086178184 -0.383127183 -0.228115633
1403715555662142976.000000 -3.475534916 -4.311987877 -3.639324665 0.893172860 -0.074983038 -0.378956705 -0.230242446
1403715555712143104.000000 -3.481688023 -4.345505714 -3.650660753 0.893453419 -0.066041738 -0.378542423 -0.232562169
1403715555762142976.000000 -3.486728191 -4.383579254 -3.663825274 0.891031861 -0.066212676 -0.382603854 -0.235143334
1403715555812143104.000000 -3.490035534 -4.426405907 -3.679569483 0.887483358 -0.070280023 -0.388628453 -0.237491071
1403715555862142976.000000 -3.491949320 -4.473892689 -3.698743820 0.883682072 -0.077202253 -0.394802004 -0.239326611
1403715555912143104.000000 -3.492444992 -4.526420593 -3.721841812 0.881302655 -0.080885321 -0.398216069 -0.241220385
1403715555962142976.000000 -3.493001938 -4.583853245 -3.747955799 0.878588200 -0.084046125 -0.402458102 -0.242995024
1403715556012143104.000000 -3.496134996 -4.645988941 -3.775876045 0.875007391 -0.090583310 -0.408146828 -0.244075775
1403715556062142976.000000 -3.502964497 -4.712725163 -3.805630684 0.870040238 -0.101364426 -0.415938526 -0.244439125
1403715556112143104.000000 -3.513352156 -4.784566879 -3.837398767 0.867148280 -0.108546004 -0.419887066 -0.244880646
1403715556162142976.000000 -3.527010441 -4.862019539 -3.871739149 0.867745340 -0.112121038 -0.417558342 -0.245136678
1403715556212143104.000000 -3.543065310 -4.945150852 -3.909345150 0.869693458 -0.114722803 -0.412595361 -0.245432496
1403715556262142976.000000 -3.560889959 -5.034265995 -3.950377464 0.872721732 -0.113952532 -0.405909508 -0.246189088
1403715556312143104.000000 -3.580780029 -5.129118919 -3.994214058 0.875371337 -0.111137308 -0.400003612 -0.247731045
1403715556362142976.000000 -3.603053808 -5.229696274 -4.040194035 0.876979768 -0.107774526 -0.396083534 -0.249818027
1403715556412143104.000000 -3.627955675 -5.335903168 -4.088082314 0.878535688 -0.103041187 -0.392439634 -0.252088815
1403715556462142976.000000 -3.656615496 -5.447021484 -4.136587143 0.880255222 -0.092976123 -0.389287472 -0.254875541
1403715556512143104.000000 -3.689642429 -5.562780380 -4.185322285 0.882342398 -0.075000577 -0.386347502 -0.258035868
1403715556562142976.000000 -3.727451801 -5.681979179 -4.233675003 0.883972585 -0.056621160 -0.383595943 -0.261229277
1403715556612143104.000000 -3.769372940 -5.804058075 -4.281587601 0.884788036 -0.041332211 -0.381774008 -0.263989449
1403715556662142976.000000 -3.815509319 -5.928841591 -4.328152657 0.883848250 -0.028994102 -0.383420527 -0.266384006
1403715556712143104.000000 -3.866046429 -6.055577278 -4.373646736 0.881778538 -0.019120172 -0.387324989 -0.268477887
1403715556762142976.000000 -3.920120716 -6.183519363 -4.418968678 0.880103290 -0.009655359 -0.390000880 -0.270600021
1403715556812143104.000000 -3.976579666 -6.312180519 -4.464930534 0.880787730 0.000217922 -0.387114286 -0.272682071
1403715556862142976.000000 -4.034417152 -6.441081047 -4.511238098 0.881584525 0.007646212 -0.384136409 -0.274207085
1403715556912143104.000000 -4.092680931 -6.570078850 -4.558043957 0.882638872 0.015602178 -0.380220145 -0.275930822
1403715556962142976.000000 -4.151390553 -6.698923111 -4.604930401 0.883226395 0.021307871 -0.377853811 -0.276918113
1403715557012143104.000000 -4.211113930 -6.826924324 -4.651593208 0.881343842 0.022691607 -0.381937921 -0.277203083
1403715557062142976.000000 -4.271552086 -6.954064369 -4.698288918 0.877969384 0.021669829 -0.389753908 -0.277113974
1403715557112143104.000000 -4.332233429 -7.080240250 -4.745454788 0.873732746 0.019409910 -0.399520606 -0.276762903
