1413394912705760512.000000 -0.769476295 -0.078289747 1.754360676 0.025987986 0.811691940 0.186407506 0.552931368
1413394925105760512.000000 0.037984502 0.043215089 0.082520127 0.011596186 0.001238470 -0.022051809 0.999688804
1413394925155760384.000000 0.026837844 0.059857354 0.085262462 0.030722903 -0.000723451 -0.030394593 0.999065459
1413394925205760512.000000 0.042557720 0.068546258 0.111204222 0.040271062 -0.007436245 -0.040662996 0.998333395
1413394925255760384.000000 0.053851828 0.079185329 0.136918277 0.051132329 -0.013647299 -0.047975060 0.997445583
1413394925305760512.000000 0.060612991 0.076208852 0.159241185 0.057035934 -0.015900418 -0.056857064 0.996625006
1413394925355760384.000000 0.072208442 0.068139903 0.170885906 0.060053743 -0.017538168 -0.065578595 0.995884299
1413394925405760512.000000 0.151637927 0.062440325 0.284067094 0.050178032 -0.023437222 -0.056692895 0.996854484
1413394925455760384.000000 0.090958484 0.058340341 0.209837645 0.072515510 -0.021331452 -0.061198507 0.995259464
1413394925505760512.000000 0.174181789 0.049998257 0.317667753 0.061358806 -0.028505741 -0.046311628 0.996633291
1413394925555760384.000000 0.161694169 0.038290385 0.332227916 0.064984180 -0.024528472 -0.039276060 0.996811390
1413394925605760512.000000 0.160279855 0.027964013 0.344780982 0.068551168 -0.023611872 -0.034687165 0.996764839
1413394925655760384.000000 0.169611752 0.014025569 0.366476446 0.074130751 -0.025813637 -0.027624583 0.996531665
1413394925705760512.000000 0.206737086 -0.081367485 0.471127599 0.078855731 -0.027186070 -0.015661320 0.996392250
1413394925755760384.000000 0.212847754 -0.097709350 0.480029404 0.083392166 -0.029898651 -0.000743702 0.996067941
1413394925805760512.000000 0.184260532 -0.032308877 0.397673368 0.088722005 -0.033505112 0.016084550 0.995362818
1413394925855760384.000000 0.183828026 -0.046516776 0.414062202 0.091872148 -0.034111045 0.025696253 0.994854629
1413394925905760512.000000 0.183824316 -0.059945092 0.431485355 0.096336253 -0.035152752 0.034126882 0.994142354
1413394925955760384.000000 0.238064423 -0.274445951 0.616755307 0.097767599 -0.033505339 0.033591636 0.994077742
1413394926005760512.000000 0.242717847 -0.292425424 0.630053639 0.100574240 -0.034923848 0.032270491 0.993792653
1413394926055760384.000000 0.256153435 -0.312155455 0.636355042 0.101067387 -0.039315049 0.027891440 0.993711174
1413394926105760512.000000 0.242752686 -0.213757232 0.568088233 0.103179500 -0.043837074 0.027342442 0.993320048
1413394926155760384.000000 0.248807788 -0.231777593 0.578534067 0.103379332 -0.044856105 0.019704949 0.993434668
1413394926205760512.000000 0.281924963 -0.479230046 0.760562479 0.105020761 -0.037867285 0.001992073 0.993746817
1413394926255760384.000000 0.291328728 -0.497189134 0.771874368 0.105998650 -0.040668078 -0.001844662 0.993532598
1413394926305760512.000000 0.293189377 -0.512855530 0.783983707 0.108846113 -0.043813169 0.001375152 0.993091702
1413394926355760384.000000 0.302799165 -0.538062990 0.795135736 0.110271499 -0.049994744 0.005449134 0.992628336
1413394926405760512.000000 0.310299784 -0.565196335 0.809951067 0.110227160 -0.055521827 0.009495733 0.992309034
1413394926455760384.000000 0.333689213 -0.711279929 0.907350242 0.117159493 -0.054530513 0.009012728 0.991573989
1413394926505760512.000000 0.333867192 -0.733980417 0.916475892 0.121142939 -0.054324597 0.012095095 0.991073668
1413394926555760384.000000 0.339923888 -0.757577300 0.928466201 0.127779663 -0.052996390 0.014213284 0.990283728
1413394926605760512.000000 0.351082057 -0.774111032 0.939021468 0.141136855 -0.054139543 0.019024158 0.988325536
1413394926655760384.000000 0.360573411 -0.796581686 0.954234540 0.154477566 -0.053275902 0.023384649 0.986281693
1413394926705760512.000000 0.405000836 -0.973533332 1.074777961 0.176510304 -0.049170792 0.031165127 0.982575774
1413394926755760384.000000 0.382984668 -0.836934984 0.978275776 0.193301722 -0.054359309 0.044205561 0.978634417
1413394926805760512.000000 0.422508627 -1.014497638 1.106359005 0.217790335 -0.050951675 0.049060687 0.973429203
1413394926855760384.000000 0.434017986 -1.038569212 1.120431542 0.238976225 -0.052688044 0.060172461 0.967726052
1413394926905760512.000000 0.436729908 -1.055781841 1.141893029 0.260510623 -0.050946560 0.065811425 0.961877167
1413394926955760384.000000 0.486105114 -1.217336297 1.265537500 0.280215591 -0.049577996 0.065849617 0.956391692
1413394927005760512.000000 0.489525527 -1.234282732 1.286289096 0.295423657 -0.049473122 0.067505881 0.951693416
1413394927055760384.000000 0.493832976 -1.251355410 1.308323860 0.304808080 -0.045212828 0.059215456 0.949495316
1413394927105760512.000000 0.499670923 -1.265968800 1.330626249 0.309092283 -0.036885466 0.040238325 0.949464262
1413394927155760384.000000 0.504756927 -1.276025891 1.355735898 0.313009501 -0.031475410 0.021485472 0.948985100
1413394927205760512.000000 0.538835108 -1.379376411 1.515465975 0.314663619 -0.023781221 -0.001554887 0.948904037
1413394927255760384.000000 0.549266994 -1.404095292 1.570041776 0.314643353 -0.017228108 -0.019893926 0.948845148
1413394927305760512.000000 0.559310794 -1.424212575 1.611888409 0.314339966 -0.013085209 -0.032341577 0.948669195
1413394927355760384.000000 0.579272330 -1.449570775 1.675727725 0.314543039 -0.013378649 -0.042626698 0.948191345
1413394927405760512.000000 0.598849714 -1.472359300 1.727115273 0.315701187 -0.016578197 -0.046542302 0.947571516
1413394927455760384.000000 0.617475688 -1.494447112 1.765209198 0.316427886 -0.018141402 -0.048077263 0.947223783
1413394927505760512.000000 0.648290157 -1.518772364 1.826184988 0.318164736 -0.022310432 -0.046843365 0.946614563
1413394927555760384.000000 0.676737070 -1.542017698 1.873236179 0.318950742 -0.026697041 -0.045741014 0.946290374
1413394927605760512.000000 0.704475582 -1.562982082 1.910192132 0.318839610 -0.028765976 -0.044326913 0.946334481
1413394927655760384.000000 0.742841303 -1.588302493 1.963693380 0.320446402 -0.028798332 -0.042393539 0.945879281
1413394927705760512.000000 0.762718558 -1.605800629 1.980097771 0.320547074 -0.029494915 -0.044053975 0.945747852
1413394927755760384.000000 0.790842354 -1.629297256 2.011396885 0.322111249 -0.027319742 -0.043307029 0.945316076
1413394927805760512.000000 0.823637605 -1.651823401 2.051339626 0.322248250 -0.023780355 -0.046681009 0.945204496
1413394927855760384.000000 0.848011971 -1.677436590 2.082832575 0.322492927 -0.020810829 -0.048848860 0.945081532
1413394927905760512.000000 0.906920075 -1.713558316 2.189094543 0.325993061 -0.022038747 -0.047805272 0.943905473
1413394927955760384.000000 0.925902724 -1.740730643 2.221893787 0.326282889 -0.022152435 -0.048512317 0.943766594
1413394928005760512.000000 0.949808955 -1.765414953 2.267307281 0.326886326 -0.021251380 -0.048029918 0.943603158
1413394928055760384.000000 0.972480357 -1.797511339 2.317118645 0.326366663 -0.016699221 -0.050538875 0.943743467
1413394928105760512.000000 0.986165762 -1.826355219 2.350164413 0.324361980 -0.009276922 -0.055693880 0.944246531
1413394928155760384.000000 1.017915130 -1.861379027 2.421280861 0.323177487 -0.000296536 -0.060365129 0.944411159
1413394928205760512.000000 1.028114676 -1.892080784 2.452005148 0.321114033 0.011494412 -0.063037753 0.944870293
1413394928255760384.000000 1.037091136 -1.920751452 2.488134861 0.318768412 0.023048826 -0.066957466 0.945183635
1413394928305760512.000000 1.047337055 -1.952627540 2.515348911 0.316618919 0.033850357 -0.067935862 0.945511222
1413394928355760384.000000 1.084265590 -1.986335039 2.599613190 0.318437159 0.038862940 -0.066383816 0.944817841
1413394928405760512.000000 1.093649030 -2.019843340 2.619438171 0.318131566 0.041597467 -0.063499369 0.945002615
1413394928455760384.000000 1.114593863 -2.053339481 2.668222666 0.320685387 0.035711709 -0.055604670 0.944877625
1413394928505760512.000000 1.123000979 -2.086493731 2.682245970 0.322613388 0.028251773 -0.046462178 0.944967628
1413394928555760384.000000 1.138705850 -2.115402460 2.714470387 0.323162168 0.023188537 -0.040384579 0.945197165
1413394928605760512.000000 1.149725676 -2.149942160 2.730085135 0.323450297 0.016822277 -0.035499215 0.945429444
1413394928655760384.000000 1.159146547 -2.181609154 2.740401268 0.323209971 0.012840169 -0.031717185 0.945708454
1413394928705760512.000000 1.175477266 -2.212993860 2.765771151 0.322115481 0.009596932 -0.030262168 0.946168005
1413394928755760384.000000 1.184969068 -2.243733883 2.774235249 0.320493013 0.008127550 -0.030074591 0.946738482
1413394928805760512.000000 1.212337613 -2.276988268 2.825592995 0.321438402 0.004951568 -0.028731914 0.946481586
1413394928855760384.000000 1.219652295 -2.306981325 2.834206581 0.318123788 0.006632526 -0.033190407 0.947444856
1413394928905760512.000000 1.229002714 -2.334538698 2.857426167 0.314639658 0.008883637 -0.039291468 0.948356032
1413394928955760384.000000 1.231871605 -2.365474701 2.867080688 0.312117666 0.009534881 -0.042406533 0.949048698
1413394929005760512.000000 1.236783504 -2.395619154 2.896958113 0.310864627 0.009264210 -0.043046139 0.949433804
1413394929055760384.000000 1.235608816 -2.425370216 2.905949116 0.309984148 0.011228711 -0.042381492 0.949730337
1413394929105760512.000000 1.239290714 -2.460330725 2.931721449 0.310266018 0.014556292 -0.038318712 0.949765682
1413394929155760384.000000 1.241803527 -2.475877762 2.965277672 0.313631207 0.020130102 -0.035627481 0.948662758
1413394929205760512.000000 1.239738822 -2.505759001 2.969402790 0.313894719 0.025449440 -0.031590842 0.948590815
1413394929255760384.000000 1.239005089 -2.534409523 2.984434366 0.314652056 0.028208520 -0.026318287 0.948422790
1413394929305760512.000000 1.236596942 -2.561975002 2.984696150 0.316449374 0.030309802 -0.018604118 0.947942555
1413394929355760384.000000 1.232874155 -2.601863861 2.976847649 0.314156324 0.031140959 -0.012794368 0.948774159
1413394929405760512.000000 1.230902553 -2.626075745 2.974352360 0.314667583 0.029516194 -0.008878721 0.948701441
1413394929455760384.000000 1.242077708 -2.624249697 3.021222353 0.322646797 0.022446031 -0.005266543 0.946238577
1413394929505760512.000000 1.240109086 -2.644454479 3.016228914 0.322650611 0.013451612 -0.005681471 0.946405530
1413394929555760384.000000 1.232760668 -2.675589800 3.004884481 0.319112062 0.002737423 -0.008034788 0.947678983
1413394929605760512.000000 1.231025815 -2.692587852 3.000828266 0.318250567 -0.008487179 -0.010999632 0.947904885
1413394929655760384.000000 1.237401009 -2.704265356 3.001505136 0.315682948 -0.017105423 -0.015386366 0.948585808
1413394929705760512.000000 1.237464786 -2.719669819 2.996979952 0.312750548 -0.020412551 -0.021480484 0.949372947
1413394929755760384.000000 1.244463801 -2.714968443 3.034146070 0.315586299 -0.023262875 -0.026139935 0.948251486
1413394929805760512.000000 1.243396759 -2.730261564 3.031197548 0.313112885 -0.022466881 -0.030185185 0.948970258
1413394929855760384.000000 1.233402729 -2.764159441 3.002270460 0.306252033 -0.018472612 -0.033298470 0.951188564
1413394929905760512.000000 1.228574634 -2.780200958 3.000797749 0.305047899 -0.013503693 -0.033159990 0.951663792
1413394929955760384.000000 1.234847784 -2.769818544 3.053480625 0.310869455 -0.007604512 -0.029750232 0.949956536
1413394930005760512.000000 1.226046085 -2.785836458 3.052191257 0.309609532 0.001348009 -0.028557433 0.950433969
1413394930055760384.000000 1.218062758 -2.793847084 3.070394516 0.310111284 0.009085358 -0.027411882 0.950261593
1413394930105760512.000000 1.204289198 -2.808650970 3.067601204 0.308798254 0.015969966 -0.027701695 0.950590014
1413394930155760384.000000 1.190333605 -2.822686195 3.065328121 0.307577193 0.024363223 -0.026690120 0.950836658
1413394930205760512.000000 1.176567912 -2.836369276 3.059314251 0.306565404 0.032665875 -0.026432026 0.950921655
1413394930255760384.000000 1.169736028 -2.841183901 3.075783730 0.307457954 0.041884705 -0.022055559 0.950383544
1413394930305760512.000000 1.158511519 -2.850225210 3.067623138 0.309632182 0.048114512 -0.013592274 0.949541092
1413394930355760384.000000 1.148929954 -2.852198362 3.072033167 0.312873363 0.045811240 -0.005705054 0.948672295
1413394930405760512.000000 1.134904623 -2.857899427 3.061746120 0.314927965 0.029987235 -0.002111973 0.948639393
1413394930455760384.000000 1.118386865 -2.865038157 3.048288345 0.314978778 0.006258936 -0.002529898 0.949074745
1413394930505760512.000000 1.102115870 -2.867305279 3.037447453 0.315314800 -0.023751417 -0.005222993 0.948675573
1413394930555760384.000000 1.084161997 -2.867334366 3.033405781 0.315150470 -0.055288050 -0.008684979 0.947390139
1413394930605760512.000000 1.063497424 -2.867993832 3.026237249 -0.313983887 0.086166374 0.012577494 -0.945426583
1413394930655760384.000000 1.040046096 -2.871952534 3.017171383 0.310929835 -0.111490510 -0.016454533 0.943727612
1413394930705760512.000000 1.018692613 -2.873307228 3.018133879 0.306813240 -0.124628246 -0.027716227 0.943167746
1413394930755760384.000000 1.006692648 -2.861061811 3.041422844 0.305660337 -0.124875970 -0.038076092 0.943147898
1413394930805760512.000000 0.991770387 -2.866830111 3.053670406 0.301893950 -0.108719364 -0.046146106 0.945997238
1413394930855760384.000000 0.978955746 -2.872049093 3.071470022 0.299160451 -0.086522929 -0.050730012 0.948916912
1413394930905760512.000000 0.968831897 -2.881921768 3.089779854 0.297319293 -0.059340406 -0.049727064 0.951633990
1413394930955760384.000000 0.960958660 -2.891046762 3.111311674 0.297022521 -0.028920900 -0.046313975 0.953308046
1413394931005760512.000000 0.955795467 -2.903832674 3.130418777 -0.296674281 0.002447095 0.040640771 -0.954110503
1413394931055760384.000000 0.952601433 -2.915736914 3.149531841 0.295971692 0.017951852 -0.036363557 0.954335451
1413394931105760512.000000 0.951735258 -2.928260326 3.164444208 0.295508415 0.031468987 -0.032557625 0.954266548
1413394931155760384.000000 0.952046454 -2.936124325 3.175358772 0.294403166 0.040053442 -0.031257957 0.954329908
1413394931205760512.000000 0.955911517 -2.946346998 3.183389187 0.293012291 0.046347126 -0.030069789 0.954511225
1413394931255760384.000000 0.960459590 -2.951550484 3.187961102 0.292858392 0.051611260 -0.027281968 0.954372048
1413394931305760512.000000 0.972140729 -2.959642649 3.187755585 0.291711062 0.058883533 -0.025590220 0.954349279
1413394931355760384.000000 0.987442493 -2.959016085 3.178742886 0.292395711 0.065957390 -0.021049546 0.953787923
1413394931405760512.000000 1.005080104 -2.963711023 3.169978142 0.292736560 0.066789396 -0.016903548 0.953707933
1413394931455760384.000000 1.017972827 -2.963926554 3.153715611 0.291301161 0.057619199 -0.019281227 0.954699934
1413394931505760512.000000 1.031345129 -2.971642017 3.135209560 0.287829995 0.039541353 -0.023635050 0.956572950
1413394931555760384.000000 1.039565325 -2.972689629 3.118728876 0.285382181 0.021442451 -0.030439014 0.957690358
1413394931605760512.000000 1.040306091 -2.968600988 3.091787815 0.284319073 0.006986583 -0.036777269 0.957998574
1413394931655760384.000000 1.043771625 -2.969699144 3.073415041 0.283729851 -0.003510229 -0.044504024 0.957864583
1413394931705760512.000000 1.043625712 -2.972509861 3.054595470 0.285192788 -0.009314076 -0.054347176 0.956882834
1413394931755760384.000000 1.081100821 -2.985372066 2.971920013 -0.283205986 0.021846417 0.070848398 -0.956189156
1413394931805760512.000000 1.042549968 -2.972628593 3.024799347 0.295653641 -0.011181952 -0.081338286 0.951760530
1413394931855760384.000000 1.050493479 -2.983608723 2.982017040 0.304846317 -0.010715047 -0.092193305 0.947868288
1413394931905760512.000000 1.033616066 -2.992842436 2.982006550 0.318626046 -0.011589859 -0.097079538 0.942824841
1413394931955760384.000000 1.028213859 -3.008596659 2.958290577 -0.335534334 0.012136566 0.097693443 -0.936870039
1413394932005760512.000000 1.022954941 -3.026093960 2.936513901 0.355452001 -0.009952809 -0.095301300 0.929770112
1413394932055760384.000000 1.022220254 -3.046546221 2.909624100 0.376626104 -0.004332961 -0.092166215 0.921758890
1413394932105760512.000000 1.023781061 -3.066778660 2.883052349 0.399938732 0.003585449 -0.086527623 0.912441313
1413394932155760384.000000 1.030242205 -3.089266777 2.852313757 0.423294246 0.009089304 -0.081366323 0.902285457
1413394932205760512.000000 1.038650274 -3.109891176 2.821952343 0.446987659 0.014542297 -0.075244837 0.891251266
1413394932255760384.000000 1.050784349 -3.131642342 2.788779259 0.470837265 0.015780224 -0.068163261 0.879441381
1413394932305760512.000000 1.064239144 -3.150016546 2.756326914 0.493442863 0.021604460 -0.063797310 0.867166281
1413394932355760384.000000 1.079482317 -3.168147564 2.722732306 0.514648139 0.025996406 -0.062399451 0.854732633
1413394932405760512.000000 1.093961358 -3.182920218 2.686654568 0.533301413 0.034607764 -0.064355992 0.842763484
1413394932455760384.000000 1.106963873 -3.196003437 2.654009581 0.551023424 0.043871112 -0.066804759 0.830653787
1413394932505760512.000000 1.118052244 -3.204722881 2.634676218 0.568314910 0.052526969 -0.071374670 0.818024933
1413394932555760384.000000 1.124739766 -3.211417675 2.603607893 0.583541155 0.060293783 -0.075743809 0.806292355
1413394932605760512.000000 1.126986742 -3.215023518 2.566226721 0.597244978 0.066963099 -0.082169384 0.795023739
1413394932655760384.000000 1.125957608 -3.215369940 2.536345482 0.610849202 0.069377549 -0.089261174 0.783634186
1413394932705760512.000000 1.122929096 -3.213040113 2.507249832 0.623695672 0.069290951 -0.097335689 0.772481918
1413394932755760384.000000 1.118378401 -3.207458973 2.477524519 0.635290384 0.066428371 -0.108249448 0.761758149
1413394932805760512.000000 1.113360405 -3.198396683 2.447116613 0.645691931 0.058733381 -0.120242283 0.751780629
1413394932855760384.000000 1.108481407 -3.187639713 2.416916370 0.655203223 0.047773212 -0.133535564 0.742020786
1413394932905760512.000000 1.103380680 -3.173726559 2.385968208 0.663910806 0.037033912 -0.145395666 0.732605696
1413394932955760384.000000 1.096534967 -3.159222603 2.351635695 0.671493232 0.027298067 -0.156699091 0.723738253
1413394933005760512.000000 1.089754462 -3.144365072 2.321082830 0.679403782 0.019253325 -0.165375680 0.714626253
1413394933055760384.000000 1.082089663 -3.126464128 2.291528463 0.687256157 0.013642639 -0.172252938 0.705564976
1413394933105760512.000000 1.069999337 -3.118203402 2.257133961 0.695424795 0.010887496 -0.178862289 0.695898116
1413394933155760384.000000 1.058346033 -3.104672432 2.228418827 0.704335570 0.009776644 -0.183808193 0.685587704
1413394933205760512.000000 1.044202328 -3.094667673 2.196788311 0.713491976 0.011059882 -0.186354637 0.675336123
1413394933255760384.000000 1.028204441 -3.083276033 2.169462681 0.723036408 0.012685580 -0.187690467 0.664702773
1413394933305760512.000000 1.015032172 -3.078130007 2.156709433 0.732979357 0.016289091 -0.189391255 0.653151572
1413394933355760384.000000 0.994079292 -3.067563057 2.131677389 0.741370440 0.020307552 -0.191136718 0.642980754
1413394933405760512.000000 0.971051753 -3.061552048 2.107795954 0.749714851 0.023757543 -0.192077145 0.632826805
1413394933455760384.000000 0.944546521 -3.051636696 2.085055351 0.757230163 0.027013270 -0.193851337 0.623132825
1413394933505760512.000000 0.916246414 -3.046086788 2.063132048 0.764757872 0.029122947 -0.195065320 0.613389611
1413394933555760384.000000 0.885176182 -3.036539078 2.041750908 0.771902144 0.030866228 -0.196629405 0.603780866
1413394933605760512.000000 0.849934399 -3.023951292 2.010007381 0.778970301 0.033516612 -0.197161496 0.594314218
1413394933655760384.000000 0.819987059 -3.013882399 1.988718271 0.787051618 0.037192639 -0.195138276 0.584027052
1413394933705760512.000000 0.793792129 -3.013290882 1.968370914 0.794797897 0.042199377 -0.192418382 0.574012816
1413394933755760384.000000 0.766521573 -3.001731873 1.947440624 0.802160919 0.046011101 -0.188621551 0.564661741
1413394933805760512.000000 0.745154679 -2.997972012 1.937501907 0.808859706 0.048905615 -0.186161175 0.555606306
1413394933855760384.000000 0.719195187 -2.983572006 1.917996645 0.813477218 0.050329946 -0.186414108 0.548608720
1413394933905760512.000000 0.695038915 -2.973281384 1.899976015 0.817545533 0.049445324 -0.190882251 0.541053236
1413394933955760384.000000 0.669088602 -2.955577374 1.882246017 0.820252061 0.046171766 -0.200878918 0.533575177
1413394934005760512.000000 0.641083479 -2.931778431 1.862577438 0.823495567 0.042505473 -0.210322008 0.525179148
1413394934055760384.000000 0.622445881 -2.926434040 1.847245932 0.828092515 0.038759980 -0.218782932 0.514679134
1413394934105760512.000000 0.600260139 -2.906798840 1.828220606 0.834213555 0.038709853 -0.220957473 0.503753126
1413394934155760384.000000 0.582440138 -2.893916607 1.808803320 0.842018843 0.042130187 -0.218619227 0.491360277
1413394934205760512.000000 0.561583817 -2.874712944 1.789129496 0.850047231 0.045768026 -0.215185210 0.478560746
1413394934255760384.000000 0.540307105 -2.860935211 1.771122694 0.857708335 0.048955821 -0.214038625 0.464894891
1413394934305760512.000000 0.513991475 -2.840383053 1.753614068 0.864514649 0.050744273 -0.216423556 0.450777560
1413394934355760384.000000 0.486468315 -2.826123714 1.738327146 0.871124983 0.048504096 -0.221408695 0.435622454
1413394934405760512.000000 0.454378486 -2.804564714 1.723896146 0.877080739 0.042735193 -0.227668166 0.420797318
1413394934455760384.000000 0.420379728 -2.787563801 1.709004283 0.882182419 0.036893513 -0.233375371 0.407343894
1413394934505760512.000000 0.383460343 -2.766301870 1.698771834 0.886181653 0.033332877 -0.238774180 0.395674139
1413394934555760384.000000 0.348224044 -2.756231546 1.690851688 0.889428437 0.032798719 -0.243950397 0.385135800
1413394934605760512.000000 0.309125960 -2.736313581 1.682514429 0.891700625 0.034658760 -0.248712912 0.376577586
1413394934655760384.000000 0.274961889 -2.725492477 1.672792315 0.893408000 0.037760820 -0.252947658 0.369342536
1413394934705760512.000000 0.241836175 -2.706144810 1.665406227 0.895174980 0.040291611 -0.254817337 0.363464534
1413394934755760384.000000 0.214200199 -2.693433762 1.656160355 0.897541821 0.038521416 -0.254331261 0.358120650
1413394934805760512.000000 0.187870011 -2.672818661 1.649559855 0.899184763 0.038834009 -0.253475338 0.354554594
1413394934855760384.000000 0.169074252 -2.659663439 1.638750553 0.900651395 0.039369751 -0.251905322 0.351881891
1413394934905760512.000000 0.150046289 -2.639367342 1.630923986 0.901468933 0.039253410 -0.251148373 0.350339204
1413394934955760384.000000 0.134960487 -2.619649172 1.621440411 0.902112663 0.039719746 -0.250226825 0.349287361
1413394935005760512.000000 0.128562510 -2.605190992 1.604471207 0.902860045 0.041348290 -0.246936530 0.349508911
1413394935055760384.000000 0.121285900 -2.584516764 1.594550252 0.903900921 0.040968135 -0.242934227 0.349668056
1413394935105760512.000000 0.123467952 -2.575928926 1.582335234 0.904792130 0.040059470 -0.238248184 0.350691229
1413394935155760384.000000 0.120024174 -2.556608438 1.573302984 0.904842079 0.038938083 -0.232446268 0.354560971
1413394935205760512.000000 0.118460886 -2.542934895 1.562460542 0.903969109 0.039320711 -0.228003010 0.359594792
1413394935255760384.000000 0.113685630 -2.524588585 1.556598783 0.902840257 0.039952878 -0.223199502 0.365329117
1413394935305760512.000000 0.108283550 -2.509900093 1.550704956 0.901876807 0.041713703 -0.218465894 0.370338768
1413394935355760384.000000 0.100776806 -2.491831303 1.548725009 0.900793493 0.045961138 -0.213624105 0.375264406
1413394935405760512.000000 0.090876304 -2.474684000 1.548133612 0.899441361 0.049045466 -0.210411668 0.379903585
1413394935455760384.000000 0.076262251 -2.457117319 1.546967626 0.897506297 0.051713519 -0.210420310 0.384098381
1413394935505760512.000000 0.061419334 -2.438524723 1.550578237 0.894832492 0.052518174 -0.213910729 0.388276964
1413394935555760384.000000 0.046747670 -2.419612408 1.556898594 0.891550660 0.051583875 -0.220191374 0.392418653
1413394935605760512.000000 0.026293196 -2.402226686 1.564613342 0.889066041 0.049997013 -0.225971356 0.394967020
1413394935655760384.000000 0.010013666 -2.380941629 1.571339488 0.886461139 0.049587958 -0.230140850 0.398450792
1413394935705760512.000000 -0.002571151 -2.361383915 1.577354670 0.884661078 0.049318969 -0.232250243 0.401250929
1413394935755760384.000000 -0.013134766 -2.337273598 1.583802938 0.883277178 0.050559018 -0.232575253 0.403948039
1413394935805760512.000000 -0.024191149 -2.310136080 1.585507989 0.882282853 0.052720957 -0.231072366 0.406697780
1413394935855760384.000000 -0.026569020 -2.285833836 1.588196039 0.881949425 0.052305322 -0.229534477 0.408342272
1413394935905760512.000000 -0.022987161 -2.266461849 1.596428275 0.881284058 0.050715040 -0.230932459 0.409190208
1413394935955760384.000000 -0.025948107 -2.240015984 1.600387454 0.880006552 0.049259067 -0.233185425 0.410836518
1413394936005760512.000000 -0.030997196 -2.215451956 1.606365681 0.878422379 0.047243953 -0.238957390 0.411146611
1413394936055760384.000000 -0.041143764 -2.188180923 1.612595916 0.876388192 0.042869147 -0.249547496 0.409673184
1413394936105760512.000000 -0.053492155 -2.163087845 1.620250940 0.874955237 0.037892889 -0.262457043 0.405134410
1413394936205760512.000000 -0.086417481 -2.108936548 1.632244110 0.878321528 0.032292061 -0.280173928 0.386019647
1413394936255760384.000000 -0.102868915 -2.086944103 1.636253357 0.884362221 0.034990959 -0.281554729 0.370683372
1413394936305760512.000000 -0.121860757 -2.060699224 1.639251947 0.892120838 0.040012613 -0.280396193 0.351990730
1413394936405760512.000000 -0.157036215 -2.012695551 1.640715361 0.910869360 0.051702753 -0.272901446 0.305235565
1413394936505760512.000000 -0.189889848 -1.961204290 1.638294458 0.926509857 0.066893913 -0.272558004 0.250633061
1413394936605760512.000000 -0.219308734 -1.905523300 1.633835316 0.936474442 0.080625579 -0.279819280 0.195489958
1413394936705760512.000000 -0.246400416 -1.845192194 1.628440619 0.942426503 0.079366826 -0.290204078 0.145995870
1413394936805760512.000000 -0.269948661 -1.780911922 1.620941162 0.945735753 0.078350164 -0.297803521 0.103722401
1413394936905760512.000000 -0.291327715 -1.712451935 1.611450434 0.946543455 0.079717316 -0.305471331 0.066242136
1413394937005760512.000000 -0.313215733 -1.639675736 1.599599123 0.945012987 0.082122803 -0.315241516 0.028793903
1413394937105760512.000000 -0.335329056 -1.562237382 1.583762646 0.941737950 0.085165471 -0.325212836 -0.010641440
1413394937205760512.000000 -0.358439326 -1.480675936 1.563094616 0.938512921 0.087694429 -0.330395371 -0.048397046
1413394937255760384.000000 -0.371342897 -1.434955835 1.553524733 0.936513245 0.083673581 -0.334395677 -0.064197123
1413394937305760512.000000 -0.384281635 -1.396583319 1.538007498 0.934380472 0.077308886 -0.338908345 -0.078088038
1413394937355760384.000000 -0.397505760 -1.350202560 1.524913430 0.933056116 0.071719378 -0.340969771 -0.089455202
1413394937455760384.000000 -0.423314810 -1.269417286 1.486238003 0.932024419 0.064642236 -0.340632677 -0.105457351
1413394937555760384.000000 -0.450565696 -1.186473846 1.442708969 0.932267666 0.061971754 -0.337498575 -0.114591852
1413394937655760384.000000 -0.479432821 -1.104820967 1.393453479 0.933691978 0.060149305 -0.332686663 -0.117987819
1413394937755760384.000000 -0.507827163 -1.024261832 1.338602185 0.936040580 0.055151083 -0.327148467 -0.117304496
1413394937855760384.000000 -0.535656512 -0.946411252 1.279993176 0.938089490 0.049317215 -0.324469388 -0.110795595
1413394937955760384.000000 -0.562559605 -0.873169541 1.216886759 0.939503372 0.038962979 -0.326418847 -0.096260577
1413394938055760384.000000 -0.584840357 -0.804716289 1.147299290 0.939460635 0.024169406 -0.332657337 -0.078540646
1413394938155760384.000000 -0.597223520 -0.742627740 1.067991138 0.938460112 0.011222792 -0.339591950 -0.062000792
1413394938255760384.000000 -0.596395671 -0.689960361 0.974532247 0.938659966 0.005112775 -0.341935277 -0.044403721
1413394938355760384.000000 -0.577036142 -0.648264050 0.866448641 0.941967905 0.017888810 -0.334289581 -0.025041755
1413394938455760384.000000 -0.546248317 -0.614613533 0.748429060 0.946962833 0.026225772 -0.320233941 -0.004882620
1413394938555760384.000000 -0.515506148 -0.587688804 0.627218485 0.949201763 0.040641543 -0.311492413 0.018353049
1413394938655760384.000000 -0.496230066 -0.565817297 0.508552969 0.947080553 0.050987653 -0.313296348 0.047792505
1413394938755760384.000000 -0.488705933 -0.547151625 0.391861171 0.943091869 0.052279267 -0.318147480 0.081405133
1413394938855760384.000000 -0.491513312 -0.530845165 0.276137888 0.939061403 0.041215889 -0.320072353 0.118400678
1413394938955760384.000000 -0.504504502 -0.518727779 0.161018491 0.937129378 0.012964115 -0.310285181 0.159196600
1413394939055760384.000000 -0.525365055 -0.515582085 0.048308790 0.935083807 -0.016765293 -0.290007651 0.203058675
1413394939155760384.000000 -0.552758217 -0.525089383 -0.059060633 0.929899812 -0.034012157 -0.270155698 0.247276112
1413394939255760384.000000 -0.587139130 -0.548015296 -0.159562349 0.921145797 -0.033340149 -0.259096861 0.288526803
1413394939355760384.000000 -0.624298453 -0.584187508 -0.253809333 0.911584079 -0.022818238 -0.253542334 0.322816074
1413394939455760384.000000 -0.653383970 -0.629129469 -0.343222141 0.901482463 0.005524785 -0.258061498 0.347423673
1413394939555760384.000000 -0.667067289 -0.670578539 -0.432900190 0.893864155 0.034661494 -0.260841995 0.362997353
1413394939655760384.000000 -0.665125549 -0.723965347 -0.527989388 0.892544627 0.030056363 -0.252057523 0.372730196
1413394939755760384.000000 -0.653277934 -0.770486951 -0.622138381 0.891029477 0.008751621 -0.240613341 0.384831429
1413394939855760384.000000 -0.634956121 -0.820830822 -0.711991549 0.887475550 -0.019445509 -0.228396133 0.399805427
1413394939955760384.000000 -0.618039846 -0.879588664 -0.792713165 0.876953423 -0.016774422 -0.237680376 0.417348027
1413394940055760384.000000 -0.614100933 -0.943341136 -0.866146922 0.861320019 0.003603049 -0.261161566 0.435786188
1413394940155760384.000000 -0.611731470 -1.018948555 -0.931935430 0.849515855 0.005006788 -0.264735430 0.456303596
1413394940255760384.000000 -0.628878355 -1.094852686 -0.996683002 0.839852810 0.003943209 -0.251517504 0.481010050
1413394940355760384.000000 -0.656300187 -1.176282167 -1.059960961 0.828515291 0.005279700 -0.232321933 0.509471416
1413394940455760384.000000 -0.697611451 -1.255748272 -1.118533015 0.813295066 0.005439620 -0.214373872 0.540893316
1413394940555760384.000000 -0.723686159 -1.344761610 -1.172294378 0.793915749 0.013127140 -0.204831883 0.572336793
1413394940655760384.000000 -0.719614029 -1.457341194 -1.221262455 0.769106925 0.031921029 -0.208256900 0.603394389
1413394940755760384.000000 -0.734612703 -1.546092153 -1.277707934 0.747592807 0.046309020 -0.213967904 0.627039373
1413394940855760384.000000 -0.747262597 -1.619876027 -1.346892118 0.736816108 0.045700230 -0.209801167 0.641090512
1413394940955760384.000000 -0.748633087 -1.688349962 -1.426664591 0.734964430 0.027930802 -0.196799666 0.648318648
1413394941005760512.000000 -0.746977568 -1.721445084 -1.468000174 0.734153986 0.013418529 -0.190274164 0.651639223
1413394941055760384.000000 -0.744795322 -1.754251242 -1.508896351 0.732564867 -0.002108894 -0.184543207 0.655200899
1413394941105760512.000000 -0.742435515 -1.787059307 -1.548607349 0.730327129 -0.019871572 -0.179036573 0.658918321
1413394941205760512.000000 -0.733023047 -1.854517937 -1.623020768 0.723499537 -0.045864739 -0.171282306 0.667163551
1413394941305760512.000000 -0.715005517 -1.927018881 -1.688443422 0.716768086 -0.058545042 -0.170433879 0.673623264
1413394941405760512.000000 -0.689555407 -2.006505251 -1.743349433 0.709745109 -0.059928566 -0.179999322 0.678432643
1413394941505760512.000000 -0.654217064 -2.095103264 -1.790435791 0.701873243 -0.031028187 -0.199705020 0.683029413
1413394941605760512.000000 -0.614278615 -2.190734386 -1.835399508 0.693530142 0.000074286 -0.217517883 0.686805665
1413394941705760512.000000 -0.575540245 -2.291525364 -1.883273363 0.686039984 0.019741032 -0.220136449 0.693180740
1413394941755760384.000000 -0.556612194 -2.343130589 -1.909907818 0.683782041 0.025221517 -0.214417771 0.697015882
1413394941805760512.000000 -0.538362563 -2.395386696 -1.938385725 0.682316601 0.027191130 -0.207374170 0.700500309
1413394941855760384.000000 -0.522037148 -2.447477102 -1.968515635 0.684225380 0.018465074 -0.191916138 0.703322828
1413394941905760512.000000 -0.505862117 -2.499358892 -1.999645472 0.687043786 0.005225635 -0.174722522 0.705276966
1413394941955760384.000000 -0.489842564 -2.551269054 -2.031537533 0.690183401 -0.012436530 -0.155283317 0.706667781
1413394942005760512.000000 -0.471786380 -2.603038549 -2.061724663 0.692708492 -0.030227631 -0.137339190 0.707374930
1413394942055760384.000000 -0.451763928 -2.654712677 -2.089622498 0.694669843 -0.046671942 -0.121105291 0.707523286
1413394942105760512.000000 -0.438784599 -2.696384668 -2.116256475 0.696238756 -0.063482054 -0.104118630 0.707376122
1413394942155760384.000000 -0.407111049 -2.755582571 -2.133776903 0.696027398 -0.078892760 -0.090156920 0.707950294
1413394942205760512.000000 -0.425976425 -2.748102427 -2.139768362 0.694501162 -0.089975163 -0.077937424 0.709576249
1413394942255760384.000000 -0.396136045 -2.796906233 -2.145480871 0.690614641 -0.100487836 -0.067303360 0.713038504
1413394942305760512.000000 -0.363690406 -2.843691111 -2.142802238 0.684853733 -0.109229542 -0.059718248 0.717968047
1413394942355760384.000000 -0.289369822 -2.938375711 -2.140101433 0.676381409 -0.112537339 -0.053423584 0.725940406
1413394942405760512.000000 -0.286674410 -2.936111212 -2.114043951 0.667564571 -0.112449542 -0.051019832 0.734240949
1413394942455760384.000000 -0.243287385 -2.981200933 -2.086569309 0.656656742 -0.107922815 -0.047689985 0.744902849
1413394942505760512.000000 -0.197192863 -3.025827646 -2.048962593 0.644059896 -0.101996973 -0.045309953 0.756789684
1413394942555760384.000000 -0.157009229 -3.069519043 -2.007161379 0.630780101 -0.095805243 -0.041155085 0.768923998
1413394942605760512.000000 -0.118748307 -3.111981869 -1.959179759 0.615976512 -0.089602612 -0.038042452 0.781727016
1413394942655760384.000000 -0.084373280 -3.153618813 -1.905311346 0.600526750 -0.081492752 -0.033060420 0.794753790
1413394942705760512.000000 -0.051112279 -3.192483902 -1.846515894 0.583626926 -0.070472524 -0.029832710 0.808407903
1413394942755760384.000000 -0.022250511 -3.230276823 -1.778599977 0.564588904 -0.051192634 -0.031991538 0.823161781
1413394942805760512.000000 0.004216027 -3.265082359 -1.710089684 0.543546021 -0.024169896 -0.037477825 0.838193893
1413394942855760384.000000 0.026412502 -3.297272682 -1.638991356 0.521102667 0.006235343 -0.044864710 0.852291226
1413394942905760512.000000 0.043657064 -3.329791307 -1.569231987 0.497456878 0.038261659 -0.053456981 0.864994287
1413394942955760384.000000 0.053103536 -3.356025934 -1.497150660 0.473910689 0.067745075 -0.059792761 0.875924706
1413394943005760512.000000 0.060387641 -3.382630348 -1.429074407 0.451226890 0.090566419 -0.062954411 0.885566890
1413394943055760384.000000 0.061891556 -3.404863596 -1.363494754 0.429641545 0.107326001 -0.063543163 0.894344270
1413394943105760512.000000 0.059147298 -3.423378229 -1.299840689 0.408569008 0.119141795 -0.061928745 0.902796507
1413394943155760384.000000 0.050114572 -3.438196659 -1.238946915 0.387662709 0.127838314 -0.059090648 0.910979331
1413394943205760512.000000 0.038475901 -3.450070858 -1.188934326 0.367394656 0.134560004 -0.055073459 0.918630362
1413394943255760384.000000 0.020415694 -3.460439682 -1.143920422 0.347053766 0.138645902 -0.050863158 0.926144719
1413394943305760512.000000 -0.001102954 -3.467786789 -1.106028080 0.327580601 0.140590608 -0.045104418 0.933215320
1413394943355760384.000000 -0.024502963 -3.471825361 -1.077037096 0.308807909 0.139907166 -0.039626185 0.939943373
1413394943405760512.000000 -0.048574984 -3.471939564 -1.057952285 0.290353864 0.137171552 -0.035148431 0.946384251
1413394943455760384.000000 -0.073275417 -3.468520641 -1.048862934 0.271608710 0.132603750 -0.033623144 0.952635586
1413394943505760512.000000 -0.097464010 -3.462354660 -1.049249172 0.253116310 0.126905069 -0.032514784 0.958525002
1413394943555760384.000000 -0.121636972 -3.454506874 -1.058192968 0.236263037 0.115463831 -0.031740077 0.964282334
1413394943605760512.000000 -0.146147773 -3.445262432 -1.075570464 0.221759841 0.100285269 -0.030700622 0.969444633
1413394943655760384.000000 -0.170961574 -3.435309410 -1.100953817 0.210173011 0.080591582 -0.029339321 0.973895013
1413394943705760512.000000 -0.196971446 -3.425132513 -1.131954074 0.202342883 0.061222326 -0.021286620 0.977167428
1413394943755760384.000000 -0.224416077 -3.414814234 -1.167536616 -0.194581717 -0.045599680 0.015545311 -0.979702532
1413394943805760512.000000 -0.253960967 -3.404832125 -1.206593871 -0.190095752 -0.034364924 0.006046097 -0.981145382
1413394943855760384.000000 -0.285179645 -3.395284891 -1.247656226 -0.188797161 -0.026699279 -0.007262371 -0.981626213
1413394943905760512.000000 -0.318333387 -3.385358334 -1.290715575 -0.188570350 -0.020405170 -0.020443430 -0.981634855
1413394943955760384.000000 -0.354377717 -3.374557018 -1.335435271 -0.189556524 -0.012782630 -0.032260049 -0.981256545
1413394944005760512.000000 -0.391090333 -3.361900806 -1.381781340 -0.188923553 -0.007520507 -0.036879893 -0.981270194
1413394944055760384.000000 -0.427084118 -3.347194433 -1.429540873 -0.186616853 -0.003390753 -0.035218339 -0.981795490
1413394944105760512.000000 -0.461905986 -3.330455780 -1.478740811 -0.184967995 -0.000530592 -0.031771697 -0.982230723
1413394944155760384.000000 -0.494921923 -3.311544895 -1.529546857 -0.183456704 0.001117225 -0.028123876 -0.982624769
1413394944205760512.000000 -0.526316822 -3.290813923 -1.581902385 -0.181405514 0.002179066 -0.026562808 -0.983047128
1413394944255760384.000000 -0.556470156 -3.268222809 -1.635369182 -0.179091334 0.007505440 -0.026401911 -0.983449519
1413394944305760512.000000 -0.584712029 -3.244165421 -1.689860344 -0.176522762 0.014338992 -0.025506893 -0.983861506
1413394944355760384.000000 -0.607355893 -3.218452692 -1.744778156 -0.173755273 0.023022657 -0.024105623 -0.984224558
1413394944405760512.000000 -0.625312984 -3.190875053 -1.800963998 -0.169481456 0.033018891 -0.020735402 -0.984761834
1413394944455760384.000000 -0.639441848 -3.162022591 -1.856731534 -0.163345769 0.043115843 -0.016165363 -0.985493779
1413394944505760512.000000 -0.653390527 -3.132455111 -1.911534905 -0.155205712 0.052665915 -0.014455693 -0.986371458
1413394944555760384.000000 -0.669052005 -3.102614164 -1.964434862 -0.145858273 0.062262826 -0.019609440 -0.987149537
1413394944605760512.000000 -0.686547160 -3.072753429 -2.014819384 -0.134927481 0.072776012 -0.027264871 -0.987803042
1413394944655760384.000000 -0.706225991 -3.042766333 -2.062617540 -0.122140899 0.085286617 -0.035888400 -0.988190234
1413394944705760512.000000 -0.727295995 -3.012355566 -2.107156038 -0.107366361 0.097914129 -0.044337906 -0.988392413
1413394944755760384.000000 -0.878448963 -3.191390514 -2.357025385 -0.090467803 0.109301247 -0.052773599 -0.988475561
1413394944805760512.000000 -0.907409787 -3.178360701 -2.410062075 -0.072222106 0.118968919 -0.062078264 -0.988320112
1413394944855760384.000000 -0.936428249 -3.158745766 -2.453219414 -0.053039443 0.125746295 -0.071383886 -0.988068342
1413394944905760512.000000 -0.965229452 -3.138319254 -2.492123604 -0.032614380 0.129436061 -0.080420561 -0.987782955
1413394944955760384.000000 -0.993936360 -3.116995096 -2.526527166 -0.010882813 0.130644113 -0.089629598 -0.987309575
1413394945005760512.000000 -1.021795750 -3.094398022 -2.556473494 0.011882147 0.127670988 -0.096736722 -0.987016201
1413394945055760384.000000 -1.048714161 -3.070672274 -2.582249403 0.035752468 0.121017538 -0.100069031 -0.986946166
1413394945105760512.000000 -1.075465202 -3.046029568 -2.604301691 0.060507588 0.113836974 -0.102313429 -0.986363053
1413394945155760384.000000 -1.101123333 -3.020684719 -2.623126030 0.084973067 0.106228761 -0.103672206 -0.985265076
1413394945205760512.000000 -1.125375271 -2.995110273 -2.639324903 0.108910620 0.098757282 -0.105272897 -0.983515680
1413394945255760384.000000 -1.148262978 -2.969426155 -2.653554678 0.132757366 0.090454489 -0.108064137 -0.981078863
1413394945305760512.000000 -1.168988347 -2.943497181 -2.665792704 0.156521678 0.083439358 -0.109192066 -0.978067517
1413394945355760384.000000 -1.187778354 -2.918066263 -2.677103758 0.179805323 0.072720781 -0.110711120 -0.974743485
1413394945405760512.000000 -1.204906464 -2.893476248 -2.687911987 0.203170493 0.056994978 -0.112514742 -0.970986009
1413394945455760384.000000 -1.221679211 -2.870305300 -2.698758364 0.224471927 0.041303538 -0.120493472 -0.966119945
1413394945505760512.000000 -1.302780628 -2.906566858 -2.641634941 0.242509738 0.027336366 -0.137731284 -0.959933341
1413394945555760384.000000 -1.287570000 -2.934404612 -2.660692692 0.260650158 0.016001778 -0.156105042 -0.952594757
1413394945605760512.000000 -1.310625792 -2.915625095 -2.673419476 0.278052598 0.008623706 -0.174106032 -0.944616079
1413394945655760384.000000 -1.333228111 -3.048832417 -2.959318399 0.295587122 0.001471663 -0.192731723 -0.935671270
1413394945705760512.000000 -1.352409601 -3.021485090 -3.024433613 0.313774496 -0.001979684 -0.208587125 -0.926300764
1413394945755760384.000000 -1.375829458 -3.027721405 -3.032633543 0.332351029 -0.004663133 -0.224404931 -0.916058660
1413394945805760512.000000 -1.398860931 -3.026445866 -3.070472002 0.352295339 -0.005687590 -0.237376884 -0.905266762
1413394945855760384.000000 -1.422697306 -3.023905993 -3.111440897 0.373226076 -0.007274822 -0.249494880 -0.893533289
1413394945905760512.000000 -1.447876573 -3.021622181 -3.156796455 0.394557387 -0.009393628 -0.261751711 -0.880750954
1413394945955760384.000000 -1.473773003 -3.019383430 -3.207377434 0.417250186 -0.009566982 -0.270864934 -0.867434740
1413394946005760512.000000 -1.499325275 -3.015777588 -3.262620449 0.441854596 -0.007300611 -0.274596751 -0.853995264
1413394946055760384.000000 -1.525160193 -3.012248993 -3.322871447 0.468002468 -0.001588664 -0.273653775 -0.840288520
1413394946155760384.000000 -1.575761318 -3.004243374 -3.455780745 0.519612134 0.009182955 -0.270917386 -0.810260952
1413394946205760512.000000 -1.601327777 -3.002391815 -3.527224064 0.544377208 0.011356791 -0.270338714 -0.794003546
1413394946255760384.000000 -1.627129078 -3.001425505 -3.600960970 0.567860723 0.011868461 -0.272886664 -0.776483238
1413394946355760384.000000 -1.680394650 -3.003364563 -3.754308224 0.610521615 0.009311510 -0.285480708 -0.738699853
1413394946455760384.000000 -1.734753370 -3.010491848 -3.916196108 0.649439812 0.007145815 -0.301049411 -0.698245049
1413394946555760384.000000 -1.788389802 -3.023555517 -4.087721348 0.686617494 0.003159166 -0.313716978 -0.655841529
1413394946655760384.000000 -1.841417074 -3.044284582 -4.269243717 0.727593958 0.008404056 -0.307906181 -0.612968385
1413394946755760384.000000 -1.893715858 -3.070787430 -4.457103729 0.769600689 0.018784100 -0.291931391 -0.567572176
1413394946855760384.000000 -1.945279956 -3.105661869 -4.644859791 0.806119502 0.027471546 -0.283949673 -0.518449008
1413394946955760384.000000 -1.993738651 -3.147646427 -4.829516411 0.838624120 0.032875456 -0.279181600 -0.466568857
1413394947055760384.000000 -2.036108255 -3.195848942 -5.008746624 0.867488861 0.038947966 -0.274770468 -0.412852824
