1413394925055760384.000000 0.020344999 0.024026066 0.044589791 0.004874772 0.004947955 -0.014805256 0.999866307
1413394925105760512.000000 0.021681398 0.029387645 0.054091144 0.012468465 0.005498945 -0.025406709 0.999584377
1413394925155760384.000000 0.025734555 0.034103047 0.066398159 0.021263478 0.002361177 -0.033725355 0.999202192
1413394925205760512.000000 0.032438379 0.037878558 0.077071004 0.030447537 -0.002933726 -0.044653904 0.998534203
1413394925255760384.000000 0.038441122 0.041389152 0.089838684 0.040741496 -0.009173444 -0.052568931 0.997743785
1413394925305760512.000000 0.118680336 0.076677047 0.232829586 0.040764868 -0.020253491 -0.049802911 0.997721314
1413394925355760384.000000 0.049126349 0.033288062 0.103809997 0.046483502 -0.014495614 -0.067909695 0.996502638
1413394925405760512.000000 0.127260923 0.075161591 0.251529753 0.052499611 -0.022788474 -0.057574820 0.996699333
1413394925455760384.000000 0.127603441 0.070865519 0.260750622 0.057554081 -0.022258986 -0.052149024 0.996730983
1413394925505760512.000000 0.131737933 0.067604713 0.270268828 0.062724866 -0.024725035 -0.046106260 0.996658742
1413394925555760384.000000 0.136536360 0.063278683 0.275811583 0.067029022 -0.026797745 -0.040112082 0.996584237
1413394925605760512.000000 0.200389788 -0.015110166 0.429867476 0.069057792 -0.026065307 -0.035474412 0.996640980
1413394925655760384.000000 0.202712938 -0.023719883 0.437643915 0.072993718 -0.027661424 -0.027766012 0.996562064
1413394925705760512.000000 0.203230187 -0.030585323 0.443034917 0.078355819 -0.029513985 -0.012509529 0.996410012
1413394925755760384.000000 0.200691268 -0.036834307 0.453973860 0.085638650 -0.030405162 0.004795388 0.995850682
1413394925805760512.000000 0.203791842 -0.045401167 0.460885614 0.089186601 -0.033303145 0.017503589 0.995304108
1413394925855760384.000000 0.203487664 -0.054669552 0.470231146 0.092210338 -0.035790369 0.030755652 0.994620740
1413394925905760512.000000 0.236083016 -0.231318206 0.614381194 0.095890351 -0.033666942 0.030754359 0.994346976
1413394925955760384.000000 0.240959480 -0.240742832 0.619226754 0.098285958 -0.036554154 0.035013575 0.993870080
1413394926005760512.000000 0.243700951 -0.246065870 0.629043102 0.103759468 -0.039086618 0.035664316 0.993193984
1413394926055760384.000000 0.246625826 -0.253908992 0.637541354 0.106396854 -0.039383553 0.028840957 0.993124783
1413394926105760512.000000 0.214140609 -0.088621765 0.505108535 0.109780423 -0.045665253 0.035086617 0.992286205
1413394926155760384.000000 0.217881173 -0.096371263 0.512776732 0.111750692 -0.046531573 0.028358759 0.992241144
1413394926205760512.000000 0.288702607 -0.475863457 0.790687323 0.106433220 -0.038793989 0.003183672 0.993557692
1413394926255760384.000000 0.295373976 -0.484102458 0.793669522 0.107431434 -0.042911462 0.000091540 0.993286014
1413394926305760512.000000 0.299756229 -0.492586613 0.799439788 0.110603958 -0.049494211 0.006172244 0.992612183
1413394926355760384.000000 0.302667886 -0.501114905 0.803452671 0.113774113 -0.055182204 0.010601906 0.991916358
1413394926405760512.000000 0.308458745 -0.513223469 0.810106695 0.115220726 -0.063605651 0.018779472 0.991123557
1413394926455760384.000000 0.341340065 -0.707453251 0.939532042 0.118887715 -0.055684917 0.010433543 0.991290152
1413394926505760512.000000 0.345091045 -0.719388306 0.946395218 0.123869777 -0.059263073 0.016700979 0.990386426
1413394926555760384.000000 0.350106448 -0.729637742 0.955685318 0.132988408 -0.060188480 0.022387009 0.989035010
1413394926605760512.000000 0.359634936 -0.738204718 0.962576091 0.146557629 -0.065937109 0.031735051 0.986491799
1413394926655760384.000000 0.367092878 -0.746713758 0.970794976 0.162019402 -0.067901880 0.040929765 0.983597457
1413394926705760512.000000 0.413425237 -0.968779087 1.108323455 0.178478822 -0.050492190 0.032921661 0.982095778
1413394926755760384.000000 0.421183228 -0.982374012 1.119447470 0.197374299 -0.055133250 0.048361689 0.977581203
1413394926805760512.000000 0.417909086 -0.995358348 1.138106585 0.220810205 -0.051288739 0.059332568 0.972158432
1413394926855760384.000000 0.380562842 -0.798587203 1.028992534 0.248369768 -0.070192903 0.098211460 0.961113930
1413394926905760512.000000 0.380313694 -0.810669899 1.047835112 0.269386053 -0.067861728 0.107942030 0.954554558
1413394926955760384.000000 0.495236337 -1.211328149 1.300075769 0.282376289 -0.050969090 0.067983337 0.955533445
1413394927005760512.000000 0.494963646 -1.222383976 1.318228722 0.298749030 -0.049776454 0.071103148 0.950376630
1413394927055760384.000000 0.498851568 -1.232538462 1.330831170 0.307295561 -0.045378998 0.063950740 0.948377848
1413394927105760512.000000 0.502602518 -1.243269444 1.342217088 0.309067130 -0.036079112 0.046450924 0.949219763
1413394927155760384.000000 0.488407701 -1.249052405 1.349261642 0.310276330 -0.016185472 0.025068615 0.950177968
1413394927205760512.000000 0.548456430 -1.372434139 1.550833464 0.317235082 -0.025092881 0.000944390 0.948014498
1413394927255760384.000000 0.558957875 -1.396987081 1.605576277 0.317299098 -0.018535923 -0.017336154 0.947985947
1413394927305760512.000000 0.573160529 -1.420122862 1.659442902 0.317544103 -0.014665438 -0.029412284 0.947673857
1413394927355760384.000000 0.592381060 -1.443635225 1.718042135 0.317497194 -0.015537690 -0.038920674 0.947332740
1413394927405760512.000000 0.610773087 -1.463642597 1.766169071 0.318852067 -0.019544248 -0.041803449 0.946680486
1413394927455760384.000000 0.632267356 -1.487555265 1.813645840 0.319865853 -0.019790368 -0.045023549 0.946185529
1413394927505760512.000000 0.671936631 -1.514864802 1.890183330 0.321739912 -0.027067957 -0.039851006 0.945601761
1413394927555760384.000000 0.704646349 -1.538660407 1.946201921 0.322738230 -0.032343674 -0.037636604 0.945186436
1413394927605760512.000000 0.741502523 -1.561712861 2.001916409 0.323281109 -0.035546467 -0.034770697 0.944995701
1413394927655760384.000000 0.768271089 -1.574402094 2.043827772 0.324673355 -0.036253329 -0.031993963 0.944589555
1413394927705760512.000000 0.787065744 -1.602733135 2.045395136 0.325153232 -0.031827122 -0.040183742 0.944271028
1413394927755760384.000000 0.822346449 -1.626741886 2.090058327 0.327276438 -0.029942807 -0.039031785 0.943647265
1413394927805760512.000000 0.850023746 -1.640794158 2.130565643 0.328069210 -0.027533686 -0.040959287 0.943363607
1413394927855760384.000000 0.887794554 -1.676832914 2.180962086 0.328716516 -0.023964934 -0.043873437 0.943104625
1413394927905760512.000000 0.912091732 -1.690566421 2.223439693 0.329670906 -0.024691325 -0.043650579 0.942763031
1413394927955760384.000000 0.942354441 -1.730121732 2.273980379 0.330313414 -0.024240172 -0.045133527 0.942479968
1413394928005760512.000000 0.963894546 -1.744697928 2.318064451 0.331549346 -0.024484981 -0.043188065 0.942130744
1413394928055760384.000000 0.987842321 -1.786330462 2.369106054 0.330821455 -0.018999275 -0.047095705 0.942325950
1413394928105760512.000000 1.007182837 -1.801498532 2.413000107 0.329644471 -0.012790142 -0.050768573 0.942652404
1413394928155760384.000000 1.030035257 -1.836548448 2.462883234 0.327683628 -0.005600073 -0.053444128 0.943258107
1413394928205760512.000000 1.051839232 -1.869169354 2.518967152 0.326646745 0.004832224 -0.054130603 0.943582833
1413394928255760384.000000 1.059358597 -1.908157825 2.556402206 0.324757516 0.019826489 -0.062465981 0.943524003
1413394928305760512.000000 1.075067520 -1.926258087 2.595959425 0.323400915 0.029416736 -0.061951429 0.943773627
1413394928355760384.000000 1.091417313 -1.973366737 2.638611794 0.322208971 0.036764674 -0.062935404 0.943858564
1413394928405760512.000000 1.105921745 -1.990872622 2.673246861 0.322780520 0.038280424 -0.058617543 0.943881035
1413394928455760384.000000 1.121299624 -2.039719343 2.707382917 0.324534804 0.033489905 -0.052127346 0.943842351
1413394928505760512.000000 1.134784460 -2.055591583 2.739440203 0.327365071 0.024803946 -0.041574877 0.943656981
1413394928555760384.000000 1.168513060 -2.080914021 2.766943216 0.327384949 0.010581065 -0.028197832 0.944410980
1413394928605760512.000000 1.179679513 -2.095243692 2.791191339 0.328502506 0.002979567 -0.021896824 0.944244623
1413394928655760384.000000 1.189254284 -2.148718357 2.812800884 0.329046637 0.004291707 -0.023573110 0.944009662
1413394928705760512.000000 1.199837446 -2.166153431 2.823565245 0.328174591 0.000372065 -0.023081025 0.944335043
1413394928755760384.000000 1.210569978 -2.178699017 2.843601942 0.327429295 -0.002308310 -0.021460801 0.944629133
1413394928805760512.000000 1.228394866 -2.224833488 2.862781286 0.325710088 -0.003214894 -0.022678196 0.945192218
1413394928855760384.000000 1.237704635 -2.236773491 2.882848740 0.323314637 -0.002730516 -0.025695231 0.945938706
1413394928905760512.000000 1.255271077 -2.311704397 2.931765079 0.323222727 0.002768195 -0.034580484 0.945686877
1413394928955760384.000000 1.261241078 -2.324684143 2.951365232 0.321601152 0.002233634 -0.036245953 0.946178675
1413394929005760512.000000 1.268078327 -2.361128807 2.965499401 0.320477307 0.001152199 -0.036098078 0.946567476
1413394929055760384.000000 1.270800114 -2.372836828 2.985281944 0.320398539 0.001920384 -0.033961382 0.946671963
1413394929105760512.000000 1.274887919 -2.410715580 2.997196198 0.319828868 0.005209908 -0.031124288 0.946949720
1413394929155760384.000000 1.265422583 -2.451179266 3.022694826 0.320157588 0.013562209 -0.030922165 0.946762383
1413394929205760512.000000 1.267957330 -2.463248730 3.039041281 0.321257502 0.017697295 -0.025399623 0.946485817
1413394929255760384.000000 1.283715606 -2.482581854 3.037217855 0.321968466 0.016420918 -0.015472821 0.946481526
1413394929305760512.000000 1.286036849 -2.493083000 3.049932480 0.324538916 0.017333141 -0.006270466 0.945692778
1413394929355760384.000000 1.270462155 -2.562836885 3.068169594 0.326787114 0.022227500 -0.008264362 0.944800436
1413394929405760512.000000 1.273768187 -2.569924593 3.080410719 0.328194410 0.019379269 -0.002924113 0.944406867
1413394929455760384.000000 1.284353852 -2.576571465 3.076522112 0.328482717 0.011123179 0.003452033 0.944438159
1413394929505760512.000000 1.287649870 -2.582988739 3.085363388 0.329430670 0.000970550 0.004429535 0.944168866
1413394929555760384.000000 1.289454460 -2.605533600 3.081371307 0.329109669 -0.011536314 0.001771518 0.944219649
1413394929605760512.000000 1.293238878 -2.608658314 3.091459751 0.329145074 -0.023890559 0.000136831 0.943977118
1413394929655760384.000000 1.249183059 -2.666423798 3.070265770 0.324997067 -0.021064173 -0.011853872 0.945406139
1413394929705760512.000000 1.278696656 -2.592411995 3.060054064 0.325117499 -0.032228660 -0.015357122 0.944999576
1413394929755760384.000000 1.283466339 -2.596543789 3.069046259 0.323471516 -0.035023756 -0.019289348 0.945392787
1413394929805760512.000000 1.309142590 -2.652882576 3.097731590 0.321586579 -0.038962089 -0.017684087 0.945912957
1413394929855760384.000000 1.311805964 -2.656546116 3.110143185 0.320823699 -0.037271649 -0.018657196 0.946221411
1413394929905760512.000000 1.251072049 -2.728455782 3.093967438 0.317230850 -0.018736247 -0.027933819 0.947751701
1413394929955760384.000000 1.251612067 -2.732505798 3.107183456 0.317167610 -0.011979330 -0.024924288 0.947966218
1413394930005760512.000000 1.243060112 -2.751229048 3.109646320 0.316438466 -0.003129391 -0.024050854 0.948303044
1413394930055760384.000000 1.240219235 -2.754754543 3.123094082 0.316125542 0.003960884 -0.022093136 0.948451877
1413394930105760512.000000 1.223051071 -2.774935484 3.119650126 0.315264910 0.010804528 -0.022779781 0.948668778
1413394930155760384.000000 1.219174027 -2.777173042 3.130853176 0.314669222 0.018285356 -0.020601762 0.948801637
1413394930205760512.000000 1.242308974 -2.745611191 3.140902519 0.317212611 0.017914142 -0.018682990 0.948001206
1413394930255760384.000000 1.239583611 -2.746829033 3.149463415 0.317738086 0.026492359 -0.013451397 0.947712958
1413394930305760512.000000 1.239207387 -2.747605801 3.153594971 0.319940746 0.032645430 -0.005481797 0.946859121
1413394930355760384.000000 1.163297057 -2.823155403 3.114650249 0.318536282 0.041803189 -0.001582687 0.946987152
1413394930405760512.000000 1.158295393 -2.822424412 3.114743710 0.321026325 0.025517393 0.002192029 0.946723998
1413394930455760384.000000 1.157715321 -2.819295406 3.109718323 0.323071152 -0.001638271 0.003014764 0.946368456
1413394930505760512.000000 1.151719689 -2.815322161 3.110517740 0.323976547 -0.032053217 0.000327128 0.945521951
1413394930555760384.000000 1.115491271 -2.826103687 3.081802607 0.323197514 -0.061884746 -0.005056937 0.944292367
1413394930605760512.000000 1.102297068 -2.823510647 3.084678173 0.322547168 -0.093162745 -0.008943468 0.941915154
1413394930655760384.000000 1.088788986 -2.821173906 3.067717075 0.320575416 -0.119685672 -0.012837846 0.939543486
1413394930705760512.000000 1.073261738 -2.819962025 3.076954365 0.316993862 -0.133153185 -0.023972211 0.938728094
1413394930755760384.000000 1.025211453 -2.829214096 3.083837986 0.312356234 -0.128977403 -0.035004478 0.940517485
1413394930805760512.000000 1.014196754 -2.832447290 3.103183746 0.308987200 -0.113211706 -0.042685773 0.943338752
1413394930855760384.000000 0.998028994 -2.840181112 3.114157200 0.305966347 -0.090683833 -0.047359772 0.946529567
1413394930905760512.000000 0.990935862 -2.847232819 3.139865875 0.304386318 -0.063913986 -0.045881886 0.949293911
1413394930955760384.000000 0.981097817 -2.858983040 3.155166626 0.303908139 -0.033900563 -0.042057306 0.951168716
1413394931005760512.000000 0.978280425 -2.868722439 3.179637909 0.303811163 -0.007825491 -0.035931654 0.952022374
1413394931055760384.000000 0.977463245 -2.879975557 3.200950384 0.303287297 0.012061275 -0.031245679 0.952310383
1413394931105760512.000000 0.979095817 -2.888955355 3.221463203 0.303151727 0.025128664 -0.027077790 0.952226043
1413394931155760384.000000 0.975092113 -2.898662090 3.222987175 0.302015096 0.034706596 -0.026446020 0.952304006
1413394931205760512.000000 0.982007563 -2.905203104 3.238170624 0.300979286 0.040594548 -0.024967007 0.952439129
1413394931255760384.000000 0.980138063 -2.914868832 3.228319645 0.300626636 0.047288656 -0.023308517 0.952283740
1413394931305760512.000000 0.995218217 -2.918908834 3.234935999 0.299836278 0.054096937 -0.021293050 0.952217579
1413394931355760384.000000 1.006755829 -2.923886776 3.220998526 0.299392849 0.061480571 -0.017136127 0.951992929
1413394931405760512.000000 1.028315663 -2.924470901 3.220640659 0.300166368 0.061778899 -0.012698843 0.951799512
1413394931455760384.000000 1.041656733 -2.922822237 3.202636480 0.299224168 0.051602181 -0.014493202 0.952676356
1413394931505760512.000000 1.057088017 -2.920815229 3.195772886 0.297798902 0.033618987 -0.018932462 0.953848600
1413394931555760384.000000 1.062772155 -2.917104721 3.169974327 0.296005666 0.014731706 -0.026208505 0.954712987
1413394931605760512.000000 1.073644161 -2.914169788 3.161920786 0.294857949 -0.000075590 -0.032110017 0.955001473
1413394931655760384.000000 1.071451664 -2.916315556 3.130705833 0.294205636 -0.009970057 -0.040880103 0.954815447
1413394931705760512.000000 1.076481581 -2.915160418 3.119671345 0.296070993 -0.016784221 -0.050561178 0.953679144
1413394931755760384.000000 1.065624475 -2.926938772 3.088696003 0.297896355 -0.015883965 -0.064252660 0.952300966
1413394931805760512.000000 1.067198038 -2.929870367 3.075634003 0.303736091 -0.016044118 -0.077602744 0.949455023
1413394931855760384.000000 1.061058998 -2.939927101 3.047245979 0.312959999 -0.015112224 -0.088586099 0.945505261
1413394931905760512.000000 1.058591127 -2.949073553 3.032474518 0.326785117 -0.016300818 -0.093179181 0.940352798
1413394931955760384.000000 1.050093174 -2.966084719 3.003634930 0.343680441 -0.016483070 -0.093868323 0.934238136
1413394932005760512.000000 1.047966123 -2.981623888 2.987097263 0.363510370 -0.014637135 -0.091144398 0.927005291
1413394932055760384.000000 1.044646978 -3.002951145 2.954893112 0.384702474 -0.008691284 -0.087969564 0.918798029
1413394932105760512.000000 1.048435092 -3.022109032 2.933181047 0.407852113 -0.001122338 -0.081950672 0.909362137
1413394932155760384.000000 1.054901838 -3.044426680 2.902275085 0.431449145 0.003975948 -0.076338656 0.898892820
1413394932205760512.000000 1.064923525 -3.064693213 2.877269983 0.454956234 0.009072340 -0.069862746 0.887722850
1413394932255760384.000000 1.074948192 -3.086205482 2.834780216 0.478583872 0.011402279 -0.063159563 0.875693083
1413394932305760512.000000 1.089236498 -3.105385780 2.806694031 0.501007915 0.016865380 -0.058485620 0.863299608
1413394932355760384.000000 1.104936123 -3.122019291 2.769442081 0.522239089 0.021679729 -0.057010774 0.850615144
1413394932405760512.000000 1.119720101 -3.138698578 2.739992380 0.541030586 0.029908095 -0.058637481 0.838423014
1413394932455760384.000000 1.135506153 -3.149933815 2.709411144 0.559408724 0.038646575 -0.060412940 0.825783670
1413394932505760512.000000 1.145795345 -3.162964821 2.678986311 0.575717688 0.047268264 -0.064723887 0.813711107
1413394932555760384.000000 1.152162313 -3.165199280 2.644815207 0.590411067 0.056416947 -0.069609269 0.802113771
1413394932605760512.000000 1.156334519 -3.174096584 2.612936020 0.604529202 0.062631056 -0.075787850 0.790492296
1413394932655760384.000000 1.163206100 -3.168015480 2.598417759 0.620803654 0.061917145 -0.079943001 0.777417719
1413394932705760512.000000 1.162033319 -3.172139645 2.564906120 0.633524299 0.061647736 -0.087779090 0.766251564
1413394932755760384.000000 1.149317384 -3.160852671 2.528235435 0.642625988 0.062789641 -0.101675339 0.756803453
1413394932805760512.000000 1.146544695 -3.160331488 2.492507458 0.653193712 0.054766651 -0.113604113 0.746614158
1413394932855760384.000000 1.140930891 -3.141020775 2.468772888 0.662682354 0.044382822 -0.126963630 0.736724198
1413394932905760512.000000 1.137909412 -3.136473656 2.431079149 0.671535075 0.033292983 -0.138802797 0.727094293
1413394932955760384.000000 1.141038895 -3.104370356 2.413161993 0.680394471 0.022227393 -0.149879366 0.717011571
1413394933005760512.000000 1.135902286 -3.098737478 2.374543667 0.688416302 0.013802554 -0.158517674 0.707647324
1413394933055760384.000000 1.132475257 -3.075088978 2.354090691 0.697632372 0.007466084 -0.165256128 0.697096705
1413394933105760512.000000 1.123716474 -3.070032120 2.315867662 0.705637515 0.004401376 -0.171686813 0.687444568
1413394933155760384.000000 1.113078475 -3.048616409 2.296352863 0.715018272 0.003219241 -0.176586419 0.676428676
1413394933205760512.000000 1.100300789 -3.044295549 2.259482622 0.724201679 0.004097000 -0.178946719 0.665952861
1413394933255760384.000000 1.072069287 -3.041823626 2.238206148 0.731538594 0.009518828 -0.180665433 0.657358944
1413394933305760512.000000 1.054207325 -3.037407398 2.203267574 0.740442038 0.013077251 -0.182397038 0.646765828
1413394933355760384.000000 1.034827113 -3.024422646 2.187318563 0.748926580 0.017499488 -0.184025601 0.636346877
1413394933405760512.000000 1.011495352 -3.020422220 2.153907299 0.757082760 0.020612841 -0.184854165 0.626282573
1413394933455760384.000000 0.986964762 -3.009325981 2.140566587 0.764702022 0.024257086 -0.186537817 0.616316557
1413394933505760512.000000 0.958651662 -3.004779339 2.108271360 0.772032678 0.026035359 -0.187666446 0.606686950
1413394933555760384.000000 0.929041386 -2.995387793 2.097024202 0.779278576 0.028162658 -0.189146593 0.596787512
1413394933605760512.000000 0.898811162 -2.990014315 2.064485312 0.786755741 0.030179361 -0.189519495 0.586674631
1413394933655760384.000000 0.878631949 -2.970313549 2.055931807 0.795450032 0.031895518 -0.187265590 0.575476885
1413394933705760512.000000 0.850860715 -2.963909149 2.023017406 0.803161085 0.036404952 -0.184442461 0.565321207
1413394933755760384.000000 0.825963259 -2.954157352 2.010155201 0.810567737 0.040491033 -0.180543527 0.555647850
1413394933805760512.000000 0.799943924 -2.945265293 1.977895737 0.816341937 0.043406811 -0.178091347 0.547708988
1413394933855760384.000000 0.768211246 -2.945654392 1.972264528 0.820401669 0.047592167 -0.178379446 0.541162610
1413394933905760512.000000 0.742894530 -2.933478355 1.941892624 0.824351013 0.046367124 -0.182879642 0.533713996
1413394933955760384.000000 0.719637692 -2.919021606 1.936002970 0.827215254 0.043546051 -0.192855924 0.525951803
1413394934005760512.000000 0.695055783 -2.903765440 1.906044245 0.830702066 0.039431900 -0.202353224 0.517138660
1413394934055760384.000000 0.673711777 -2.887913704 1.900577307 0.835025549 0.036370620 -0.210751668 0.506945014
1413394934105760512.000000 0.652519345 -2.872241020 1.869716644 0.841089070 0.035861190 -0.212986618 0.495903015
1413394934155760384.000000 0.635372341 -2.856480360 1.861908197 0.848770976 0.039794251 -0.210425645 0.483451456
1413394934205760512.000000 0.614866018 -2.841001034 1.830050945 0.856704712 0.042945914 -0.207007125 0.470490068
1413394934255760384.000000 0.594940484 -2.824584484 1.823874354 0.864211261 0.046662677 -0.205613136 0.456820399
1413394934305760512.000000 0.569055080 -2.808490753 1.793981314 0.870972812 0.048048336 -0.208026290 0.442518741
1413394934355760384.000000 0.542758763 -2.790894032 1.790453672 0.877456784 0.046404965 -0.212841764 0.427334338
1413394934405760512.000000 0.511013925 -2.775178909 1.763655186 0.883388519 0.040280320 -0.219216615 0.412245452
1413394934455760384.000000 0.491589457 -2.761410475 1.767464757 0.888885677 0.032986727 -0.224866927 0.397780120
1413394934505760512.000000 0.454768091 -2.746106148 1.742763638 0.892859697 0.029041298 -0.230356783 0.385867894
1413394934555760384.000000 0.432821155 -2.737482548 1.750762820 0.896127284 0.027576866 -0.234945670 0.375494361
1413394934605760512.000000 0.393890738 -2.723137617 1.726689816 0.898424804 0.029017707 -0.239763767 0.366748214
1413394934655760384.000000 0.335439801 -2.693356276 1.721899271 0.899507821 0.036189735 -0.244111970 0.360534996
1413394934705760512.000000 0.301013231 -2.679972887 1.697686315 0.901283026 0.038249034 -0.246079624 0.354500711
1413394934755760384.000000 0.312560439 -2.681281567 1.717608094 0.904185772 0.031761650 -0.245442450 0.348134190
1413394934805760512.000000 0.283797622 -2.666668415 1.692965508 0.905817747 0.031522881 -0.244729355 0.344395190
1413394934855760384.000000 0.267654032 -2.653833151 1.698517919 0.907441497 0.031922277 -0.242359847 0.341749310
1413394934905760512.000000 0.246488273 -2.639558554 1.674722195 0.908250749 0.031235466 -0.241813391 0.340045959
1413394934955760384.000000 0.247204348 -2.621246815 1.682199955 0.909020603 0.031425785 -0.241219848 0.338388860
1413394935005760512.000000 0.233954966 -2.607164383 1.657228470 0.909830391 0.031987626 -0.238328040 0.338209063
1413394935055760384.000000 0.212057874 -2.593557596 1.659826756 0.912023425 0.034000568 -0.232038051 0.336475402
1413394935105760512.000000 0.205269903 -2.580105066 1.637118459 0.912560284 0.033177998 -0.227178976 0.338411927
1413394935155760384.000000 0.186131418 -2.529128790 1.620711088 0.910727024 0.036289670 -0.223831415 0.345194042
1413394935205760512.000000 0.179353938 -2.515622616 1.602697849 0.909800410 0.036207803 -0.219463453 0.350411266
1413394935255760384.000000 0.179559931 -2.496520042 1.605313897 0.908760190 0.036959603 -0.214660764 0.355963051
1413394935305760512.000000 0.171701565 -2.482858181 1.593506098 0.907739758 0.038248017 -0.209987894 0.361179590
1413394935355760384.000000 0.166491434 -2.463663340 1.598401785 0.906774342 0.042623281 -0.205059007 0.365915835
1413394935405760512.000000 0.156242266 -2.450091839 1.591908693 0.905482769 0.045126896 -0.202005476 0.370484024
1413394935455760384.000000 0.144079670 -2.430446386 1.599428892 0.903694272 0.048033472 -0.201872423 0.374535769
1413394935505760512.000000 0.130357116 -2.415801764 1.598786831 0.901104450 0.048323788 -0.205618456 0.378677666
1413394935555760384.000000 0.117626399 -2.400188446 1.607769251 0.898144186 0.046222415 -0.212137058 0.382359058
1413394935605760512.000000 0.102016896 -2.384463072 1.611041307 0.895367801 0.044617783 -0.217828527 0.385845304
1413394935655760384.000000 0.077273451 -2.356538773 1.621315718 0.892923534 0.045889720 -0.221480012 0.389266491
1413394935705760512.000000 0.065919966 -2.339713097 1.625284314 0.891141713 0.045085274 -0.224018395 0.391981542
1413394935755760384.000000 0.053618696 -2.313154221 1.634916425 0.889901936 0.046547551 -0.224209353 0.394510031
1413394935805760512.000000 0.048432060 -2.296027660 1.638172865 0.889230728 0.047864113 -0.223170206 0.396450400
1413394935855760384.000000 0.045250297 -2.268427134 1.643748879 0.888972342 0.047641359 -0.221574172 0.397949010
1413394935905760512.000000 0.045556616 -2.250072241 1.646012664 0.887936771 0.046076685 -0.222750545 0.399784327
1413394935955760384.000000 0.042413257 -2.220417976 1.652424812 0.886771321 0.044861611 -0.224948019 0.401276022
1413394936005760512.000000 0.038623471 -2.202118635 1.656213880 0.885198355 0.042518917 -0.230851755 0.401651055
1413394936055760384.000000 0.027696144 -2.171330452 1.664974928 0.883328497 0.038502607 -0.241422728 0.399954289
1413394936105760512.000000 0.017149631 -2.152717829 1.670490503 0.881918550 0.033323839 -0.254467547 0.395418257
1413394936205760512.000000 -0.016220702 -2.098265171 1.684028864 0.885399878 0.028163761 -0.272098303 0.375814408
1413394936255760384.000000 -0.031019043 -2.081578493 1.686889887 0.891200900 0.030709138 -0.273406297 0.360648006
1413394936305760512.000000 -0.051477849 -2.052402258 1.690512419 0.898838580 0.036105376 -0.271983147 0.341776103
1413394936405760512.000000 -0.086149633 -2.006452560 1.691666126 0.917031050 0.048063383 -0.264004171 0.295035124
1413394936505760512.000000 -0.117875814 -1.958865404 1.688862801 0.932155669 0.063613974 -0.263170749 0.240375087
1413394936605760512.000000 -0.145994365 -1.907225370 1.684073925 0.941670060 0.077818215 -0.270013154 0.185188726
1413394936705760512.000000 -0.171643257 -1.850963116 1.678385019 0.947201967 0.077026732 -0.280198753 0.135514006
1413394936805760512.000000 -0.193599463 -1.790668726 1.670653701 0.950133085 0.076383002 -0.287655652 0.093097486
1413394936905760512.000000 -0.213245034 -1.726018071 1.660995245 0.950621903 0.078083016 -0.295193225 0.055515874
1413394937005760512.000000 -0.233258843 -1.656779528 1.649026752 0.948791981 0.080855243 -0.304847807 0.018003510
1413394937105760512.000000 -0.253339410 -1.582500339 1.633177042 0.945194304 0.084295191 -0.314708471 -0.021462409
1413394937205760512.000000 -0.274257421 -1.503623605 1.612622380 0.941607237 0.087143749 -0.319799960 -0.059243921
1413394937255760384.000000 -0.287506938 -1.456726670 1.600569725 0.939370155 0.082870856 -0.324123323 -0.075234979
1413394937305760512.000000 -0.297773361 -1.421670437 1.587743759 0.937163532 0.077037379 -0.328407556 -0.089096934
1413394937355760384.000000 -0.309440017 -1.379715323 1.572345257 0.935672522 0.071450129 -0.330565542 -0.100688741
1413394937455760384.000000 -0.333728075 -1.296422243 1.537193656 0.934462905 0.064430922 -0.330168694 -0.116689578
1413394937555760384.000000 -0.359385133 -1.213847876 1.495175004 0.934525013 0.061661359 -0.327112079 -0.125931233
1413394937655760384.000000 -0.386652231 -1.131924272 1.447613239 0.935819209 0.059669517 -0.322389007 -0.129411787
1413394937755760384.000000 -0.413308501 -1.050513387 1.394529462 0.938054919 0.054445602 -0.316991210 -0.128861412
1413394937855760384.000000 -0.439305007 -0.971310377 1.337664366 0.940070808 0.048359908 -0.314509273 -0.122524478
1413394937955760384.000000 -0.464274585 -0.896266401 1.276155472 0.941552818 0.037730448 -0.316766262 -0.108230650
1413394938055760384.000000 -0.480401397 -0.824956834 1.209801197 0.941459894 0.022160225 -0.323931843 -0.090721339
1413394938155760384.000000 -0.486219525 -0.758172870 1.132570744 0.940410554 0.008420283 -0.331707954 -0.074343324
1413394938255760384.000000 -0.491332710 -0.705207646 1.037447691 0.941147447 0.003044520 -0.333120823 -0.057120252
1413394938355760384.000000 -0.469377875 -0.660394728 0.930097997 0.944660544 0.015388384 -0.325511098 -0.037712824
1413394938455760384.000000 -0.435859501 -0.623604536 0.812445521 0.949793756 0.023204261 -0.311522514 -0.017528176
1413394938555760384.000000 -0.402361453 -0.593576372 0.691027641 0.952306628 0.037153631 -0.302817672 0.005764036
1413394938655760384.000000 -0.380401909 -0.568680048 0.571399808 0.950603068 0.047131434 -0.304783374 0.035208385
1413394938755760384.000000 -0.370264888 -0.547137558 0.453018934 0.947049558 0.048071299 -0.309936285 0.068744868
1413394938855760384.000000 -0.370533824 -0.528188407 0.334933817 0.943380833 0.036597367 -0.312323004 0.105582282
1413394938955760384.000000 -0.381101638 -0.513746917 0.216759861 0.941621304 0.007746063 -0.303208768 0.146129206
1413394939055760384.000000 -0.399734855 -0.508773923 0.100253701 0.939677954 -0.022737585 -0.283654928 0.189811155
1413394939155760384.000000 -0.425160199 -0.517157555 -0.011699259 0.934702873 -0.040715560 -0.264418989 0.233998865
1413394939255760384.000000 -0.455956578 -0.539685965 -0.116533995 0.926341951 -0.040594816 -0.253883213 0.275292635
1413394939355760384.000000 -0.490298808 -0.575152040 -0.214027822 0.917211354 -0.030519754 -0.248695508 0.309745908
1413394939455760384.000000 -0.516921639 -0.620588243 -0.307149887 0.907720089 -0.002398682 -0.253226519 0.334536672
1413394939555760384.000000 -0.528275073 -0.652280688 -0.399503827 0.900170505 0.026641058 -0.255951017 0.351386428
1413394939655760384.000000 -0.525485992 -0.697800934 -0.490028262 0.898455679 0.023565765 -0.247484043 0.361902863
1413394939755760384.000000 -0.511110246 -0.770526171 -0.598142028 0.897715330 -0.000087275 -0.236359552 0.371808261
1413394939855760384.000000 -0.491582662 -0.826544166 -0.692233205 0.894087434 -0.028715627 -0.224781960 0.386336923
1413394939955760384.000000 -0.473967195 -0.892888606 -0.777342439 0.883978903 -0.026101004 -0.234161511 0.403817356
1413394940055760384.000000 -0.465802372 -0.969125271 -0.853619814 0.869168162 -0.005779573 -0.257737011 0.422001213
1413394940155760384.000000 -0.468192846 -1.052841544 -0.925522804 0.857844412 -0.004332860 -0.261358589 0.442465693
1413394940255760384.000000 -0.475486815 -1.147898078 -0.991171598 0.849268615 -0.008491229 -0.247159064 0.466458142
1413394940355760384.000000 -0.493235946 -1.254814148 -1.052640796 0.838386834 -0.008474594 -0.228307039 0.494885504
1413394940455760384.000000 -0.517860293 -1.367222309 -1.108379960 0.823897123 -0.010106101 -0.211139128 0.525843859
1413394940555760384.000000 -0.538868487 -1.485706091 -1.155914664 0.805102766 -0.003480920 -0.202004462 0.557666361
1413394940655760384.000000 -0.559610724 -1.604704142 -1.206299543 0.782471120 0.013680104 -0.205934644 0.587488592
1413394940755760384.000000 -0.568093061 -1.732233167 -1.254469991 0.761859834 0.027203180 -0.212426141 0.611313879
1413394940855760384.000000 -0.570700526 -1.847679853 -1.315832853 0.752759695 0.024655359 -0.208122030 0.624043524
1413394940955760384.000000 -0.557479024 -1.969016790 -1.382987380 0.751392782 0.005847764 -0.195348352 0.630248964
1413394941005760512.000000 -0.548158646 -2.030575991 -1.416968107 0.750686228 -0.009210404 -0.189115226 0.632946253
1413394941055760384.000000 -0.538070202 -2.093138456 -1.449802279 0.749207139 -0.025128294 -0.183759749 0.635837793
1413394941105760512.000000 -0.527712822 -2.156960964 -1.480783820 0.746802866 -0.043113504 -0.178750977 0.639120340
1413394941205760512.000000 -0.501732409 -2.290471077 -1.535669684 0.739623547 -0.069299512 -0.172011733 0.646967292
1413394941305760512.000000 -0.462748736 -2.484031200 -1.584576488 0.732970238 -0.083007753 -0.171746656 0.652968168
1413394941405760512.000000 -0.417408943 -2.698472977 -1.626131296 0.726420462 -0.085121520 -0.181582317 0.657339811
1413394941505760512.000000 -0.363844484 -2.936058998 -1.663113356 0.719914556 -0.056730598 -0.200915590 0.661919653
1413394941605760512.000000 -0.307570875 -3.194770098 -1.700591087 0.712978125 -0.026188202 -0.218333036 0.665813148
1413394941705760512.000000 -0.252493978 -3.472136974 -1.743728638 0.706393719 -0.007446212 -0.220839292 0.672445238
1413394941755760384.000000 -0.226031601 -3.617194653 -1.768519163 0.704339385 -0.002651391 -0.215154782 0.676466882
1413394941805760512.000000 -0.200816631 -3.766327381 -1.795754910 0.702956975 -0.001408260 -0.208209708 0.680072308
1413394941855760384.000000 -0.165502667 -4.030879498 -1.806897402 0.703118980 -0.013259713 -0.193713963 0.684048891
1413394941905760512.000000 -0.136855900 -4.187536240 -1.827399254 0.702071428 -0.022228874 -0.178278476 0.689070702
1413394941955760384.000000 -0.113847494 -4.346806526 -1.856874466 0.704547644 -0.040824633 -0.159114882 0.690382898
1413394942005760512.000000 -0.090081811 -4.509275436 -1.885389805 0.706416130 -0.059482936 -0.141446739 0.690963805
1413394942055760384.000000 -0.064685702 -4.675426483 -1.911731482 0.707764685 -0.076746255 -0.125462040 0.690969229
1413394942105760512.000000 -0.037388444 -4.845091343 -1.934709787 0.708735883 -0.094453976 -0.108583286 0.690638483
1413394942155760384.000000 -0.007741600 -5.018075943 -1.952874184 0.707915306 -0.110491119 -0.095042944 0.691096604
1413394942205760512.000000 0.014320314 -5.193869114 -1.979588270 0.707931757 -0.128585160 -0.081849195 0.689637065
1413394942255760384.000000 0.062337682 -5.374652863 -1.969908237 0.701279581 -0.134105936 -0.072689079 0.696375549
1413394942305760512.000000 0.102202669 -5.558073997 -1.967123747 0.695330262 -0.143396437 -0.065491103 0.701187730
1413394942355760384.000000 0.146637559 -5.744485855 -1.956054926 0.687505484 -0.146603599 -0.059590399 0.708726108
1413394942405760512.000000 0.193610772 -5.933829308 -1.936905861 0.678332329 -0.147587344 -0.057617694 0.717470229
1413394942455760384.000000 0.243913069 -6.127551079 -1.909325838 0.667819202 -0.143533662 -0.054717112 0.728300512
1413394942505760512.000000 0.293531179 -6.324448109 -1.874070168 0.655707061 -0.138036430 -0.052821007 0.740408123
1413394942555760384.000000 0.340996116 -6.524317741 -1.831700563 0.642896175 -0.132307097 -0.049163003 0.752836227
1413394942605760512.000000 0.385843068 -6.727473259 -1.782325983 0.628611445 -0.126522824 -0.046604164 0.765942395
1413394942655760384.000000 0.427910566 -6.933290005 -1.726440430 0.613702714 -0.118858084 -0.042163864 0.779399693
1413394942705760512.000000 0.467052788 -7.141323090 -1.664216995 0.597500503 -0.108226314 -0.039477259 0.793550134
1413394942755760384.000000 0.503915131 -7.351338387 -1.596304655 0.579578221 -0.089200795 -0.042106293 0.808924854
1413394942805760512.000000 0.538796782 -7.562880993 -1.523755550 0.560000122 -0.062335439 -0.047964744 0.824750662
1413394942855760384.000000 0.564598799 -7.765628815 -1.446357489 0.539179683 -0.031989396 -0.055640727 0.839741707
1413394942905760512.000000 0.584742427 -7.969569683 -1.361402273 0.517223656 0.000056173 -0.064463466 0.853419065
1413394942955760384.000000 0.605937660 -8.170335770 -1.275974154 0.495204866 0.029580966 -0.071028724 0.865362406
1413394943005760512.000000 0.618755877 -8.371484756 -1.190593600 0.473754257 0.052388746 -0.074495561 0.875935376
1413394943055760384.000000 0.627077520 -8.565158844 -1.104606390 0.453133732 0.069086015 -0.075449668 0.885553122
1413394943105760512.000000 0.634443462 -8.767496109 -1.025647879 0.432822466 0.080797717 -0.074322470 0.894769609
1413394943155760384.000000 0.638346910 -8.951617241 -0.946786165 0.412535220 0.089381531 -0.071987115 0.903683364
1413394943205760512.000000 0.640148699 -9.161716461 -0.877808094 0.392809391 0.095948361 -0.068552174 0.912028134
1413394943255760384.000000 0.638679028 -9.371598244 -0.813171506 0.372926235 0.099886335 -0.064980775 0.920177341
1413394943305760512.000000 0.635457516 -9.581408501 -0.753476620 0.353790969 0.101640694 -0.059870113 0.927855968
1413394943355760384.000000 0.632235765 -9.790828705 -0.700279593 0.335280448 0.100766942 -0.055066250 0.935093999
1413394943405760512.000000 0.630360365 -9.999225616 -0.654357553 0.317053735 0.097866625 -0.051289126 0.941949368
1413394943455760384.000000 0.629875362 -10.206922531 -0.615709960 0.298575938 0.093220361 -0.050507274 0.948478520
1413394943505760512.000000 0.631853104 -10.414737701 -0.583661914 0.280324131 0.087459326 -0.050149158 0.954596460
1413394943555760384.000000 0.635671139 -10.623690605 -0.557272911 0.263543040 0.075925589 -0.050200101 0.960343897
1413394943605760512.000000 0.640923381 -10.833983421 -0.536347389 0.248971194 0.060602326 -0.049976848 0.965320230
1413394943655760384.000000 0.647536516 -11.046260834 -0.520383954 0.237145558 0.040697899 -0.049419083 0.969362438
1413394943705760512.000000 0.654364347 -11.261025429 -0.506992519 0.228814259 0.020880951 -0.042002946 0.972339392
1413394943755760384.000000 0.661039889 -11.478338242 -0.495085984 0.220726475 0.004886615 -0.036776911 0.974629879
1413394943805760512.000000 0.666748166 -11.698647499 -0.483558089 0.215875506 -0.006879169 -0.027537905 0.976008236
1413394943855760384.000000 0.671779394 -11.922111511 -0.470871329 0.214149058 -0.015237129 -0.014259881 0.976578057
1413394943905760512.000000 0.675923049 -12.147873878 -0.456954896 0.213523939 -0.022236595 -0.001020561 0.976684272
1413394943955760384.000000 0.678251386 -12.375383377 -0.441483587 0.214109093 -0.030548446 0.010878783 0.976271391
1413394944005760512.000000 0.681017876 -12.603771210 -0.424175978 0.213426068 -0.036281660 0.015580817 0.976161003
1413394944055760384.000000 0.685599208 -12.832923889 -0.404681116 0.211356342 -0.040688973 0.013962034 0.976462066
1413394944105760512.000000 0.692423940 -13.062868118 -0.382954597 0.210046187 -0.043796044 0.010623362 0.976652265
1413394944155760384.000000 0.702125967 -13.293478012 -0.359083831 0.208915338 -0.045689907 0.007122723 0.976839900
1413394944205760512.000000 0.714484811 -13.525090218 -0.333015084 0.207181036 -0.047041684 0.005699287 0.977154434
1413394944255760384.000000 0.729079366 -13.757634163 -0.304304898 0.205006778 -0.052681632 0.005545977 0.977326035
1413394944305760512.000000 0.746527910 -13.991539955 -0.272802830 -0.202565372 0.059798114 -0.004607582 -0.977430463
1413394944355760384.000000 0.770430923 -14.226838112 -0.237584874 -0.199891418 0.068740219 -0.003104940 -0.977398932
1413394944405760512.000000 0.799919367 -14.463205338 -0.199497253 -0.195761412 0.078901500 0.000467678 -0.977472186
1413394944455760384.000000 0.833919168 -14.701239586 -0.156932801 -0.189824909 0.089085281 0.005323309 -0.977753580
1413394944505760512.000000 0.868663609 -14.941297531 -0.109630585 -0.181786299 0.098757274 0.007394836 -0.978338420
1413394944555760384.000000 0.902120173 -15.183712006 -0.056791931 -0.172249004 0.108639903 0.002664035 -0.979040682
1413394944605760512.000000 0.934071898 -15.428725243 0.002224863 -0.160995454 0.119462378 -0.004473026 -0.979688346
1413394944655760384.000000 0.964131594 -15.676144600 0.067520916 -0.147785693 0.132245615 -0.012444519 -0.980059028
1413394944705760512.000000 0.993006945 -15.925704002 0.139911592 -0.132589102 0.145078972 -0.020158088 -0.980288744
1413394944755760384.000000 1.020767689 -16.177091599 0.219901040 -0.115396120 0.156664088 -0.027915886 -0.980490088
1413394944805760512.000000 1.047792435 -16.430345535 0.307467878 -0.096764430 0.166466564 -0.036434084 -0.980611086
1413394944855760384.000000 1.074890852 -16.685094833 0.403612673 -0.077265613 0.173353940 -0.044997893 -0.980792403
1413394944905760512.000000 1.102236509 -16.940940857 0.508479118 -0.056615178 0.177118182 -0.053334493 -0.981111288
1413394944955760384.000000 1.129660368 -17.197685242 0.622355223 -0.034708019 0.178370431 -0.061866689 -0.981403053
1413394945005760512.000000 1.157941699 -17.454860687 0.745341718 -0.011972511 0.175366640 -0.068381444 -0.982052565
1413394945055760384.000000 1.187174082 -17.712465286 0.877180517 0.011598821 0.168556005 -0.071189977 -0.983049572
1413394945105760512.000000 1.216655850 -17.970489502 1.017390132 0.036006872 0.161142513 -0.072901703 -0.983576179
1413394945155760384.000000 1.247378588 -18.229017258 1.165572166 0.060092311 0.153259158 -0.073769853 -0.983594775
1413394945205760512.000000 1.279698133 -18.488363266 1.321146965 0.083687238 0.145504400 -0.074915566 -0.982961178
1413394945255760384.000000 1.313676834 -18.748443604 1.483470082 0.107252359 0.136930540 -0.077297263 -0.981718957
1413394945305760512.000000 1.350132942 -19.009021759 1.652652860 0.130706221 0.129564479 -0.077994198 -0.979819298
1413394945355760384.000000 1.388942003 -19.270603180 1.827557206 0.153631866 0.118512362 -0.079234555 -0.977790356
1413394945405760512.000000 1.429925203 -19.533357620 2.007717848 0.176565126 0.102452584 -0.080932826 -0.975591183
1413394945455760384.000000 1.471858740 -19.797618866 2.192410231 0.197771609 0.086626291 -0.088914774 -0.972356200
1413394945505760512.000000 1.513940811 -20.063306808 2.381083965 0.216234818 0.072855838 -0.106199786 -0.967809975
1413394945555760384.000000 1.556795478 -20.329664230 2.572736740 0.234172180 0.061611626 -0.125172406 -0.962132692
1413394945605760512.000000 1.600024939 -20.596321106 2.766446829 0.252235591 0.054378957 -0.143125832 -0.955476463
1413394945655760384.000000 1.644253731 -20.862308502 2.961870670 0.270397484 0.047397871 -0.161698446 -0.947888374
1413394945705760512.000000 1.689667702 -21.126892090 3.158626795 0.289274514 0.043961484 -0.177375361 -0.939641297
1413394945755760384.000000 1.735829234 -21.390022278 3.355827093 0.308588475 0.041188937 -0.192979097 -0.930502951
1413394945805760512.000000 1.782363415 -21.650180817 3.554010391 0.329165548 0.039939139 -0.205612808 -0.920748770
1413394945855760384.000000 1.829133511 -21.907001495 3.753211498 0.350714356 0.038036052 -0.217385337 -0.910107851
1413394945905760512.000000 1.875630617 -22.161769867 3.951901436 0.372701555 0.035551921 -0.229315415 -0.898467660
1413394945955760384.000000 1.922504663 -22.414119720 4.149204254 0.395954192 0.034844968 -0.237980947 -0.886211693
1413394946005760512.000000 1.970738649 -22.662609100 4.345754623 0.420909703 0.036333803 -0.241097763 -0.873720109
1413394946055760384.000000 2.019651413 -22.908519745 4.540888786 0.447257340 0.041048102 -0.239353523 -0.860805333
1413394946155760384.000000 2.121008158 -23.391307831 4.929173946 0.499346554 0.049684141 -0.235123962 -0.832406938
1413394946205760512.000000 2.172382593 -23.630691528 5.122920513 0.524407983 0.050785739 -0.233994827 -0.817106843
1413394946255760384.000000 2.224031925 -23.868160248 5.317243576 0.548368454 0.050312985 -0.236131176 -0.800626457
1413394946355760384.000000 2.326944828 -24.338388443 5.707715034 0.592410922 0.046026673 -0.248267606 -0.765045166
1413394946455760384.000000 2.430198669 -24.802043915 6.098802567 0.632983446 0.042179093 -0.263565481 -0.726695299
1413394946555760384.000000 2.535262108 -25.259653091 6.488084793 0.671772480 0.036332186 -0.276149869 -0.686398566
