1403636626013555456.000000 0.026159877 -0.002497741 0.000253491 0.000606949 0.002480154 0.000703405 0.999996543
1403636626063555584.000000 0.055486280 -0.006089173 0.001247572 0.001973865 -0.000736395 0.005746347 0.999981284
1403636626113555456.000000 0.084867463 -0.009056892 0.001785590 0.003542184 -0.004924319 0.011678692 0.999913454
1403636626163555584.000000 0.112116061 -0.009922910 0.002667699 0.005708115 -0.008574028 0.017710732 0.999790132
1403636626213555456.000000 0.128068537 -0.009342075 0.006044752 0.007743357 -0.009514355 0.017965641 0.999763370
1403636626263555584.000000 0.140739515 -0.013049527 -0.001611524 0.008994386 0.006399983 0.020961905 0.999719381
1403636626313555456.000000 0.163958088 -0.017761342 0.008110323 0.005771655 -0.014579142 0.020956803 0.999657452
1403636626363555584.000000 0.168419749 -0.011458573 0.000181910 0.009809124 0.002402321 0.020882165 0.999731004
1403636626413555456.000000 0.175303310 -0.016387559 -0.001741157 0.008235912 0.001955331 0.019662056 0.999770880
1403636626463555584.000000 0.185593918 -0.017168218 -0.001342257 0.007370701 0.000756073 0.015981482 0.999844909
1403636626513555456.000000 0.181003153 -0.004192236 0.008693838 0.007509859 0.011607131 0.013194450 0.999817371
1403636626563555584.000000 0.176490501 -0.006394253 -0.007286089 0.007364309 0.010159894 0.008190018 0.999887764
1403636626613555456.000000 0.183102235 -0.000389717 0.007276306 0.006181363 0.018498883 0.004519479 0.999799609
1403636626663555584.000000 0.187324911 0.005771722 0.004729327 0.006985857 0.019935003 0.001135154 0.999776304
1403636626713555456.000000 0.183162972 0.007295743 0.009037536 0.007357530 0.020707037 -0.000292256 0.999758482
1403636626763555584.000000 0.179158419 0.019389167 0.012093478 0.007582907 0.018502746 0.000126688 0.999800026
1403636626813555456.000000 0.176670909 0.023944357 0.011028084 0.008963356 0.015791306 -0.000218863 0.999835134
1403636626863555584.000000 0.171519265 0.026113970 0.009253255 0.009470679 0.012670939 -0.001248847 0.999874115
1403636626913555456.000000 0.165945962 0.031112270 0.007991043 0.010803527 0.008920945 -0.001558469 0.999900699
1403636626963555584.000000 0.162645504 0.035550732 0.005041511 0.011110345 0.004300948 -0.002859575 0.999924958
1403636627013555456.000000 0.147434726 0.042490344 0.001740261 0.009458941 -0.001633424 -0.002356743 0.999951184
1403636627063555584.000000 0.142044023 0.045237657 -0.000612797 0.009454934 -0.005189194 -0.002648616 0.999938369
1403636627113555456.000000 0.138457850 0.048698083 -0.002919322 0.010004691 -0.009777620 -0.002959509 0.999897838
1403636627163555584.000000 0.137225211 0.052638222 -0.006213490 0.010955977 -0.008650813 -0.002410522 0.999899685
1403636627213555456.000000 0.138109013 0.055214375 -0.008653143 0.010997843 -0.006287983 -0.003003871 0.999915242
1403636627263555584.000000 0.136882529 0.063520528 -0.018426729 0.009738073 -0.002663082 -0.003183714 0.999943972
1403636627313555456.000000 0.141644970 0.066646934 -0.021220637 0.010855366 -0.000073639 -0.002279444 0.999938548
1403636627363555584.000000 0.146950305 0.068630904 -0.024949014 0.011297345 0.000641629 -0.001070528 0.999935448
1403636627413555456.000000 0.153631777 0.071711630 -0.029669508 0.012038794 0.000190450 -0.000277528 0.999927461
1403636627463555584.000000 0.162582234 0.073951639 -0.035010073 0.012025541 0.000161113 0.000777935 0.999927461
1403636627513555456.000000 0.184463665 0.083804384 -0.055700533 0.009648214 0.002471406 0.003208465 0.999945283
1403636627563555584.000000 0.190883875 0.087117337 -0.060456872 0.006680000 0.000639500 0.004776394 0.999966085
1403636627613555456.000000 0.193627298 0.091033630 -0.064134195 0.003132245 -0.001236776 0.006612082 0.999972463
1403636627663555584.000000 0.193853259 0.094810560 -0.068104193 -0.000251504 -0.004622605 0.007633026 0.999960184
1403636627713555456.000000 0.191394210 0.098560378 -0.070765585 -0.004740091 -0.009189552 0.008587935 0.999909699
1403636627763555584.000000 0.185584709 0.112207286 -0.082590431 -0.011397461 -0.013892284 0.010880783 0.999779403
1403636627813555456.000000 0.181029722 0.116919354 -0.084790714 -0.017072350 -0.019054022 0.012205062 0.999598205
1403636627863555584.000000 0.174311176 0.122167327 -0.084169321 -0.022714358 -0.023322515 0.013668962 0.999376416
1403636627913555456.000000 0.169931546 0.126358986 -0.084251799 -0.028174058 -0.027924486 0.014394069 0.999109328
1403636627963555584.000000 0.167635366 0.130387366 -0.084528252 -0.033197131 -0.030229354 0.015026438 0.998878539
1403636628013555456.000000 0.160748467 0.145403638 -0.085406773 -0.039078604 -0.033754893 0.015812211 0.998540699
1403636628063555584.000000 0.165316850 0.150102332 -0.082524918 0.042278074 0.032370616 -0.016416419 -0.998446405
1403636628113555456.000000 0.170639127 0.158172086 -0.080130197 -0.045221351 -0.025090512 0.017330613 0.998511493
1403636628163555584.000000 0.179128334 0.164492443 -0.077513024 -0.047170881 -0.015897457 0.019019792 0.998579264
1403636628213555456.000000 0.189840332 0.171057358 -0.074855588 0.048385724 0.007303947 -0.021120407 -0.998578727
1403636628263555584.000000 0.202867657 0.176175341 -0.071120135 -0.048787016 -0.000918149 0.024745766 0.998502254
1403636628313555456.000000 0.215329900 0.182399794 -0.069639392 0.048190445 -0.003604054 -0.029055482 -0.998409033
1403636628363555584.000000 0.228939191 0.189053476 -0.067400098 -0.047809057 0.005545255 0.031640723 0.998339832
1403636628413555456.000000 0.241201386 0.196415305 -0.066572860 -0.047362097 0.006139344 0.033943541 0.998282075
1403636628463555584.000000 0.252883643 0.204018384 -0.064448230 -0.046738341 0.006310083 0.035310782 0.998262942
1403636628513555456.000000 0.262581110 0.212461859 -0.062917776 -0.045916472 0.005873147 0.036410127 0.998264253
1403636628563555584.000000 0.270371765 0.221688867 -0.062143121 -0.045031309 0.005269137 0.037657693 0.998261631
1403636628613555456.000000 0.276579350 0.231386408 -0.061541133 0.043688241 -0.004763119 -0.038516808 -0.998291075
1403636628663555584.000000 0.281218499 0.241436839 -0.055146698 -0.042944305 0.004746451 0.038471580 0.998325229
1403636628713555456.000000 0.284417987 0.253489405 -0.054379348 -0.044223875 0.004434606 0.036736540 0.998336136
1403636628763555584.000000 0.286745936 0.267444909 -0.054128196 -0.047464844 0.001743792 0.034498028 0.998275518
1403636628813555456.000000 0.286292136 0.281376064 -0.053144678 -0.051927973 -0.002102272 0.032338105 0.998124957
1403636628863555584.000000 0.285986423 0.296076596 -0.050202884 -0.056532592 -0.006651443 0.031034181 0.997896194
1403636628913555456.000000 0.286477983 0.310583532 -0.048842650 -0.060761649 -0.011169831 0.030635353 0.997619569
1403636628963555584.000000 0.287960798 0.324225485 -0.042149160 -0.064236060 -0.014858475 0.030251658 0.997365475
1403636629013555456.000000 0.292356372 0.338150799 -0.044939902 -0.067092627 -0.017902717 0.030854762 0.997108877
1403636629063555584.000000 0.297823250 0.351332456 -0.037280697 -0.069696896 -0.019359855 0.031685248 0.996876955
1403636629113555456.000000 0.305485994 0.365068823 -0.042484872 -0.072891623 -0.020035645 0.031477779 0.996641636
1403636629163555584.000000 0.313167006 0.380204380 -0.039180640 -0.077065006 -0.020263763 0.033054981 0.996271968
1403636629213555456.000000 0.319850028 0.394932687 -0.042327546 -0.082488738 -0.019224614 0.034829281 0.995797634
1403636629263555584.000000 0.326074660 0.410329521 -0.036730699 -0.087453984 -0.017405022 0.036698811 0.995340228
1403636629313555456.000000 0.330990136 0.425619751 -0.037253994 -0.091787428 -0.014896051 0.039580133 0.994880199
1403636629363555584.000000 0.335326612 0.441048503 -0.035596617 0.095155858 0.012282898 -0.042657390 -0.994472146
1403636629413555456.000000 0.341469377 0.457499981 -0.032635711 -0.097900197 -0.009035530 0.046937559 0.994047761
1403636629463555584.000000 0.343209594 0.473734707 -0.030485084 -0.101893671 -0.005018566 0.052037794 0.993420660
1403636629513555456.000000 0.341604859 0.482394874 -0.017633662 -0.106889136 -0.002705665 0.057175938 0.992621958
1403636629563555584.000000 0.339476615 0.500116408 -0.014252468 -0.113009840 -0.002983482 0.061710812 0.991671145
1403636629613555456.000000 0.335089117 0.525414228 0.001364963 -0.120875381 -0.005754720 0.064368054 0.990561903
1403636629663555584.000000 0.329184651 0.544787765 0.005632960 -0.129838631 -0.010924698 0.066930629 0.989213288
1403636629713555456.000000 0.323462307 0.565743148 0.017491298 -0.139520139 -0.016011840 0.069237620 0.987665951
1403636629763555584.000000 0.315031826 0.587067842 0.023065655 -0.150141045 -0.020711796 0.071489215 0.985859036
1403636629813555456.000000 0.307934582 0.609692872 0.036098044 -0.161115646 -0.023938933 0.074405834 0.983835638
1403636629863555584.000000 0.298319429 0.632595599 0.043993749 -0.172118142 -0.026509583 0.077878051 0.981635213
1403636629913555456.000000 0.291361719 0.655526757 0.057793196 -0.182234585 -0.028111681 0.081214570 0.979492009
1403636629963555584.000000 0.283892274 0.678950548 0.066222779 -0.191377670 -0.028960086 0.083417162 0.977536440
1403636630013555456.000000 0.280186385 0.703162134 0.081574589 -0.198540688 -0.028786941 0.085684441 0.975915551
1403636630063555584.000000 0.276588738 0.726612926 0.090148866 -0.204721153 -0.027076924 0.087114811 0.974560022
1403636630113555456.000000 0.277707607 0.750538349 0.104013339 -0.210101902 -0.022497185 0.087564178 0.973490417
1403636630163555584.000000 0.279466778 0.774520278 0.113748185 -0.214754358 -0.015468931 0.087765679 0.972593725
1403636630213555456.000000 0.285944581 0.793654978 0.124143988 -0.219085529 -0.008870953 0.087045647 0.971774638
1403636630263555584.000000 0.291179359 0.818288326 0.133795485 -0.222196504 -0.002805757 0.086933546 0.971114576
1403636630313555456.000000 0.301747501 0.838895679 0.141146958 -0.224403188 0.000540872 0.086174294 0.970678627
1403636630363555584.000000 0.308491260 0.863467157 0.149872303 -0.225641415 -0.000108152 0.086332001 0.970377624
1403636630413555456.000000 0.318647414 0.886915386 0.160395548 -0.226392373 -0.001473875 0.086295940 0.970204830
1403636630463555584.000000 0.328199744 0.911320150 0.168343514 -0.226623490 -0.004663228 0.085430391 0.970217347
1403636630513555456.000000 0.337426752 0.948303878 0.187772036 -0.226184115 -0.005831164 0.084423520 0.970401704
1403636630563555584.000000 0.350332886 0.972320199 0.195293784 -0.226166993 -0.008045104 0.081693523 0.970623553
1403636630613555456.000000 0.364944935 0.997126520 0.205671236 -0.225788668 -0.008940635 0.078782789 0.970944345
1403636630663555584.000000 0.377046853 1.020936728 0.214101106 -0.224898055 -0.010834196 0.076554388 0.971309900
1403636630713555456.000000 0.389691949 1.044170380 0.226712465 -0.223760024 -0.011861793 0.075069830 0.971676588
1403636630763555584.000000 0.399688512 1.066948414 0.237534076 -0.222198606 -0.011638803 0.075769290 0.971983194
1403636630813555456.000000 0.409053385 1.090572953 0.251444042 -0.220100060 -0.011974252 0.076955996 0.972363293
1403636630863555584.000000 0.416463017 1.112591028 0.264195353 -0.218400955 -0.011714262 0.078337505 0.972639263
1403636630913555456.000000 0.424160749 1.134958625 0.280223519 -0.216560185 -0.011101398 0.079797953 0.972939253
1403636630963555584.000000 0.429408550 1.156541467 0.295116276 -0.215048879 -0.010592382 0.081111379 0.973171532
1403636631013555456.000000 0.434787035 1.179467559 0.312335700 -0.214391798 -0.010280629 0.081725992 0.973268390
1403636631063555584.000000 0.438599825 1.200920224 0.328561604 -0.213391691 -0.009118222 0.081738256 0.973498702
1403636631113555456.000000 0.440862477 1.224450588 0.343389839 -0.213154972 -0.007194135 0.081550829 0.973582387
1403636631163555584.000000 0.443667918 1.246142864 0.360589206 -0.212867051 -0.005706329 0.081246883 0.973680675
1403636631213555456.000000 0.446288347 1.267577410 0.377688944 0.212286830 0.003604542 -0.080914833 -0.973845065
1403636631263555584.000000 0.448761523 1.288959980 0.392673343 -0.212222680 -0.002277761 0.080091998 0.973931015
1403636631313555456.000000 0.450638205 1.310447454 0.410099983 -0.211605251 -0.002131746 0.080402412 0.974040151
1403636631363555584.000000 0.451749384 1.331928372 0.428323537 0.211431414 0.002129735 -0.079792090 -0.974128067
1403636631413555456.000000 0.450897932 1.353345871 0.446897149 0.210932255 0.002164325 -0.079800442 -0.974235475
1403636631463555584.000000 0.448791295 1.374622583 0.465763092 0.210751683 0.002419597 -0.078932300 -0.974344730
1403636631513555456.000000 0.447880864 1.399112225 0.485105753 -0.210556895 -0.002839284 0.077726059 0.974482656
1403636631563555584.000000 0.444219440 1.419793487 0.504445016 -0.210647494 -0.002796242 0.076239280 0.974580646
1403636631613555456.000000 0.442285568 1.442152739 0.525751472 0.210292935 0.003388238 -0.075035445 -0.974748790
1403636631663555584.000000 0.436585516 1.460260749 0.537812352 -0.209729284 -0.004059574 0.074076802 0.974940956
1403636631713555456.000000 0.435530722 1.481593132 0.558277309 -0.209349662 -0.004532002 0.073397733 0.975071788
1403636631763555584.000000 0.434736967 1.500092745 0.572985828 -0.209014460 -0.005158299 0.072710179 0.975192130
1403636631813555456.000000 0.437897414 1.521061897 0.592100978 -0.208430514 -0.004845963 0.072193712 0.975357056
1403636631863555584.000000 0.442995161 1.541652083 0.611056805 0.208553180 0.005607448 -0.071095608 -0.975407362
1403636631913555456.000000 0.447020352 1.556240678 0.620982051 -0.208516300 -0.006687241 0.070221275 0.975471854
1403636631963555584.000000 0.454150438 1.576968670 0.640360236 -0.208537579 -0.007183675 0.069816731 0.975492835
1403636632013555456.000000 0.460642338 1.596495748 0.657350600 -0.208731309 -0.006849196 0.069931492 0.975445509
1403636632063555584.000000 0.469198793 1.616340160 0.676411271 -0.209103227 -0.005470818 0.069406509 0.975412071
1403636632113555456.000000 0.476093799 1.632341146 0.691719592 -0.209635928 -0.004179138 0.067670986 0.975426078
1403636632163555584.000000 0.484207392 1.650110722 0.709429085 -0.211367920 -0.003288602 0.064533927 0.975268304
1403636632213555456.000000 0.491577685 1.666940570 0.727231264 0.212100103 0.003781411 -0.063645817 -0.975165904
1403636632263555584.000000 0.497271478 1.679565668 0.742327213 -0.212452948 -0.002851278 0.064677134 0.975024402
1403636632313555456.000000 0.502079546 1.695021510 0.761702180 -0.212688565 -0.002598661 0.065663412 0.974907815
1403636632363555584.000000 0.504909933 1.708775878 0.781134009 0.212756842 0.002035923 -0.066636622 -0.974828243
1403636632413555456.000000 0.507149816 1.723247170 0.799674630 -0.213257313 -0.002947564 0.067237012 0.974675238
1403636632463555584.000000 0.506233931 1.735767126 0.820284128 -0.212388933 -0.005436429 0.070843250 0.974598765
1403636632513555456.000000 0.504711568 1.746809721 0.839736402 -0.209635288 -0.008152877 0.074921519 0.974870980
1403636632563555584.000000 0.501418769 1.757744312 0.860785723 -0.205125764 -0.012593563 0.080339432 0.975351453
1403636632613555456.000000 0.497714370 1.767445803 0.879892468 -0.199379683 -0.016619481 0.084847711 0.976100624
1403636632663555584.000000 0.493871331 1.778214455 0.901749134 -0.192417115 -0.019733489 0.087298431 0.977223217
1403636632713555456.000000 0.490546763 1.789291143 0.923232675 0.184148729 0.021548238 -0.087746993 -0.978736699
1403636632763555584.000000 0.489554048 1.801540852 0.943363190 -0.174784645 -0.022350447 0.086320043 0.980560899
1403636632813555456.000000 0.490284264 1.813730955 0.964680254 -0.164867297 -0.021878000 0.081115760 0.982731164
1403636632863555584.000000 0.492839664 1.824296713 0.986756682 0.155163229 0.019399958 -0.072572887 -0.985028625
1403636632913555456.000000 0.503342867 1.844404101 1.014830232 -0.145459548 -0.015724555 0.063271508 0.987213790
1403636632963555584.000000 0.509631693 1.858114719 1.035636663 -0.136994958 -0.013615220 0.054808039 0.988960683
1403636633013555456.000000 0.517756224 1.872621894 1.055803657 0.129379332 0.011686346 -0.047386244 -0.990393341
1403636633063555584.000000 0.525991857 1.881032109 1.062090635 -0.122407518 -0.011371545 0.041685827 0.991538942
1403636633113555456.000000 0.534171641 1.894830346 1.082388759 -0.116159111 -0.010673481 0.037749201 0.992455661
1403636633163555584.000000 0.541126788 1.908363104 1.103242278 -0.111020781 -0.010716242 0.034492455 0.993161559
1403636633213555456.000000 0.545916796 1.917986155 1.120064497 -0.106639877 -0.010617195 0.032712061 0.993702769
1403636633263555584.000000 0.549161315 1.930721521 1.142197490 -0.102868378 -0.011752914 0.032662809 0.994089127
1403636633313555456.000000 0.551763535 1.943659425 1.164643288 0.099722594 0.013089986 -0.033396173 -0.994368553
1403636633363555584.000000 0.560225785 1.971554875 1.217016220 -0.096908957 -0.014324673 0.035771701 0.994547069
1403636633413555456.000000 0.560213029 1.984017491 1.240840197 -0.095298722 -0.016185492 0.037961543 0.994593024
1403636633463555584.000000 0.559347987 1.996331215 1.265140414 -0.093855806 -0.017697027 0.040270660 0.994613588
1403636633513555456.000000 0.559392393 2.010679007 1.293938279 -0.093665488 -0.019196628 0.041610356 0.994548559
1403636633563555584.000000 0.558061481 2.023167372 1.319441438 -0.094029412 -0.020818818 0.043232463 0.994412422
1403636633613555456.000000 0.557329416 2.036214352 1.345389128 -0.094693050 -0.022807084 0.044225663 0.994262159
1403636633663555584.000000 0.559165955 2.050640345 1.373716593 -0.096126355 -0.024450980 0.044553973 0.994070828
1403636633713555456.000000 0.562712252 2.065064669 1.401167274 -0.097569838 -0.024063611 0.045237940 0.993908823
1403636633763555584.000000 0.567982316 2.079859257 1.428808689 -0.098702036 -0.023296587 0.046304304 0.993766129
1403636633813555456.000000 0.573183715 2.099040508 1.461850882 -0.100034297 -0.023069253 0.047366172 0.993588209
1403636633863555584.000000 0.583241999 2.114694595 1.489691138 -0.100954913 -0.021731347 0.049287610 0.993431807
1403636633913555456.000000 0.594719529 2.130484581 1.517470598 -0.101129785 -0.020320246 0.053278722 0.993237793
1403636633963555584.000000 0.603185117 2.146398306 1.545943856 -0.101226620 -0.017935364 0.057659354 0.993029177
1403636634013555456.000000 0.614048123 2.162964821 1.574750781 -0.101613864 -0.015680587 0.061322894 0.992808282
1403636634063555584.000000 0.623680413 2.180386066 1.604662299 0.102470405 0.015190098 -0.063513622 -0.992590129
1403636634113555456.000000 0.630821586 2.203139782 1.638613701 -0.102195650 -0.015463573 0.063765623 0.992598057
1403636634163555584.000000 0.642985940 2.222303629 1.667939425 -0.102273136 -0.016835039 0.062665328 0.992637873
1403636634213555456.000000 0.657274067 2.242513895 1.697177649 -0.102659203 -0.018733319 0.059624020 0.992751300
1403636634263555584.000000 0.669583678 2.264728785 1.724992633 -0.103310712 -0.018717304 0.055323604 0.992932975
1403636634313555456.000000 0.688040555 2.286305666 1.754173636 -0.103888378 -0.016148670 0.051328402 0.993132353
1403636634363555584.000000 0.706623495 2.308276176 1.783671618 -0.104257829 -0.012067576 0.047691617 0.993332922
1403636634413555456.000000 0.719892263 2.331463099 1.812841296 -0.104461387 -0.007653995 0.044151995 0.993518889
1403636634463555584.000000 0.735668898 2.354141712 1.843365550 -0.104555786 -0.005100055 0.041479699 0.993640542
1403636634513555456.000000 0.749865174 2.376501560 1.874332070 -0.104095288 -0.001885334 0.039489094 0.993781269
1403636634563555584.000000 0.760826766 2.406315565 1.915955424 -0.103549518 0.000486416 0.038029939 0.993896902
1403636634613555456.000000 0.771131396 2.427629232 1.947307587 -0.102208987 0.001389391 0.035782181 0.994118273
1403636634663555584.000000 0.779923379 2.448158979 1.978740692 -0.099076301 0.001836642 0.033550918 0.994512379
1403636634713555456.000000 0.785341561 2.469619989 2.008764744 -0.095799834 0.002124718 0.030453291 0.994932413
1403636634763555584.000000 0.793790758 2.489039421 2.039118290 -0.092123047 0.000073963 0.028596407 0.995336950
1403636634813555456.000000 0.803169250 2.507902145 2.068699837 -0.088605985 -0.002086635 0.027840368 0.995675445
1403636634863555584.000000 0.813747764 2.526327372 2.096702814 0.085149616 0.004106409 -0.027278392 -0.995986283
1403636634913555456.000000 0.826575816 2.551750660 2.134141207 -0.081676468 -0.005714942 0.026333110 0.996294618
1403636634963555584.000000 0.840214431 2.568989038 2.161469221 -0.078666225 -0.008376616 0.025020426 0.996551871
1403636635013555456.000000 0.855709493 2.585817337 2.188474655 -0.076264285 -0.008943388 0.023021132 0.996781707
1403636635063555584.000000 0.870210886 2.605933428 2.219342709 -0.073996179 -0.010531500 0.021524591 0.996970594
1403636635113555456.000000 0.883547187 2.621738672 2.246094942 -0.072257675 -0.012131762 0.020369172 0.997104168
1403636635163555584.000000 0.895213783 2.637231588 2.273199320 -0.070566013 -0.013102027 0.020062016 0.997219324
1403636635213555456.000000 0.906449556 2.656792879 2.306998253 -0.068932295 -0.014667644 0.020092886 0.997311175
1403636635263555584.000000 0.915447950 2.671631813 2.335900784 -0.066922307 -0.015438966 0.021679703 0.997403145
1403636635313555456.000000 0.923328102 2.686098337 2.365433693 -0.065211765 -0.016736897 0.023658670 0.997450590
1403636635363555584.000000 0.932856321 2.704751253 2.400466442 -0.063145421 -0.018273134 0.027459376 0.997459173
1403636635413555456.000000 0.941592276 2.719715118 2.430220366 -0.061865553 -0.019242454 0.029032867 0.997476637
1403636635463555584.000000 0.951579452 2.734995365 2.460485458 -0.061288696 -0.018753614 0.030405505 0.997480631
1403636635513555456.000000 0.966543972 2.753266096 2.495716095 -0.060270347 -0.019011324 0.033373818 0.997442901
1403636635563555584.000000 0.980185270 2.768877029 2.524896383 -0.060045909 -0.019065969 0.034200493 0.997427344
1403636635613555456.000000 0.993511200 2.784972906 2.552904367 -0.059923951 -0.018266791 0.035255417 0.997412980
1403636635663555584.000000 1.009042382 2.800464630 2.578739405 -0.060200434 -0.017132001 0.036071163 0.997387290
1403636635713555456.000000 1.025196075 2.817726851 2.607217550 -0.060607269 -0.015821267 0.036551870 0.997366726
1403636635763555584.000000 1.044042468 2.835753679 2.636420965 -0.060465556 -0.012302730 0.038555093 0.997349560
1403636635813555456.000000 1.073178768 2.860145330 2.676384687 -0.059576113 -0.007943543 0.042405080 0.997291028
1403636635863555584.000000 1.095460176 2.879360676 2.704665422 -0.059172705 -0.005072730 0.045848716 0.997181475
1403636635913555456.000000 1.118196249 2.899523497 2.731754541 -0.058387294 -0.006005102 0.049775682 0.997034252
1403636635963555584.000000 1.148127198 2.924117088 2.763746262 -0.058540326 -0.009578372 0.050910167 0.996940076
1403636636013555456.000000 1.171302915 2.946541071 2.790832520 -0.059537388 -0.015083026 0.049360935 0.996890843
1403636636063555584.000000 1.193581939 2.969926834 2.818457365 -0.061434448 -0.019438274 0.045321520 0.996892154
1403636636113555456.000000 1.221500754 2.997426033 2.851550817 -0.063244231 -0.022683796 0.040878367 0.996902525
1403636636163555584.000000 1.244704366 3.022277117 2.880892277 -0.064805239 -0.021372687 0.036543597 0.996999562
1403636636213555456.000000 1.264778256 3.043375731 2.906028748 0.066398196 0.016842185 -0.031714294 -0.997146845
1403636636263555584.000000 1.301725149 3.075064898 2.942973137 -0.067874841 -0.011111686 0.027795538 0.997244716
1403636636313555456.000000 1.329807043 3.099751711 2.970774412 -0.068684846 -0.005774017 0.025496555 0.997295856
1403636636363555584.000000 1.358534694 3.124157667 2.997980356 -0.069480807 0.000883220 0.023412835 0.997308135
1403636636413555456.000000 1.390859365 3.151093006 3.026572466 -0.069776230 0.009442440 0.021677559 0.997282445
1403636636463555584.000000 1.416863918 3.174816370 3.053290844 -0.070008494 0.016314808 0.020388445 0.997204602
1403636636513555456.000000 1.440360546 3.198334694 3.079767227 0.071223475 -0.018955762 -0.017197656 -0.997132003
1403636636563555584.000000 1.466515779 3.224837542 3.110075235 -0.072440445 0.019592367 0.013757535 0.997085392
1403636636613555456.000000 1.485122919 3.246659517 3.135291576 -0.073940024 0.019791078 0.009481261 0.997021258
1403636636663555584.000000 1.501145363 3.267506599 3.159922838 -0.075553410 0.018785946 0.004918774 0.996952653
1403636636713555456.000000 1.514699936 3.286323547 3.182843924 0.077049419 -0.018272625 -0.001069791 -0.996859252
1403636636763555584.000000 1.532505631 3.309511185 3.211323023 -0.078278966 0.017370166 -0.002869267 0.996776044
1403636636813555456.000000 1.541127443 3.325262547 3.234207153 -0.079914697 0.016430516 -0.008039445 0.996633947
1403636636863555584.000000 1.547308326 3.338985682 3.256699562 -0.081173189 0.014437670 -0.012340188 0.996519089
1403636636913555456.000000 1.556647182 3.355658531 3.283049345 -0.079537280 0.011771560 -0.009518568 0.996716976
1403636636963555584.000000 1.558980227 3.365388870 3.305475712 -0.076634780 0.010378017 -0.003852100 0.996997833
1403636637013555456.000000 1.559762120 3.373497009 3.327529907 -0.073231846 0.008462235 0.003204238 0.997273982
1403636637063555584.000000 1.564221263 3.385534763 3.351784468 -0.070322417 0.007642178 0.009484439 0.997449994
1403636637113555456.000000 1.562963009 3.391630888 3.373052120 -0.067892835 0.005545531 0.014288708 0.997574925
1403636637163555584.000000 1.560839295 3.397328138 3.394027233 -0.066334225 0.002203801 0.017320558 0.997644722
1403636637213555456.000000 1.554829836 3.401985407 3.406506538 -0.065402254 -0.002443994 0.018550290 0.997683585
1403636637263555584.000000 1.553565979 3.407269001 3.426748276 -0.064462587 -0.005408084 0.019429039 0.997716367
1403636637313555456.000000 1.554495454 3.412610769 3.447774410 -0.063763969 -0.007978672 0.019749682 0.997737706
1403636637363555584.000000 1.563470483 3.427349329 3.478348494 -0.063598581 -0.009357857 0.019217376 0.997746646
1403636637413555456.000000 1.571011424 3.432749271 3.501137257 -0.062387984 -0.010279677 0.019896938 0.997800708
1403636637463555584.000000 1.581722856 3.438057423 3.523619652 -0.061929688 -0.012328520 0.019010503 0.997823298
1403636637513555456.000000 1.594179511 3.443906546 3.545350552 0.061131634 0.012726714 -0.019691141 -0.997854352
1403636637563555584.000000 1.600137234 3.449817896 3.559581518 -0.060336340 -0.014463495 0.019974466 0.997873485
1403636637613555456.000000 1.613933682 3.454579830 3.579284191 -0.059264656 -0.014643461 0.021007724 0.997913837
1403636637663555584.000000 1.629299283 3.459379673 3.598264933 -0.058708224 -0.015619043 0.021666847 0.997917831
1403636637713555456.000000 1.646628022 3.464460611 3.616192579 0.058251709 0.014855775 -0.021201128 -0.997966230
1403636637763555584.000000 1.657823801 3.469504356 3.627909660 -0.057804208 -0.013347820 0.020782547 0.998022377
1403636637813555456.000000 1.679407477 3.474754810 3.647986889 -0.057696208 -0.011177998 0.020110020 0.998069048
1403636637863555584.000000 1.702801824 3.479792595 3.667433977 -0.057459347 -0.009651484 0.019772818 0.998105347
1403636637913555456.000000 1.726022840 3.485580683 3.686018467 0.056904398 0.007565795 -0.019590514 -0.998158753
1403636637963555584.000000 1.747027278 3.488760948 3.702836752 -0.056922913 -0.005223782 0.019218715 0.998179913
1403636638013555456.000000 1.765347958 3.493894339 3.724389791 -0.056705158 -0.003561229 0.019154131 0.998200893
1403636638063555584.000000 1.779477119 3.498826504 3.747244120 -0.056282617 -0.001869530 0.019043276 0.998231590
1403636638113555456.000000 1.785819054 3.502254486 3.766128302 -0.055955108 0.000463052 0.019044241 0.998251557
1403636638163555584.000000 1.792792678 3.506937981 3.790075302 -0.055575974 0.001922424 0.019247493 0.998267114
1403636638213555456.000000 1.797879577 3.511542320 3.813998938 -0.055264983 0.002206726 0.019012501 0.998288333
1403636638263555584.000000 1.798400521 3.515300274 3.836048603 -0.055339064 0.002788543 0.018587844 0.998290718
1403636638313555456.000000 1.800086617 3.519537687 3.858970881 -0.054263383 0.001008799 0.020473545 0.998316288
1403636638363555584.000000 1.799496412 3.523772240 3.881566286 -0.052424166 -0.004508046 0.025242265 0.998295665
1403636638413555456.000000 1.795496941 3.527239323 3.903500080 0.050359376 0.014160180 -0.031185118 -0.998143733
1403636638463555584.000000 1.790847301 3.532218218 3.928685665 -0.048386857 -0.024044605 0.035973605 0.997891068
1403636638513555456.000000 1.787293434 3.537397146 3.952279568 -0.046517480 -0.032299940 0.041065685 0.997550249
1403636638563555584.000000 1.784586906 3.543714046 3.973834753 0.045987681 0.037064314 -0.042816184 -0.997335553
1403636638613555456.000000 1.785108924 3.552382708 4.002521992 -0.046451505 -0.039225470 0.040857602 0.997313619
1403636638663555584.000000 1.789398551 3.560992718 4.025000095 -0.047968939 -0.037985459 0.035398643 0.997498393
1403636638713555456.000000 1.797165036 3.570684671 4.047819614 -0.049412161 -0.035419364 0.031417049 0.997655749
1403636638763555584.000000 1.807643652 3.581044436 4.070723057 0.050226558 0.030990954 -0.028031861 -0.997863293
1403636638813555456.000000 1.821362019 3.593336344 4.101463795 -0.050545432 -0.025852172 0.026113346 0.998045564
1403636638863555584.000000 1.836360216 3.604091406 4.124514580 -0.050580170 -0.021358794 0.026011212 0.998152733
1403636638913555456.000000 1.851260900 3.614804268 4.146912098 -0.049595416 -0.017921140 0.027476951 0.998230577
1403636638963555584.000000 1.868703961 3.628626823 4.184501171 -0.048486706 -0.015095829 0.029888397 0.998262405
1403636639013555456.000000 1.885899544 3.640491486 4.208106041 -0.046506509 -0.014265037 0.034974959 0.998203635
1403636639063555584.000000 1.902619004 3.652936220 4.232470512 -0.044311926 -0.013060086 0.040680103 0.998103738
1403636639113555456.000000 1.916719794 3.665580988 4.258517265 0.042466532 0.012228329 -0.045455556 -0.997988403
1403636639163555584.000000 1.931304455 3.682504177 4.296425819 -0.041177209 -0.012388755 0.049681719 0.997839034
1403636639213555456.000000 1.938542962 3.697866440 4.324521065 -0.040007748 -0.012442232 0.052872028 0.997721970
1403636639263555584.000000 1.942019105 3.714642048 4.354453564 -0.039473552 -0.013318352 0.054221798 0.997659504
1403636639313555456.000000 1.942897558 3.733538151 4.387713909 0.041204147 0.013825279 -0.049693111 -0.997818470
1403636639363555584.000000 1.947604179 3.756056547 4.426549435 -0.043405708 -0.014590288 0.043571293 0.998000324
1403636639413555456.000000 1.946595788 3.776846886 4.459131718 -0.045579009 -0.015539114 0.037283797 0.998143852
1403636639463555584.000000 1.944829941 3.798234701 4.492176533 -0.047664035 -0.016073024 0.030907519 0.998255789
1403636639513555456.000000 1.946179748 3.822934628 4.530880451 -0.050029051 -0.015282061 0.024344722 0.998334110
1403636639563555584.000000 1.943205833 3.844688892 4.564426422 -0.052567959 -0.013809229 0.016790202 0.998380721
1403636639613555456.000000 1.939441800 3.865799904 4.598308563 -0.054250058 -0.012446890 0.011073221 0.998388469
1403636639663555584.000000 1.939546943 3.890378475 4.638791084 -0.054491822 -0.009188013 0.009045655 0.998431027
1403636639713555456.000000 1.937583804 3.909892082 4.672238827 -0.053970519 -0.004892808 0.009873135 0.998481750
1403636639763555584.000000 1.936635494 3.928654432 4.704910755 -0.052793089 -0.000748962 0.012601381 0.998525739
1403636639813555456.000000 1.938106179 3.951388597 4.741199493 -0.052049648 0.001413925 0.014433235 0.998539209
1403636639863555584.000000 1.940695643 3.969336271 4.771488667 -0.050940529 0.003005646 0.017014775 0.998552203
1403636639913555456.000000 1.944837451 3.986695051 4.799671173 -0.049686268 0.003849557 0.019065723 0.998575449
1403636639963555584.000000 1.951998949 4.005444527 4.828756332 0.049397290 -0.004341560 -0.019644011 -0.998576641
1403636640013555456.000000 1.957070112 4.027356148 4.864420891 -0.048724208 0.005554140 0.019541316 0.998605669
1403636640063555584.000000 1.967679381 4.044568062 4.890708923 -0.046647303 0.005816774 0.017916549 0.998733819
1403636640113555456.000000 1.980748534 4.061542034 4.916210651 -0.043728121 0.005924030 0.014022390 0.998927534
1403636640163555584.000000 1.996175170 4.078397274 4.941157341 0.039397020 -0.006118129 -0.012135769 -0.999131262
1403636640213555456.000000 2.004596710 4.098203182 4.968193531 -0.035036705 0.006443021 0.010500850 0.999310136
1403636640263555584.000000 2.022016287 4.114225864 4.989481449 -0.031488363 0.004894702 0.008230180 0.999458253
1403636640313555456.000000 2.038623333 4.129786968 5.010285378 -0.028327286 0.004311430 0.007640924 0.999560237
1403636640363555584.000000 2.046384096 4.148176670 5.037947178 -0.025289303 0.004570480 0.006375275 0.999649465
1403636640413555456.000000 2.059944630 4.163825035 5.059158802 -0.022990845 0.004419051 0.004956875 0.999713659
1403636640463555584.000000 2.071894169 4.179253578 5.080380917 -0.021091426 0.004426095 0.003606362 0.999761224
1403636640513555456.000000 2.080737591 4.194857597 5.101538181 0.019177930 -0.003234766 -0.003245766 -0.999805629
1403636640563555584.000000 2.079419136 4.211463451 5.125718594 -0.017920818 0.003259362 0.002326140 0.999831438
1403636640613555456.000000 2.087207556 4.226322174 5.147054195 -0.016719822 0.003265532 0.002237720 0.999852419
1403636640663555584.000000 2.093673944 4.240933895 5.168147087 -0.015863338 0.003639470 0.001729988 0.999866068
1403636640713555456.000000 2.097002506 4.256235600 5.190368652 0.014953367 -0.003050012 -0.001637944 -0.999882281
1403636640763555584.000000 2.092139244 4.270290852 5.211710930 -0.014141299 0.001536069 0.002010070 0.999896824
1403636640813555456.000000 2.097618818 4.284296989 5.232651711 -0.013752477 0.000193410 0.001410644 0.999904454
1403636640863555584.000000 2.103572607 4.297924995 5.252553940 -0.013370004 -0.001650252 0.000871324 0.999908924
1403636640913555456.000000 2.104768276 4.310897350 5.271599770 -0.013007715 -0.002101841 0.000697619 0.999913037
1403636640963555584.000000 2.114326954 4.324144363 5.290014744 -0.013158456 -0.002675504 0.000321594 0.999909878
1403636641013555456.000000 2.123884678 4.336996555 5.306893826 -0.013475767 -0.002184232 0.000012647 0.999906898
1403636641063555584.000000 2.130697489 4.349156857 5.322580338 0.013543545 0.000747265 -0.000866691 -0.999907672
1403636641113555456.000000 2.133488655 4.360219955 5.340752602 -0.014102121 -0.000307403 0.000531031 0.999900401
1403636641163555584.000000 2.138285398 4.371769905 5.358139515 -0.014553815 -0.000706693 0.000304660 0.999893844
1403636641213555456.000000 2.141626596 4.383006096 5.375584602 -0.015064808 0.000139140 0.000436358 0.999886453
1403636641263555584.000000 2.144320250 4.393143177 5.393082142 0.014843091 -0.001611736 -0.002022099 -0.999886572
1403636641313555456.000000 2.141955614 4.403427601 5.411435604 0.014155422 -0.001211709 -0.005543918 -0.999883711
1403636641363555584.000000 2.140552521 4.413930416 5.430767536 -0.012921230 0.001011355 0.009745250 0.999868572
1403636641413555456.000000 2.137577534 4.424202442 5.448614120 -0.011750540 0.000932874 0.013490623 0.999839544
1403636641463555584.000000 2.133761168 4.434951305 5.466456890 -0.011850426 0.001114648 0.014191776 0.999828458
1403636641513555456.000000 2.129380703 4.445874214 5.483137131 0.012756671 -0.001551892 -0.012875649 -0.999834597
1403636641563555584.000000 2.126481295 4.456828594 5.497733593 0.013433076 -0.001204317 -0.011003801 -0.999848545
1403636641613555456.000000 2.123853207 4.468016148 5.511712551 0.014664741 -0.001224671 -0.008881354 -0.999852359
1403636641663555584.000000 2.122674704 4.479187489 5.525033951 0.015490391 -0.000712679 -0.007363151 -0.999852717
1403636641713555456.000000 2.123082876 4.489726543 5.535355091 0.016294604 -0.001786075 -0.006306492 -0.999845743
1403636641763555584.000000 2.126019955 4.500681877 5.545973778 0.016969405 -0.001172063 -0.005756266 -0.999838829
1403636641813555456.000000 2.131184340 4.511262894 5.556013107 0.017107368 -0.002045379 -0.005405140 -0.999837041
1403636641863555584.000000 2.146952152 4.523946762 5.571640015 -0.016980032 0.002902776 0.005371178 0.999837220
1403636641913555456.000000 2.146191359 4.532309532 5.577668667 0.018541234 -0.003128144 -0.005593329 -0.999807537
1403636641963555584.000000 2.156495571 4.542635918 5.587655544 0.020998728 -0.003625057 -0.007290269 -0.999746442
1403636642013555456.000000 2.168056726 4.553730965 5.598187923 0.024779180 -0.004794263 -0.008263843 -0.999647319
1403636642063555584.000000 2.180407524 4.564218044 5.607024193 0.029397778 -0.005649163 -0.010314441 -0.999498665
1403636642113555456.000000 2.201194286 4.577404499 5.617234707 -0.033790756 0.006055593 0.011592448 0.999343395
1403636642163555584.000000 2.210643768 4.587733746 5.626396656 -0.037796743 0.006721417 0.012422595 0.999185681
1403636642213555456.000000 2.218285799 4.597638130 5.635568142 -0.040913917 0.007631058 0.013696845 0.999039710
1403636642263555584.000000 2.224396467 4.607234955 5.644869328 -0.043901198 0.008080548 0.015191373 0.998887718
1403636642313555456.000000 2.228671789 4.616642952 5.654234886 -0.047468428 0.008543251 0.017123980 0.998689473
1403636642363555584.000000 2.230880260 4.626252651 5.663625717 -0.052345850 0.009152155 0.019013559 0.998406112
1403636642413555456.000000 2.231583118 4.635582924 5.673086166 -0.056639146 0.010230027 0.021148993 0.998118281
1403636642463555584.000000 2.230698586 4.644327164 5.682415485 -0.060540017 0.010179168 0.022583483 0.997858405
1403636642513555456.000000 2.228087425 4.652867794 5.691479683 -0.063585326 0.009012176 0.024200771 0.997642219
1403636642563555584.000000 2.224277020 4.660721779 5.700225353 -0.066560090 0.005636418 0.024890235 0.997456014
1403636642613555456.000000 2.219449282 4.667993546 5.708098888 -0.068321899 0.001737210 0.026718576 0.997304022
1403636642663555584.000000 2.213269711 4.675245762 5.716124535 -0.069921568 -0.002633015 0.028153913 0.997151732
1403636642713555456.000000 2.206731081 4.682224751 5.723709583 -0.071435817 -0.006629872 0.029018400 0.997001052
1403636642763555584.000000 2.200525999 4.689366341 5.731715679 -0.072116725 -0.010251313 0.029896995 0.996895313
1403636642813555456.000000 2.197155714 4.695951462 5.738307953 -0.072646014 -0.013029043 0.031035911 0.996789694
1403636642863555584.000000 2.195355892 4.702639103 5.743680477 -0.072826929 -0.014667437 0.032071080 0.996720970
1403636642913555456.000000 2.195089579 4.710261345 5.748651028 -0.072746716 -0.016516764 0.032435413 0.996686041
1403636642963555584.000000 2.196931839 4.717181683 5.752110004 -0.072713792 -0.017123204 0.033262499 0.996650994
1403636643013555456.000000 2.201257467 4.725185871 5.754383564 -0.072448738 -0.016390609 0.033576857 0.996672094
1403636643063555584.000000 2.207195282 4.733547211 5.757749557 -0.072452210 -0.012725530 0.033470936 0.996728897
1403636643113555456.000000 2.213653803 4.741442680 5.762190819 -0.072345197 -0.008289853 0.033542067 0.996781051
1403636643163555584.000000 2.218006134 4.750137806 5.767363548 -0.071964845 -0.004998614 0.033998255 0.996815026
1403636643213555456.000000 2.220401049 4.757774830 5.772938251 -0.071860157 -0.002397952 0.034206461 0.996825159
1403636643263555584.000000 2.221191406 4.766381741 5.779347420 -0.071527861 -0.001390671 0.034198459 0.996851265
1403636643313555456.000000 2.220512867 4.775397301 5.785374165 -0.071392931 -0.001824550 0.033866569 0.996871531
1403636643363555584.000000 2.220442295 4.785106182 5.791991711 -0.071131796 -0.003946200 0.033634182 0.996891916
1403636643413555456.000000 2.222434998 4.794752598 5.798850536 -0.070572630 -0.006338409 0.034339689 0.996895254
1403636643463555584.000000 2.225721359 4.804980755 5.805541515 -0.069759689 -0.009973336 0.035262808 0.996890545
1403636643513555456.000000 2.230553150 4.815535545 5.812770844 -0.069156103 -0.013938587 0.035330743 0.996882617
1403636643563555584.000000 2.238578558 4.826714039 5.820340633 -0.068481579 -0.017335022 0.035260934 0.996878386
1403636643613555456.000000 2.246693134 4.837739468 5.828794003 -0.068389378 -0.021183802 0.034686271 0.996830523
1403636643663555584.000000 2.257361650 4.848888874 5.836694717 -0.067446575 -0.024456639 0.034025852 0.996842623
1403636643713555456.000000 2.269978046 4.860727310 5.844067097 -0.066918805 -0.027474673 0.033373788 0.996821582
1403636643763555584.000000 2.283991337 4.873456955 5.851167679 -0.066675596 -0.029049240 0.032753885 0.996813774
1403636643813555456.000000 2.297693968 4.885794163 5.859140873 -0.066654421 -0.032112658 0.031447038 0.996763349
1403636643863555584.000000 2.311030626 4.897485256 5.867408276 -0.066284195 -0.035032183 0.031474758 0.996688783
1403636643913555456.000000 2.323479414 4.909722805 5.879295349 -0.066104263 -0.036975741 0.031036764 0.996644258
1403636643963555584.000000 2.334594011 4.922922611 5.892847061 -0.066194758 -0.039100181 0.030294221 0.996580064
1403636644013555456.000000 2.345174789 4.936348438 5.909240246 -0.066458121 -0.040076897 0.029704528 0.996541440
1403636644063555584.000000 2.354715824 4.950078487 5.926804543 -0.066237390 -0.040815681 0.029732358 0.996525288
1403636644113555456.000000 2.363810539 4.963492870 5.948021889 -0.066475078 -0.041803200 0.029572925 0.996473312
1403636644163555584.000000 2.373005867 4.977256298 5.969563961 -0.066541724 -0.040482003 0.029133037 0.996536374
1403636644213555456.000000 2.381227970 4.990211487 5.992946148 -0.065941013 -0.034860522 0.031114131 0.996728837
1403636644263555584.000000 2.389048576 5.003663540 6.018757820 -0.064476393 -0.027221853 0.036078833 0.996895254
1403636644313555456.000000 2.395764589 5.018586159 6.045545101 -0.062583260 -0.018299706 0.041824676 0.996995091
1403636644363555584.000000 2.401634932 5.034320354 6.074010372 -0.061183382 -0.010178694 0.047036894 0.996965706
1403636644413555456.000000 2.404729366 5.050117016 6.103222370 -0.060116768 -0.003953429 0.050302576 0.996915221
1403636644463555584.000000 2.405736446 5.067447662 6.133600235 -0.059548233 0.001430283 0.052744340 0.996829987
1403636644513555456.000000 2.404217720 5.085793972 6.164588928 -0.057941053 0.006658887 0.057345882 0.996649384
1403636644563555584.000000 2.400894880 5.105654240 6.193278313 -0.056371607 0.009636226 0.060960319 0.996500552
1403636644613555456.000000 2.396466017 5.126727104 6.222774029 -0.056279924 0.011331457 0.062108010 0.996417046
1403636644663555584.000000 2.390784264 5.150405407 6.251983643 -0.057925675 0.011952737 0.057911526 0.996568084
1403636644713555456.000000 2.382917643 5.174736500 6.280391216 -0.060621198 0.012109414 0.050866339 0.996790409
1403636644763555584.000000 2.371551991 5.200870991 6.308515549 -0.063871115 0.010644422 0.041935109 0.997019887
1403636644813555456.000000 2.359669685 5.227146149 6.336748123 -0.067400709 0.010047983 0.033552852 0.997111082
1403636644863555584.000000 2.346292734 5.252395630 6.363708973 -0.070251927 0.007509116 0.027763745 0.997114599
1403636644913555456.000000 2.332151890 5.278183937 6.390364170 -0.071699820 0.004574743 0.026169259 0.997072399
1403636644963555584.000000 2.320279598 5.303352833 6.416025639 -0.072144628 0.001516409 0.026431441 0.997042775
1403636645013555456.000000 2.308402777 5.326518059 6.439013481 -0.072493851 -0.005975882 0.026900627 0.996988177
1403636645063555584.000000 2.298256159 5.349717617 6.462425232 -0.072155967 -0.017246109 0.029890858 0.996796250
1403636645113555456.000000 2.289137602 5.373343945 6.483701229 -0.071771942 -0.028568996 0.032581467 0.996479392
1403636645163555584.000000 2.282220125 5.396992207 6.505094528 -0.072171926 -0.039136510 0.032359637 0.996098638
1403636645213555456.000000 2.278634310 5.420357227 6.528650761 -0.071899094 -0.047932934 0.034740489 0.995653629
1403636645263555584.000000 2.279078960 5.445198536 6.554038525 -0.072202697 -0.052831266 0.034622539 0.995387793
1403636645313555456.000000 2.281561375 5.469290257 6.581275940 -0.072305247 -0.052180618 0.034779172 0.995409250
1403636645363555584.000000 2.287432909 5.494689941 6.611402035 -0.072858557 -0.047825281 0.033916529 0.995617449
1403636645413555456.000000 2.293091297 5.519940853 6.641125679 -0.073747210 -0.042740963 0.032943290 0.995815933
1403636645463555584.000000 2.298291206 5.545287132 6.675421715 -0.074158303 -0.038667493 0.032916378 0.995952785
1403636645513555456.000000 2.302397251 5.569379330 6.710797787 -0.074490435 -0.035523936 0.032307416 0.996065021
1403636645563555584.000000 2.306860924 5.593620777 6.746308327 -0.074977316 -0.034281541 0.031833656 0.996087313
1403636645613555456.000000 2.311074972 5.617952824 6.782764912 -0.075555176 -0.032235984 0.031552691 0.996120870
1403636645663555584.000000 2.314899206 5.643273354 6.820549011 -0.075791217 -0.030917721 0.030514367 0.996177077
1403636645713555456.000000 2.320531130 5.667622089 6.859293938 -0.076072000 -0.029717341 0.030125745 0.996204019
1403636645763555584.000000 2.328963757 5.691834450 6.898961067 -0.075613335 -0.028717782 0.030722359 0.996250033
1403636645813555456.000000 2.340362787 5.716216087 6.940334320 -0.075246133 -0.028133577 0.031664323 0.996265054
1403636645863555584.000000 2.355535507 5.740047932 6.978327751 -0.075228147 -0.028979538 0.032322016 0.996221006
1403636645913555456.000000 2.372806311 5.764903545 7.018124580 -0.074617766 -0.029295577 0.033617452 0.996214747
1403636645963555584.000000 2.393000364 5.789057255 7.056099892 -0.075776115 -0.024529798 0.035116561 0.996204376
1403636646013555456.000000 2.414010763 5.814198017 7.092516899 -0.078290187 -0.019910734 0.037824575 0.996013820
1403636646063555584.000000 2.435511589 5.840448856 7.130200386 -0.081853949 -0.016085166 0.042833503 0.995593607
1403636646113555456.000000 2.459594727 5.867918491 7.166418076 -0.087937243 -0.012423712 0.047762889 0.994902730
1403636646163555584.000000 2.468462229 5.893827915 7.198350430 0.096788757 0.008424682 -0.052753776 -0.993870258
1403636646213555456.000000 2.503053904 5.925107002 7.242022514 -0.105553918 -0.005172573 0.059573822 0.992614090
1403636646263555584.000000 2.511887312 5.950442314 7.272933006 0.116868891 0.001318199 -0.065696634 -0.990971208
1403636646313555456.000000 2.537661552 5.984901905 7.317301273 -0.128950447 0.003601813 0.072971277 0.988956034
1403636646363555584.000000 2.546069145 6.011451244 7.345269203 0.141513899 -0.008121655 -0.079489216 -0.986706316
1403636646413555456.000000 2.560145378 6.043253899 7.378690243 0.155914068 -0.011422890 -0.082907006 -0.984218895
1403636646463555584.000000 2.580018282 6.079317570 7.416137695 0.169549122 -0.016597984 -0.083271258 -0.981857181
1403636646513555456.000000 2.599228382 6.112386227 7.451586246 -0.181411847 0.020025231 0.082890429 0.979702950
1403636646563555584.000000 2.608288050 6.144940853 7.480428696 -0.192079782 0.022699781 0.082355671 0.977654159
1403636646613555456.000000 2.614455938 6.173964024 7.502023220 0.200340614 -0.022138173 -0.082494073 -0.975996077
1403636646663555584.000000 2.642427921 6.208843231 7.536125660 -0.207532182 0.019111037 0.082213312 0.974579990
1403636646713555456.000000 2.660406113 6.240530014 7.561355114 -0.213041782 0.016881160 0.083360739 0.973334134
1403636646763555584.000000 2.669502974 6.269656181 7.576974869 0.217766881 -0.015931506 -0.083808050 -0.972265422
1403636646813555456.000000 2.693608284 6.308437824 7.604369640 0.221437618 -0.016046671 -0.083602101 -0.971451879
1403636646863555584.000000 2.717958450 6.338455200 7.624218941 0.224671721 -0.016077276 -0.083918490 -0.970681131
1403636646913555456.000000 2.747798204 6.369760513 7.642851830 0.225710794 -0.015025950 -0.084543668 -0.970402598
1403636646963555584.000000 2.767855406 6.390662670 7.657553673 0.227048472 -0.013414771 -0.085774526 -0.970006108
1403636647013555456.000000 2.790352821 6.418645382 7.675310612 0.227957368 -0.011680678 -0.085923739 -0.969802141
1403636647063555584.000000 2.811210394 6.441264629 7.688348293 0.228116885 -0.009126588 -0.085751340 -0.969807327
1403636647113555456.000000 2.830846071 6.468696594 7.705609322 0.228227213 -0.004998978 -0.086199678 -0.969771624
1403636647163555584.000000 2.848408461 6.492198467 7.721359730 0.227714092 -0.001952109 -0.086920395 -0.969838858
1403636647213555456.000000 2.866670132 6.521545887 7.736050129 0.227521151 0.000154369 -0.085629180 -0.970000982
1403636647263555584.000000 2.874931335 6.538179398 7.747290134 0.226727173 -0.000021342 -0.086877093 -0.970075905
1403636647313555456.000000 2.893149376 6.569227695 7.767830372 0.225376680 -0.001349785 -0.086967461 -0.970381498
1403636647363555584.000000 2.903480291 6.592346668 7.781844139 0.224206716 -0.003188192 -0.087461226 -0.970603764
1403636647413555456.000000 2.912526369 6.617294788 7.799520493 0.223213509 -0.005107165 -0.087684035 -0.970804393
1403636647463555584.000000 2.921830177 6.643342495 7.819408417 0.221658021 -0.007222685 -0.088446200 -0.971078217
1403636647513555456.000000 2.928536415 6.668003559 7.833668709 0.220033154 -0.010791702 -0.088797554 -0.971382499
1403636647563555584.000000 2.932912827 6.690170288 7.843664169 0.218177497 -0.015321563 -0.089813873 -0.971646786
1403636647613555456.000000 2.933824539 6.720422268 7.865873337 0.216903538 -0.020747121 -0.092245102 -0.971603453
1403636647663555584.000000 2.945038795 6.745216370 7.872098923 0.217521891 -0.022226617 -0.092432894 -0.971414685
1403636647713555456.000000 2.945463657 6.769733906 7.887574673 0.218719155 -0.020519214 -0.091932423 -0.971230865
1403636647763555584.000000 2.959896088 6.798810482 7.890929222 0.219872534 -0.018310821 -0.091046453 -0.971098065
1403636647813555456.000000 2.962615967 6.826138496 7.902512550 0.222015426 -0.016371584 -0.089747891 -0.970765948
1403636647863555584.000000 2.971102476 6.851093769 7.910681725 0.224899083 -0.014325354 -0.090192936 -0.970093071
1403636647913555456.000000 2.979925394 6.874132156 7.906785011 0.229181543 -0.014275827 -0.090144843 -0.969095409
1403636647963555584.000000 2.978714943 6.904071331 7.924395084 0.235132068 -0.013997328 -0.092337064 -0.967466235
1403636648013555456.000000 2.981179953 6.926891327 7.922081470 0.242612362 -0.013606522 -0.094002344 -0.965462387
1403636648063555584.000000 2.973113537 6.958092690 7.936489582 0.252029955 -0.012689820 -0.097499259 -0.962711692
1403636648113555456.000000 2.967846394 6.987758636 7.945097923 0.262516558 -0.012309532 -0.101448223 -0.959500849
1403636648163555584.000000 2.961967230 7.014891148 7.949590683 0.274220109 -0.012339052 -0.105512246 -0.955781519
1403636648213555456.000000 2.955908298 7.042468071 7.954209328 0.286047906 -0.012574248 -0.109275408 -0.951880991
1403636648263555584.000000 2.948537350 7.070905685 7.958027840 0.298292279 -0.013036280 -0.113875769 -0.947567523
1403636648313555456.000000 2.937379360 7.100219727 7.964594364 0.310774565 -0.012996596 -0.118600525 -0.942965627
1403636648363555584.000000 2.926007032 7.129817009 7.967695236 0.323495537 -0.013593487 -0.122405417 -0.938180566
1403636648413555456.000000 2.912578106 7.157761097 7.969620705 0.336378217 -0.013352622 -0.126559675 -0.933088541
1403636648463555584.000000 2.895923615 7.184921741 7.974002838 0.349400252 -0.012988980 -0.131280005 -0.927640200
1403636648513555456.000000 2.879615784 7.211122990 7.974250793 0.361893177 -0.013115859 -0.135850236 -0.922174633
1403636648563555584.000000 2.866470814 7.235690594 7.976194859 0.372934312 -0.013460346 -0.139889792 -0.917153001
1403636648613555456.000000 2.858433723 7.256899357 7.969716072 0.382552654 -0.013848035 -0.142785355 -0.912728965
1403636648663555584.000000 2.841105461 7.278315067 7.969636917 0.390769392 -0.011727066 -0.145223051 -0.908885062
1403636648713555456.000000 2.828451157 7.301145077 7.967952728 0.397811830 -0.008473106 -0.146647856 -0.905631542
1403636648763555584.000000 2.824180603 7.323449135 7.959850311 0.402859181 -0.005673608 -0.149131984 -0.903012693
1403636648813555456.000000 2.815865993 7.345447540 7.954391003 0.406035513 0.001324774 -0.152911976 -0.900972486
1403636648863555584.000000 2.802691460 7.366049290 7.950854301 0.408184737 0.008160987 -0.156830341 -0.899290264
1403636648913555456.000000 2.806265831 7.385584831 7.939703941 0.409808159 0.014581034 -0.158884108 -0.898109436
1403636648963555584.000000 2.802873850 7.412303925 7.940269470 0.410717130 0.019514760 -0.160584986 -0.897297680
1403636649013555456.000000 2.807783604 7.438620567 7.934875488 0.411891997 0.020892408 -0.160441130 -0.896753728
1403636649063555584.000000 2.822526932 7.467485428 7.923991203 0.412847340 0.017662806 -0.158455789 -0.896736801
1403636649113555456.000000 2.826052189 7.496022224 7.923110962 0.413987815 0.011910349 -0.154896200 -0.896927834
1403636649163555584.000000 2.837021828 7.521358490 7.913421154 0.414618105 0.004469040 -0.151857972 -0.897224069
1403636649213555456.000000 2.849983692 7.548516750 7.907279491 0.415198654 -0.001455489 -0.147955492 -0.897617459
1403636649263555584.000000 2.869589329 7.578019619 7.897518158 0.415027499 -0.006690538 -0.144943193 -0.898164153
1403636649313555456.000000 2.878595829 7.605755806 7.894843102 0.414373934 -0.007623956 -0.143662035 -0.898664236
1403636649363555584.000000 2.894560337 7.632249832 7.888309956 0.412965983 -0.006486559 -0.143169537 -0.899399579
1403636649413555456.000000 2.910609961 7.655570030 7.877670288 0.411204427 -0.004273791 -0.143543363 -0.900160015
1403636649463555584.000000 2.927195072 7.678619862 7.866637230 0.409084320 -0.000690206 -0.144065842 -0.901051998
1403636649513555456.000000 2.954797745 7.699971676 7.850831509 0.407087177 -0.001478190 -0.143502086 -0.902044892
1403636649563555584.000000 2.979089737 7.727610588 7.838102341 0.405198336 -0.004338437 -0.142833307 -0.902991831
1403636649613555456.000000 3.000502348 7.748158455 7.821685791 0.404300630 -0.007883175 -0.143237710 -0.903306067
1403636649663555584.000000 3.021799088 7.770806313 7.810213089 0.405040175 -0.012443257 -0.144164085 -0.902775943
1403636649713555456.000000 3.034998894 7.791322708 7.798392296 0.407497764 -0.014619360 -0.146033272 -0.901335776
1403636649763555584.000000 3.051006794 7.810801029 7.782691479 0.411572814 -0.016168112 -0.146270916 -0.899417222
1403636649813555456.000000 3.066111326 7.828746319 7.766040325 0.415266991 -0.016755965 -0.146243140 -0.897711277
1403636649863555584.000000 3.086284637 7.846192360 7.744852066 0.418906748 -0.018164147 -0.145885557 -0.896049500
1403636649913555456.000000 3.095008850 7.857985973 7.728699684 0.422183573 -0.017856518 -0.145890221 -0.894515693
1403636649963555584.000000 3.110799313 7.878820419 7.718400955 0.425054491 -0.018074559 -0.145704404 -0.893180966
1403636650013555456.000000 3.119688511 7.898141384 7.705362797 0.427572072 -0.017582167 -0.145539567 -0.892015278
1403636650063555584.000000 3.126979351 7.913146973 7.691391468 0.429991663 -0.018202944 -0.146104962 -0.890746415
1403636650113555456.000000 3.130929470 7.927686691 7.679215908 0.433687687 -0.018620238 -0.147426322 -0.888725936
1403636650163555584.000000 3.130867720 7.941628933 7.667437077 0.438996404 -0.019148163 -0.149067640 -0.885829806
1403636650213555456.000000 3.129013062 7.957335949 7.657700062 0.446325362 -0.018197855 -0.151179463 -0.881820500
1403636650263555584.000000 3.118297100 7.967620373 7.639769554 0.455268681 -0.017401157 -0.154123291 -0.876740396
1403636650313555456.000000 3.113934994 7.983141422 7.622796059 0.464907765 -0.017156087 -0.158842444 -0.870824635
1403636650363555584.000000 3.099670887 7.992078304 7.603952885 0.475618035 -0.015452691 -0.163382128 -0.864207745
1403636650413555456.000000 3.091781616 8.003403664 7.589992046 0.486639023 -0.013421144 -0.167898893 -0.857212007
1403636650463555584.000000 3.080934525 8.012033463 7.573181629 0.497800946 -0.010635058 -0.172867820 -0.849822223
1403636650513555456.000000 3.068445444 8.015783310 7.553498745 0.508243382 -0.007665380 -0.178103194 -0.842561066
1403636650563555584.000000 3.061443090 8.024560928 7.542055607 0.516880631 -0.005225558 -0.183745340 -0.836089015
1403636650613555456.000000 3.042904615 8.026386261 7.521152020 0.524524629 -0.002745958 -0.187469199 -0.830494881
1403636650663555584.000000 3.033282280 8.033666611 7.504014015 0.530630112 -0.001831446 -0.190725490 -0.825864494
1403636650713555456.000000 3.015198946 8.037484169 7.494593620 0.536467075 0.000102216 -0.192981720 -0.821560204
1403636650763555584.000000 3.001720428 8.036840439 7.465582848 0.540929139 -0.000031299 -0.195026979 -0.818144381
1403636650813555456.000000 2.988196850 8.042040825 7.459374905 0.544851840 -0.000461446 -0.196173504 -0.815262079
1403636650863555584.000000 2.981960773 8.043651581 7.435324669 0.548410535 -0.002378938 -0.195309579 -0.813077211
1403636650913555456.000000 2.975655556 8.049071312 7.418719769 0.551507235 -0.005666032 -0.193153918 -0.811479747
1403636650963555584.000000 2.964164734 8.058250427 7.411408901 0.553626418 -0.008378963 -0.191513345 -0.810401261
1403636651013555456.000000 2.965884447 8.060004234 7.386610508 0.555201232 -0.011254924 -0.189389110 -0.809788048
1403636651063555584.000000 2.963495255 8.063299179 7.369620323 0.555905581 -0.012602884 -0.188116819 -0.809581578
1403636651113555456.000000 2.963768482 8.072126389 7.362667561 0.555847585 -0.013924466 -0.187523961 -0.809737206
1403636651163555584.000000 2.962425470 8.074402809 7.346181870 0.555624068 -0.013577571 -0.187325418 -0.809942424
1403636651213555456.000000 2.962216377 8.075577736 7.326730728 0.554321349 -0.012139401 -0.188225180 -0.810649037
1403636651263555584.000000 2.962975979 8.075446129 7.306830883 0.553133249 -0.010054866 -0.189148039 -0.811274111
1403636651313555456.000000 2.967076063 8.077122688 7.288189888 0.551471829 -0.007494379 -0.190237254 -0.812177598
1403636651363555584.000000 2.968679667 8.076765060 7.269489288 0.549489141 -0.005381826 -0.191857204 -0.813156545
1403636651413555456.000000 2.969619036 8.078526497 7.249137878 0.547968030 -0.003953620 -0.192098275 -0.814133704
1403636651463555584.000000 2.968334436 8.080984116 7.231018543 0.546139002 -0.003274299 -0.192497090 -0.815270722
1403636651513555456.000000 2.966623306 8.080722809 7.212411880 0.544920385 -0.003794123 -0.191471964 -0.816324592
1403636651563555584.000000 2.957943678 8.081450462 7.192833424 0.543855250 -0.006246406 -0.189985842 -0.817366421
1403636651613555456.000000 2.959531307 8.085199356 7.182766438 0.543095231 -0.009632858 -0.187667578 -0.818373859
1403636651663555584.000000 2.952475548 8.087266922 7.167427540 0.542186499 -0.012857299 -0.185898125 -0.819335341
1403636651713555456.000000 2.950349092 8.092384338 7.152716637 0.541293502 -0.015886640 -0.186142012 -0.819817126
1403636651763555584.000000 2.942765474 8.090921402 7.139880180 0.541400135 -0.019020457 -0.187791154 -0.819303811
1403636651813555456.000000 2.938225985 8.091084480 7.127225876 0.542590380 -0.023362374 -0.191736698 -0.817488253
1403636651863555584.000000 2.927075863 8.090238571 7.114673615 0.545440018 -0.027207922 -0.194809437 -0.814741850
1403636651913555456.000000 2.915889740 8.084756851 7.099161148 0.550152838 -0.029943794 -0.198667213 -0.810534775
1403636651963555584.000000 2.909023285 8.078589439 7.075697899 0.556677639 -0.032556433 -0.202143505 -0.805101275
1403636652013555456.000000 2.897409678 8.081678391 7.060583115 0.564974189 -0.033781298 -0.204462841 -0.798660100
1403636652063555584.000000 2.873439074 8.071798325 7.043564796 0.575173438 -0.031629272 -0.207517415 -0.790640056
1403636652113555456.000000 2.861855745 8.062092781 7.021293640 0.586775362 -0.027965870 -0.209749058 -0.781612396
1403636652163555584.000000 2.843303680 8.053869247 7.000222683 0.599643469 -0.023457920 -0.212709129 -0.771124065
1403636652213555456.000000 2.823649406 8.045048714 6.979899883 0.613054752 -0.018439934 -0.217501864 -0.759287000
1403636652263555584.000000 2.801930428 8.033317566 6.954956532 0.626017034 -0.014171658 -0.223457068 -0.746973097
1403636652313555456.000000 2.777117729 8.016587257 6.928871155 0.638384581 -0.008416669 -0.231321618 -0.734087586
1403636652363555584.000000 2.753927946 8.006175041 6.905752182 0.649790227 -0.003710447 -0.239119321 -0.721512914
1403636652413555456.000000 2.731391430 7.989801884 6.879057884 0.660012126 -0.000292039 -0.245276123 -0.710087001
1403636652463555584.000000 2.708764315 7.973457813 6.851401329 0.668240905 0.001556018 -0.250912428 -0.700353205
1403636652513555456.000000 2.688738346 7.961279869 6.828244209 0.674908996 0.003378638 -0.256267577 -0.691963494
1403636652563555584.000000 2.672269106 7.949336529 6.805370808 0.680316508 0.005873865 -0.261739701 -0.684563577
1403636652613555456.000000 2.653302908 7.938556671 6.782289028 0.684217215 0.009030307 -0.266595870 -0.678742945
1403636652663555584.000000 2.634917736 7.926378727 6.754292965 0.687320352 0.013142411 -0.270472676 -0.673990011
1403636652713555456.000000 2.622663975 7.918301105 6.730145931 0.690439939 0.016679138 -0.271375239 -0.670350671
1403636652763555584.000000 2.607472420 7.914157867 6.703112602 0.691950858 0.017302180 -0.273321778 -0.667981982
1403636652813555456.000000 2.605237246 7.910046577 6.675396442 0.693564475 0.018006796 -0.273209751 -0.666333616
1403636652863555584.000000 2.599207163 7.907726288 6.648694515 0.694615543 0.017156994 -0.273082346 -0.665312767
1403636652913555456.000000 2.595413446 7.906868458 6.621417522 0.695586503 0.016167510 -0.271156520 -0.665110707
1403636652963555584.000000 2.598092556 7.899366379 6.603505135 0.696560502 0.015269035 -0.268828928 -0.665057361
1403636653013555456.000000 2.591917515 7.900908947 6.585093021 0.696900129 0.014483943 -0.266750693 -0.665555835
1403636653063555584.000000 2.606483221 7.831780910 6.545245171 0.697124243 0.013875210 -0.263318747 -0.666699827
1403636653113555456.000000 2.602729559 7.740431309 6.518129826 0.697069407 0.011389183 -0.260278076 -0.667996943
1403636653163555584.000000 2.790495872 7.075441837 6.633162022 0.697117031 0.008350911 -0.257929981 -0.668902338
1403636653213555456.000000 2.804442644 7.017201424 6.642642975 0.697475016 0.004794435 -0.253024518 -0.670435965
1403636653263555584.000000 2.820496798 6.956664085 6.654582500 0.697643399 0.000818381 -0.248023868 -0.672143757
1403636653313555456.000000 2.839056492 6.893258572 6.668852806 0.697708428 -0.001596314 -0.243079171 -0.673878968
1403636653363555584.000000 2.860532761 6.827176094 6.685540199 0.696818531 -0.003221976 -0.240312889 -0.675783515
1403636653413555456.000000 2.885485649 6.757708073 6.704424381 0.695585907 -0.003805595 -0.238575697 -0.677663267
1403636653463555584.000000 2.913896799 6.685126305 6.725490570 0.694115460 -0.003619538 -0.238165975 -0.679314077
1403636653513555456.000000 2.946256399 6.609412193 6.748470306 0.692551017 -0.003211719 -0.237661347 -0.681087315
1403636653563555584.000000 2.981394768 6.530114174 6.773761749 0.690832436 -0.003061670 -0.237923235 -0.682739913
1403636653613555456.000000 3.019909382 6.448194027 6.800934315 0.689927757 -0.004743051 -0.236979499 -0.683972180
1403636653663555584.000000 3.060268164 6.363193512 6.830541611 0.689294755 -0.006422825 -0.234882653 -0.685318708
1403636653713555456.000000 3.101001263 6.274793148 6.863052845 0.689110041 -0.007963027 -0.232581049 -0.686272621
1403636653763555584.000000 3.141674519 6.182898521 6.898764133 0.688972533 -0.009977507 -0.230912790 -0.686947346
1403636653813555456.000000 3.182037354 6.087332726 6.937829494 0.688785553 -0.010591034 -0.229222745 -0.687691271
1403636653863555584.000000 3.223598957 5.990034103 6.982455730 0.688962102 -0.011171432 -0.227695093 -0.688012719
1403636653913555456.000000 3.263397694 5.887062073 7.027824402 0.688832998 -0.011324819 -0.227337748 -0.688257515
1403636653963555584.000000 3.334109783 5.800921917 7.104737759 0.687950492 -0.011345406 -0.229532123 -0.688411593
1403636654013555456.000000 3.376027584 5.689609051 7.150293350 0.687029004 -0.011945768 -0.232390434 -0.688362777
1403636654063555584.000000 3.417370319 5.576812744 7.206755161 0.686118960 -0.012801611 -0.234728158 -0.688461781
1403636654113555456.000000 3.459247589 5.460674286 7.265718460 0.686512947 -0.013882571 -0.235954747 -0.687628329
1403636654163555584.000000 3.503292322 5.341158867 7.326479435 0.688254833 -0.015690226 -0.236611098 -0.685619712
1403636654213555456.000000 3.550263166 5.218502522 7.388691425 0.691128492 -0.016567659 -0.237029478 -0.682556927
1403636654263555584.000000 3.599715948 5.091952801 7.452436447 0.694866002 -0.015076238 -0.237641856 -0.678572297
1403636654313555456.000000 3.652554512 4.961826801 7.517492294 0.699260354 -0.013673688 -0.239021614 -0.673584938
1403636654363555584.000000 3.708603859 4.828507423 7.584230423 0.703835487 -0.011899706 -0.241671249 -0.667884052
1403636654413555456.000000 3.722038507 4.741906166 7.703057766 0.709193945 -0.009588027 -0.244438067 -0.661212623
1403636654463555584.000000 3.783585548 4.603606224 7.773113728 0.714713395 -0.008360734 -0.247569233 -0.654082835
1403636654513555456.000000 3.847326517 4.462983608 7.847607136 0.721284986 -0.006831752 -0.249630243 -0.646054208
1403636654563555584.000000 3.899297476 4.304227352 7.936866283 0.728048623 -0.005630392 -0.252103001 -0.637461901
1403636654613555456.000000 3.963782549 4.157923698 8.025510788 0.732996345 -0.004198962 -0.256444544 -0.630027711
1403636654663555584.000000 4.033492088 4.006512642 8.108873367 0.736770451 -0.004581434 -0.262001902 -0.623300433
1403636654713555456.000000 4.103282928 3.838171959 8.169566154 0.740432739 -0.003949073 -0.265714765 -0.617365003
1403636654763555584.000000 4.186165810 3.676855087 8.249165535 -0.743059218 0.002427572 0.269438863 0.612584591
1403636654813555456.000000 4.255355358 3.520658493 8.342241287 -0.746169209 0.001401792 0.270997375 0.608103633
1403636654863555584.000000 4.319871902 3.334849358 8.430105209 -0.748696744 0.000577000 0.272270083 0.604418755
1403636654913555456.000000 4.376521111 3.181740761 8.543945312 0.751426458 -0.001012686 -0.271739066 -0.601261437
1403636654963555584.000000 4.446602821 3.015772820 8.637242317 0.754537523 -0.002821989 -0.268740654 -0.598701715
1403636655013555456.000000 4.518384457 2.846366882 8.740944862 0.757374763 -0.006387022 -0.265286505 -0.596628666
1403636655063555584.000000 4.588349342 2.678537369 8.851052284 0.759499013 -0.009706106 -0.262311250 -0.595197320
1403636655113555456.000000 4.659019470 2.508223534 8.964782715 0.761075318 -0.012297693 -0.260205716 -0.594059110
1403636655163555584.000000 4.745219231 2.316068649 9.065278053 0.762525141 -0.014587615 -0.258126408 -0.593054414
1403636655213555456.000000 4.812354088 2.148407936 9.198454857 0.763351142 -0.017055675 -0.256273985 -0.592729211
1403636655263555584.000000 4.887497425 1.968930244 9.320962906 0.764630020 -0.019635264 -0.255989194 -0.591121852
1403636655313555456.000000 4.963692188 1.786043167 9.446475029 0.766514301 -0.021225179 -0.255875707 -0.588670492
1403636655363555584.000000 5.041323185 1.599702835 9.575006485 0.768739223 -0.023460602 -0.256736130 -0.585300148
1403636655413555456.000000 5.121344566 1.409686089 9.706684113 0.770895183 -0.025456419 -0.257762253 -0.581920385
1403636655463555584.000000 5.204563141 1.216650963 9.840534210 0.773747861 -0.026001319 -0.258068800 -0.577960908
1403636655513555456.000000 5.291232586 1.012476921 9.965136528 0.776769459 -0.026269635 -0.260005057 -0.573006570
1403636655563555584.000000 5.398417950 0.819900513 10.120132446 0.779043734 -0.024296548 -0.265180260 -0.567609012
1403636655613555456.000000 5.488179207 0.611048698 10.254801750 0.781267047 -0.021370176 -0.272241324 -0.561293006
1403636655663555584.000000 5.583565235 0.385045052 10.413019180 0.783155799 -0.019519662 -0.279884696 -0.554932952
1403636655713555456.000000 5.692747116 0.166493416 10.545280457 0.784422040 -0.017576382 -0.287367225 -0.549357116
1403636655763555584.000000 5.778772354 -0.039541245 10.706962585 0.786895216 -0.015641129 -0.291686982 -0.543571532
1403636655813555456.000000 5.864232063 -0.260085106 10.860165596 0.789892972 -0.015174831 -0.295883715 -0.536927938
1403636655863555584.000000 5.952897072 -0.476803780 11.020992279 0.793446243 -0.015130354 -0.300046742 -0.529326022
1403636655913555456.000000 6.041458130 -0.695201874 11.184805870 0.797764361 -0.015706126 -0.303680897 -0.520675719
1403636655963555584.000000 6.131842136 -0.915010452 11.350837708 0.802662671 -0.016576692 -0.306136161 -0.511603832
1403636656013555456.000000 6.244414330 -1.156862259 11.519213676 0.806875169 -0.017912395 -0.307564914 -0.504019260
1403636656063555584.000000 6.347829819 -1.375165939 11.693218231 0.811061859 -0.018179473 -0.308267713 -0.496809036
1403636656113555456.000000 6.450319767 -1.601139069 11.864983559 0.814436555 -0.016523656 -0.308994532 -0.490858942
1403636656163555584.000000 6.557579041 -1.828117371 12.038080215 0.817235768 -0.015066079 -0.309533775 -0.485888392
1403636656213555456.000000 6.669217587 -2.057008743 12.213253975 0.819490135 -0.011390540 -0.310089141 -0.481820464
1403636656263555584.000000 6.785629272 -2.286994934 12.390239716 0.820954084 -0.010035245 -0.310964733 -0.478784472
1403636656313555456.000000 6.905806541 -2.517724991 12.569112778 0.821860075 -0.008369430 -0.312152863 -0.476483524
1403636656363555584.000000 7.030474663 -2.748834610 12.749803543 0.822355628 -0.008130674 -0.313288957 -0.474884361
1403636656413555456.000000 7.158919811 -2.980104446 12.932155609 0.822581351 -0.007007269 -0.313815147 -0.474163383
1403636656463555584.000000 7.290877342 -3.211603165 13.116138458 0.822714746 -0.007089959 -0.314084470 -0.473752290
1403636656513555456.000000 7.425893784 -3.443756104 13.302324295 0.822655022 -0.005817758 -0.313939840 -0.473969132
1403636656563555584.000000 7.562959671 -3.676345825 13.491071701 0.822974563 -0.005125666 -0.312247396 -0.474540025
1403636656613555456.000000 7.701257706 -3.909383774 13.682893753 0.823348820 -0.005262548 -0.309957594 -0.475389630
1403636656663555584.000000 7.840880394 -4.142929077 13.877822876 0.824279904 -0.007396140 -0.305902332 -0.476373553
1403636656713555456.000000 7.981560707 -4.377363205 14.075820923 0.825946569 -0.011824639 -0.299221933 -0.477638751
1403636656763555584.000000 8.122445107 -4.613277435 14.277503967 0.827470839 -0.015717655 -0.292810380 -0.478860080
1403636656813555456.000000 8.263231277 -4.850685120 14.483050346 0.828712463 -0.017001757 -0.287281871 -0.480016410
1403636656863555584.000000 8.404057503 -5.089673996 14.692623138 0.829476118 -0.016918086 -0.283190668 -0.481130153
1403636656913555456.000000 8.545220375 -5.330474854 14.906555176 0.829869151 -0.017940385 -0.279894412 -0.482342750
1403636656963555584.000000 8.686626434 -5.573244095 15.125279427 0.829728365 -0.019348908 -0.278135121 -0.483546734
1403636657013555456.000000 8.828226089 -5.818265915 15.348537445 0.829348207 -0.021598635 -0.277226478 -0.484624267
1403636657063555584.000000 8.970087051 -6.065525055 15.576206207 0.828863144 -0.023918234 -0.276840419 -0.485564858
1403636657113555456.000000 9.112671852 -6.314998627 15.808256149 0.828139722 -0.026276452 -0.277194977 -0.486474305
1403636657163555584.000000 9.257396698 -6.566911697 16.044128418 0.827391088 -0.028851043 -0.277899116 -0.487199903
1403636657213555456.000000 9.405073166 -6.821346283 16.283306122 0.826320827 -0.030752335 -0.279573888 -0.487941355
1403636657263555584.000000 9.555646896 -7.078077316 16.525512695 0.825013578 -0.030661883 -0.282671183 -0.488374233
1403636657313555456.000000 9.709379196 -7.337490082 16.770774841 0.824044049 -0.029738795 -0.285246342 -0.488570988
1403636657363555584.000000 9.866106987 -7.599004745 17.018756866 0.822806716 -0.029272605 -0.288862079 -0.488560170
