1403636626813555456.000000 -0.009344262 0.020553963 -0.001528080 0.002081008 -0.003215375 -0.005717141 0.999976337
1403636626863555584.000000 -0.010130286 0.021883421 -0.003878176 0.002057690 -0.009038328 -0.007368701 0.999929905
1403636626913555456.000000 -0.018254431 0.029188573 -0.004536476 0.004247532 -0.011807550 -0.005984453 0.999903381
1403636626963555584.000000 -0.024286030 0.035587132 -0.007799299 0.005350210 -0.015856385 -0.005544484 0.999844670
1403636627013555456.000000 -0.031063685 0.039855100 -0.009532754 0.006108050 -0.019368274 -0.005314301 0.999779642
1403636627063555584.000000 -0.044429671 0.044857811 -0.014754729 0.002947481 -0.024454499 -0.007862950 0.999665737
1403636627113555456.000000 -0.042829469 0.051234692 -0.016037367 0.008061153 -0.027307624 -0.004639778 0.999583840
1403636627163555584.000000 -0.050595064 0.054263208 -0.021037510 0.005034321 -0.027480550 -0.007367714 0.999582589
1403636627213555456.000000 -0.050219484 0.058996506 -0.023878470 0.005815325 -0.025194939 -0.007430810 0.999638081
1403636627263555584.000000 -0.039749354 0.063459978 -0.026206862 0.009948909 -0.020233970 -0.005800004 0.999728978
1403636627313555456.000000 -0.040305845 0.065487780 -0.038462359 0.004376209 -0.018036943 -0.007500391 0.999799609
1403636627363555584.000000 -0.034106489 0.068978265 -0.041916572 0.005483321 -0.017397752 -0.006527357 0.999812305
1403636627413555456.000000 -0.024266854 0.071934476 -0.047307447 0.006143113 -0.018356614 -0.006112081 0.999794006
1403636627463555584.000000 -0.013781429 0.074811734 -0.052305918 0.006196549 -0.018335665 -0.005019630 0.999800086
1403636627513555456.000000 -0.002990617 0.080111198 -0.058574073 0.005553538 -0.020992436 -0.002656376 0.999760747
1403636627563555584.000000 0.011415263 0.086437024 -0.075444050 0.000266960 -0.017119858 0.000071059 0.999853432
1403636627613555456.000000 0.015481256 0.091621824 -0.080026083 -0.002944799 -0.018949363 0.001380595 0.999815226
1403636627663555584.000000 0.015119682 0.097026139 -0.085563883 -0.005848121 -0.022064608 0.002822470 0.999735534
1403636627713555456.000000 0.012240455 0.101113364 -0.087260000 -0.010280127 -0.026605856 0.003735789 0.999586165
1403636627763555584.000000 0.006591336 0.104682520 -0.088218726 -0.015891356 -0.032028221 0.004890692 0.999348700
1403636627813555456.000000 -0.001480213 0.116320305 -0.098148927 -0.023936842 -0.037955552 0.006696244 0.998970270
1403636627863555584.000000 -0.008729887 0.121759839 -0.099597357 -0.030214228 -0.042284153 0.008176874 0.998615265
1403636627913555456.000000 -0.014562421 0.128667518 -0.100208566 -0.034789369 -0.046353023 0.009077813 0.998277903
1403636627963555584.000000 -0.016534716 0.134207055 -0.100208446 -0.039184105 -0.048811570 0.009076438 0.997997880
1403636628013555456.000000 -0.015933020 0.140980572 -0.101343796 -0.042729322 -0.049975615 0.009670320 0.997789204
1403636628063555584.000000 -0.016691452 0.146937445 -0.097121038 -0.048948847 -0.049703985 0.010546132 0.997508109
1403636628113555456.000000 -0.011462385 0.151852593 -0.095328629 -0.051240060 -0.043637700 0.011242558 0.997669280
1403636628163555584.000000 -0.003251248 0.152657628 -0.096731536 -0.053470347 -0.035601918 0.011868496 0.997864068
1403636628213555456.000000 0.008695719 0.158495069 -0.100009546 -0.054080781 -0.028667651 0.014147674 0.998024702
1403636628263555584.000000 0.027328132 0.151271626 -0.073609732 -0.041179616 -0.027433522 0.015084154 0.998661160
1403636628313555456.000000 0.035515741 0.180065304 -0.080973864 -0.054742679 -0.014546132 0.022818623 0.998133779
1403636628363555584.000000 0.051868752 0.183562130 -0.083231501 -0.054281719 -0.015268729 0.024792276 0.998101115
1403636628413555456.000000 0.066950560 0.190256149 -0.080475546 -0.053514108 -0.017163629 0.026035452 0.998080075
1403636628463555584.000000 0.062999271 0.186599031 -0.076706260 -0.053682547 -0.014783504 0.028409045 0.998044431
1403636628513555456.000000 0.065541625 0.180542231 -0.073967613 -0.054879811 -0.014807221 0.029880891 0.997935951
1403636628563555584.000000 0.090102829 0.218635350 -0.069480672 -0.051697284 -0.012813252 0.031502701 0.998083591
1403636628613555456.000000 0.095957212 0.223433658 -0.071138270 -0.050406866 -0.014115360 0.031604804 0.998128831
1403636628663555584.000000 0.105765410 0.231624112 -0.071837589 -0.048869152 -0.016211826 0.031281207 0.998183608
1403636628713555456.000000 0.097405501 0.237835690 -0.064334221 -0.049637556 -0.013710222 0.029767135 0.998229444
1403636628763555584.000000 0.101756588 0.248649821 -0.067616120 -0.051767427 -0.017380111 0.027041841 0.998141706
1403636628813555456.000000 0.110850990 0.274854273 -0.067719266 -0.058652546 -0.021371957 0.025211712 0.997731209
1403636628863555584.000000 0.110237926 0.285853386 -0.066147678 0.062778845 0.026197299 -0.023678547 -0.997402608
1403636628913555456.000000 0.104908012 0.307279706 -0.047462076 -0.067213520 -0.029142996 0.024321396 0.997016311
1403636628963555584.000000 0.105260953 0.320041567 -0.049887851 -0.070729636 -0.032807115 0.023873204 0.996670067
1403636629013555456.000000 0.121048540 0.336421460 -0.067500308 -0.073974989 -0.037151560 0.023262529 0.996296346
1403636629063555584.000000 0.117945746 0.349858373 -0.045916330 -0.076403141 -0.037296809 0.025255565 0.996059120
1403636629113555456.000000 0.125528663 0.363184690 -0.051935092 -0.079571567 -0.037967410 0.024952492 0.995793283
1403636629163555584.000000 0.133607030 0.378801614 -0.048057564 -0.083772123 -0.038161140 0.026502615 0.995401204
1403636629213555456.000000 0.140295267 0.393080860 -0.051823478 -0.089214377 -0.037088618 0.028135033 0.994923949
1403636629263555584.000000 0.150227964 0.394981235 -0.062048569 -0.094225861 -0.036757167 0.028757311 0.994456351
1403636629313555456.000000 0.155018464 0.409785897 -0.063680120 -0.098613165 -0.034223501 0.031500269 0.994038224
1403636629363555584.000000 0.155716404 0.439756274 -0.039230514 -0.101892143 -0.030021390 0.035733350 0.993700147
1403636629413555456.000000 0.158207104 0.454735667 -0.039065931 -0.104510792 -0.026526468 0.040024389 0.993363976
1403636629463555584.000000 0.171385065 0.468420148 -0.055121936 -0.108996101 -0.024015455 0.043617602 0.992794394
1403636629513555456.000000 0.171009600 0.484859586 -0.053496152 -0.114172220 -0.021543643 0.048626222 0.992036343
1403636629563555584.000000 0.158475533 0.506220937 -0.017894981 -0.119762994 -0.020132201 0.054562125 0.991097629
1403636629613555456.000000 0.154336825 0.524670839 -0.015207577 -0.128097683 -0.023076462 0.056917809 0.989858031
1403636629663555584.000000 0.161440909 0.542761445 -0.033671267 -0.137672618 -0.029812718 0.057682462 0.988347232
1403636629713555456.000000 0.154187754 0.563204348 -0.029826829 -0.147473529 -0.034801465 0.059800386 0.986642957
1403636629763555584.000000 0.134978831 0.587658644 0.010179507 -0.157440662 -0.037742205 0.063659132 0.984751523
1403636629813555456.000000 0.125877514 0.609773159 0.015865110 -0.168536499 -0.040877879 0.066368371 0.982608616
1403636629863555584.000000 0.117623158 0.633742273 0.028782291 -0.179525167 -0.043316830 0.069700696 0.980324566
1403636629913555456.000000 0.108189359 0.656684041 0.037249379 -0.189720556 -0.044806503 0.072835132 0.978107154
1403636629963555584.000000 0.102479167 0.681413651 0.050219763 -0.198832616 -0.045526184 0.074912541 0.976105094
1403636630013555456.000000 0.096247829 0.703831434 0.057868104 -0.206112981 -0.045317695 0.077039391 0.974437654
1403636630063555584.000000 0.094733007 0.728409708 0.070132881 -0.212234721 -0.043522626 0.078381270 0.973097444
1403636630113555456.000000 0.093463629 0.751975119 0.078582384 -0.217651337 -0.038943809 0.078687109 0.972069800
1403636630163555584.000000 0.111770086 0.748591781 0.053532276 -0.223134831 -0.033876292 0.076228313 0.971211851
1403636630213555456.000000 0.114840813 0.773233235 0.062816173 -0.227322087 -0.027205430 0.075357236 0.970518351
1403636630263555584.000000 0.122224987 0.806122899 0.068314821 -0.230389223 -0.021157987 0.075231582 0.969955385
1403636630313555456.000000 0.128139079 0.830941677 0.076826304 -0.232653737 -0.017704034 0.074639931 0.969529629
1403636630363555584.000000 0.124609016 0.852307439 0.156982139 -0.233167320 -0.015864795 0.076423936 0.969299138
1403636630413555456.000000 0.132877424 0.876599669 0.164730310 -0.233940229 -0.017250177 0.076349825 0.969095051
1403636630463555584.000000 0.155403584 0.888171792 0.116273701 -0.234589204 -0.022953149 0.073727019 0.969022930
1403636630513555456.000000 0.166989028 0.912058592 0.123238154 -0.234528542 -0.024669724 0.072542153 0.969084799
1403636630563555584.000000 0.180468559 0.939320624 0.149753392 -0.234036908 -0.026700180 0.069867559 0.969346404
1403636630613555456.000000 0.193993658 0.961919904 0.157032907 -0.233631849 -0.027687095 0.066947028 0.969622493
1403636630663555584.000000 0.192045584 1.025465965 0.190557450 -0.231931254 -0.026857570 0.067268714 0.970031738
1403636630713555456.000000 0.202954620 1.048189878 0.199310884 -0.230798200 -0.027938902 0.065799519 0.970372200
1403636630763555584.000000 0.231455892 1.031392574 0.191759408 -0.230006278 -0.030675258 0.063888267 0.970605195
1403636630813555456.000000 0.239787832 1.052571774 0.202737778 -0.227953166 -0.031107927 0.065097369 0.970995367
1403636630863555584.000000 0.248843431 1.075375795 0.218757272 -0.226292327 -0.030905927 0.066474281 0.971296966
1403636630913555456.000000 0.254840404 1.096367240 0.231679589 -0.224480942 -0.030296486 0.067956939 0.971633911
1403636630963555584.000000 0.241580889 1.163747787 0.269546181 -0.222158417 -0.026657857 0.072011121 0.971982241
1403636631013555456.000000 0.245648816 1.185368180 0.284086943 -0.221509635 -0.026340351 0.072610043 0.972094417
1403636631063555584.000000 0.250176132 1.207595468 0.301921248 -0.220505744 -0.025225634 0.072597809 0.972353101
1403636631113555456.000000 0.253102124 1.229088306 0.318031877 -0.220252410 -0.023419414 0.072389819 0.972471178
1403636631163555584.000000 0.254611701 1.254635930 0.334217817 -0.219926625 -0.021828219 0.072155572 0.972599328
1403636631213555456.000000 0.257121891 1.276121497 0.350954771 -0.219304621 -0.019740472 0.071787022 0.972811639
1403636631263555584.000000 0.259135306 1.297867060 0.366493285 -0.219216168 -0.018398905 0.070956074 0.972918868
1403636631313555456.000000 0.260876447 1.319411039 0.384011596 -0.218596473 -0.018272169 0.071239285 0.973039925
1403636631363555584.000000 0.261702597 1.341717005 0.400755793 -0.218397588 -0.018279787 0.070595473 0.973131359
1403636631413555456.000000 0.261385739 1.363343239 0.419860423 -0.217929482 -0.018316273 0.070588276 0.973236144
1403636631463555584.000000 0.259723067 1.385252476 0.439331770 0.217732221 0.018607438 -0.069700345 -0.973338783
1403636631513555456.000000 0.253738403 1.409597278 0.455501497 -0.217543826 -0.018907234 0.068687297 0.973447144
1403636631563555584.000000 0.250525087 1.430886745 0.475466311 -0.217629597 -0.018937010 0.067179061 0.973532677
1403636631613555456.000000 0.247585088 1.451528549 0.493391275 -0.217255130 -0.019510219 0.065942213 0.973689497
1403636631663555584.000000 0.245472312 1.472265720 0.513391554 -0.216594502 -0.020447865 0.065073103 0.973875940
1403636631713555456.000000 0.240337908 1.488775492 0.521871567 -0.216211960 -0.020895256 0.064442188 0.973993361
1403636631763555584.000000 0.240431964 1.508201241 0.540025890 -0.215886682 -0.021543493 0.063731469 0.974098086
1403636631813555456.000000 0.242094561 1.528091669 0.555908442 -0.215271145 -0.021264244 0.063207820 0.974274635
1403636631863555584.000000 0.247103184 1.548118472 0.575225770 -0.215391457 -0.022055395 0.062077224 0.974303186
1403636631913555456.000000 0.253575265 1.568582654 0.593704522 0.215302899 0.023177171 -0.061226256 -0.974350512
1403636631963555584.000000 0.260526329 1.588554025 0.612763643 0.215328410 0.023679722 -0.060803924 -0.974359274
1403636632013555456.000000 0.264016718 1.611551166 0.629376769 -0.215560183 -0.023179159 0.060999852 0.974307775
1403636632063555584.000000 0.272428274 1.630575538 0.648935437 -0.215909943 -0.021854410 0.060431652 0.974296331
1403636632113555456.000000 0.278811693 1.647220492 0.664042592 -0.216398001 -0.020543244 0.058658458 0.974324942
1403636632163555584.000000 0.286893100 1.664964318 0.682543576 -0.218073443 -0.019676263 0.055467140 0.974156201
1403636632213555456.000000 0.292695135 1.678577304 0.695949078 -0.218783945 -0.020181051 0.054542646 0.974038780
1403636632263555584.000000 0.298964798 1.694813251 0.715588391 -0.219121024 -0.019263335 0.055545762 0.973924816
1403636632313555456.000000 0.303442657 1.713182688 0.734873354 -0.219448879 -0.018867077 0.056654666 0.973794937
1403636632363555584.000000 0.306157351 1.727463484 0.754905105 -0.219478071 -0.018366344 0.057599962 0.973742485
1403636632413555456.000000 0.306465268 1.739895225 0.773639679 0.219983250 0.019307598 -0.058161620 -0.973576844
1403636632463555584.000000 0.304955810 1.744651914 0.786454558 -0.219187275 -0.021856494 0.061634649 0.973488748
1403636632513555456.000000 0.302402258 1.755918384 0.807152390 -0.216489315 -0.024623569 0.065745436 0.973757505
1403636632563555584.000000 0.298506707 1.766878486 0.824434757 -0.212100282 -0.029037781 0.071274042 0.974212706
1403636632613555456.000000 0.294171542 1.777548909 0.845770121 -0.206440330 -0.033118203 0.075884201 0.974949896
1403636632663555584.000000 0.289125770 1.787976503 0.866764367 -0.199576512 -0.036284126 0.078453191 0.976062417
1403636632713555456.000000 0.285330296 1.798963547 0.888916910 -0.191355675 -0.038179651 0.079035372 0.977588296
1403636632763555584.000000 0.286742926 1.824293137 0.922009945 -0.182024226 -0.038890071 0.078105599 0.979415357
1403636632813555456.000000 0.287214845 1.836251259 0.943578839 -0.172042698 -0.038561240 0.073050082 0.981620133
1403636632863555584.000000 0.288883030 1.838585854 0.944898367 -0.162004218 -0.036404133 0.064351507 0.984016418
1403636632913555456.000000 0.293931663 1.851815701 0.966228008 -0.152107447 -0.032918654 0.055142906 0.986275315
1403636632963555584.000000 0.298441589 1.868252993 0.991488338 -0.143451735 -0.030889446 0.046765078 0.988069117
1403636633013555456.000000 0.305998862 1.882223725 1.012877107 -0.135770574 -0.029075237 0.039441250 0.989527881
1403636633063555584.000000 0.314077049 1.895903587 1.034304142 0.128764793 0.028802603 -0.033888429 -0.990677357
1403636633113555456.000000 0.328596503 1.926211357 1.075631976 -0.122621506 -0.027966378 0.030548459 0.991588950
1403636633163555584.000000 0.335116386 1.939354300 1.097669482 -0.117471889 -0.028076820 0.027358651 0.992302179
1403636633213555456.000000 0.341350138 1.955034852 1.120987773 -0.113025732 -0.027993513 0.025731424 0.992864311
1403636633263555584.000000 0.344324142 1.967705488 1.143764377 -0.109277904 -0.029203143 0.025738666 0.993248761
1403636633313555456.000000 0.347903967 1.981565475 1.166333318 -0.106143683 -0.030540407 0.026516400 0.993527889
1403636633363555584.000000 0.348416805 1.993833423 1.190201759 -0.103266388 -0.031914238 0.028796177 0.993724525
1403636633413555456.000000 0.348531991 2.009381533 1.218141556 -0.101651579 -0.033770092 0.031108961 0.993759930
1403636633463555584.000000 0.347299606 2.021437168 1.242781043 -0.100287266 -0.035340264 0.033424579 0.993768752
1403636633513555456.000000 0.346605569 2.035206318 1.268353939 -0.100113653 -0.036774483 0.034748212 0.993688881
1403636633563555584.000000 0.344883621 2.048188448 1.295116901 -0.100498021 -0.038432613 0.036349550 0.993530035
1403636633613555456.000000 0.344055295 2.062052488 1.322405815 0.101127878 0.040523749 -0.037302088 -0.993347704
1403636633663555584.000000 0.341720194 2.081982374 1.355682611 -0.102616496 -0.041794188 0.037859216 0.993121207
1403636633713555456.000000 0.344760895 2.096529484 1.383845925 -0.104080170 -0.041427340 0.038495421 0.992959857
1403636633763555584.000000 0.350115061 2.111708403 1.411858439 0.105196081 0.040728133 -0.039492022 -0.992832005
1403636633813555456.000000 0.355554968 2.127180338 1.438990951 -0.106562935 -0.040497825 0.040482569 0.992655814
1403636633863555584.000000 0.365180910 2.142909765 1.467932820 -0.107523449 -0.039184790 0.042360798 0.992526472
1403636633913555456.000000 0.373626590 2.159106016 1.495761871 -0.107803337 -0.037696157 0.046317026 0.992377102
1403636633963555584.000000 0.384833843 2.175295115 1.524971485 -0.107909031 -0.035367344 0.050661646 0.992238998
1403636634013555456.000000 0.394872159 2.192040205 1.555015326 0.108348653 0.033046164 -0.054286327 -0.992079377
1403636634063555584.000000 0.400403798 2.214193344 1.587550640 -0.109235242 -0.032421369 0.056589872 0.991874099
1403636634113555456.000000 0.410537332 2.232479334 1.618148208 -0.108985633 -0.032838441 0.056779619 0.991876960
1403636634163555584.000000 0.421734124 2.251944304 1.648043275 0.109027147 0.034145337 -0.055660266 -0.991891742
1403636634213555456.000000 0.431593984 2.275596380 1.678774595 -0.109345607 -0.035892554 0.052693967 0.991957009
1403636634263555584.000000 0.447880894 2.296994686 1.709198475 -0.109995432 -0.036144208 0.048339751 0.992097735
1403636634313555456.000000 0.462377399 2.319766283 1.737771034 -0.110418238 -0.033448208 0.044322345 0.992332935
1403636634363555584.000000 0.480361074 2.342048168 1.768707037 -0.110681802 -0.029382475 0.040636692 0.992590010
1403636634413555456.000000 0.494122386 2.365131140 1.797418594 -0.110838510 -0.025099583 0.037044775 0.992830634
1403636634463555584.000000 0.509340703 2.387962818 1.829584599 -0.110872284 -0.022550896 0.034342930 0.992985129
1403636634513555456.000000 0.521783710 2.416214943 1.867534637 -0.110376202 -0.019138629 0.032483723 0.993174553
1403636634563555584.000000 0.533364415 2.438522100 1.900128841 -0.109775074 -0.017059604 0.030957870 0.993327796
1403636634613555456.000000 0.542297363 2.460325718 1.932747245 0.108392224 0.016095204 -0.028717440 -0.993562996
1403636634663555584.000000 0.545295238 2.478113890 1.954401016 -0.105127096 -0.015669603 0.026422396 0.993984222
1403636634713555456.000000 0.552984715 2.498581171 1.986677408 -0.101836495 -0.015623034 0.023338707 0.994404674
1403636634763555584.000000 0.560594559 2.518505812 2.016176939 0.098060422 0.017669221 -0.021533066 -0.994790614
1403636634813555456.000000 0.571505547 2.548874617 2.061048269 -0.094591215 -0.019658847 0.021113021 0.995098174
1403636634863555584.000000 0.581602931 2.567398548 2.090204954 -0.091253683 -0.021787474 0.020603487 0.995376170
1403636634913555456.000000 0.592236280 2.588279009 2.121033192 -0.087716341 -0.023422496 0.019743804 0.995674372
1403636634963555584.000000 0.604993224 2.605456829 2.148363829 -0.084676653 -0.026106730 0.018495040 0.995894670
1403636635013555456.000000 0.619623482 2.622157097 2.175589561 0.082156248 0.026660785 -0.016536063 -0.996125579
1403636635063555584.000000 0.633440375 2.643552780 2.208060980 -0.079967350 -0.028345598 0.015112110 0.996279776
1403636635113555456.000000 0.646306098 2.659331560 2.235701561 -0.078223914 -0.029988632 0.013964114 0.996386886
1403636635163555584.000000 0.657491207 2.674816608 2.263674498 -0.076555930 -0.030984538 0.013665068 0.996490121
1403636635213555456.000000 0.664456069 2.691637278 2.289641857 -0.074894376 -0.032549795 0.013670222 0.996566355
1403636635263555584.000000 0.672804415 2.706736326 2.319052696 -0.072924808 -0.033334620 0.015277952 0.996663094
1403636635313555456.000000 0.679458082 2.722254992 2.349314690 0.071176514 0.034608804 -0.017274186 -0.996713519
1403636635363555584.000000 0.690946460 2.744819880 2.392098665 -0.069270045 -0.036146827 0.021312611 0.996715069
1403636635413555456.000000 0.698791325 2.759886742 2.422402620 -0.068019085 -0.037120942 0.022896066 0.996730268
1403636635463555584.000000 0.709641874 2.777775764 2.456158876 -0.067427680 -0.036582232 0.024301145 0.996757150
1403636635513555456.000000 0.720912874 2.793502569 2.487730742 -0.066516943 -0.036884755 0.027266854 0.996730506
1403636635563555584.000000 0.733853102 2.809077978 2.517866611 0.066275574 0.036929421 -0.028067904 -0.996722698
1403636635613555456.000000 0.748505116 2.826387405 2.546461582 -0.066127360 -0.036107510 0.029099097 0.996733069
1403636635663555584.000000 0.762610853 2.843076229 2.575659513 -0.066515289 -0.034990814 0.029923705 0.996722639
1403636635713555456.000000 0.777984858 2.860936880 2.605422258 0.066847302 0.033713751 -0.030354764 -0.996731400
1403636635763555584.000000 0.802204311 2.883836508 2.643330574 -0.066677861 -0.030182358 0.032485068 0.996788800
1403636635813555456.000000 0.822066069 2.902471066 2.673183441 -0.065976746 -0.025699098 0.036274202 0.996830463
1403636635863555584.000000 0.847213328 2.923731327 2.705079079 -0.065573126 -0.022911198 0.039735138 0.996793032
1403636635913555456.000000 0.869801700 2.944428682 2.734021664 -0.064854153 -0.023868492 0.043654647 0.996653676
1403636635963555584.000000 0.896165729 2.966923952 2.764775276 -0.065035962 -0.027073579 0.044884942 0.996505320
1403636636013555456.000000 0.919467568 2.990001202 2.793798208 -0.066029131 -0.032616772 0.043325625 0.996342897
1403636636063555584.000000 0.942438185 3.013963223 2.823417425 0.067884192 0.037060440 -0.039242920 -0.996232092
1403636636113555456.000000 0.966562510 3.040115118 2.856824398 -0.069720469 -0.040339407 0.034782127 0.996143579
1403636636163555584.000000 0.989361227 3.065246820 2.887498617 -0.071197778 -0.039059680 0.030382905 0.996234000
1403636636213555456.000000 1.014179707 3.090126753 2.917646885 0.072663762 0.034551755 -0.025513295 -0.996431291
1403636636263555584.000000 1.039245725 3.113119125 2.936630487 -0.073940776 -0.028924908 0.021288633 0.996615767
1403636636313555456.000000 1.067344904 3.137970448 2.966097355 -0.074664921 -0.023607574 0.018920235 0.996749699
1403636636363555584.000000 1.096044183 3.162613869 2.994573593 0.075389214 0.016998241 -0.016763834 -0.996868372
1403636636413555456.000000 1.127792835 3.190090418 3.026520014 -0.075554654 -0.008439432 0.015030596 0.996992648
1403636636463555584.000000 1.153654218 3.213707447 3.054517984 -0.075739764 -0.001589275 0.013681176 0.997032523
1403636636513555456.000000 1.176478148 3.236590862 3.081441641 0.076867327 -0.001031468 -0.010427301 -0.996986330
1403636636563555584.000000 1.204469442 3.268070221 3.127195358 -0.078312106 0.002086343 0.007292533 0.996900082
1403636636613555456.000000 1.222688198 3.289510250 3.153031588 -0.079764105 0.002262567 0.002967483 0.996806800
1403636636663555584.000000 1.238330841 3.309965611 3.178204060 -0.081324607 0.001239364 -0.001639257 0.996685565
1403636636713555456.000000 1.255171776 3.332868099 3.203662157 -0.082680956 0.000701980 -0.005494549 0.996560693
1403636636763555584.000000 1.265937328 3.350199223 3.227780581 -0.083965294 -0.000331128 -0.009465794 0.996423721
1403636636813555456.000000 1.271288753 3.363314390 3.250622272 0.085484996 0.001388595 0.014713578 -0.996229887
1403636636863555584.000000 1.285909534 3.386844873 3.282160759 -0.086577415 -0.003054503 -0.018626491 0.996066272
1403636636913555456.000000 1.289372087 3.398383379 3.305158615 -0.085186958 -0.005752769 -0.015882062 0.996221840
1403636636963555584.000000 1.291891813 3.407932043 3.328240395 0.082365707 0.007246187 0.010184024 -0.996523798
1403636637013555456.000000 1.292460203 3.415805340 3.350747585 0.079115957 0.009181798 0.003086837 -0.996818364
1403636637063555584.000000 1.292020679 3.422585964 3.372795820 0.076308697 0.010105519 -0.003170564 -0.997027993
1403636637113555456.000000 1.291003227 3.434840679 3.385332346 -0.073839299 -0.012239726 0.007876154 0.997163951
1403636637163555584.000000 1.288339734 3.440510511 3.406648159 -0.072398178 -0.015582216 0.010946064 0.997193992
1403636637213555456.000000 1.286285758 3.446890593 3.427484512 0.071511738 0.019926608 -0.012250916 -0.997165501
1403636637263555584.000000 1.287801027 3.461456060 3.461162567 -0.070578150 -0.022417238 0.013560340 0.997162163
1403636637313555456.000000 1.288239717 3.466899872 3.482408524 -0.069901258 -0.025017096 0.013882603 0.997143567
1403636637363555584.000000 1.290757060 3.475208521 3.503821373 -0.069836713 -0.026831575 0.013215897 0.997109950
1403636637413555456.000000 1.297797561 3.480829477 3.527286530 -0.068645172 -0.027759977 0.013907498 0.997157872
1403636637463555584.000000 1.308327556 3.486498356 3.550618649 0.068124399 0.029784605 -0.013017475 -0.997147262
1403636637513555456.000000 1.316229343 3.492542744 3.567904472 -0.067424111 -0.030361924 0.013657314 0.997168839
1403636637563555584.000000 1.328492045 3.497447252 3.589227438 -0.066695996 -0.031992063 0.014002436 0.997162044
1403636637613555456.000000 1.341907263 3.502037048 3.609763861 -0.065642014 -0.032187823 0.015039887 0.997210562
1403636637663555584.000000 1.349467039 3.509119749 3.623314619 -0.064972654 -0.032617651 0.015879355 0.997227430
1403636637713555456.000000 1.367411733 3.514300823 3.644330740 -0.064613909 -0.032040782 0.015386819 0.997277200
1403636637763555584.000000 1.383034945 3.519600868 3.661728144 -0.064097881 -0.030743675 0.014767273 0.997360647
1403636637813555456.000000 1.403868914 3.524905920 3.683053017 -0.063957922 -0.028544806 0.014059333 0.997445226
1403636637863555584.000000 1.426049352 3.530288458 3.702512264 0.063615352 0.026959509 -0.013687549 -0.997516453
1403636637913555456.000000 1.441460609 3.533273220 3.708932400 -0.063129529 -0.025222950 0.013498251 0.997595251
1403636637963555584.000000 1.463607907 3.538308620 3.730361462 -0.062910914 -0.022664811 0.013253518 0.997673750
1403636638013555456.000000 1.481472254 3.543338299 3.752905369 -0.062711805 -0.021018259 0.013168058 0.997723460
1403636638063555584.000000 1.489730000 3.547191858 3.770474911 -0.062232856 -0.019215316 0.013049025 0.997791409
1403636638113555456.000000 1.499182940 3.552388191 3.795158625 -0.061982639 -0.017116414 0.013126009 0.997844160
1403636638163555584.000000 1.505779505 3.557282686 3.820206165 -0.061617386 -0.015698833 0.013312652 0.997887611
1403636638213555456.000000 1.510786295 3.560657263 3.848830700 -0.061584957 -0.014860922 0.012988588 0.997906744
1403636638263555584.000000 1.513664603 3.565235376 3.872799635 -0.061675318 -0.014388707 0.012553276 0.997913659
1403636638313555456.000000 1.513906598 3.569445610 3.895302534 0.060611669 0.016118458 -0.014437313 -0.997926891
1403636638363555584.000000 1.507091165 3.574595451 3.911368370 -0.058661576 -0.021995228 0.019360472 0.997847795
1403636638413555456.000000 1.503416657 3.579029322 3.934054852 -0.056734100 -0.031735353 0.025395067 0.997561693
1403636638463555584.000000 1.499036908 3.583892822 3.957300901 -0.054962967 -0.041501243 0.030409869 0.997162044
1403636638513555456.000000 1.497493744 3.588642359 3.990647554 -0.053464048 -0.049294755 0.035521235 0.996719539
1403636638563555584.000000 1.494285226 3.595134735 4.012691975 -0.053020075 -0.054064687 0.037297562 0.996430993
1403636638613555456.000000 1.494022846 3.602856636 4.034545422 -0.053500995 -0.056282546 0.035297606 0.996355414
1403636638663555584.000000 1.498054385 3.613312721 4.064726830 -0.054989718 -0.055032466 0.029862259 0.996521890
1403636638713555456.000000 1.505075216 3.623111963 4.087791920 -0.056368213 -0.052488029 0.025825145 0.996694982
1403636638763555584.000000 1.514464855 3.633363247 4.110809326 -0.057105552 -0.048076831 0.022391440 0.996958554
1403636638813555456.000000 1.527551770 3.646679878 4.144088268 -0.057328083 -0.042965673 0.020377349 0.997222304
1403636638863555584.000000 1.541924477 3.657284737 4.167890549 -0.057366807 -0.038465660 0.020231279 0.997406721
1403636638913555456.000000 1.556158543 3.668862581 4.191648006 0.056379162 0.034983642 -0.021666862 -0.997561097
1403636638963555584.000000 1.573066950 3.680912256 4.218885422 -0.055364434 -0.032228187 0.023868078 0.997660518
1403636639013555456.000000 1.589806199 3.692783833 4.243179798 -0.053483319 -0.031378645 0.028967621 0.997655213
1403636639063555584.000000 1.606053948 3.705216646 4.268230915 -0.051361617 -0.030145889 0.034691684 0.997622073
1403636639113555456.000000 1.619714379 3.717973232 4.295379639 0.049598679 0.029329680 -0.039461847 -0.997558296
1403636639163555584.000000 1.632944584 3.737990141 4.340123177 -0.048329461 -0.029479846 0.043957479 0.997428238
1403636639213555456.000000 1.639548421 3.753519058 4.368778229 -0.047234565 -0.029520513 0.047152083 0.997333586
1403636639263555584.000000 1.642325044 3.770525455 4.399147034 -0.046743602 -0.030414220 0.048511475 0.997264624
1403636639313555456.000000 1.645628333 3.792093277 4.435335159 -0.048345540 -0.030946814 0.043962322 0.997382760
1403636639363555584.000000 1.644663930 3.812274694 4.467242241 -0.050321259 -0.031740475 0.037794109 0.997512877
1403636639413555456.000000 1.642849684 3.833416224 4.499886513 -0.052390926 -0.032745179 0.031451155 0.997593999
1403636639463555584.000000 1.643475533 3.857171774 4.535656929 -0.054387446 -0.033462182 0.025038606 0.997644961
1403636639513555456.000000 1.640242338 3.879470348 4.569315910 -0.056547850 -0.032734316 0.018276347 0.997695804
1403636639563555584.000000 1.636328459 3.901856184 4.603274822 -0.058945902 -0.031315207 0.010665924 0.997712910
1403636639613555456.000000 1.635212898 3.931505203 4.650877476 -0.060592655 -0.029722594 0.005138088 0.997706711
1403636639663555584.000000 1.631392837 3.952584505 4.685477257 -0.060862955 -0.026542433 0.002921791 0.997788906
1403636639713555456.000000 1.628603935 3.972716808 4.719307423 -0.060321711 -0.022262858 0.003707622 0.997923851
1403636639763555584.000000 1.628117681 3.997462511 4.758616447 -0.059259754 -0.018037483 0.006520980 0.998058379
1403636639813555456.000000 1.627696991 4.016088009 4.790122032 -0.058598146 -0.015806429 0.008328501 0.998121798
1403636639863555584.000000 1.629954219 4.034790516 4.821311474 0.057504270 0.014289424 -0.010889486 -0.998183608
1403636639913555456.000000 1.631808519 4.056393623 4.853437901 -0.056250837 -0.013438318 0.012986019 0.998241782
1403636639963555584.000000 1.636942983 4.073953152 4.881411076 -0.056001525 -0.012846516 0.013546332 0.998256147
1403636640013555456.000000 1.644082546 4.091651440 4.909195900 0.055215597 0.012286181 -0.013417196 -0.998308718
1403636640063555584.000000 1.650683522 4.111953259 4.937818050 -0.053119775 -0.012023212 0.011814456 0.998445928
1403636640113555456.000000 1.663093090 4.128737926 4.964071751 -0.050137922 -0.011959687 0.007950468 0.998639107
1403636640163555584.000000 1.677188396 4.144973278 4.989158154 -0.045814376 -0.011813376 0.006134114 0.998861313
1403636640213555456.000000 1.688180923 4.169719696 5.025277615 -0.041362781 -0.011381993 0.004666794 0.999068499
1403636640263555584.000000 1.704824924 4.185644627 5.047346115 -0.037776027 -0.012992322 0.002436620 0.999198794
1403636640313555456.000000 1.720413208 4.202007294 5.069837093 0.034572411 0.013523840 -0.001865068 -0.999309003
1403636640363555584.000000 1.728461266 4.220361710 5.094867706 -0.031585317 -0.013454903 0.000417561 0.999410450
1403636640413555456.000000 1.741475701 4.235795975 5.116683483 -0.029266220 -0.013654251 -0.000986506 0.999477923
1403636640463555584.000000 1.751636267 4.251734257 5.138655663 0.027282508 0.013539679 0.002355684 -0.999533355
1403636640513555456.000000 1.754352689 4.268630028 5.162297249 -0.025400590 -0.014844944 -0.002501742 0.999564052
1403636640563555584.000000 1.762444139 4.283818722 5.184080124 -0.023954652 -0.014919790 -0.003543723 0.999595404
1403636640613555456.000000 1.768311977 4.298845291 5.205903530 0.022725506 0.014759485 0.003657932 -0.999626100
1403636640663555584.000000 1.767470002 4.313428879 5.224351883 -0.021817738 -0.014238695 -0.004320807 0.999651253
1403636640713555456.000000 1.771342039 4.327753544 5.245928764 -0.021016603 -0.015109789 -0.004369327 0.999655426
1403636640763555584.000000 1.774118543 4.342395782 5.267409325 0.020119548 0.016582919 0.004207520 -0.999651194
1403636640813555456.000000 1.772487640 4.355350018 5.285031319 -0.019694047 -0.017861960 -0.004845136 0.999634743
1403636640863555584.000000 1.777558923 4.368852139 5.305238247 -0.019324103 -0.019690670 -0.005393812 0.999604821
1403636640913555456.000000 1.784275651 4.382802963 5.325394630 0.019009816 0.020410363 0.005556158 -0.999595523
1403636640963555584.000000 1.790253282 4.398167133 5.350862026 -0.019279364 -0.020717638 -0.005233425 0.999585807
1403636641013555456.000000 1.799378633 4.410929680 5.368438244 -0.019581866 -0.020217512 -0.005572223 0.999588311
1403636641063555584.000000 1.806215167 4.422820091 5.384717941 0.019669682 0.018866578 0.004740672 -0.999617279
1403636641113555456.000000 1.809536457 4.434040546 5.401162624 -0.020229662 -0.018230500 -0.005030534 0.999616563
1403636641163555584.000000 1.813804507 4.445356369 5.418884754 -0.020678787 -0.018618857 -0.005273242 0.999598920
1403636641213555456.000000 1.815612078 4.455732822 5.435863018 0.021241197 0.017614024 0.005194282 -0.999605775
1403636641263555584.000000 1.817316413 4.466371059 5.454693794 -0.020965787 -0.016541110 -0.003669329 0.999636650
1403636641313555456.000000 1.816091776 4.476271152 5.472115040 -0.020388670 -0.016694423 -0.000082360 0.999652743
1403636641363555584.000000 1.812919378 4.486166000 5.489215374 0.019398065 0.016846428 -0.004264260 -0.999660850
1403636641413555456.000000 1.810916901 4.500907898 5.510562420 -0.018165896 -0.017084859 0.007845989 0.999658227
1403636641463555584.000000 1.806257367 4.511610031 5.527974606 0.018294621 0.016871737 -0.008529036 -0.999653935
1403636641513555456.000000 1.801572442 4.522592068 5.544384956 0.019123578 0.016515173 -0.007174020 -0.999655008
1403636641563555584.000000 1.800734758 4.534948349 5.560102463 -0.019661698 -0.016841201 0.005398872 0.999650300
1403636641613555456.000000 1.797096014 4.546071529 5.573922634 -0.020847067 -0.016802333 0.003237161 0.999636233
1403636641663555584.000000 1.795212746 4.556917667 5.587461948 0.021675006 0.017389907 -0.001677557 -0.999612391
1403636641713555456.000000 1.799520135 4.569345951 5.599185467 -0.022003317 -0.016381893 0.000526423 0.999623597
1403636641763555584.000000 1.801422119 4.580035210 5.609985352 -0.022698255 -0.016981903 -0.000047279 0.999598145
1403636641813555456.000000 1.806314588 4.590570450 5.620508671 0.022868477 0.016248776 0.000431172 -0.999606311
1403636641863555584.000000 1.816396594 4.601686478 5.629717350 -0.023132095 -0.015333550 -0.000611966 0.999614716
1403636641913555456.000000 1.823525190 4.611923218 5.640963554 -0.024335757 -0.015064841 -0.000218001 0.999590278
1403636641963555584.000000 1.833038092 4.622264385 5.651922703 0.026863415 0.014677511 -0.001404353 -0.999530375
1403636642013555456.000000 1.843444586 4.632512093 5.661595345 0.030938601 0.013312925 -0.002560462 -0.999429405
1403636642063555584.000000 1.847853065 4.639631271 5.674445152 0.035953160 0.012804750 -0.004138849 -0.999262929
1403636642113555456.000000 1.859818578 4.646170139 5.683031559 0.040646393 0.011841537 -0.005037597 -0.999090731
1403636642163555584.000000 1.869092345 4.655939579 5.692806244 0.044697434 0.011175352 -0.005790151 -0.998921335
1403636642213555456.000000 1.876595140 4.665294647 5.702417374 0.047891404 0.010245102 -0.007012954 -0.998775423
1403636642263555584.000000 1.882574081 4.674301147 5.711962223 0.050942659 0.009779115 -0.008464540 -0.998617828
1403636642313555456.000000 1.886712790 4.683151722 5.721341133 0.054583576 0.009305862 -0.010342889 -0.998412311
1403636642363555584.000000 1.904078603 4.699504375 5.710803986 -0.059027415 -0.009084681 0.012151581 0.998141050
1403636642413555456.000000 1.889407396 4.700750351 5.739325523 0.063841790 0.007591835 -0.014184822 -0.997830331
1403636642463555584.000000 1.904346824 4.717030048 5.725823879 -0.067145459 -0.008029843 0.015557758 0.997589588
1403636642513555456.000000 1.900880456 4.725586414 5.735712528 -0.070273615 -0.009166925 0.017108265 0.997338891
1403636642563555584.000000 1.895697117 4.733954430 5.745548725 -0.073310204 -0.012508277 0.017771635 0.997072399
1403636642613555456.000000 1.889135480 4.741925240 5.755471230 -0.075179607 -0.016361585 0.019571962 0.996843696
1403636642663555584.000000 1.881357789 4.749813557 5.765760422 -0.076865695 -0.020668127 0.020992681 0.996606171
1403636642713555456.000000 1.873274922 4.757610321 5.776183128 -0.078436390 -0.024601564 0.021868736 0.996375620
1403636642763555584.000000 1.866018534 4.765401840 5.786821365 -0.079190858 -0.028177926 0.022771727 0.996200919
1403636642813555456.000000 1.861278415 4.773057938 5.797093868 -0.079775289 -0.030912409 0.023911703 0.996046484
1403636642863555584.000000 1.858804703 4.780352592 5.805889130 -0.080016829 -0.032533612 0.024958985 0.995949745
1403636642913555456.000000 1.841043591 4.780893326 5.839297295 0.080667011 0.034026511 -0.025346063 -0.995837629
1403636642963555584.000000 1.860039592 4.795410633 5.822480679 -0.080042943 -0.034954786 0.026142919 0.995835304
1403636643013555456.000000 1.864164233 4.802888393 5.829089642 -0.079831310 -0.034222849 0.026461583 0.995869279
1403636643063555584.000000 1.871242642 4.810781956 5.833629608 -0.079905048 -0.030536821 0.026343562 0.995986283
1403636643113555456.000000 1.877585530 4.819508553 5.840573311 -0.079797298 -0.026074700 0.026385490 0.996120691
1403636643163555584.000000 1.882710338 4.828219891 5.846639156 -0.079470918 -0.022766724 0.026854163 0.996215343
1403636643213555456.000000 1.886053205 4.837257862 5.848016739 -0.079367146 -0.020180419 0.027074074 0.996273398
1403636643263555584.000000 1.887516499 4.846364975 5.853276730 -0.079063520 -0.019158149 0.027077634 0.996317625
1403636643313555456.000000 1.887956619 4.855864048 5.857738495 -0.078960031 -0.019591942 0.026757058 0.996326029
1403636643363555584.000000 1.889043570 4.864907742 5.858015060 -0.078724712 -0.021691626 0.026555607 0.996306539
1403636643413555456.000000 1.891809583 4.874690533 5.859766960 -0.078176998 -0.024071258 0.027292008 0.996275187
1403636643463555584.000000 1.895538330 4.884558201 5.862151623 -0.077388123 -0.027677938 0.028288601 0.996215284
1403636643513555456.000000 1.900925398 4.895611286 5.865706921 -0.076775424 -0.031664439 0.028412310 0.996140420
1403636643563555584.000000 1.909592390 4.907099247 5.870149612 -0.076098077 -0.035075929 0.028383601 0.996078908
1403636643613555456.000000 1.918305397 4.918616772 5.874839306 -0.075982347 -0.038917314 0.027844138 0.995960295
1403636643663555584.000000 1.928787112 4.930473328 5.879645824 -0.074989855 -0.042224914 0.027242726 0.995917439
1403636643713555456.000000 1.941512704 4.942693710 5.884570122 -0.074424699 -0.045252956 0.026619200 0.995843649
1403636643763555584.000000 1.955438972 4.954316139 5.889851093 -0.074148871 -0.046862200 0.025974737 0.995806873
1403636643813555456.000000 1.968968868 4.966300011 5.896741867 -0.074149050 -0.049930688 0.024683828 0.995690525
1403636643863555584.000000 1.963968992 4.971555710 5.925757885 0.074312791 0.052829195 -0.024406502 -0.995535612
1403636643913555456.000000 1.993828177 4.990999222 5.915889263 -0.073584817 -0.054818708 0.024323413 0.995484114
1403636643963555584.000000 2.005525351 5.004036427 5.929214478 -0.073650509 -0.056970172 0.023591829 0.995376050
1403636644013555456.000000 2.015684605 5.017288685 5.944787979 -0.073913038 -0.057953727 0.022989955 0.995313883
1403636644063555584.000000 2.024922609 5.030783653 5.962674141 -0.073691875 -0.058727536 0.023044756 0.995283723
1403636644113555456.000000 2.033570766 5.043150425 5.982128143 -0.073909521 -0.059742622 0.022882197 0.995210826
1403636644163555584.000000 2.041457891 5.055706978 6.002196789 -0.073957220 -0.058447309 0.022455629 0.995293975
1403636644213555456.000000 2.048873425 5.069071770 6.026297092 -0.073365174 -0.052832965 0.024427803 0.995605171
1403636644263555584.000000 2.056113958 5.082581520 6.051529884 -0.071928464 -0.045172546 0.029371118 0.995953381
1403636644313555456.000000 2.061678886 5.096290588 6.077872276 -0.070086524 -0.036233027 0.035090666 0.996264935
1403636644363555584.000000 2.065779209 5.111325264 6.105355740 -0.068728566 -0.028082862 0.040261496 0.996427000
1403636644413555456.000000 2.067727089 5.128148079 6.133611679 -0.067624472 -0.021816956 0.043491486 0.996523738
1403636644463555584.000000 2.067685604 5.145573139 6.163257599 -0.067063615 -0.016406817 0.045921791 0.996556401
1403636644513555456.000000 2.065953255 5.164262295 6.192839622 -0.065483548 -0.011142808 0.050521921 0.996511638
1403636644563555584.000000 2.061499834 5.183960915 6.220905781 -0.063976489 -0.008163894 0.054161843 0.996447146
1403636644613555456.000000 2.055498838 5.205235004 6.250243187 -0.063864000 -0.006442632 0.055282053 0.996405482
1403636644663555584.000000 2.048481703 5.227760315 6.279054165 -0.065416813 -0.005831133 0.051035132 0.996535063
1403636644713555456.000000 2.039190054 5.254006386 6.307940483 -0.067973703 -0.005683243 0.043955002 0.996702254
1403636644763555584.000000 2.028228998 5.280803204 6.337154865 -0.071077153 -0.007176694 0.034961067 0.996832132
1403636644813555456.000000 2.015820980 5.307242870 6.364214420 -0.074473292 -0.007813836 0.026533064 0.996839404
1403636644863555584.000000 2.002194881 5.334287643 6.391086102 -0.077187181 -0.010369568 0.020737052 0.996747077
1403636644913555456.000000 1.988268375 5.360560894 6.417043686 -0.078593127 -0.013328995 0.019147465 0.996633768
1403636644963555584.000000 1.975404501 5.386676788 6.442583561 -0.079065561 -0.016385233 0.019441659 0.996545196
1403636645013555456.000000 1.962966800 5.410984039 6.465048313 -0.079431884 -0.023887690 0.019959325 0.996354163
1403636645063555584.000000 1.952062845 5.434879303 6.486494541 -0.079177961 -0.035117652 0.023049861 0.995975077
1403636645113555456.000000 1.943430185 5.458914757 6.506264687 -0.078862280 -0.046432544 0.025826182 0.995468676
1403636645163555584.000000 1.935922861 5.484084129 6.527420044 -0.079314567 -0.056976892 0.025707200 0.994887948
1403636645213555456.000000 1.930869102 5.508308887 6.548933029 -0.079035461 -0.065719403 0.028140135 0.994305074
1403636645263555584.000000 1.930480719 5.532908440 6.573510170 -0.079356082 -0.070589483 0.028056070 0.993948042
1403636645313555456.000000 1.932146192 5.557136059 6.600499630 -0.079428837 -0.069915593 0.028212389 0.993985415
1403636645363555584.000000 1.935324192 5.582610607 6.628477097 -0.079906836 -0.065534264 0.027333362 0.994270086
1403636645413555456.000000 1.940086246 5.607977867 6.659720421 -0.080739707 -0.060428020 0.026256057 0.994555295
1403636645463555584.000000 1.945165753 5.632989407 6.692778587 -0.081129827 -0.056365278 0.026185105 0.994763911
1403636645513555456.000000 1.949541569 5.657950401 6.725366116 -0.081401400 -0.053216308 0.025538037 0.994931996
1403636645563555584.000000 1.953102827 5.684018135 6.761588097 -0.081862122 -0.051920723 0.025065413 0.994974732
1403636645613555456.000000 1.955232263 5.709403515 6.798813343 -0.082414016 -0.049819488 0.024736851 0.995044768
1403636645663555584.000000 1.956859231 5.735476017 6.837572098 -0.082562029 -0.048431486 0.023642113 0.995127678
1403636645713555456.000000 1.962045074 5.760877609 6.876301765 -0.082842648 -0.047225300 0.023211328 0.995172441
1403636645763555584.000000 1.968770862 5.784922600 6.915664673 -0.082400002 -0.046210300 0.023799503 0.995242953
1403636645813555456.000000 1.963998675 5.804023743 6.974061489 0.082437582 0.045577999 -0.024414221 -0.995254099
1403636645863555584.000000 1.992866278 5.835237980 6.995499134 -0.082018867 -0.046445880 0.025356578 0.995225012
1403636645913555456.000000 2.008609056 5.860431194 7.034170628 -0.081407040 -0.046735082 0.026659666 0.995227635
1403636645963555584.000000 2.027742147 5.885464668 7.073411942 -0.082548834 -0.041947242 0.028109109 0.995306969
1403636646013555456.000000 2.048542023 5.912148952 7.112375736 -0.085070625 -0.037294686 0.030729193 0.995202422
1403636646063555584.000000 2.056104183 5.933101177 7.172739983 0.089317366 0.032975413 -0.035280980 -0.994831860
1403636646113555456.000000 2.090020895 5.965179443 7.184271812 -0.094863392 -0.029576974 0.040467326 0.994227648
1403636646163555584.000000 2.111209154 5.992903709 7.221152782 -0.103327557 -0.025917709 0.045551110 0.993265748
1403636646213555456.000000 2.118284702 6.017021179 7.275912762 0.112977803 0.022069758 -0.051610321 -0.992010772
1403636646263555584.000000 2.153522968 6.053121090 7.293063164 -0.123762563 -0.018268552 0.058363233 0.990425646
1403636646313555456.000000 2.172631741 6.083592892 7.326827049 -0.136048213 -0.013452382 0.064857207 0.988485515
1403636646363555584.000000 2.172458172 6.107177258 7.381612301 0.149193928 0.007951347 -0.071287356 -0.986202836
1403636646413555456.000000 2.187872410 6.140198708 7.421755314 0.163508758 0.004677054 -0.074323587 -0.983727098
1403636646463555584.000000 2.212643862 6.175556660 7.431340694 -0.176366374 -0.000259464 0.075093538 0.981456041
1403636646513555456.000000 2.211746693 6.200204372 7.481920242 0.189144477 -0.004433107 -0.073327534 -0.979197562
1403636646563555584.000000 2.237614155 6.240306854 7.496172905 -0.198996782 0.006235868 0.072906412 0.977264643
1403636646613555456.000000 2.250142813 6.272101879 7.526164055 -0.207160622 0.005939863 0.073439315 0.975528538
1403636646663555584.000000 2.266093969 6.300259590 7.550792217 -0.214583859 0.003187188 0.072519794 0.974004388
1403636646713555456.000000 2.282424450 6.330200672 7.575320244 -0.220112965 0.001014359 0.073579982 0.972694874
1403636646763555584.000000 2.299692869 6.359944344 7.599014282 -0.224541262 -0.000084133 0.074440233 0.971617162
1403636646813555456.000000 2.321983337 6.389256954 7.622457981 -0.228004336 -0.000127513 0.074564300 0.970800817
1403636646863555584.000000 2.343501568 6.414517403 7.641905785 -0.231179342 -0.000069266 0.074821033 0.970029891
1403636646913555456.000000 2.366819382 6.439317703 7.657239914 -0.232420400 -0.000987087 0.075784437 0.969658017
1403636646963555584.000000 2.391819239 6.464576721 7.671674728 -0.233709499 -0.002535632 0.076215409 0.969311476
1403636647013555456.000000 2.411973238 6.485832691 7.687273979 -0.234623164 -0.004237305 0.076314583 0.969076991
1403636647063555584.000000 2.433169842 6.512054920 7.706358910 -0.234807462 -0.006752098 0.076146208 0.969031334
1403636647113555456.000000 2.451703310 6.540481567 7.726657391 -0.234935939 -0.010823316 0.076639600 0.968924344
1403636647163555584.000000 2.468279839 6.568012714 7.746112823 -0.234456196 -0.013799720 0.077387303 0.968943298
1403636647213555456.000000 2.482807398 6.593257427 7.761940002 -0.234263256 -0.015978014 0.076926887 0.968993127
1403636647263555584.000000 2.496074677 6.619110584 7.776539803 -0.233419225 -0.015741229 0.077404015 0.969162703
1403636647313555456.000000 2.508930445 6.645084381 7.791405201 -0.232091799 -0.014450161 0.078301981 0.969429433
1403636647363555584.000000 2.521543980 6.671956539 7.809156418 -0.230967522 -0.012583065 0.078779452 0.969685256
1403636647413555456.000000 2.531122208 6.698346138 7.827539444 -0.229951277 -0.010587194 0.078999817 0.969932675
1403636647463555584.000000 2.525880337 6.717373371 7.861528873 0.229011223 0.007705384 -0.079487748 -0.970142424
1403636647513555456.000000 2.546244860 6.753690720 7.861996651 -0.226875231 -0.004851047 0.080123685 0.970610261
1403636647563555584.000000 2.552667141 6.778364182 7.875590801 -0.225081190 -0.000288082 0.081159882 0.970953882
1403636647613555456.000000 2.557182789 6.803307533 7.886405945 -0.223565459 0.005493164 0.083096288 0.971124828
1403636647663555584.000000 2.563825607 6.832121372 7.898550034 -0.224336907 0.006543192 0.083452120 0.970909834
1403636647713555456.000000 2.572931767 6.864830017 7.913047791 -0.225407064 0.005179773 0.082875408 0.970719635
1403636647763555584.000000 2.581145287 6.895410538 7.921894550 -0.226830974 0.002597716 0.082131945 0.970461428
1403636647813555456.000000 2.590996027 6.924056053 7.929749966 -0.229000717 0.001139724 0.080672592 0.970077038
1403636647863555584.000000 2.596862316 6.954053879 7.937307835 -0.231971473 -0.000891538 0.081140585 0.969332099
1403636647913555456.000000 2.600761414 6.985602856 7.946862698 -0.236506015 -0.001189265 0.081534974 0.968202233
1403636647963555584.000000 2.588500023 7.004517555 7.960748196 0.242496550 0.000700558 -0.082781307 -0.966613770
1403636648013555456.000000 2.598983526 7.039821148 7.957684517 -0.249938458 -0.001666676 0.085143112 0.964509606
1403636648063555584.000000 2.581199884 7.058456421 7.978015423 0.259728670 0.001475375 -0.087788478 -0.961681902
1403636648113555456.000000 2.588665009 7.091171265 7.963325977 -0.269769192 -0.002379033 0.091811627 0.958535135
1403636648163555584.000000 2.581314087 7.115012169 7.963653088 -0.281549513 -0.002197409 0.095672891 0.954762697
1403636648213555456.000000 2.570931435 7.140363216 7.964386463 -0.293390483 -0.001736918 0.099232025 0.950827062
1403636648263555584.000000 2.559657574 7.168393135 7.965876579 -0.305690914 -0.001088339 0.103657961 0.946470797
1403636648313555456.000000 2.546217203 7.196098804 7.968026161 -0.318179131 -0.000892262 0.108180396 0.941837728
1403636648363555584.000000 2.531223774 7.219159126 7.965201855 -0.330859661 -0.000102706 0.111761570 0.937038600
1403636648413555456.000000 2.516207695 7.247956753 7.966340065 -0.343706876 -0.000122852 0.115731217 0.931918383
1403636648463555584.000000 2.502622128 7.277930260 7.969636917 -0.356732786 -0.000348757 0.120238461 0.926436424
1403636648513555456.000000 2.484946728 7.302399158 7.967735291 -0.369225115 -0.000012196 0.124590129 0.920950651
1403636648563555584.000000 2.450713634 7.316694260 7.975280762 0.380435050 -0.000439482 -0.128244385 -0.915872455
1403636648613555456.000000 2.444658041 7.342154026 7.976606846 0.390063107 -0.001093026 -0.130939320 -0.911429942
1403636648663555584.000000 2.435062885 7.366296768 7.974428177 0.398140907 0.000511603 -0.133218423 -0.907599330
1403636648713555456.000000 2.437871456 7.396909237 7.963953018 -0.404904306 -0.004088596 0.134893045 0.904344916
1403636648763555584.000000 2.418782473 7.412330151 7.971339703 0.410210550 0.006777150 -0.136984363 -0.901618958
1403636648813555456.000000 2.411744595 7.435533047 7.965791702 0.413395852 0.013700619 -0.140748650 -0.899503231
1403636648863555584.000000 2.419525623 7.460517406 7.948162556 -0.415315717 -0.020428795 0.144968823 0.897819400
1403636648913555456.000000 2.404339790 7.477425098 7.959398270 0.417189211 0.026990036 -0.147186056 -0.896415651
1403636648963555584.000000 2.401070595 7.497691154 7.945860386 0.418225110 0.031635080 -0.148637965 -0.895541012
1403636649013555456.000000 2.412392378 7.520711422 7.934176922 0.419485480 0.032359216 -0.148211733 -0.894996166
1403636649063555584.000000 2.425314426 7.551498890 7.933155060 0.420268983 0.029698119 -0.146397844 -0.895019352
1403636649113555456.000000 2.441724539 7.578843117 7.927966595 0.421163708 0.023517124 -0.142778695 -0.895367146
1403636649163555584.000000 2.466053486 7.612830162 7.912911892 -0.421450347 -0.016498111 0.140045613 0.895820737
1403636649213555456.000000 2.463829994 7.635919571 7.924001694 0.422034919 0.010468625 -0.136135086 -0.896238923
1403636649263555584.000000 2.473351002 7.659575462 7.910808086 0.421928138 0.005845529 -0.132976547 -0.896805346
1403636649313555456.000000 2.487587452 7.686512947 7.906220913 0.421130210 0.004521736 -0.131678790 -0.897379339
1403636649363555584.000000 2.501851082 7.712748528 7.900215626 0.419679344 0.005673012 -0.131293505 -0.898108661
1403636649413555456.000000 2.526180744 7.737066269 7.889491081 0.417913735 0.007343997 -0.131620362 -0.898871720
1403636649463555584.000000 2.537076950 7.761714935 7.881174564 0.415816575 0.011549999 -0.132395595 -0.899685860
1403636649513555456.000000 2.560521603 7.784423828 7.871962547 0.413852870 0.011307466 -0.131889075 -0.900668204
1403636649563555584.000000 2.592386484 7.808865547 7.866486073 0.411945313 0.008373471 -0.131476626 -0.901634574
1403636649613555456.000000 2.613798857 7.829233646 7.847442150 0.411041051 0.004995386 -0.131636009 -0.902049005
1403636649663555584.000000 2.637667179 7.849480629 7.831298351 0.411679536 0.000363043 -0.132540688 -0.901638985
1403636649713555456.000000 2.659462452 7.874991417 7.820787430 0.414106071 -0.002295014 -0.134369880 -0.900253177
1403636649763555584.000000 2.682353973 7.890666962 7.800769806 0.418168932 -0.004354383 -0.134292379 -0.898377061
1403636649813555456.000000 2.693106174 7.909236431 7.791041374 0.421908826 -0.004484488 -0.134414196 -0.896607935
1403636649863555584.000000 2.707842350 7.928290367 7.773853302 0.425618172 -0.005470392 -0.134006813 -0.894908667
1403636649913555456.000000 2.724935532 7.953312397 7.767655373 0.428640306 -0.006125370 -0.134120882 -0.893443644
1403636649963555584.000000 2.730686426 7.970821381 7.744508266 0.431786060 -0.005883067 -0.133448452 -0.892030060
1403636650013555456.000000 2.736778736 7.991612434 7.730881214 0.434381038 -0.005511104 -0.133299008 -0.890794158
1403636650063555584.000000 2.746421814 8.012731552 7.723548412 0.436541587 -0.006711495 -0.133845195 -0.889647067
1403636650113555456.000000 2.744318485 8.029256821 7.709127426 0.440379977 -0.007257004 -0.135285437 -0.887530684
1403636650163555584.000000 2.742629528 8.041144371 7.694146633 0.445871025 -0.007943803 -0.136851966 -0.884538054
1403636650213555456.000000 2.738634825 8.052474976 7.673704147 0.453357309 -0.007239840 -0.138813049 -0.880423665
1403636650263555584.000000 2.734392166 8.067593575 7.659999371 0.462378353 -0.006787858 -0.141818345 -0.875241578
1403636650313555456.000000 2.730154991 8.084288597 7.650021076 0.472052038 -0.006505659 -0.146224275 -0.869334877
1403636650363555584.000000 2.723463058 8.095055580 7.636198044 0.482797027 -0.005225755 -0.150826290 -0.862630486
1403636650413555456.000000 2.711927414 8.104681015 7.613945007 0.494065762 -0.003174993 -0.154956222 -0.855498493
1403636650463555584.000000 2.702802658 8.107773781 7.589502335 0.505151331 -0.000896155 -0.159595042 -0.848145545
1403636650513555456.000000 2.686475992 8.119605064 7.581529617 0.515894711 0.002041965 -0.164869100 -0.840634704
1403636650563555584.000000 2.680095911 8.125358582 7.561458588 0.524728417 0.004018650 -0.170117810 -0.834088683
1403636650613555456.000000 2.666472197 8.141321182 7.563915253 0.532268047 0.006467289 -0.174500912 -0.828370929
1403636650663555584.000000 2.653858423 8.145887375 7.553241730 0.538615167 0.007722981 -0.177760571 -0.823550403
1403636650713555456.000000 2.638052464 8.157841682 7.538667679 0.544598639 0.009473029 -0.179483458 -0.819212019
1403636650763555584.000000 2.631364584 8.170206070 7.525660038 0.549051285 0.009455973 -0.181515485 -0.815785170
1403636650813555456.000000 2.615552664 8.178564072 7.517661572 0.553179979 0.008892889 -0.182564229 -0.812762737
1403636650863555584.000000 2.610763311 8.187063217 7.507725239 0.556798995 0.007190275 -0.181767792 -0.810483634
1403636650913555456.000000 2.611439466 8.203329086 7.494676590 0.559747934 0.003821865 -0.179461166 -0.808987856
1403636650963555584.000000 2.608769178 8.211962700 7.484258652 0.561747849 0.000545176 -0.177844852 -0.807966769
1403636651013555456.000000 2.602846622 8.220813751 7.476106644 0.563564599 -0.001701637 -0.175755039 -0.807156920
1403636651063555584.000000 2.606204987 8.229943275 7.459599972 0.564178824 -0.003175251 -0.174358204 -0.807026327
1403636651113555456.000000 2.606293201 8.241458893 7.462100983 0.564232409 -0.004764774 -0.173873216 -0.807085633
1403636651163555584.000000 2.607448101 8.243007660 7.436283588 0.564105749 -0.004316584 -0.173225209 -0.807316065
1403636651213555456.000000 2.609109640 8.247106552 7.421994686 0.562896371 -0.002847695 -0.174093738 -0.807979584
1403636651263555584.000000 2.611379147 8.252775192 7.419349670 0.561838090 -0.000830713 -0.175344393 -0.808450103
1403636651313555456.000000 2.616325617 8.253003120 7.391949654 0.560273647 0.001878569 -0.175956845 -0.809400558
1403636651363555584.000000 2.621541023 8.252329826 7.378256321 0.558489740 0.004171233 -0.177571341 -0.810271740
1403636651413555456.000000 2.625607014 8.248904228 7.360353470 0.557116747 0.005658605 -0.177703902 -0.811178327
1403636651463555584.000000 2.625634193 8.255869865 7.361729145 0.555377543 0.006321999 -0.178429797 -0.812206089
1403636651513555456.000000 2.622485876 8.255955696 7.338290215 0.554363549 0.006144415 -0.177097604 -0.813191175
1403636651563555584.000000 2.627209902 8.259242058 7.323681831 0.553109944 0.003494376 -0.175629929 -0.814377904
1403636651613555456.000000 2.624692202 8.261044502 7.321612835 0.552518666 0.000302394 -0.173404917 -0.815263033
1403636651663555584.000000 2.620308399 8.253769875 7.294270039 0.551773846 -0.002957196 -0.171357468 -0.816194594
1403636651713555456.000000 2.615345955 8.249482155 7.278049946 0.550977945 -0.005719061 -0.171405151 -0.816707373
1403636651763555584.000000 2.607020378 8.249144554 7.265777111 0.551157415 -0.009164529 -0.173170075 -0.816182435
1403636651813555456.000000 2.597852230 8.251207352 7.266500950 0.552539706 -0.013282067 -0.177232996 -0.814316869
1403636651863555584.000000 2.590295553 8.245537758 7.252237320 0.555646837 -0.017377254 -0.180380553 -0.811429262
1403636651913555456.000000 2.581636190 8.230064392 7.219746590 0.560532212 -0.020258285 -0.183653712 -0.807257473
1403636651963555584.000000 2.569679499 8.221867561 7.200093269 0.567095399 -0.022624370 -0.187086210 -0.801804066
1403636652013555456.000000 2.554469347 8.216403961 7.192430019 0.575613737 -0.023937041 -0.189749107 -0.795041561
1403636652063555584.000000 2.539036036 8.202480316 7.156794548 0.585617721 -0.022387007 -0.192291468 -0.787130773
1403636652113555456.000000 2.522121429 8.191042900 7.135384083 0.597374618 -0.018419664 -0.194326222 -0.777844250
1403636652163555584.000000 2.501407385 8.174320221 7.106881618 0.610245049 -0.014128882 -0.197209284 -0.767144024
1403636652213555456.000000 2.479521513 8.161733627 7.079321861 0.623726010 -0.009420107 -0.201862484 -0.755068660
1403636652263555584.000000 2.455632210 8.147028923 7.053729057 0.636694789 -0.005479157 -0.207668781 -0.742605805
1403636652313555456.000000 2.430980444 8.126346588 7.022616863 0.649159312 -0.000026006 -0.215420276 -0.729511023
1403636652363555584.000000 2.405445576 8.109978676 6.996726036 0.660613060 0.004282635 -0.223188743 -0.716769695
1403636652413555456.000000 2.383162498 8.094600677 6.970115185 0.670810461 0.007398375 -0.229218543 -0.705278277
1403636652463555584.000000 2.359146357 8.078526497 6.945841789 0.679121196 0.008946115 -0.234731928 -0.695424557
1403636652513555456.000000 2.335004807 8.061540604 6.920200348 0.685824096 0.010501193 -0.240009919 -0.686971843
1403636652563555584.000000 2.311764956 8.045302391 6.893515587 0.691288590 0.012721593 -0.245499417 -0.679476500
1403636652613555456.000000 2.296750784 8.029027939 6.867748260 0.695269644 0.015748495 -0.250323951 -0.673565209
1403636652663555584.000000 2.285254240 8.016287804 6.842553616 0.698453844 0.019797713 -0.254199296 -0.668695092
1403636652713555456.000000 2.282984734 8.001211166 6.816111088 0.701590478 0.023287801 -0.255078524 -0.664953709
1403636652763555584.000000 2.274808884 7.987196922 6.790864468 0.703162849 0.023892460 -0.256987065 -0.662532210
1403636652813555456.000000 2.278401852 7.973871231 6.760776997 0.704779446 0.024571840 -0.256867468 -0.660833836
1403636652863555584.000000 2.281319857 7.969031811 6.730646133 0.705832899 0.023740746 -0.256728202 -0.659793079
1403636652913555456.000000 2.285638571 7.953521729 6.691771507 0.706829548 0.022840373 -0.254761338 -0.659520268
1403636652963555584.000000 2.292453289 7.950996399 6.658225060 0.707578778 0.021979373 -0.252282381 -0.659699023
1403636653013555456.000000 2.294548512 7.949498653 6.624560356 0.707918942 0.020828962 -0.250199586 -0.660164535
1403636653063555584.000000 2.293241978 7.952417850 6.589331627 0.708258688 0.020216532 -0.246848390 -0.661080062
1403636653113555456.000000 2.288706779 7.956018925 6.556698322 0.708215833 0.017728984 -0.243950278 -0.662272036
1403636653163555584.000000 2.284148455 7.956635475 6.527026653 0.708364844 0.015491358 -0.239984944 -0.663616240
1403636653213555456.000000 2.271082401 7.970851898 6.495215416 0.708620369 0.012007273 -0.235012844 -0.665193200
1403636653263555584.000000 2.255828619 7.984810352 6.465199471 0.708691239 0.008110237 -0.229934722 -0.666948974
1403636653313555456.000000 2.246541023 7.978821754 6.428651333 0.708659530 0.005800721 -0.224964410 -0.668699563
1403636653363555584.000000 2.240407944 7.980303764 6.398686886 0.707745731 0.004268781 -0.222164065 -0.670612335
1403636653413555456.000000 2.239517212 7.980890274 6.366768837 0.706512690 0.003764226 -0.220420882 -0.672488153
1403636653463555584.000000 2.234870195 7.984861851 6.337416172 0.705074251 0.004018442 -0.220005289 -0.674130440
1403636653513555456.000000 2.232685328 7.990243435 6.307483196 0.703541696 0.004499844 -0.219503477 -0.675889909
1403636653563555584.000000 2.231201410 7.996835232 6.277531624 0.701867640 0.004716931 -0.219773725 -0.677539051
1403636653613555456.000000 2.235972881 7.989168167 6.243665695 0.700923502 0.003085089 -0.218848586 -0.678824067
1403636653663555584.000000 2.240740061 7.984478951 6.211541653 0.700244725 0.001488740 -0.216769800 -0.680195630
1403636653713555456.000000 2.239351034 7.981909752 6.183607578 0.700033903 -0.000004499 -0.214395538 -0.681165993
1403636653763555584.000000 2.236355543 7.984000683 6.155872345 0.699880004 -0.001973841 -0.212682560 -0.681857944
1403636653813555456.000000 2.235311985 7.983810425 6.129814625 0.699692607 -0.002514426 -0.210963801 -0.682582080
1403636653863555584.000000 2.232049465 7.971289635 6.102480412 0.699883640 -0.003083119 -0.209374294 -0.682873189
1403636653913555456.000000 2.224765301 7.966428757 6.073892117 0.699770451 -0.003217610 -0.208990023 -0.683106303
1403636653963555584.000000 2.217739105 7.957167149 6.047002316 0.698878586 -0.003419908 -0.211118013 -0.683363914
1403636654013555456.000000 2.209933519 7.945820808 6.020937443 0.697895944 -0.003739479 -0.214041591 -0.683457017
1403636654063555584.000000 2.200948238 7.929141045 5.996282101 0.697047353 -0.004611007 -0.216341332 -0.683593631
1403636654113555456.000000 2.189540148 7.935283661 5.985634327 0.697436392 -0.005675120 -0.217599928 -0.682788789
1403636654163555584.000000 2.179416895 7.945634365 5.982950211 0.699211299 -0.007425833 -0.218195915 -0.680763602
1403636654213555456.000000 2.168616056 7.940577507 5.964824200 0.702045977 -0.008354455 -0.218611509 -0.677695155
1403636654263555584.000000 2.162660599 7.928304195 5.939531326 0.705793977 -0.006948283 -0.219158828 -0.673628986
1403636654313555456.000000 2.143532753 7.733166695 5.832929134 0.710398793 -0.006559358 -0.220772326 -0.668244123
1403636654363555584.000000 2.076736689 6.618126392 5.475447655 0.715614140 -0.009249817 -0.226751089 -0.660601914
1403636654413555456.000000 2.104727983 6.453000546 5.463928223 0.721380711 -0.007633141 -0.230314076 -0.653075099
1403636654463555584.000000 2.105418682 6.356141090 5.431853294 0.726985633 -0.006515405 -0.233357161 -0.645750701
1403636654513555456.000000 2.070496082 5.971252441 5.475491524 0.736866951 -0.009167287 -0.235933483 -0.633465469
1403636654563555584.000000 2.071636200 5.846919537 5.451907635 0.743664265 -0.008697003 -0.238491356 -0.624507546
1403636654613555456.000000 2.075923443 5.723577976 5.429075718 0.748614311 -0.007966787 -0.242903292 -0.616855919
1403636654663555584.000000 2.079641581 5.597227097 5.408455372 0.752296984 -0.008622054 -0.248600096 -0.610059857
1403636654713555456.000000 2.082593918 5.467685699 5.389910698 0.755939782 -0.008046636 -0.252022922 -0.604131460
1403636654763555584.000000 2.084377766 5.335174084 5.373507500 0.758930683 -0.007299228 -0.255023479 -0.599111080
1403636654813555456.000000 2.084984303 5.199860573 5.359150887 0.762048304 -0.006473670 -0.256618738 -0.594464004
1403636654863555584.000000 2.084208488 5.061696529 5.347087383 0.764604926 -0.005585547 -0.257918268 -0.590615273
1403636654913555456.000000 2.082310200 4.920797825 5.337089539 0.767119288 -0.005650061 -0.258047640 -0.587288320
1403636654963555584.000000 2.079601288 4.777220726 5.329119682 0.770174384 -0.007126545 -0.254963309 -0.584614813
1403636655013555456.000000 2.076106548 4.630537987 5.323465824 0.772940218 -0.010577551 -0.251369596 -0.582464576
1403636655063555584.000000 1.651861310 4.816971302 5.957098961 0.779255390 -0.017121119 -0.247391030 -0.575556874
1403636655113555456.000000 1.623552799 4.682248592 5.997370720 0.780684590 -0.019208930 -0.245406255 -0.574402690
1403636655163555584.000000 1.590808749 4.538167477 6.028811455 0.782191455 -0.021299327 -0.242890969 -0.573347151
1403636655213555456.000000 1.557094812 4.390695095 6.063261032 0.782844484 -0.024096886 -0.241659567 -0.572865248
1403636655263555584.000000 1.521980882 4.239323616 6.100353241 0.784165740 -0.026800126 -0.241292462 -0.571090043
1403636655313555456.000000 1.485740900 4.083788395 6.140109062 0.786077142 -0.028534207 -0.241125152 -0.568442881
1403636655363555584.000000 1.448594332 3.924178123 6.182545662 0.788306296 -0.030955819 -0.241915628 -0.564882040
1403636655413555456.000000 1.411632299 3.760178566 6.227841854 0.790468633 -0.033141557 -0.242879629 -0.561311483
1403636655463555584.000000 1.375646830 3.592412472 6.274994373 0.793312967 -0.033868890 -0.243163601 -0.557116747
1403636655513555456.000000 1.340883732 3.420014858 6.324253082 0.796408117 -0.034002114 -0.244877204 -0.551917791
1403636655563555584.000000 1.306246877 3.242193699 6.376659393 0.798754871 -0.032426890 -0.249932215 -0.546326816
1403636655613555456.000000 1.270633221 3.060073376 6.431850433 0.801016867 -0.029650941 -0.257221580 -0.539749861
1403636655663555584.000000 1.226744175 2.869066715 6.481459618 0.803073108 -0.028793769 -0.264555901 -0.533155560
1403636655713555456.000000 1.186491609 2.680675983 6.543254852 0.804563999 -0.027339138 -0.271386087 -0.527521431
1403636655763555584.000000 1.142820477 2.489705563 6.608043671 0.806884289 -0.025600171 -0.276314646 -0.521471560
1403636655813555456.000000 1.130364776 2.233107090 6.650650024 0.810143709 -0.026007103 -0.280377805 -0.514178216
1403636655863555584.000000 1.088766336 2.039167404 6.727735996 0.813432932 -0.025806367 -0.284779549 -0.506519079
1403636655913555456.000000 1.037507534 1.837864876 6.800000191 0.817620218 -0.026735958 -0.288397878 -0.497603387
1403636655963555584.000000 0.985872567 1.634106636 6.874172211 0.822353184 -0.027932609 -0.290824264 -0.488237888
1403636656013555456.000000 0.935168386 1.427725792 6.950118065 0.826408744 -0.029606067 -0.292465091 -0.480246186
1403636656063555584.000000 0.886264980 1.218621254 7.027329445 0.830464244 -0.030125774 -0.293205500 -0.472707242
1403636656113555456.000000 0.838634968 1.006561279 7.106303215 0.833769619 -0.028688207 -0.293976873 -0.466457933
1403636656163555584.000000 0.793576837 0.792243004 7.186351776 0.836526513 -0.027425554 -0.294551045 -0.461205930
1403636656213555456.000000 0.750663042 0.574876785 7.268309593 0.838788986 -0.023930898 -0.295213014 -0.456847578
1403636656263555584.000000 0.710323811 0.355175972 7.351857662 0.840277433 -0.022745920 -0.296116143 -0.453576654
1403636656313555456.000000 0.671503663 0.133602142 7.437013626 0.841238916 -0.021247352 -0.297341496 -0.451058537
1403636656363555584.000000 0.635024190 -0.089637756 7.523706436 0.841799557 -0.021160943 -0.298463672 -0.449271828
1403636656413555456.000000 0.600121260 -0.314265251 7.611764908 0.842121780 -0.020156564 -0.299002022 -0.448355317
1403636656463555584.000000 0.566521883 -0.540358543 7.701137066 0.842347980 -0.020343671 -0.299239010 -0.447763383
1403636656513555456.000000 0.533813953 -0.768340111 7.792445183 0.842411041 -0.019153440 -0.299106359 -0.447785914
1403636656563555584.000000 0.500887156 -0.997866631 7.886003017 0.842841566 -0.018487435 -0.297398925 -0.448140860
1403636656613555456.000000 0.467069864 -1.229044914 7.982255936 0.843321562 -0.018625882 -0.295061797 -0.448776573
1403636656663555584.000000 0.432312727 -1.461788177 8.081255913 0.844322026 -0.020700276 -0.290881097 -0.449533075
1403636656713555456.000000 0.396365166 -1.696528435 8.182992935 0.846012950 -0.024977783 -0.283983678 -0.450545847
1403636656763555584.000000 0.358390331 -1.933798790 8.288088799 0.847567856 -0.028728735 -0.277375817 -0.451515436
1403636656813555456.000000 0.318043709 -2.173502922 8.396703720 0.848873198 -0.029903272 -0.271749109 -0.452407569
1403636656863555584.000000 0.275397062 -2.415742874 8.508999825 0.849730134 -0.029759228 -0.267614216 -0.453272283
1403636656913555456.000000 0.379710197 -2.130503654 9.545657158 0.850180566 -0.028532263 -0.262054205 -0.455748469
1403636656963555584.000000 0.343397141 -2.355343819 9.726743698 0.850349009 -0.030027023 -0.260019660 -0.456502676
1403636657013555456.000000 0.309036970 -2.584428787 9.907038689 0.850072563 -0.032289445 -0.258976430 -0.457455218
1403636657063555584.000000 0.273125172 -2.816225052 10.092977524 0.849693596 -0.034642152 -0.258455694 -0.458280921
1403636657113555456.000000 0.236046076 -3.050662041 10.284553528 0.849086165 -0.037057940 -0.258677691 -0.459091902
1403636657163555584.000000 0.199350834 -3.288033485 10.481268883 0.848450303 -0.039705433 -0.259243131 -0.459726632
1403636657213555456.000000 0.163724899 -3.528415680 10.682703018 0.847515106 -0.041711804 -0.260807812 -0.460388511
1403636657263555584.000000 0.129285336 -3.771704674 10.888519287 0.846373677 -0.041782770 -0.263873577 -0.460734755
1403636657313555456.000000 0.096138000 -4.018189430 11.098831177 0.845561683 -0.041009616 -0.266445965 -0.460814804
