1403715364212143104.000000 -4.506445408 1.334501743 -2.462629795 0.035370085 0.804585516 0.162572131 0.570053995
1403715364512143104.000000 -4.548910618 1.398225784 -2.468218803 0.036420006 0.795543909 0.198375359 0.571341276
1403715395062142976.000000 -0.020624196 -0.047887258 -0.012147611 0.193054229 -0.011277793 -0.063377753 0.979074121
1403715395112143104.000000 -0.023839520 -0.049619988 -0.011874504 0.212517262 -0.011557862 -0.070566364 0.974537492
1403715395162142976.000000 -0.020609200 -0.055843994 -0.015732506 0.229986921 -0.012958327 -0.077415973 0.970023215
1403715395212143104.000000 -0.022201253 -0.058691207 -0.016624490 0.247890428 -0.014414432 -0.081635356 0.965234876
1403715395262142976.000000 -0.022133367 -0.062175628 -0.015668042 0.264537245 -0.014857966 -0.087154359 0.960314274
1403715395312143104.000000 -0.035015035 -0.097662970 -0.028092826 0.277000874 -0.013391777 -0.094194964 0.956147790
1403715395362142976.000000 -0.022041352 -0.080791712 -0.024376675 0.292053968 -0.015777141 -0.099833600 0.951046228
1403715395412143104.000000 -0.007320524 -0.076022901 -0.025466066 0.303374767 -0.015097125 -0.103017986 0.947165847
1403715395462142976.000000 -0.006982164 -0.092710584 -0.030771930 0.314092696 -0.017340325 -0.108814374 0.942976415
1403715395512143104.000000 -0.013189888 -0.100301944 -0.033407733 0.325589776 -0.016962403 -0.111117952 0.938805878
1403715395562142976.000000 -0.058789156 -0.160196438 -0.040783923 0.340166807 -0.016771115 -0.116036467 0.933027804
1403715395612143104.000000 -0.017162144 -0.124531344 -0.042976215 0.346174359 -0.018965768 -0.117765144 0.930556297
1403715395662142976.000000 -0.042110108 -0.135696411 -0.040817417 0.360135525 -0.018794691 -0.120958373 0.924834251
1403715395712143104.000000 -0.071739197 -0.190725341 -0.045378275 0.368802518 -0.017377265 -0.126606539 0.920681059
1403715395762142976.000000 -0.076518774 -0.196606174 -0.042480819 0.378953010 -0.016275195 -0.130156472 0.916072667
1403715395812143104.000000 -0.093398705 -0.234261781 -0.044939835 0.386459172 -0.015301769 -0.134717137 0.912286460
1403715395862142976.000000 -0.102735147 -0.240921080 -0.043065540 0.394760936 -0.014482344 -0.134958878 0.908702493
1403715395912143104.000000 -0.104997851 -0.254485250 -0.044237282 0.400302023 -0.016359333 -0.135144979 0.906215489
1403715395962142976.000000 -0.107217044 -0.265799880 -0.047720000 0.405507803 -0.018597271 -0.133590356 0.904085815
1403715396012143104.000000 -0.116643526 -0.279334396 -0.046167366 0.410295308 -0.019858666 -0.129027978 0.902560413
1403715396062142976.000000 -0.132223070 -0.322079480 -0.041178446 0.414610028 -0.022552978 -0.123684585 0.901272476
1403715396112143104.000000 -0.139536619 -0.335171163 -0.039072081 0.417158663 -0.023348011 -0.118127227 0.900821626
1403715396162142976.000000 -0.139800623 -0.344537020 -0.038906388 0.419222534 -0.024214674 -0.113967314 0.900376379
1403715396212143104.000000 -0.143003643 -0.355618894 -0.038750790 0.419264495 -0.023329059 -0.111899480 0.900639534
1403715396262142976.000000 -0.143484965 -0.364906192 -0.036892772 0.417969108 -0.021191936 -0.112819932 0.901179433
1403715396312143104.000000 -0.150764167 -0.398197174 -0.018142082 0.417223692 -0.018216245 -0.116560437 0.901113927
1403715396362142976.000000 -0.150105760 -0.407475710 -0.015758790 0.413931042 -0.014164973 -0.121302262 0.902078867
1403715396412143104.000000 -0.149581105 -0.416875839 -0.015734389 0.411097884 -0.011442057 -0.125741333 0.902804971
1403715396462142976.000000 -0.154580221 -0.425038695 -0.007038064 0.409481406 -0.008596986 -0.129468381 0.903044283
1403715396512143104.000000 -0.155179352 -0.432962835 -0.001725040 0.409279972 -0.006057926 -0.134440303 0.902429521
1403715396562142976.000000 -0.162215993 -0.464814216 0.020911731 0.410590917 -0.003527629 -0.136848509 0.901485026
1403715396612143104.000000 -0.162588805 -0.475785911 0.020792678 0.411819756 -0.002164805 -0.139965713 0.900449574
1403715396662142976.000000 -0.164254427 -0.480163276 0.027649432 0.416869938 0.000113878 -0.141124502 0.897943974
1403715396712143104.000000 -0.168310270 -0.491803944 0.029823124 0.420780241 0.001261562 -0.143587559 0.895725965
1403715396762142976.000000 -0.170548558 -0.499780566 0.033461079 0.425649464 -0.000580969 -0.143322840 0.893465638
1403715396812143104.000000 -0.183986515 -0.534421086 0.051330134 0.430702984 -0.002652353 -0.143680513 0.890979171
1403715396862142976.000000 -0.185134754 -0.542820513 0.056151137 0.435015410 -0.006165916 -0.145011336 0.888648033
1403715396912143104.000000 -0.188145086 -0.549472809 0.057655394 0.438733906 -0.009075519 -0.145859957 0.886653841
1403715396962142976.000000 -0.195146874 -0.563241541 0.062858373 0.440510780 -0.014024715 -0.148706675 0.885234416
1403715397012143104.000000 -0.195611700 -0.551615000 0.054696128 0.441867888 -0.018750394 -0.150805429 0.884114861
1403715397062142976.000000 -0.219823554 -0.606612265 0.077089608 0.443675637 -0.024195379 -0.154874876 0.882372022
1403715397112143104.000000 -0.223896325 -0.617400110 0.082719132 0.445222944 -0.028338933 -0.156117648 0.881249547
1403715397162142976.000000 -0.235324308 -0.639045179 0.090575576 0.447380066 -0.032333735 -0.155501306 0.880127907
1403715397212143104.000000 -0.241803437 -0.655443311 0.095564082 0.449634343 -0.036383037 -0.152583286 0.879331350
1403715397262142976.000000 -0.252437949 -0.682438731 0.103432953 0.451752484 -0.040840823 -0.148253009 0.878790557
1403715397312143104.000000 -0.257715106 -0.700836658 0.111174345 0.454035550 -0.043464981 -0.142867997 0.878379941
1403715397362142976.000000 -0.242561877 -0.665730119 0.093189299 0.452814907 -0.044445723 -0.138817862 0.879609525
1403715397412143104.000000 -0.246782273 -0.684788704 0.104616761 0.453959286 -0.045699466 -0.135826722 0.879422307
1403715397462142976.000000 -0.249815494 -0.703928351 0.117556840 0.454928309 -0.047167651 -0.133977771 0.879127681
1403715397512143104.000000 -0.270726204 -0.778988659 0.173095345 0.459989071 -0.048954997 -0.132730141 0.876582146
1403715397562142976.000000 -0.271746695 -0.798772812 0.189461201 0.460659653 -0.048373461 -0.131337121 0.876472056
1403715397612143104.000000 -0.271976113 -0.818756282 0.207305580 0.461412460 -0.047005437 -0.129635468 0.876403868
1403715397662142976.000000 -0.269525409 -0.837995350 0.227056205 0.461724252 -0.043428831 -0.128668830 0.876566589
1403715397712143104.000000 -0.266078919 -0.857822895 0.247409940 0.462284893 -0.037755404 -0.127402663 0.876718760
1403715397762142976.000000 -0.259806037 -0.885292649 0.281384647 0.462682426 -0.032719776 -0.127391115 0.876713157
1403715397812143104.000000 -0.255233526 -0.896246612 0.291351736 0.461662620 -0.027810914 -0.126844734 0.877499044
1403715397862142976.000000 -0.248175591 -0.914638817 0.314906806 0.461040616 -0.023912307 -0.127116621 0.877901554
1403715397912143104.000000 -0.241016567 -0.932285190 0.338057816 0.459744692 -0.019265464 -0.128779948 0.878452897
1403715397962142976.000000 -0.232271135 -0.949719489 0.362444103 0.458797455 -0.012211350 -0.129117042 0.879024804
1403715398012143104.000000 -0.222283304 -0.975243211 0.401083499 0.458851516 -0.004766170 -0.129340202 0.879035711
1403715398062142976.000000 -0.214178115 -0.991875231 0.425547361 0.457769811 0.002375424 -0.129140481 0.879638553
1403715398112143104.000000 -0.204327494 -1.012538433 0.461866230 0.457607895 0.007968067 -0.128698200 0.879754722
1403715398162142976.000000 -0.198199362 -1.027977347 0.485581130 0.456461817 0.013045328 -0.128512308 0.880316436
1403715398212143104.000000 -0.189030737 -1.049609303 0.527554095 0.455315888 0.015607010 -0.128947943 0.880804360
1403715398262142976.000000 -0.185756907 -1.062420130 0.549511552 0.453688711 0.015504730 -0.129684165 0.881537437
1403715398312143104.000000 -0.186393678 -1.066713810 0.558798194 0.451383173 0.014154512 -0.131611407 0.882457554
1403715398362142976.000000 -0.185183689 -1.076715231 0.578664482 0.449170321 0.013283314 -0.133184850 0.883363664
1403715398412143104.000000 -0.181003481 -1.090087175 0.610092282 0.448269218 0.011213017 -0.132336095 0.883977473
1403715398462142976.000000 -0.180438951 -1.098508358 0.628366053 0.445896953 0.010268280 -0.134272754 0.884896219
1403715398512143104.000000 -0.178476885 -1.108546495 0.653848171 0.443610489 0.009792688 -0.135767192 0.885822296
1403715398562142976.000000 -0.178004727 -1.115249515 0.669870317 0.441332161 0.010448941 -0.137266979 0.886721194
1403715398612143104.000000 -0.168411285 -1.129888535 0.713891208 0.441129833 0.012958192 -0.136471838 0.886911511
1403715398662142976.000000 -0.167187065 -1.135424852 0.727611482 0.438910484 0.017577773 -0.137598097 0.887758613
1403715398712143104.000000 -0.173908934 -1.133029938 0.712574780 0.434935510 0.024038602 -0.139936998 0.889196754
1403715398762142976.000000 -0.172770202 -1.137412548 0.723415136 0.432010800 0.030288456 -0.142733231 0.889986813
1403715398812143104.000000 -0.168136224 -1.147305727 0.753017128 0.430292010 0.034547154 -0.145361155 0.890239000
1403715398862142976.000000 -0.168314472 -1.151034236 0.760250390 0.428318799 0.037707463 -0.147804156 0.890659928
1403715398912143104.000000 -0.158657968 -1.159820318 0.798572600 0.429056019 0.039407216 -0.149025828 0.890027761
1403715398962142976.000000 -0.160263360 -1.163659692 0.801385760 0.428569943 0.040191796 -0.149373099 0.890168548
1403715399012143104.000000 -0.161831632 -1.167369843 0.803008556 0.428448588 0.041337933 -0.149687767 0.890121698
1403715399062142976.000000 -0.164191738 -1.170333147 0.801234066 0.428991199 0.040426645 -0.149048880 0.890009344
1403715399112143104.000000 -0.167577714 -1.172853589 0.797114015 0.430092633 0.037533116 -0.148167834 0.889751613
1403715399162142976.000000 -0.167890981 -1.174401879 0.805809379 0.433095753 0.034313723 -0.145604745 0.888847589
1403715399212143104.000000 -0.170662642 -1.174882412 0.798706710 0.434538543 0.032601092 -0.144318074 0.888417542
1403715399262142976.000000 -0.175272182 -1.176589012 0.791129470 0.436321557 0.031645324 -0.142383501 0.887890279
1403715399312143104.000000 -0.179829508 -1.176590800 0.778900862 0.436701626 0.029983917 -0.143618152 0.887562156
1403715399362142976.000000 -0.185030177 -1.176161885 0.771387041 0.437339485 0.027108327 -0.145501167 0.887033761
1403715399412143104.000000 -0.191024631 -1.174998999 0.756999314 0.436752230 0.023631580 -0.148828834 0.886870384
1403715399462142976.000000 -0.196747035 -1.173331738 0.742029846 0.436246246 0.021336792 -0.151478767 0.886728942
1403715399512143104.000000 -0.202178359 -1.172205567 0.727754235 0.434964895 0.021031318 -0.154808521 0.886790574
1403715399562142976.000000 -0.209505886 -1.170135975 0.709459960 0.433513373 0.015850831 -0.158348680 0.886983991
1403715399612143104.000000 -0.218158916 -1.168895602 0.693493247 0.434408754 0.005781907 -0.158410728 0.886657655
1403715399662142976.000000 -0.226746202 -1.167487144 0.672747254 0.433746397 -0.003140267 -0.158479944 0.886982739
1403715399712143104.000000 -0.234295309 -1.168038368 0.653447330 0.432584643 -0.011085830 -0.158267230 0.887524188
1403715399762142976.000000 -0.241474152 -1.168596625 0.631484389 0.431353599 -0.016755898 -0.158440411 0.888003409
1403715399812143104.000000 -0.247675061 -1.170874238 0.610898495 0.430396438 -0.020717492 -0.158274189 0.888413787
1403715399862142976.000000 -0.253570914 -1.173414230 0.588593245 0.429262966 -0.023276171 -0.158611253 0.888838589
1403715399912143104.000000 -0.258551747 -1.177117586 0.566725075 0.427808821 -0.025183817 -0.159346223 0.889356077
1403715399962142976.000000 -0.263078660 -1.182120681 0.544946492 0.425253153 -0.026290234 -0.160097718 0.890414119
1403715400012143104.000000 -0.266625255 -1.188437223 0.523288727 0.421395183 -0.025638949 -0.160589248 0.892177045
1403715400062142976.000000 -0.270245254 -1.199894547 0.504481256 0.417095423 -0.023904532 -0.160214141 0.894310653
1403715400112143104.000000 -0.272863925 -1.209761977 0.483307511 0.411566317 -0.021548720 -0.159573674 0.897042394
1403715400162142976.000000 -0.271842986 -1.217415571 0.465386301 0.405882895 -0.020413602 -0.157388210 0.900039673
1403715400212143104.000000 -0.274407327 -1.230145812 0.444626838 0.398180962 -0.018404920 -0.155957505 0.903764665
1403715400262142976.000000 -0.280672073 -1.248193622 0.421365410 0.387675941 -0.015826268 -0.157779753 0.908054292
1403715400312143104.000000 -0.283159196 -1.264342785 0.400108784 0.377963603 -0.014539593 -0.157905638 0.912139237
1403715400362142976.000000 -0.278800309 -1.277526021 0.383665919 0.368587941 -0.013404860 -0.157395765 0.916073084
1403715400412143104.000000 -0.282081425 -1.296592593 0.362180024 0.357737511 -0.013579362 -0.155742869 0.920643091
1403715400462142976.000000 -0.284786820 -1.317708731 0.341201216 0.347497195 -0.014315605 -0.150598347 0.925397754
1403715400512143104.000000 -0.289234042 -1.340648174 0.318656772 -0.337031662 0.016313853 0.143594101 -0.930335641
1403715400562142976.000000 -0.292622745 -1.365604877 0.300069004 0.325805157 -0.019064795 -0.136362612 0.935357094
1403715400612143104.000000 -0.298171401 -1.391577244 0.277411163 0.314242035 -0.022051400 -0.127533779 0.940479100
1403715400662142976.000000 -0.302890271 -1.418811083 0.257149637 0.301598519 -0.025825523 -0.119344607 0.945583582
1403715400712143104.000000 -0.309112340 -1.447430134 0.235257447 0.288159221 -0.028716452 -0.111437358 0.950642586
1403715400762142976.000000 -0.315295309 -1.477348804 0.213293672 -0.274667144 0.032130707 0.102788933 -0.955489457
1403715400812143104.000000 -0.320879549 -1.507251382 0.198064923 0.261750638 -0.034234390 -0.092285305 0.960103214
1403715400862142976.000000 -0.327325583 -1.539205313 0.177699417 0.248918533 -0.035750452 -0.081220940 0.964450479
1403715400912143104.000000 -0.334854454 -1.571175575 0.160354823 0.237526447 -0.039213594 -0.071697786 0.967937469
1403715400962142976.000000 -0.341650754 -1.604847670 0.142567113 0.227454975 -0.042750660 -0.063394636 0.970782101
1403715401012143104.000000 -0.346742123 -1.637786388 0.130748779 0.218092129 -0.046200383 -0.056369554 0.973202884
1403715401062142976.000000 -0.351624131 -1.671773314 0.115570754 0.209850892 -0.049606919 -0.052681327 0.975052059
1403715401112143104.000000 -0.354708642 -1.705487728 0.101679258 -0.203143224 0.051161945 0.049604982 -0.976552486
1403715401162142976.000000 -0.359253883 -1.738502264 0.092777558 0.197001755 -0.052460097 -0.048794307 0.977781892
1403715401212143104.000000 -0.359628677 -1.772570729 0.081990205 0.191080004 -0.053107571 -0.050493099 0.978835285
1403715401262142976.000000 -0.358459651 -1.806615591 0.074287675 -0.186058387 0.053399291 0.053296864 -0.979637802
1403715401312143104.000000 -0.358365208 -1.840560317 0.072354846 0.181670696 -0.053208489 -0.055465363 0.980351090
1403715401362142976.000000 -0.354654282 -1.876828432 0.067417182 0.179065570 -0.051211994 -0.055441972 0.980937898
1403715401412143104.000000 -0.350664794 -1.913281083 0.067742169 0.177513972 -0.048846379 -0.054752272 0.981379151
1403715401462142976.000000 -0.344440281 -1.951453686 0.066830844 0.176265493 -0.046146180 -0.054624386 0.981741905
1403715401512143104.000000 -0.338038355 -1.988414526 0.070381813 0.176258042 -0.042694543 -0.052724481 0.982003272
1403715401562142976.000000 -0.329955846 -2.026567936 0.072062805 0.176553607 -0.040050376 -0.049738247 0.982217371
1403715401612143104.000000 -0.320739061 -2.064506531 0.075496018 -0.177767396 0.035041753 0.045663480 -0.982387781
1403715401662142976.000000 -0.311200082 -2.100193501 0.083514601 0.178027958 -0.031088945 -0.042319786 0.982623279
1403715401712143104.000000 -0.300656259 -2.137753725 0.088946790 0.178070873 -0.026002241 -0.034593277 0.983065665
1403715401762142976.000000 -0.290422052 -2.173223495 0.098618828 0.177278221 -0.022300363 -0.024894593 0.983593166
1403715401812143104.000000 -0.279935300 -2.208994150 0.106079005 0.174202129 -0.019003788 -0.019670263 0.984330058
1403715401862142976.000000 -0.268842250 -2.241902351 0.117586374 0.170447886 -0.016886404 -0.015589391 0.985098720
1403715401912143104.000000 -0.258738071 -2.274960518 0.126200855 0.166492298 -0.015353939 -0.016749965 0.985780954
1403715401962142976.000000 -0.249419183 -2.306310892 0.135859117 -0.162501097 0.013873158 0.021014770 -0.986387014
1403715402012143104.000000 -0.238874778 -2.334903955 0.149732634 0.159259662 -0.012477020 -0.025785150 0.986821115
1403715402062142976.000000 -0.230182171 -2.365046024 0.159654096 0.156956792 -0.011737211 -0.030390535 0.987068057
1403715402112143104.000000 -0.219847158 -2.393339396 0.172780305 0.156187043 -0.007574334 -0.032787237 0.987154186
1403715402162142976.000000 -0.211409375 -2.422184467 0.183186620 0.155536339 0.001632735 -0.034108780 0.987239778
1403715402212143104.000000 -0.203874379 -2.449581861 0.194048628 -0.154322147 -0.008734050 0.033841744 -0.987402201
1403715402262142976.000000 -0.193647668 -2.476592541 0.206920832 0.152076155 0.012926687 -0.033173468 0.987727404
1403715402312143104.000000 -0.189218849 -2.502238274 0.216021195 0.147839695 0.012670657 -0.035333816 0.988298774
1403715402362142976.000000 -0.185363084 -2.526837587 0.224137381 -0.141593218 -0.009503172 0.038406823 -0.989134014
1403715402412143104.000000 -0.178922534 -2.550675392 0.234747708 0.133732036 0.008183650 -0.040828954 0.990142286
1403715402462142976.000000 -0.176208645 -2.574014425 0.241287053 0.124055244 0.007987281 -0.043581434 0.991285682
1403715402512143104.000000 -0.171422705 -2.597842932 0.249338791 0.114225462 0.010771309 -0.046820033 0.992292523
1403715402562142976.000000 -0.168731838 -2.622068882 0.254523665 0.106300421 0.012319337 -0.048194338 0.993089080
1403715402612143104.000000 -0.165573269 -2.646587133 0.259588540 -0.099618725 -0.015806371 0.048669346 -0.993709028
1403715402662142976.000000 -0.161822081 -2.673912287 0.264972121 0.093875647 0.017941898 -0.048876856 0.994221568
1403715402712143104.000000 -0.160240218 -2.700815439 0.267394394 0.089565776 0.019425193 -0.047410600 0.994662225
1403715402762142976.000000 -0.159287438 -2.729109764 0.268923312 -0.087611780 -0.015282532 0.040559780 -0.995211303
1403715402812143104.000000 -0.159096718 -2.759503841 0.270031005 0.086676627 0.011290256 -0.032894179 0.995629311
1403715402862142976.000000 -0.159283578 -2.788813353 0.268523544 0.086424522 0.007088880 -0.025308916 0.995911717
1403715402912143104.000000 -0.160005420 -2.819146395 0.267113775 0.086292721 0.002482543 -0.017856825 0.996106744
1403715402962142976.000000 -0.160544395 -2.848494530 0.264421433 0.085987575 -0.003729570 -0.011305909 0.996225119
1403715403012143104.000000 -0.161453649 -2.879219294 0.262672603 0.086240910 -0.011298038 -0.004458040 0.996200264
1403715403062142976.000000 -0.161171600 -2.907701015 0.260044515 0.085638121 -0.019879412 -0.000545312 0.996127844
1403715403112143104.000000 -0.160222903 -2.935407162 0.258003771 -0.085368842 0.027464164 -0.003360640 -0.995965183
1403715403162142976.000000 -0.160352528 -2.963755608 0.259314567 0.085413203 -0.034134462 0.005969812 0.995742857
1403715403212143104.000000 -0.156957090 -2.989198923 0.258891582 0.085215636 -0.038613237 0.008249287 0.995579839
1403715403262142976.000000 -0.152539149 -3.013602018 0.259965956 0.084436320 -0.041958835 0.006438152 0.995524287
1403715403312143104.000000 -0.148895219 -3.038354635 0.264783710 0.083597854 -0.042828307 0.003637656 0.995572150
1403715403362142976.000000 -0.143218294 -3.060887575 0.268593431 -0.081876680 0.041994084 -0.000831513 -0.995756984
1403715403412143104.000000 -0.137435585 -3.082792044 0.274958432 0.079128675 -0.040621024 -0.001182318 0.996035755
1403715403462142976.000000 -0.130330607 -3.103416681 0.281873375 0.075339332 -0.038954578 -0.002057819 0.996394634
1403715403512143104.000000 -0.123261660 -3.123534441 0.290176183 -0.069954984 0.036717925 0.001569992 -0.996872962
1403715403562142976.000000 -0.116163343 -3.142712355 0.302364975 0.063588388 -0.035339549 0.000883534 0.997349977
1403715403612143104.000000 -0.109290831 -3.161523819 0.313379407 0.055796877 -0.036092106 0.003540457 0.997783363
1403715403662142976.000000 -0.102602325 -3.179774284 0.325340837 0.046987463 -0.037076537 0.006623259 0.998185217
1403715403712143104.000000 -0.096114263 -3.198378563 0.342197984 0.037822168 -0.040125366 0.010981664 0.998418212
1403715403762142976.000000 -0.089549720 -3.215490818 0.356168151 0.028330274 -0.043220792 0.017265856 0.998514593
1403715403812143104.000000 -0.082302317 -3.231758356 0.374618441 0.018388879 -0.045188237 0.023962755 0.998521805
1403715403862142976.000000 -0.073850192 -3.246999502 0.391501367 0.007905537 -0.045904171 0.030129289 0.998460114
1403715403912143104.000000 -0.064289019 -3.261309624 0.407741070 0.003161685 0.046665359 -0.035400998 -0.998278141
1403715403962142976.000000 -0.054955717 -3.274424076 0.434310406 -0.014116769 -0.046739213 0.040651765 0.997979760
1403715404012143104.000000 -0.044096600 -3.286492825 0.455288142 -0.025593517 -0.045872990 0.044244245 0.997638822
1403715404062142976.000000 -0.031873994 -3.297297001 0.476996332 -0.037558999 -0.042278506 0.047052674 0.997290313
1403715404112143104.000000 -0.019654401 -3.306969404 0.504674077 -0.049749468 -0.038831811 0.048182834 0.996842802
1403715404162142976.000000 -0.006222729 -3.316029072 0.528506041 -0.063120037 -0.034694236 0.045997147 0.996341586
1403715404212143104.000000 0.006621275 -3.324409246 0.556428432 -0.075811505 -0.031543527 0.044543102 0.995627284
1403715404262142976.000000 0.019716347 -3.333341837 0.582044840 -0.087379396 -0.028455969 0.041725006 0.994894087
1403715404312143104.000000 0.031833149 -3.342181683 0.611873567 -0.097731218 -0.027029406 0.038806077 0.994088650
1403715404362142976.000000 0.044003889 -3.352355957 0.639355242 -0.105405666 -0.026534347 0.038301043 0.993337154
1403715404412143104.000000 0.056075647 -3.363308430 0.667252302 -0.112224951 -0.025727522 0.036902931 0.992664039
1403715404462142976.000000 0.067390263 -3.374433517 0.700165391 -0.117321841 -0.023904175 0.036885776 0.992120802
1403715404512143104.000000 0.079342902 -3.387540817 0.729165614 -0.121621221 -0.022461066 0.035662469 0.991681397
1403715404562142976.000000 0.090587087 -3.401131392 0.759184480 0.124669254 0.020937996 -0.035317075 -0.991348565
1403715404612143104.000000 0.100090265 -3.415920973 0.790264785 -0.126812309 -0.019214481 0.036107246 0.991083145
1403715404662142976.000000 0.109444924 -3.432497025 0.820615232 0.126803905 0.017006006 -0.040505160 -0.990954518
1403715404712143104.000000 0.119239569 -3.449701071 0.855164051 -0.126598880 -0.014837465 0.044201031 0.990857661
1403715404762142976.000000 0.128117904 -3.467977047 0.885448813 -0.125660256 -0.011909846 0.049392805 0.990771413
1403715404812143104.000000 0.136295199 -3.486240625 0.916229963 0.125941887 0.011152877 -0.053639330 -0.990523636
1403715404862142976.000000 0.144350663 -3.503229856 0.952470243 -0.128037915 -0.010776342 0.057542387 0.990039945
1403715404912143104.000000 0.152146444 -3.521850348 0.982648194 -0.131536797 -0.009159341 0.061418932 0.989364445
1403715404962142976.000000 0.159580752 -3.540413380 1.012524486 0.136438236 0.006875744 -0.066222243 -0.988408804
1403715405012143104.000000 0.167564973 -3.557410955 1.046631813 -0.142647728 -0.004003505 0.071677156 0.987166643
1403715405062142976.000000 0.174272299 -3.575198174 1.075168967 -0.150375798 -0.001621654 0.078114845 0.985536754
1403715405112143104.000000 0.181122124 -3.591966152 1.105864406 -0.158981413 0.000338212 0.086656466 0.983471155
1403715405162142976.000000 0.186317414 -3.608779669 1.132564664 -0.169672042 0.000441646 0.094900347 0.980920613
1403715405212143104.000000 0.188241601 -3.624155998 1.154002786 0.181930900 0.000118389 -0.103262365 -0.977874279
1403715405262142976.000000 0.196490616 -3.638548374 1.185862064 -0.195309192 -0.001061428 0.111384414 0.974395633
1403715405312143104.000000 0.199258596 -3.652205229 1.208305597 -0.210101292 -0.002461183 0.117465056 0.970594347
1403715405362142976.000000 0.202254683 -3.664900064 1.230115771 0.225235179 0.004236883 -0.122812182 -0.966523886
1403715405412143104.000000 0.207681984 -3.675837040 1.256018758 -0.240711391 -0.006811789 0.127143949 0.962208986
1403715405462142976.000000 0.209416509 -3.686540842 1.275738001 -0.255687505 -0.009292591 0.132617548 0.957575142
1403715405512143104.000000 0.213503063 -3.695794582 1.298428059 -0.270760626 -0.011017639 0.137982309 0.952642739
1403715405562142976.000000 0.215149224 -3.704581261 1.316931248 -0.285992652 -0.012678348 0.142832011 0.947442114
1403715405612143104.000000 0.218769401 -3.711970568 1.337565303 -0.301819265 -0.015434528 0.145099580 0.942132235
1403715405662142976.000000 0.219931290 -3.718804121 1.355698466 -0.317485392 -0.019874260 0.146284893 0.936701059
1403715405712143104.000000 0.220553368 -3.724526167 1.373722076 0.332199693 0.023983024 -0.148311451 -0.931167006
1403715405762142976.000000 0.225580215 -3.730151653 1.394861221 -0.346499026 -0.027471494 0.150196955 0.925540268
1403715405812143104.000000 0.226793110 -3.734942436 1.413818836 -0.359970093 -0.031217653 0.153816521 0.919667065
1403715405862142976.000000 0.229772806 -3.739339828 1.434334517 -0.373259515 -0.034433909 0.157356173 0.913635969
1403715405912143104.000000 0.231269449 -3.743096352 1.454518557 -0.386502594 -0.034497891 0.162387460 0.907224357
1403715405962142976.000000 0.233908281 -3.746109486 1.475939274 -0.399960279 -0.032048572 0.166737586 0.900668263
1403715406012143104.000000 0.235912308 -3.747626781 1.497655153 -0.414179713 -0.028115807 0.169679001 0.893797398
1403715406062142976.000000 0.238395140 -3.749665022 1.519836426 -0.428092748 -0.023986345 0.173811138 0.886538744
1403715406112143104.000000 0.239442438 -3.750062227 1.542208910 -0.441879541 -0.021140322 0.177162826 0.879152358
1403715406162142976.000000 0.239569575 -3.750193119 1.564869881 -0.455109507 -0.018641924 0.181634381 0.871514082
1403715406212143104.000000 0.239697799 -3.751951218 1.587929964 -0.467903644 -0.016468784 0.186593056 0.863700211
1403715406262142976.000000 0.239002526 -3.751594543 1.610557914 -0.480469882 -0.015701944 0.191051379 0.855804682
1403715406312143104.000000 0.237654150 -3.752333164 1.633661866 -0.492309839 -0.015235455 0.196130976 0.847898364
1403715406362142976.000000 0.236173034 -3.751855373 1.655735850 0.502984285 0.015056832 -0.203245565 -0.839923441
1403715406412143104.000000 0.233577400 -3.751828194 1.679217458 -0.513403058 -0.015454805 0.210231870 0.831853986
1403715406462142976.000000 0.231215149 -3.749937534 1.700749993 -0.523008168 -0.014629863 0.218697250 0.823662579
1403715406512143104.000000 0.228547096 -3.748034000 1.722042918 0.532969952 0.015107574 -0.225340053 -0.815436482
1403715406562142976.000000 0.224195063 -3.746593952 1.745613337 -0.542697370 -0.015020114 0.231998473 0.807112634
1403715406612143104.000000 0.220680296 -3.743455172 1.765371442 -0.552551925 -0.014462539 0.237349749 0.798838198
1403715406662142976.000000 0.217199326 -3.739767551 1.783721209 0.562539399 0.013793371 -0.241651148 -0.790546656
1403715406712143104.000000 0.212301850 -3.735216141 1.805297375 -0.572353721 -0.013147652 0.245288745 0.782350242
1403715406762142976.000000 0.207607150 -3.729373217 1.821912289 -0.582942903 -0.013004247 0.246892408 0.773984969
1403715406812143104.000000 0.202332139 -3.722870111 1.840588570 0.593542933 0.012486792 -0.248400196 -0.765407205
1403715406862142976.000000 0.197461903 -3.716217995 1.855135322 0.604066908 0.012567783 -0.249666691 -0.756711185
1403715406912143104.000000 0.192465723 -3.707891941 1.872346878 0.614231050 0.013199765 -0.251223773 -0.747952282
1403715406962142976.000000 0.188348293 -3.700378895 1.885791898 0.624437749 0.013492986 -0.252338886 -0.739067376
1403715407012143104.000000 0.184377074 -3.691890240 1.899580956 -0.633719265 -0.013973618 0.254827440 0.730251849
1403715407062142976.000000 0.179914832 -3.681172848 1.914550662 0.642271101 0.014247144 -0.258641988 -0.721380115
1403715407112143104.000000 0.175861716 -3.671970844 1.926507950 0.650458694 0.015094102 -0.262793213 -0.712471426
1403715407162142976.000000 0.171179295 -3.660994053 1.939426541 0.657722533 0.016724775 -0.267422825 -0.703993261
1403715407212143104.000000 0.167265892 -3.651620626 1.950734138 0.663247108 0.020618422 -0.272840142 -0.696589172
1403715407262142976.000000 0.162976503 -3.638971806 1.962197423 0.667430639 0.024763778 -0.278480768 -0.690196753
1403715407312143104.000000 0.159432888 -3.627271652 1.972493529 0.670671761 0.030157128 -0.282944977 -0.685005188
1403715407362142976.000000 0.156603336 -3.613201857 1.982240677 0.673480451 0.033706766 -0.286164194 -0.680733442
1403715407412143104.000000 0.154434204 -3.595465422 1.992038846 0.675995231 0.035813697 -0.287515312 -0.677556574
1403715407462142976.000000 0.153409481 -3.577463150 2.000433922 0.678604364 0.035267252 -0.286829591 -0.675263822
1403715407512143104.000000 0.152936816 -3.557625294 2.008270741 0.681058466 0.035738312 -0.285326928 -0.673402429
1403715407562142976.000000 0.152190089 -3.533829689 2.015588045 0.682793319 0.033941738 -0.284394383 -0.672131777
1403715407612143104.000000 0.152853251 -3.510650873 2.022832394 0.684777260 0.032824248 -0.281633168 -0.671331108
1403715407662142976.000000 0.154243588 -3.484786510 2.028587818 0.686946154 0.032990243 -0.276936084 -0.671061218
1403715407712143104.000000 0.156751513 -3.458989143 2.035058498 0.689549863 0.033972081 -0.269418836 -0.671401858
1403715407762142976.000000 0.159900904 -3.430537701 2.040539742 0.691260219 0.035144232 -0.263166696 -0.672062159
1403715407812143104.000000 0.163000703 -3.402599335 2.047335148 0.692039013 0.036369812 -0.258993417 -0.672816217
1403715407862142976.000000 0.166152239 -3.372697353 2.053733826 0.692487836 0.036820557 -0.255716681 -0.673582852
1403715407912143104.000000 0.168771863 -3.343167305 2.061840534 0.692035794 0.034689572 -0.255207241 -0.674353421
1403715407962142976.000000 0.172424197 -3.312961578 2.069806337 0.691392720 0.034151919 -0.255206138 -0.675040543
1403715408012143104.000000 0.180485129 -3.280565262 2.076809645 0.690859258 0.030348655 -0.256001055 -0.675467193
1403715408062142976.000000 0.188766837 -3.249691725 2.084098816 0.690138876 0.029104792 -0.256950855 -0.675897598
1403715408112143104.000000 0.201907396 -3.217200518 2.090607643 0.689561248 0.026913580 -0.257505834 -0.676366568
1403715408162142976.000000 0.216692507 -3.185480118 2.096092463 0.688830376 0.024758030 -0.257941306 -0.677027464
1403715408212143104.000000 0.234515071 -3.154149532 2.100381374 0.688310981 0.022236394 -0.257840067 -0.677681386
1403715408262142976.000000 0.254559636 -3.118597984 2.105195522 0.687932730 0.021256980 -0.257550985 -0.678206682
1403715408312143104.000000 0.271962643 -3.086639166 2.109563828 0.687265873 0.019922961 -0.258077145 -0.678723097
1403715408362142976.000000 0.288948178 -3.051733971 2.115319252 0.686968088 0.018507008 -0.257759660 -0.679185033
1403715408412143104.000000 0.302452981 -3.018951416 2.121137619 0.686441779 0.015752828 -0.256086797 -0.680418313
1403715408462142976.000000 0.313728988 -2.984316349 2.129426956 0.685597897 0.013215335 -0.252794266 -0.682551086
1403715408512143104.000000 0.321001947 -2.952399254 2.138138056 0.683573008 0.009069230 -0.248924285 -0.686062992
1403715408562142976.000000 0.325790763 -2.918584824 2.148701191 0.680622518 0.006409979 -0.244373992 -0.690647066
1403715408612143104.000000 0.327340007 -2.887951136 2.159566879 0.676862001 0.002183684 -0.239118606 -0.696186364
1403715408662142976.000000 0.327600062 -2.858389378 2.171020269 0.672460377 0.000273207 -0.232390940 -0.702703059
1403715408712143104.000000 0.327749372 -2.826149225 2.184207678 0.666597188 -0.002062420 -0.226913929 -0.710038066
1403715408762142976.000000 0.327783346 -2.799834967 2.195907354 0.659231305 -0.004085342 -0.222639382 -0.718212485
1403715408812143104.000000 0.328657866 -2.771934509 2.208609343 0.651060939 -0.005186290 -0.218061090 -0.727009118
1403715408862142976.000000 0.330433577 -2.748507977 2.220091105 0.641505063 -0.005827952 -0.215216264 -0.736287534
1403715408912143104.000000 0.332498074 -2.723836422 2.232754469 0.631161451 -0.006207980 -0.212287828 -0.746009767
1403715408962142976.000000 0.335884959 -2.704110622 2.243891716 0.620357931 -0.005671297 -0.208943203 -0.755954146
1403715409012143104.000000 0.340323120 -2.685699701 2.254734278 -0.608987749 0.006329730 0.205467999 0.766078889
1403715409062142976.000000 0.344126403 -2.664048433 2.267524719 -0.597221673 0.005890577 0.202096924 0.776175559
1403715409112143104.000000 0.350614429 -2.649208546 2.277051210 -0.584893882 0.007002579 0.200273067 0.785964966
1403715409162142976.000000 0.355983198 -2.632471800 2.287376404 -0.573147416 0.008840131 0.199700773 0.794697165
1403715409212143104.000000 0.363034010 -2.620124102 2.294826746 -0.562496960 0.008942883 0.199492186 0.802321672
1403715409262142976.000000 0.369058341 -2.606609344 2.302900553 -0.553395867 0.007539819 0.200191557 0.808467448
1403715409312143104.000000 0.377400607 -2.596365452 2.308123589 -0.545574009 0.007257002 0.200811848 0.813616037
1403715409362142976.000000 0.384925157 -2.584865570 2.313759804 -0.539427817 0.006969328 0.200358778 0.817817450
1403715409412143104.000000 0.394159526 -2.575912714 2.316304207 -0.535048366 0.006418296 0.198963776 0.821033239
1403715409462142976.000000 0.402692109 -2.566490412 2.319082499 -0.532317042 0.005551741 0.195953101 0.823535144
1403715409512143104.000000 0.413076192 -2.558998823 2.319415092 -0.531379998 0.004279172 0.191418707 0.825212598
1403715409562142976.000000 0.422037184 -2.551334858 2.319839239 -0.532311440 0.000327698 0.187996179 0.825410128
1403715409612143104.000000 0.431932956 -2.545288801 2.318805933 -0.533017933 -0.003297708 0.190047473 0.824477494
1403715409662142976.000000 0.441738009 -2.539620876 2.318115473 0.533699691 0.006574502 -0.192928985 -0.823346794
1403715409712143104.000000 0.450279981 -2.534279346 2.317739010 -0.534066021 -0.010792518 0.197393328 0.822005451
1403715409762142976.000000 0.460514009 -2.529412746 2.316171408 -0.534811854 -0.015583893 0.201783925 0.820375979
1403715409812143104.000000 0.470894992 -2.524430513 2.314669609 0.535674036 0.020524103 -0.206071749 -0.818637073
1403715409862142976.000000 0.480887055 -2.519127846 2.313605309 -0.537061691 -0.024747733 0.209705770 0.816685915
1403715409912143104.000000 0.492194086 -2.513411283 2.312365294 0.538143218 0.029513421 -0.214675277 -0.814521611
1403715409962142976.000000 0.502747357 -2.506910324 2.311546087 -0.539479196 -0.033884905 0.218008950 0.812579930
1403715410012143104.000000 0.514703989 -2.499251842 2.310874701 -0.540920854 -0.036551874 0.221401125 0.810586333
1403715410062142976.000000 0.527154684 -2.489924431 2.311024189 0.542708874 0.037465513 -0.222948432 -0.808923602
1403715410112143104.000000 0.538854301 -2.479889870 2.310843945 -0.545321047 -0.035793923 0.222010911 0.807499170
1403715410162142976.000000 0.551994622 -2.467802286 2.311595917 -0.548322499 -0.032539662 0.218682691 0.806511939
1403715410212143104.000000 0.562441945 -2.455765009 2.312928677 0.550730526 0.028523888 -0.216168568 -0.805700660
1403715410262142976.000000 0.569589972 -2.442742348 2.315760612 -0.552937806 -0.024710821 0.213550881 0.805012584
1403715410312143104.000000 0.574252844 -2.429665804 2.320301056 -0.554782212 -0.021822214 0.211220741 0.804441690
1403715410362142976.000000 0.575999618 -2.417010069 2.326239586 0.556026161 0.019653648 -0.209354937 -0.804126382
1403715410412143104.000000 0.576647282 -2.403979063 2.333186388 0.557111025 0.019251948 -0.207470745 -0.803873479
1403715410462142976.000000 0.576462269 -2.391253948 2.340564728 0.557969809 0.020387536 -0.205364361 -0.803790808
1403715410512143104.000000 0.576284885 -2.378749609 2.348254681 0.558956802 0.022927247 -0.202317819 -0.803809166
1403715410562142976.000000 0.576658130 -2.366302013 2.356464863 0.559818864 0.024500063 -0.199079841 -0.803971291
1403715410612143104.000000 0.576861620 -2.353906870 2.365724087 0.559594929 0.026001137 -0.197681919 -0.804424942
1403715410662142976.000000 0.577378988 -2.341544390 2.375624418 0.559362054 0.026198013 -0.196293265 -0.804920375
1403715410712143104.000000 0.577874601 -2.329435587 2.385892391 0.558477283 0.024911869 -0.196520329 -0.805519938
1403715410762142976.000000 0.579161406 -2.317090273 2.396259308 0.557898164 0.020692499 -0.194993451 -0.806411147
1403715410812143104.000000 0.581100345 -2.305265188 2.407043457 0.557480335 0.013136726 -0.192740425 -0.807399750
1403715410862142976.000000 0.584113717 -2.293982506 2.418668985 0.557200670 0.007458718 -0.189052030 -0.808536470
1403715410912143104.000000 0.585869789 -2.283958912 2.430080414 0.555697680 0.002559218 -0.188421786 -0.809747398
1403715410962142976.000000 0.586931348 -2.275261879 2.441488743 0.554194450 0.002598873 -0.187909797 -0.810895681
1403715411012143104.000000 0.587197304 -2.267957211 2.453124523 0.551294088 0.004053397 -0.190540552 -0.812251687
1403715411062142976.000000 0.587071300 -2.261980534 2.464542627 0.548388183 0.006114095 -0.193147838 -0.813588917
1403715411112143104.000000 0.586893916 -2.256885767 2.475639820 0.545474648 0.008889644 -0.195785210 -0.814890504
1403715411162142976.000000 0.586951554 -2.252264977 2.486670017 0.542380571 0.009893066 -0.199310184 -0.816088855
1403715411212143104.000000 0.587511539 -2.248066664 2.497164965 0.539429784 0.009013732 -0.203270406 -0.817077398
1403715411262142976.000000 0.588197112 -2.244325638 2.507112503 0.536834657 0.007863658 -0.206166208 -0.818072319
1403715411312143104.000000 0.589075804 -2.240978956 2.516385555 0.535095096 0.005123976 -0.207449362 -0.818908989
1403715411362142976.000000 0.590025187 -2.238185406 2.525110722 0.533948958 0.001025105 -0.207162932 -0.819744468
1403715411412143104.000000 0.590448141 -2.236021519 2.533372164 0.532907605 -0.004218447 -0.206676558 -0.820534289
1403715411462142976.000000 0.590716243 -2.234498262 2.540965319 0.532223582 -0.009541992 -0.205348030 -0.821266830
1403715411512143104.000000 0.589997828 -2.233590841 2.547648430 0.531862617 -0.011538654 -0.203358456 -0.821969807
1403715411562142976.000000 0.588153720 -2.233994722 2.553385258 0.531037152 -0.009714957 -0.202453390 -0.822750151
1403715411612143104.000000 0.586451411 -2.234701633 2.558691740 0.530435205 -0.006441559 -0.201617584 -0.823375642
1403715411662142976.000000 0.584103286 -2.235892296 2.562802076 0.529632270 -0.002431778 -0.201248974 -0.824004054
1403715411712143104.000000 0.582017422 -2.237230778 2.566231728 0.528949022 0.000372557 -0.200699434 -0.824580252
1403715411762142976.000000 0.579080760 -2.239104033 2.569427729 0.528339744 0.002800163 -0.199956357 -0.825146556
1403715411812143104.000000 0.576206625 -2.241495609 2.571943045 0.528144002 0.003656048 -0.198705524 -0.825570583
1403715411862142976.000000 0.573274076 -2.244050264 2.575155258 0.527560294 0.004748242 -0.198488981 -0.825990200
1403715411912143104.000000 0.570480764 -2.247519016 2.577990532 0.527191520 0.004913884 -0.198305666 -0.826268673
1403715411962142976.000000 0.568023860 -2.251627922 2.579755306 0.526515305 0.004343016 -0.199010447 -0.826533556
1403715412012143104.000000 0.565532744 -2.255702019 2.581517696 0.526089191 0.004452790 -0.199480817 -0.826690912
1403715412062142976.000000 0.562639236 -2.260400295 2.582770586 0.525721431 0.004653347 -0.200325221 -0.826719522
1403715412112143104.000000 0.560147285 -2.265732050 2.583170414 0.525512397 0.004731426 -0.200847074 -0.826725304
1403715412162142976.000000 0.557266891 -2.271036625 2.583617210 0.525543869 0.006632152 -0.201371208 -0.826564848
1403715412212143104.000000 0.554350853 -2.276216269 2.584430695 0.525429785 0.007846491 -0.201866776 -0.826505780
1403715412262142976.000000 0.550576091 -2.282394409 2.584162235 0.525540829 0.008867294 -0.201826379 -0.826434731
1403715412312143104.000000 0.546693563 -2.289125443 2.583340883 0.525589645 0.009738246 -0.202030808 -0.826344013
1403715412362142976.000000 0.542870283 -2.295051575 2.583139181 0.525654018 0.010522554 -0.202589333 -0.826156616
1403715412412143104.000000 0.539808095 -2.301037312 2.582679510 0.525650144 0.011090647 -0.203183293 -0.826005697
1403715412462142976.000000 0.536958456 -2.307431459 2.582596779 0.525365055 0.012219383 -0.204810321 -0.825769424
1403715412512143104.000000 0.534090698 -2.313900948 2.582296133 0.525204122 0.013499646 -0.205886886 -0.825584114
1403715412562142976.000000 0.531083107 -2.319848776 2.582072020 0.524991930 0.014715730 -0.206918746 -0.825440228
1403715412612143104.000000 0.528478861 -2.324720621 2.582159758 0.525280595 0.016149666 -0.206649601 -0.825297177
1403715412662142976.000000 0.526351988 -2.329469442 2.581710339 0.525215030 0.016953988 -0.206839740 -0.825275242
1403715412712143104.000000 0.524170160 -2.334591389 2.580556631 0.525067985 0.019137219 -0.207179263 -0.825235784
1403715412762142976.000000 0.522856057 -2.338849783 2.579727650 0.525120199 0.020329559 -0.207242012 -0.825158358
1403715412812143104.000000 0.521817625 -2.343485117 2.579076767 0.525144994 0.021483844 -0.207430556 -0.825065911
1403715412862142976.000000 0.521045685 -2.347960234 2.578579187 0.525000215 0.022381013 -0.207633525 -0.825083196
1403715412912143104.000000 0.520160139 -2.351150513 2.578034401 0.525232673 0.022747705 -0.207349837 -0.824996471
1403715412962142976.000000 0.519335032 -2.353861332 2.578294277 0.525681615 0.021970635 -0.206865951 -0.824853122
1403715413012143104.000000 0.518316925 -2.356614590 2.578289509 0.526492119 0.020298151 -0.205316111 -0.824766219
1403715413062142976.000000 0.515229821 -2.359016657 2.579676867 0.527403533 0.019494401 -0.203802571 -0.824578702
1403715413112143104.000000 0.510083973 -2.361749172 2.581819296 0.527962863 0.018649887 -0.202638015 -0.824527383
1403715413162142976.000000 0.502863586 -2.364557981 2.584669590 0.528471410 0.017351039 -0.201773360 -0.824441969
1403715413212143104.000000 0.493828535 -2.367890835 2.589355469 0.528984666 0.016730266 -0.200527579 -0.824429572
1403715413262142976.000000 0.481657445 -2.371001720 2.593847752 0.529031813 0.015415870 -0.200481758 -0.824436069
1403715413312143104.000000 0.467699051 -2.375086069 2.599375963 0.528635025 0.012932027 -0.202167764 -0.824321568
1403715413362142976.000000 0.452333331 -2.378469706 2.606205225 0.527678549 0.009625669 -0.204794213 -0.824331284
1403715413412143104.000000 0.437615037 -2.381546497 2.612483263 0.526846528 0.006697366 -0.207433268 -0.824232519
1403715413462142976.000000 0.423573226 -2.384915352 2.617936850 0.526117325 0.004421778 -0.209740266 -0.824129939
1403715413512143104.000000 0.410587132 -2.387465000 2.622371197 0.525744617 0.002968692 -0.210720569 -0.824124217
1403715413562142976.000000 0.398515999 -2.389655352 2.625835419 0.526022851 0.003203499 -0.210208356 -0.824076533
1403715413612143104.000000 0.388060927 -2.392474174 2.627271175 0.526819289 0.003729781 -0.208613217 -0.823970914
1403715413662142976.000000 0.378619730 -2.394880056 2.627775431 0.527801812 0.004346230 -0.206007212 -0.823994756
1403715413712143104.000000 0.370004535 -2.397372007 2.628763676 0.529057562 0.005417839 -0.202774793 -0.823984921
1403715413762142976.000000 0.360141039 -2.399536610 2.629246473 0.529981971 0.007266896 -0.200878367 -0.823841155
1403715413812143104.000000 0.348803580 -2.402160168 2.629889965 0.530416667 0.009011424 -0.200115666 -0.823729813
1403715413862142976.000000 0.336453229 -2.405103922 2.630980492 0.530828059 0.010749518 -0.199452922 -0.823604643
1403715413912143104.000000 0.323271841 -2.407705545 2.632970333 0.531245947 0.011006437 -0.198315680 -0.823606491
1403715413962142976.000000 0.310222328 -2.411495209 2.634727716 0.531839907 0.011260808 -0.196132168 -0.823742509
1403715414012143104.000000 0.298612148 -2.416569948 2.635605574 0.532271028 0.011756031 -0.195312738 -0.823651850
1403715414062142976.000000 0.289174855 -2.421913862 2.635873795 0.531976104 0.012298723 -0.195815235 -0.823715150
1403715414112143104.000000 0.283108383 -2.427587986 2.635467052 0.531764865 0.014572258 -0.196927801 -0.823549211
1403715414162142976.000000 0.280085802 -2.433666229 2.634866476 0.530961454 0.018097866 -0.199619263 -0.823349655
1403715414212143104.000000 0.279451132 -2.439314127 2.634109974 0.530006051 0.023330992 -0.203372851 -0.822914839
1403715414262142976.000000 0.281363368 -2.444496870 2.632984161 0.529065251 0.027926857 -0.206588656 -0.822575927
1403715414312143104.000000 0.285930037 -2.448299885 2.633552551 0.528166115 0.032531027 -0.209765106 -0.822180569
1403715414362142976.000000 0.290337861 -2.450554609 2.634334326 0.527935624 0.036614105 -0.211078644 -0.821820736
1403715414412143104.000000 0.294861615 -2.451649666 2.635180950 0.528080642 0.038039863 -0.210759684 -0.821744621
1403715414462142976.000000 0.298384905 -2.452443123 2.637333393 0.528510928 0.037921000 -0.209771499 -0.821726322
1403715414512143104.000000 0.300786257 -2.453059196 2.639779091 0.529262066 0.036793057 -0.207935423 -0.821760774
1403715414562142976.000000 0.302137285 -2.452622890 2.644729137 0.530276477 0.033822078 -0.205340564 -0.821887016
1403715414612143104.000000 0.302469432 -2.452767134 2.650426626 0.531473398 0.030420072 -0.202221602 -0.822020173
1403715414662142976.000000 0.302464485 -2.452109337 2.657599688 0.531932294 0.026626226 -0.201532751 -0.822024047
1403715414712143104.000000 0.301028430 -2.451146364 2.665261745 0.532420397 0.021962067 -0.201378092 -0.821883857
1403715414762142976.000000 0.298851877 -2.452201128 2.674076557 0.532317758 0.017309152 -0.202870145 -0.821694553
1403715414812143104.000000 0.294928402 -2.452364922 2.684724092 0.531828284 0.013343027 -0.206259072 -0.821241677
1403715414862142976.000000 0.290680587 -2.450546980 2.695328236 0.530947685 0.008647341 -0.211003035 -0.820668995
1403715414912143104.000000 0.285005808 -2.448549271 2.705952644 0.530040145 0.003358198 -0.216174483 -0.819948077
1403715414962142976.000000 0.278885245 -2.447344303 2.715584517 0.529321373 -0.000569704 -0.220739797 -0.819202363
1403715415012143104.000000 0.271589011 -2.446777582 2.724399090 0.528975606 -0.004494491 -0.224806547 -0.818307161
1403715415062142976.000000 0.263783634 -2.445651054 2.732011557 0.528979182 -0.007257647 -0.227833807 -0.817447364
1403715415112143104.000000 0.254235238 -2.445392609 2.738079786 0.529530227 -0.008989011 -0.229876727 -0.816500843
1403715415162142976.000000 0.245252252 -2.444278240 2.743271828 0.530328035 -0.010191408 -0.231452510 -0.815523207
1403715415212143104.000000 0.236429408 -2.442275047 2.746610165 0.531907618 -0.011025477 -0.231087804 -0.814586520
1403715415262142976.000000 0.227318525 -2.441407681 2.748637915 0.533413708 -0.010687592 -0.230364278 -0.813810766
1403715415312143104.000000 0.219457582 -2.438822985 2.749760151 0.537049770 -0.006635244 -0.223912895 -0.813262880
1403715415362142976.000000 0.212266251 -2.435987949 2.747045040 0.540600717 -0.001379814 -0.217960894 -0.812552750
1403715415412143104.000000 0.205608785 -2.433128834 2.745137691 0.544770956 0.003034924 -0.210740834 -0.811667204
1403715415462142976.000000 0.200692534 -2.429944754 2.743566275 0.548181474 0.009735328 -0.205000535 -0.810787916
1403715415512143104.000000 0.195583731 -2.428045034 2.740803242 0.551238716 0.012865469 -0.199459359 -0.810053349
1403715415562142976.000000 0.191211686 -2.426838875 2.737985373 0.552877724 0.014974682 -0.196886808 -0.809529305
1403715415612143104.000000 0.186649352 -2.425854921 2.737785101 0.554646254 0.015508357 -0.194044054 -0.808995724
1403715415662142976.000000 0.178720444 -2.425616980 2.738728285 0.556258559 0.016290020 -0.192403436 -0.808264792
1403715415712143104.000000 0.169198304 -2.427348375 2.741503000 0.557015061 0.017003823 -0.192525029 -0.807699919
1403715415762142976.000000 0.165897489 -2.426539183 2.741874695 0.556412995 0.017605327 -0.194576532 -0.807610512
1403715415812143104.000000 0.169151142 -2.426334858 2.741746664 0.556901515 0.018093253 -0.193151459 -0.807605088
1403715415862142976.000000 0.171501964 -2.426815987 2.743252277 0.557502568 0.016509721 -0.191621974 -0.807588577
1403715415912143104.000000 0.172812998 -2.427286625 2.746507645 0.558009744 0.013993233 -0.191474870 -0.807320774
1403715415962142976.000000 0.171828836 -2.428941250 2.749887943 0.557880163 0.014290933 -0.191144750 -0.807483256
1403715416012143104.000000 0.172177464 -2.429527998 2.750102282 0.557104945 0.017736709 -0.191389322 -0.807892144
1403715416062142976.000000 0.173122495 -2.429208279 2.749264479 0.557980359 0.018378681 -0.190334767 -0.807522714
1403715416112143104.000000 0.173734426 -2.428065062 2.749750137 0.558488071 0.017827153 -0.190274119 -0.807198286
1403715416162142976.000000 0.173834324 -2.428128242 2.750693798 0.558458924 0.017188959 -0.190541536 -0.807169259
1403715416212143104.000000 0.173408210 -2.427613258 2.751374960 0.558035731 0.017832244 -0.192198470 -0.807055116
1403715416262142976.000000 0.173180372 -2.428097963 2.751938820 0.557457805 0.018488174 -0.193412125 -0.807149827
1403715416312143104.000000 0.172517806 -2.427747250 2.752150059 0.557328045 0.018479399 -0.193855628 -0.807133198
1403715416362142976.000000 0.172129929 -2.427670002 2.751864433 0.557170749 0.019084059 -0.194187805 -0.807147920
1403715416412143104.000000 0.172882468 -2.427911043 2.751249790 0.557024896 0.019179912 -0.194499776 -0.807171166
1403715416462142976.000000 0.172246009 -2.427532434 2.751434326 0.556854606 0.019674266 -0.194838688 -0.807195067
1403715416512143104.000000 0.172057107 -2.429112434 2.751093388 0.556948304 0.019416770 -0.194963902 -0.807106435
1403715416562142976.000000 0.171582133 -2.430360794 2.748646736 0.556999743 0.019070318 -0.194455624 -0.807201743
1403715416612143104.000000 0.171343446 -2.431469679 2.748225212 0.556822360 0.019503027 -0.194782868 -0.807234883
1403715416662142976.000000 0.170989752 -2.432092667 2.747644424 0.556626320 0.019399410 -0.195256010 -0.807258308
1403715416712143104.000000 0.171105042 -2.432320118 2.748443365 0.556593478 0.019451836 -0.195240855 -0.807283342
1403715416762142976.000000 0.171447664 -2.432310104 2.748581648 0.556514800 0.019473780 -0.195346937 -0.807311356
1403715416812143104.000000 0.171325639 -2.431653023 2.749431133 0.556648970 0.019086260 -0.195075482 -0.807293713
1403715416862142976.000000 0.171983525 -2.431591511 2.749299288 0.556455195 0.019441446 -0.195386186 -0.807343781
1403715416912143104.000000 0.172084719 -2.431789875 2.747793674 0.556300163 0.019752014 -0.195727438 -0.807360411
1403715416962142976.000000 0.172077000 -2.431218863 2.747118473 0.556338787 0.019562131 -0.195400253 -0.807417691
1403715417012143104.000000 0.172064334 -2.430475712 2.747387409 0.556359172 0.019217286 -0.195375115 -0.807417929
1403715417062142976.000000 0.173208609 -2.429748058 2.746698856 0.556342661 0.019366240 -0.195271179 -0.807450950
1403715417112143104.000000 0.173515886 -2.429218054 2.746026993 0.556213140 0.019524081 -0.195601255 -0.807456553
1403715417162142976.000000 0.173219189 -2.429440737 2.746383905 0.556207120 0.019536015 -0.195683271 -0.807440519
1403715417212143104.000000 0.172770083 -2.430256844 2.745396376 0.556191683 0.019357471 -0.195526958 -0.807493210
1403715417262142976.000000 0.173456043 -2.429818392 2.745292187 0.556184232 0.019392977 -0.195558056 -0.807489991
1403715417312143104.000000 0.173574954 -2.430150270 2.744413376 0.556206584 0.019315783 -0.195489556 -0.807493091
1403715417362142976.000000 0.173764810 -2.430178881 2.744194269 0.556081593 0.019513441 -0.195676297 -0.807529211
1403715417412143104.000000 0.174073070 -2.430255651 2.744541645 0.556106627 0.019585172 -0.195761085 -0.807489634
1403715417462142976.000000 0.173750222 -2.430481672 2.744619370 0.556118250 0.019478651 -0.195751399 -0.807486594
1403715417512143104.000000 0.174617261 -2.429434776 2.745515585 0.556150138 0.019413771 -0.195708588 -0.807476461
1403715417562142976.000000 0.174771130 -2.427715302 2.746042490 0.556229234 0.019520504 -0.195674688 -0.807427704
1403715417612143104.000000 0.175143927 -2.427522659 2.745071650 0.556180716 0.019649008 -0.195803434 -0.807426810
1403715417662142976.000000 0.169432819 -2.429222822 2.741270781 0.555961072 0.019242762 -0.195643261 -0.807626605
1403715417712143104.000000 0.169170380 -2.427381039 2.740948439 0.555942774 0.019150110 -0.195591435 -0.807653964
1403715417762142976.000000 0.169019580 -2.426482201 2.740637064 0.555931807 0.019146139 -0.195471928 -0.807690561
1403715417812143104.000000 0.169492573 -2.424782991 2.740638256 0.555912256 0.019214710 -0.195487425 -0.807698667
1403715417862142976.000000 0.170133173 -2.425246477 2.740597248 0.555920541 0.019286785 -0.195456341 -0.807698786
1403715417912143104.000000 0.171065405 -2.424948215 2.738724470 0.555920780 0.019437684 -0.195423216 -0.807702959
1403715417962142976.000000 0.171247602 -2.423967838 2.739390850 0.555888116 0.019417413 -0.195352346 -0.807743073
1403715418012143104.000000 0.172217965 -2.423585653 2.738086700 0.555861413 0.019500179 -0.195287317 -0.807775199
1403715418062142976.000000 0.172962904 -2.423353910 2.737798691 0.555822372 0.019709229 -0.195290670 -0.807796180
1403715418112143104.000000 0.173419341 -2.423401594 2.737251282 0.555798233 0.019894505 -0.195266709 -0.807814062
1403715418162142976.000000 0.174302220 -2.423443317 2.736326456 0.555788159 0.019988289 -0.195213497 -0.807831466
1403715418212143104.000000 0.175346136 -2.423499346 2.736120462 0.555778980 0.020110084 -0.195180118 -0.807842851
1403715418262142976.000000 0.176222876 -2.423174858 2.736378193 0.555816770 0.020121975 -0.195120916 -0.807830930
1403715418312143104.000000 0.177379966 -2.423057795 2.735195160 0.555790663 0.020344609 -0.195148885 -0.807836592
1403715418362142976.000000 0.178014129 -2.423037767 2.735088348 0.555749714 0.020472104 -0.195113927 -0.807869852
1403715418412143104.000000 0.178746432 -2.423024893 2.735027790 0.555741072 0.020527683 -0.195077732 -0.807883203
1403715418462142976.000000 0.179246157 -2.423572063 2.734341145 0.555705726 0.020647934 -0.195074812 -0.807905138
1403715418512143104.000000 0.179341048 -2.423897028 2.735462189 0.555691957 0.020758668 -0.195063964 -0.807914376
1403715418562142976.000000 0.179948330 -2.423917770 2.735416174 0.555683613 0.020914711 -0.195076257 -0.807913125
1403715418612143104.000000 0.180050790 -2.424633026 2.736168861 0.555712998 0.020963985 -0.195169568 -0.807869136
1403715418662142976.000000 0.180174917 -2.426069021 2.736139059 0.555719137 0.020973219 -0.195130795 -0.807874024
1403715418712143104.000000 0.180671841 -2.425714970 2.737023354 0.555759013 0.021078438 -0.195099175 -0.807851493
1403715418762142976.000000 0.180038810 -2.426501036 2.735699892 0.555695355 0.021139992 -0.195150316 -0.807881236
1403715418812143104.000000 0.181587830 -2.427216530 2.736348152 0.555708587 0.021228231 -0.195230156 -0.807850540
