1413393919555760384.000000 0.013909120 0.092409372 0.071461938 -0.057706919 0.007306716 0.033228487 0.997753739
1413393919605760512.000000 0.015512774 0.114499263 0.073140822 -0.074675202 0.005855949 0.041323945 0.996334195
1413393919655760384.000000 0.016758731 0.131331235 0.073323682 -0.092182562 0.006897199 0.044376027 0.994728982
1413393919705760512.000000 0.018666184 0.151107758 0.073317401 -0.107189290 0.008741527 0.044352759 0.993210435
1413393919755760384.000000 0.014206462 0.175453708 0.069836646 -0.121112712 0.014519399 0.035732076 0.991889179
1413393919805760512.000000 -0.006474138 0.309614211 0.120219223 -0.130836576 0.020603260 0.025051711 0.990873277
1413393919855760384.000000 0.006391520 0.224171415 0.055349164 -0.145388067 0.026255189 0.009176890 0.988983691
1413393919905760512.000000 -0.010996072 0.363546640 0.107902199 -0.150924236 0.025982218 -0.004251224 0.988194764
1413393919955760384.000000 -0.013190557 0.391011357 0.094569735 -0.157881245 0.022804001 -0.015718022 0.987069607
1413393920005760512.000000 -0.018906394 0.427645415 0.078727625 -0.161119550 0.015477895 -0.021069804 0.986588597
1413393920055760384.000000 -0.025412317 0.457889855 0.063395515 -0.162900820 0.008393782 -0.027353548 0.986227572
1413393920105760512.000000 -0.113928504 0.611771524 0.063120723 -0.163088396 0.009055251 -0.035628024 0.985926449
1413393920155760384.000000 -0.128693193 0.637426674 0.054398749 -0.164661154 0.002492163 -0.037467886 0.985635161
1413393920205760512.000000 -0.143561959 0.663424134 0.040702607 -0.164804190 -0.002689062 -0.037076648 0.985625565
1413393920255760384.000000 -0.156508356 0.686447203 0.022259435 -0.165514901 -0.007858594 -0.037451755 0.985464573
1413393920305760512.000000 -0.171566412 0.714842796 0.002363744 -0.163996801 -0.012356872 -0.036320016 0.985714614
1413393920355760384.000000 -0.190103188 0.741163433 -0.022378989 -0.163266152 -0.017113440 -0.037447251 0.985722601
1413393920405760512.000000 -0.304686517 0.876611292 -0.090134323 -0.157353774 -0.019231046 -0.043904372 0.986378431
1413393920455760384.000000 -0.321148723 0.894831181 -0.108007357 -0.159102276 -0.032224812 -0.042503137 0.985820234
1413393920505760512.000000 -0.348842084 0.919958055 -0.135879159 -0.158190891 -0.040085677 -0.039938480 0.985785842
1413393920555760384.000000 -0.367409438 0.941272497 -0.164066344 -0.157870159 -0.048947096 -0.037947234 0.985515714
1413393920605760512.000000 -0.380887032 0.971398056 -0.199280307 -0.155085921 -0.056532938 -0.038944133 0.985512972
1413393920655760384.000000 -0.396222651 0.982729137 -0.222328797 -0.156571224 -0.062056821 -0.037891615 0.984986663
1413393920705760512.000000 -0.489915371 1.090256929 -0.300787121 -0.150642484 -0.061313774 -0.047548294 0.985538781
1413393920755760384.000000 -0.506959200 1.103183270 -0.318235070 -0.152399659 -0.063302159 -0.049762260 0.985033512
1413393920805760512.000000 -0.524241090 1.112011075 -0.341725439 -0.153742582 -0.065945171 -0.049065575 0.984686315
1413393920855760384.000000 -0.463681728 1.048660159 -0.326739490 -0.155907542 -0.070126139 -0.039231088 0.984497964
1413393920905760512.000000 -0.549757838 1.168859005 -0.411964536 -0.148492709 -0.074734285 -0.051772673 0.984725535
1413393920955760384.000000 -0.630867600 1.236252785 -0.470257968 -0.147870243 -0.077865772 -0.056572337 0.984312415
1413393921005760512.000000 -0.652156115 1.263471365 -0.495398670 -0.147084221 -0.087984845 -0.055696923 0.983627379
1413393921055760384.000000 -0.670645297 1.280613661 -0.518136919 -0.147548854 -0.100189768 -0.056002021 0.982372224
1413393921105760512.000000 -0.686890185 1.287733912 -0.537285149 -0.149998829 -0.111473851 -0.056021195 0.980783165
1413393921155760384.000000 -0.702937126 1.306545019 -0.555835724 -0.149709463 -0.119438015 -0.055143900 0.979939222
1413393921205760512.000000 -0.763923764 1.354497075 -0.607780039 -0.150743037 -0.123945631 -0.060247187 0.978919983
1413393921255760384.000000 -0.776092827 1.374984741 -0.623979568 -0.149452314 -0.128097221 -0.061099093 0.978530586
1413393921305760512.000000 -0.747381389 1.355280042 -0.598112762 -0.149975315 -0.131723672 -0.057308182 0.978198409
1413393921355760384.000000 -0.801905394 1.398465872 -0.644344211 -0.150155738 -0.132303566 -0.057418942 0.978085935
1413393921405760512.000000 -0.817557096 1.416405916 -0.653270543 -0.147948489 -0.128949776 -0.055425614 0.978984833
1413393921455760384.000000 -0.857122302 1.441623926 -0.667466164 -0.149362534 -0.121123701 -0.056029890 0.979734957
1413393921505760512.000000 -0.866092086 1.453725815 -0.669312477 -0.147573069 -0.110479049 -0.055554580 0.981290162
1413393921555760384.000000 -0.872945666 1.462205052 -0.668757498 -0.146843538 -0.098443180 -0.054763813 0.982724249
1413393921605760512.000000 -0.880610764 1.465829730 -0.666528761 -0.147772938 -0.088110112 -0.057475835 0.983410597
1413393921655760384.000000 -0.890370786 1.478094101 -0.662782252 -0.146986037 -0.081257224 -0.055604335 0.984225869
1413393921705760512.000000 -0.921492517 1.502697945 -0.656037986 -0.147070348 -0.074856974 -0.056253985 0.984683812
1413393921755760384.000000 -0.940496445 1.512886763 -0.649978995 -0.147595838 -0.070765272 -0.055849012 0.984930813
1413393921805760512.000000 -0.962134898 1.525470018 -0.645860791 0.147438094 0.066213116 0.056209758 -0.985250413
1413393921855760384.000000 -0.985697091 1.537628174 -0.641347170 0.147335306 0.060624216 0.056882877 -0.985586882
1413393921905760512.000000 -1.010592818 1.539283872 -0.627593219 -0.148712620 -0.052187458 -0.057542156 0.985824525
1413393921955760384.000000 -1.035418391 1.549581647 -0.623013556 0.148607343 0.042447105 0.058975000 -0.986223161
1413393922005760512.000000 -1.061735034 1.554480791 -0.614347339 -0.148437202 -0.036170281 -0.058860451 0.986505806
1413393922055760384.000000 -1.088034034 1.562470078 -0.611478150 0.149081782 0.038285229 0.058201011 -0.986367881
1413393922105760512.000000 -1.116128206 1.565233469 -0.604248226 -0.150140062 -0.043285474 -0.057223570 0.986057758
1413393922155760384.000000 -1.143567085 1.570655823 -0.602854073 0.151213333 0.053041700 0.055845242 -0.985496044
1413393922205760512.000000 -1.173298240 1.570896626 -0.596079588 -0.153244957 -0.070129476 -0.052700520 0.984286845
1413393922255760384.000000 -1.201787114 1.574548841 -0.594795883 0.154972106 0.085659109 0.050334398 -0.982910275
1413393922305760512.000000 -1.232050419 1.561736941 -0.581655324 -0.159242347 -0.103533968 -0.046927590 0.980673432
1413393922355760384.000000 -1.259620190 1.564721584 -0.578204572 -0.160061643 -0.117684796 -0.043109808 0.979118049
1413393922405760512.000000 -1.286482811 1.558724880 -0.563906312 -0.161953330 -0.129195079 -0.039990239 0.977486849
1413393922455760384.000000 -1.310282588 1.561301589 -0.554699898 -0.161124319 -0.134790063 -0.031870723 0.977166772
1413393922505760512.000000 -1.332693577 1.555417657 -0.533130169 -0.160208911 -0.133988544 -0.022688312 0.977683723
1413393922555760384.000000 -1.351778507 1.559388161 -0.516877353 -0.157848343 -0.126021460 -0.012845872 0.979304612
1413393922605760512.000000 -1.368724108 1.555063605 -0.488217175 -0.156003714 -0.115060471 -0.003697737 0.981025159
1413393922655760384.000000 -1.384008408 1.561406374 -0.465705365 0.153251916 0.105536409 -0.004226305 -0.982526362
1413393922705760512.000000 -1.398342490 1.568485856 -0.436479390 -0.150369450 -0.095652372 0.009402504 0.983946800
1413393922755760384.000000 -1.410745025 1.568088055 -0.403530508 -0.150646999 -0.092853621 0.011154000 0.984154105
1413393922805760512.000000 -1.422547102 1.581184149 -0.376844734 -0.149668485 -0.091530308 0.010958789 0.984429538
1413393922855760384.000000 -1.432599664 1.588627458 -0.340841800 -0.151314542 -0.096120253 0.006428638 0.983780265
1413393922905760512.000000 -1.440747023 1.606339097 -0.312893838 -0.152231902 -0.102390334 0.001568503 0.983025610
1413393922955760384.000000 -1.446991205 1.627767086 -0.283905387 -0.152053893 -0.107672095 -0.005482355 0.982474625
1413393923005760512.000000 -1.447708607 1.647629857 -0.253817022 -0.155360878 -0.115552135 -0.016422223 0.980938852
1413393923055760384.000000 -1.440043330 1.650917768 -0.203071579 -0.162621662 -0.124682970 -0.027917128 0.978380799
1413393923105760512.000000 -1.432078719 1.668057919 -0.163691968 -0.165383950 -0.128875032 -0.034124099 0.977177083
1413393923155760384.000000 -1.422083855 1.687889814 -0.126313567 -0.167158484 -0.132804364 -0.038587905 0.976182401
1413393923205760512.000000 -1.405355811 1.701553345 -0.075323857 -0.169090033 -0.134573489 -0.041481663 0.975488544
1413393923255760384.000000 -1.389283895 1.720436931 -0.031678747 -0.169502422 -0.132616371 -0.042372376 0.975646734
1413393923305760512.000000 -1.369645357 1.733652472 0.026432693 -0.169021532 -0.127816454 -0.037713319 0.976561546
1413393923355760384.000000 -1.351624250 1.751703858 0.076522075 -0.164299801 -0.119170777 -0.026834765 0.978817523
1413393923405760512.000000 -1.330498099 1.765074730 0.141410708 -0.157297701 -0.111539982 -0.012721107 0.981149554
1413393923455760384.000000 -1.311102986 1.783250093 0.195602939 -0.145689726 -0.102647394 -0.000622257 0.983990669
1413393923505760512.000000 -1.290885568 1.802308083 0.251649797 0.131655872 0.093440078 -0.007884617 -0.986850321
1413393923555760384.000000 -1.264954448 1.818506241 0.326569051 -0.116650693 -0.085620113 0.010899407 0.989415526
1413393923605760512.000000 -1.243398428 1.842051625 0.381863117 -0.097386360 -0.080664240 0.010375705 0.991918087
1413393923655760384.000000 -1.217438817 1.863704920 0.451570511 -0.079388417 -0.079163067 0.000263814 0.993695438
1413393923705760512.000000 -1.194764614 1.891763210 0.505615830 -0.059460629 -0.079045177 -0.014352105 0.994992673
1413393923755760384.000000 -1.167681336 1.917034268 0.575094819 -0.040057510 -0.084696054 -0.032544296 0.995069265
1413393923805760512.000000 -1.146645904 1.948406696 0.628336251 -0.018507281 -0.090978108 -0.048095439 0.994518638
1413393923855760384.000000 -1.126121759 1.981364727 0.682600439 -0.003799897 0.096161254 0.061826881 -0.993436456
1413393923905760512.000000 -1.095383048 2.005779266 0.759279132 0.024746563 -0.101648524 -0.074967861 0.991682947
1413393923955760384.000000 -1.074423790 2.039841175 0.811226785 0.047636259 -0.106038958 -0.084254585 0.989640236
1413393924005760512.000000 -1.047135472 2.066569805 0.881514192 0.068623774 -0.112146921 -0.093117826 0.986936152
1413393924055760384.000000 -1.026425838 2.100921154 0.935094476 0.089266792 -0.116879284 -0.101116039 0.983944237
1413393924105760512.000000 -0.999223351 2.127039909 1.006100297 0.107329994 -0.121664263 -0.112976447 0.980262399
1413393924155760384.000000 -0.976944625 2.160571814 1.063070893 0.124242842 -0.122983404 -0.128672034 0.976156950
1413393924205760512.000000 -0.949427366 2.183512211 1.134932518 0.138908744 -0.121126480 -0.148341715 0.971610785
1413393924255760384.000000 -0.925500572 2.214193344 1.193709373 0.153788373 -0.115378015 -0.170009345 0.966506004
1413393924305760512.000000 -0.900558174 2.242724657 1.255912662 -0.166959807 0.110131308 0.189748630 -0.961244583
1413393924355760384.000000 -0.874605775 2.249394894 1.329889417 0.176573217 -0.105559260 -0.209636033 0.955893278
1413393924405760512.000000 -0.850866616 2.270892859 1.388154626 0.185515642 -0.099672005 -0.227670640 0.950692177
1413393924455760384.000000 -0.827108622 2.285542250 1.446282744 -0.191529468 0.094348937 0.245152354 -0.945682347
1413393924505760512.000000 -0.803189814 2.275746346 1.516622543 0.195319161 -0.088879459 -0.259647131 0.941559494
1413393924555760384.000000 -0.779832602 2.280095339 1.568178415 0.199930802 -0.082765967 -0.270552486 0.938071907
1413393924605760512.000000 -0.756790519 2.274230957 1.618124723 -0.203696325 0.072816230 0.279542565 -0.935447276
1413393924655760384.000000 -0.733963013 2.262568951 1.661128044 -0.206684232 0.061700359 0.286772698 -0.933400393
1413393924705760512.000000 -0.711932302 2.218572140 1.721661925 0.207698330 -0.048852161 -0.292695105 0.932096839
1413393924755760384.000000 -0.687745333 2.183983088 1.759577870 0.208723143 -0.037566274 -0.295395404 0.931539059
1413393924805760512.000000 -0.662603199 2.140968561 1.791024804 0.207611337 -0.031023718 -0.295996338 0.931837559
1413393924855760384.000000 -0.635051966 2.096163750 1.808811069 0.208235666 -0.031756192 -0.286479145 0.934643924
1413393924905760512.000000 -0.608928740 2.029657364 1.833322406 0.208751827 -0.039353717 -0.270126760 0.939098239
1413393924955760384.000000 -0.576628506 1.959416509 1.844974399 0.211845979 -0.054352384 -0.246641427 0.944105506
1413393925005760512.000000 -0.542220950 1.880913496 1.852959037 -0.216812164 0.068222649 0.223392978 -0.947857440
1413393925055760384.000000 -0.513749957 1.808799267 1.852223158 0.222188845 -0.081128217 -0.202910841 0.950198710
1413393925105760512.000000 -0.475034684 1.721653938 1.852311730 0.229301572 -0.093085118 -0.184771821 0.951112747
1413393925155760384.000000 -0.441204727 1.639850497 1.848808885 0.238359138 -0.105934545 -0.167669013 0.950710237
1413393925205760512.000000 -0.401434630 1.547222257 1.847587466 0.250205070 -0.120889589 -0.150485083 0.948755741
1413393925255760384.000000 -0.361763000 1.453785300 1.846917868 -0.263399720 0.135399714 0.137227014 -0.945228219
1413393925305760512.000000 -0.329804569 1.373584867 1.844380021 0.276838809 -0.146749198 -0.127798855 0.941006124
1413393925355760384.000000 -0.288441360 1.279695868 1.848783731 0.288877875 -0.153459832 -0.125722274 0.936586142
1413393925405760512.000000 -0.251314282 1.197397232 1.852752686 0.298305631 -0.153684497 -0.129602447 0.933058441
1413393925455760384.000000 -0.208160654 1.105728984 1.863223791 0.306963921 -0.150700629 -0.132493734 0.930326819
1413393925505760512.000000 -0.168687403 1.024801373 1.872479320 0.313807726 -0.145411596 -0.136892974 0.928245962
1413393925555760384.000000 -0.126158357 0.934719443 1.888477564 0.320005029 -0.141764343 -0.139860570 0.926249862
1413393925605760512.000000 -0.085857078 0.847699881 1.906555772 0.325558692 -0.139261752 -0.140080914 0.924659431
1413393925655760384.000000 -0.051448107 0.772170007 1.920991063 0.329766154 -0.136665136 -0.141355127 0.923361123
1413393925705760512.000000 -0.020241365 0.685353160 1.945501328 0.333079726 -0.134829640 -0.143789575 0.922064781
1413393925755760384.000000 0.002318054 0.609217703 1.966883183 0.335315406 -0.131706864 -0.146093488 0.921343446
1413393925805760512.000000 0.018422514 0.525435567 1.997103453 0.337655753 -0.128227130 -0.147194564 0.920804083
1413393925855760384.000000 0.027836561 0.445502490 2.028498411 0.339377642 -0.124130584 -0.147731066 0.920646489
1413393925905760512.000000 0.031440854 0.376342744 2.052641630 0.340561748 -0.117991097 -0.148593411 0.920877755
1413393925955760384.000000 0.030639589 0.297644943 2.088202238 0.342734724 -0.110343240 -0.146695480 0.921323895
1413393926005760512.000000 0.024101257 0.221462995 2.125261307 0.344397336 -0.101364695 -0.144273013 0.922117710
1413393926055760384.000000 0.018846482 0.156042218 2.150644779 0.346595883 -0.090982229 -0.138616472 0.923243821
1413393926105760512.000000 0.010433152 0.082086623 2.187875509 0.349078298 -0.081773438 -0.132388234 0.924083829
1413393926155760384.000000 0.001668319 0.013103217 2.223288059 0.350776553 -0.076261923 -0.127427518 0.924609244
1413393926205760512.000000 -0.002472803 -0.047660112 2.246143579 0.351345479 -0.074509084 -0.123405032 0.925081611
1413393926255760384.000000 -0.009925157 -0.113170981 2.280649900 0.351366848 -0.075424187 -0.121037759 0.925312102
1413393926305760512.000000 -0.013645664 -0.170855492 2.304974794 0.350434870 -0.079763219 -0.119925082 0.925446451
1413393926355760384.000000 -0.019215360 -0.230701387 2.337274313 0.349435717 -0.086285673 -0.120325878 0.925187111
1413393926405760512.000000 -0.020742327 -0.284809500 2.360496521 0.349042594 -0.092755839 -0.123381704 0.924306571
1413393926455760384.000000 -0.023287088 -0.339602232 2.391000271 0.350892574 -0.094370969 -0.125531614 0.923152387
1413393926505760512.000000 -0.024952054 -0.386147320 2.415528774 0.354746252 -0.091911368 -0.126318708 0.921819389
1413393926555760384.000000 -0.030500501 -0.436250567 2.445357084 0.359614193 -0.086883061 -0.128574103 0.920107484
1413393926605760512.000000 -0.038085163 -0.481073797 2.469789028 0.365590870 -0.081221186 -0.131170437 0.917900264
1413393926655760384.000000 -0.050693631 -0.527009904 2.499951363 0.372679293 -0.077574171 -0.134313613 0.914905608
1413393926705760512.000000 -0.059420615 -0.578492880 2.521370173 0.379482627 -0.074949294 -0.139906257 0.911483347
1413393926755760384.000000 -0.069595039 -0.620900154 2.548786640 0.388380498 -0.075201310 -0.143587008 0.907131851
1413393926805760512.000000 -0.075500399 -0.659322739 2.569920540 0.397544652 -0.076730818 -0.147450387 0.902401865
1413393926855760384.000000 -0.078658313 -0.698964238 2.593448162 0.407773584 -0.079846494 -0.151646897 0.896854818
1413393926905760512.000000 -0.076881826 -0.735193372 2.611368179 0.417627841 -0.086268790 -0.157014444 0.890781283
1413393926955760384.000000 -0.072918534 -0.771941960 2.630840778 0.427686632 -0.094127841 -0.161263138 0.884431124
1413393927005760512.000000 -0.065415323 -0.806618929 2.647674561 0.436163336 -0.103652105 -0.166844845 0.878168941
1413393927055760384.000000 -0.050485671 -0.848452210 2.660034418 0.442710370 -0.115318857 -0.170009241 0.872815013
1413393927105760512.000000 -0.036137283 -0.883182049 2.677535534 0.449530482 -0.125005454 -0.170548484 0.867876232
1413393927155760384.000000 -0.020320535 -0.917930067 2.695906401 0.456177205 -0.134175375 -0.167670414 0.863588989
1413393927205760512.000000 -0.000414729 -0.953772604 2.711339712 0.461527795 -0.141478121 -0.164138347 0.860252678
1413393927255760384.000000 0.016468346 -0.987428963 2.732726336 0.466036618 -0.150725991 -0.160980657 0.856841207
1413393927305760512.000000 0.035929680 -1.022246718 2.753779411 0.469236702 -0.159938887 -0.162411794 0.853146493
1413393927355760384.000000 0.054288328 -1.056214809 2.779996872 0.472286671 -0.165935293 -0.169117212 0.849005401
1413393927405760512.000000 0.072542965 -1.089654922 2.811605215 0.475627601 -0.166571349 -0.178697512 0.845044136
1413393927455760384.000000 0.098171055 -1.128358245 2.836553097 0.478766322 -0.158951357 -0.191586226 0.841909826
1413393927505760512.000000 0.120675504 -1.166161656 2.870103359 0.482336789 -0.147137016 -0.204151735 0.839061439
1413393927555760384.000000 0.144110560 -1.206303120 2.904367924 0.485577404 -0.135513291 -0.216435760 0.836066008
1413393927605760512.000000 0.170303226 -1.247836232 2.933723450 0.489762276 -0.123385765 -0.228778332 0.832207501
1413393927655760384.000000 0.193924069 -1.292043447 2.967198610 0.495419979 -0.110424921 -0.239525825 0.827642918
1413393927705760512.000000 0.219750464 -1.337439775 2.995280743 0.502009809 -0.095759541 -0.248344600 0.822885931
1413393927755760384.000000 0.244069576 -1.385962605 3.024451733 0.508004487 -0.079810254 -0.256910741 0.818265676
1413393927805760512.000000 0.266555488 -1.428861737 3.048546791 0.513313055 -0.064303063 -0.263318032 0.814271748
1413393927855760384.000000 0.290958822 -1.481246829 3.070233107 0.517898262 -0.052563068 -0.266611159 0.811133265
1413393927905760512.000000 0.314931154 -1.531707644 3.086274147 0.522315681 -0.045783564 -0.265905082 0.808940530
1413393927955760384.000000 0.338391960 -1.585930824 3.098656893 0.525360942 -0.040879946 -0.265699208 0.807297170
1413393928005760512.000000 0.359747112 -1.640094876 3.106636286 0.527552485 -0.036862671 -0.264734238 0.806377947
1413393928055760384.000000 0.385618687 -1.696844339 3.103552341 0.527779937 -0.033384290 -0.265824854 0.806021750
1413393928105760512.000000 0.401138306 -1.750862598 3.103538036 0.528566480 -0.029971868 -0.265602827 0.805713534
1413393928155760384.000000 0.415137291 -1.801384330 3.096352100 0.529006958 -0.027689746 -0.264936507 0.805725574
1413393928205760512.000000 0.425134182 -1.854418278 3.087453842 0.528791010 -0.027439125 -0.264788359 0.805924475
1413393928255760384.000000 0.433005452 -1.904619932 3.072103024 0.528761208 -0.032366533 -0.261951476 0.806687951
1413393928305760512.000000 0.436156213 -1.956835866 3.055305958 0.530248642 -0.043638527 -0.253583372 0.807853699
1413393928355760384.000000 0.437584043 -1.999414682 3.037697554 0.534070313 -0.055392709 -0.238666072 0.809159517
1413393928405760512.000000 0.436726987 -2.050270796 3.014476299 0.537525594 -0.064625405 -0.222769871 0.810717881
1413393928455760384.000000 0.433146715 -2.105307102 2.986422539 0.539897859 -0.073130719 -0.208407000 0.812236965
1413393928505760512.000000 0.428950369 -2.152090549 2.954079628 0.541836321 -0.078739509 -0.195198134 0.813702226
1413393928555760384.000000 0.420821011 -2.198033571 2.928080559 0.543719471 -0.080366783 -0.183475539 0.815013587
1413393928605760512.000000 0.411743104 -2.241352081 2.901958466 0.545868158 -0.076610789 -0.172335982 0.816369534
1413393928655760384.000000 0.404769361 -2.268940926 2.879191399 0.547837317 -0.073713608 -0.163466379 0.817141056
1413393928705760512.000000 0.396748424 -2.306969166 2.852390289 0.547484338 -0.070750959 -0.160519376 0.818223000
1413393928755760384.000000 0.390381336 -2.352474689 2.818673134 0.545431018 -0.069501445 -0.160313204 0.819740355
1413393928805760512.000000 0.384321868 -2.384532213 2.791235924 0.542441964 -0.064628527 -0.165625736 0.821065247
1413393928855760384.000000 0.379570127 -2.413247108 2.760827541 0.539177179 -0.061013561 -0.171595082 0.822265446
1413393928905760512.000000 0.375171959 -2.440012455 2.731967449 0.534820080 -0.054984171 -0.178878278 0.823982358
1413393928955760384.000000 0.372213364 -2.472815514 2.690096378 0.527721703 -0.049566928 -0.186502934 0.827205956
1413393929005760512.000000 0.368960202 -2.493920803 2.658684731 0.519751966 -0.045647435 -0.192831859 0.831017554
1413393929055760384.000000 0.366680086 -2.514775276 2.620977163 0.510364354 -0.044873800 -0.196107537 0.836095989
1413393929105760512.000000 0.364838660 -2.531752825 2.585322618 0.499940842 -0.043424398 -0.198811963 0.841811955
1413393929155760384.000000 0.363719463 -2.549047470 2.542798042 0.488825083 -0.042366225 -0.199768737 0.848143637
1413393929205760512.000000 0.362644255 -2.562430382 2.502314568 0.476294428 -0.044299200 -0.200851440 0.854891837
1413393929255760384.000000 0.361655176 -2.576845646 2.455392599 0.462394208 -0.048206180 -0.199425697 0.862610698
1413393929305760512.000000 0.360846758 -2.587452888 2.410112381 0.448455185 -0.054414228 -0.195809513 0.870393991
1413393929355760384.000000 0.360853076 -2.570843935 2.380110025 0.435276181 -0.061672099 -0.189898178 0.877878129
1413393929405760512.000000 0.360888004 -2.580096006 2.330698729 0.419847518 -0.068528503 -0.182687581 0.886373103
1413393929455760384.000000 0.361137450 -2.589133978 2.279299259 0.403649956 -0.073656328 -0.176319763 0.894736171
1413393929505760512.000000 0.361981452 -2.598962545 2.225127697 0.385806382 -0.078426488 -0.172100648 0.902986228
1413393929555760384.000000 0.363226473 -2.606481314 2.171986580 0.367737412 -0.082760118 -0.167813897 0.910910845
1413393929605760512.000000 0.366431415 -2.614817142 2.116415739 0.348773122 -0.085146956 -0.164468139 0.918726087
1413393929655760384.000000 0.368510932 -2.621861219 2.061738491 0.329434186 -0.087093085 -0.161642134 0.926153243
1413393929705760512.000000 0.366163582 -2.668146610 1.979339838 0.307962209 -0.087324239 -0.158163205 0.934086859
1413393929755760384.000000 0.368550360 -2.675819159 1.923477173 0.289330930 -0.088688113 -0.153020829 0.940747917
1413393929805760512.000000 0.371164948 -2.686251402 1.865843296 0.271638989 -0.090776190 -0.144367844 0.947169483
1413393929855760384.000000 0.373654932 -2.693660975 1.809453487 0.255011320 -0.093998551 -0.131762773 0.953295410
1413393929905760512.000000 0.376510143 -2.705292940 1.752630711 0.239669025 -0.096860602 -0.115572825 0.959072351
1413393929955760384.000000 0.380009085 -2.711715698 1.696595907 0.224979267 -0.099707603 -0.099739455 0.964103103
1413393930005760512.000000 0.383041531 -2.721753120 1.642753601 0.209990010 -0.101854742 -0.085772961 0.968593299
1413393930055760384.000000 0.385279834 -2.724916458 1.588910341 0.195457950 -0.103648022 -0.073443800 0.972450197
1413393930105760512.000000 0.382453144 -2.734035015 1.534458160 0.181209967 -0.104878329 -0.063301377 0.975785077
1413393930155760384.000000 0.382175922 -2.732853889 1.484036565 0.169364616 -0.104476839 -0.056493592 0.978370488
1413393930205760512.000000 0.379991770 -2.729854107 1.435381174 0.159378573 -0.103704371 -0.051546868 0.980401397
1413393930255760384.000000 0.374637246 -2.734135151 1.389178634 0.150764734 -0.102676310 -0.050869823 0.981906235
1413393930305760512.000000 0.369003505 -2.725652695 1.343812227 0.143578857 -0.100983121 -0.053662289 0.983009636
1413393930355760384.000000 0.361501634 -2.715855122 1.298764467 -0.135844529 0.098168015 0.065649226 -0.983666420
1413393930405760512.000000 0.350692689 -2.714210272 1.259067774 0.129621536 -0.096054152 -0.078043938 0.983809471
1413393930455760384.000000 0.338063776 -2.700302124 1.217031360 0.124684371 -0.094223224 -0.090610288 0.983547449
1413393930505760512.000000 0.319432616 -2.693740368 1.179580331 0.120847113 -0.092980497 -0.100657538 0.983167708
1413393930555760384.000000 0.296231359 -2.678694248 1.140005946 0.120058171 -0.091490515 -0.104572080 0.982995570
1413393930605760512.000000 0.266587973 -2.670680523 1.105722904 0.121037811 -0.089589298 -0.102566682 0.983261824
1413393930655760384.000000 0.232582226 -2.654276133 1.069030404 0.123768628 -0.087152481 -0.097927175 0.983613849
1413393930705760512.000000 0.196883202 -2.638000965 1.036401391 0.127380043 -0.084130533 -0.092443705 0.983946443
1413393930755760384.000000 0.156990752 -2.620243549 1.001953840 0.131116420 -0.080364548 -0.086744092 0.984289348
1413393930805760512.000000 0.117059529 -2.602118969 0.969013631 0.134595439 -0.077050671 -0.083578669 0.984358609
1413393930855760384.000000 0.075770758 -2.596191645 0.942590714 0.137489259 -0.075043261 -0.080695450 0.984354377
1413393930905760512.000000 0.040564194 -2.575770140 0.908711314 0.139715970 -0.074766248 -0.080910400 0.984044254
1413393930955760384.000000 0.007840324 -2.560356379 0.884900630 0.142024055 -0.076110020 -0.083768941 0.983371377
1413393931005760512.000000 -0.019124875 -2.539123535 0.849963307 0.144487768 -0.077623554 -0.083707966 0.982899249
1413393931055760384.000000 -0.046844844 -2.529257298 0.818245769 0.144651040 -0.079942584 -0.086297520 0.982465327
1413393931105760512.000000 -0.064775161 -2.507800579 0.782502413 0.147220075 -0.080780670 -0.085600048 0.982076049
1413393931155760384.000000 -0.081114881 -2.491464615 0.750697851 0.148278475 -0.084451698 -0.086034067 0.981569946
1413393931205760512.000000 -0.092071794 -2.469128132 0.714312851 0.149273440 -0.088001080 -0.086171970 0.981095195
1413393931255760384.000000 -0.102659442 -2.452428341 0.683824599 0.151228204 -0.092096291 -0.084961310 0.980525315
1413393931305760512.000000 -0.112954415 -2.429283142 0.649605811 0.152700990 -0.095934257 -0.082871534 0.980107844
1413393931355760384.000000 -0.124061652 -2.402129173 0.614627957 -0.154406801 0.099122666 0.079725504 -0.979784250
1413393931405760512.000000 -0.146507293 -2.391789913 0.573105097 0.155221507 -0.103419773 -0.075490467 0.979546726
1413393931455760384.000000 -0.163014784 -2.365156651 0.543700099 0.157166511 -0.105849423 -0.070934966 0.979317546
1413393931505760512.000000 -0.182438284 -2.342099667 0.516222715 0.158929527 -0.107982732 -0.066548102 0.979108036
1413393931555760384.000000 -0.203350171 -2.311719418 0.489101559 0.160788447 -0.109193094 -0.063744381 0.978856802
1413393931605760512.000000 -0.227254689 -2.284180164 0.463557780 0.161931843 -0.111426622 -0.062005393 0.978528321
1413393931655760384.000000 -0.252147168 -2.249944687 0.440434307 0.163425609 -0.111166619 -0.061188463 0.978360891
1413393931705760512.000000 -0.277672350 -2.218602419 0.418663591 0.164088607 -0.111377925 -0.061088517 0.978232145
1413393931755760384.000000 -0.305356115 -2.181340456 0.400499940 0.165483862 -0.111244850 -0.061641544 0.977977514
1413393931805760512.000000 -0.334112406 -2.142414093 0.384107292 0.166134521 -0.111043550 -0.062785327 0.977817357
1413393931855760384.000000 -0.360769093 -2.107182264 0.367789626 0.166423008 -0.111029170 -0.064269572 0.977673411
1413393931905760512.000000 -0.388620555 -2.064387560 0.355225593 0.167070821 -0.111218654 -0.065442130 0.977463603
1413393931955760384.000000 -0.412613511 -2.024402142 0.342900753 0.167378783 -0.110646829 -0.067150049 0.977360010
1413393932005760512.000000 -0.436140001 -1.979204774 0.334053725 0.167529196 -0.110227093 -0.069568478 0.977212489
1413393932055760384.000000 -0.456264436 -1.936236262 0.324489862 0.167119846 -0.110527016 -0.073767006 0.976940751
1413393932105760512.000000 -0.475779861 -1.888872147 0.318774223 0.166510627 -0.110887475 -0.078735434 0.976616085
1413393932155760384.000000 -0.494784951 -1.839366674 0.316754788 -0.165416390 0.111036345 0.085890792 -0.976181924
1413393932205760512.000000 -0.507114530 -1.797112942 0.311103821 0.163651377 -0.110631607 -0.093974523 0.975780547
1413393932255760384.000000 -0.522152424 -1.748706579 0.309705019 0.161604613 -0.109271728 -0.103542849 0.975306392
1413393932305760512.000000 -0.535548449 -1.700152874 0.308096349 -0.159733087 0.108709127 0.111775473 -0.974768698
1413393932355760384.000000 -0.548459172 -1.657224536 0.303609639 0.156855434 -0.108047687 -0.118948251 0.974460602
1413393932405760512.000000 -0.560452938 -1.610758781 0.304234147 0.155411944 -0.107964113 -0.123785444 0.974098563
1413393932455760384.000000 -0.571403742 -1.569174886 0.304949015 0.153429046 -0.108084701 -0.128053561 0.973847747
1413393932505760512.000000 -0.581983089 -1.526692033 0.307244718 0.151630759 -0.107836299 -0.131138861 0.973746419
1413393932555760384.000000 -0.591808558 -1.486078501 0.310299218 0.150262326 -0.106278479 -0.133703038 0.973781168
1413393932605760512.000000 -0.600670099 -1.449218154 0.315473914 0.149494812 -0.103209443 -0.134589851 0.974107146
1413393932655760384.000000 -0.608728886 -1.412799835 0.319588959 0.148551002 -0.099085845 -0.134768546 0.974654853
1413393932705760512.000000 -0.616350353 -1.378253937 0.323719651 0.147957012 -0.096139342 -0.134202331 0.975118279
1413393932755760384.000000 -0.623277009 -1.345441103 0.327798456 0.147096917 -0.093295619 -0.133274645 0.975651741
1413393932805760512.000000 -0.629190803 -1.316622257 0.330520272 -0.146127239 0.090103611 0.132700831 -0.976175547
1413393932855760384.000000 -0.636109054 -1.285277605 0.335437000 0.144281298 -0.088353656 -0.134334043 0.976386666
1413393932905760512.000000 -0.641057968 -1.257980585 0.338555962 0.142710462 -0.085692875 -0.135878444 0.976640940
1413393932955760384.000000 -0.645244956 -1.232081056 0.342304826 0.141814560 -0.078453772 -0.136054948 0.977354944
1413393933005760512.000000 -0.647554219 -1.208925247 0.343778074 0.142925575 -0.067387275 -0.135064855 0.978155792
1413393933055760384.000000 -0.648845434 -1.186062694 0.341941833 -0.145005211 0.057116013 0.134250432 -0.978615403
1413393933105760512.000000 -0.654265761 -1.166254163 0.344268352 0.146724209 -0.046842925 -0.132950619 0.979082167
1413393933155760384.000000 -0.656499624 -1.146445632 0.339319110 -0.148553222 0.040679168 0.130257323 -0.979443848
1413393933205760512.000000 -0.657475829 -1.127476096 0.328939885 0.150754020 -0.037056904 -0.125655398 0.979852438
1413393933255760384.000000 -0.662265480 -1.110388517 0.325451702 0.152833492 -0.037867561 -0.118424445 0.980399728
1413393933305760512.000000 -0.663210869 -1.092666507 0.311931580 0.155954719 -0.039016154 -0.107458793 0.981126189
1413393933355760384.000000 -0.663888872 -1.074513555 0.296364844 0.159052819 -0.041135561 -0.097255871 0.981606603
1413393933405760512.000000 -0.665094495 -1.057005525 0.282944769 0.161727250 -0.045865737 -0.085648172 0.982041240
1413393933455760384.000000 -0.664811075 -1.036773682 0.262603670 0.164037406 -0.054436941 -0.074409753 0.982136250
1413393933505760512.000000 -0.665686727 -1.015932083 0.245023414 0.166282982 -0.065804400 -0.063498579 0.981828749
1413393933555760384.000000 -0.666140497 -0.991590500 0.223038748 0.167874873 -0.077185959 -0.054595388 0.981264412
1413393933605760512.000000 -0.667476177 -0.964768291 0.202657104 0.168279171 -0.087088600 -0.048640918 0.980679274
1413393933655760384.000000 -0.671312392 -0.937370121 0.187670141 0.167012930 -0.093759537 -0.047883384 0.980317831
1413393933705760512.000000 -0.673628986 -0.904999852 0.168624029 0.164868250 -0.097320154 -0.054009084 0.980015457
1413393933755760384.000000 -0.676681340 -0.870136499 0.150456116 0.161308542 -0.098359674 -0.065288372 0.979817569
1413393933805760512.000000 -0.684021652 -0.835890412 0.139135078 0.157356814 -0.098616287 -0.077679336 0.979530334
1413393933855760384.000000 -0.690603614 -0.797119915 0.123049758 -0.154760167 0.099359371 0.087414511 -0.979048431
1413393933905760512.000000 -0.696636736 -0.755021989 0.102871038 -0.153019786 0.098800384 0.094358288 -0.978733897
1413393933955760384.000000 -0.709780753 -0.723662078 0.098512441 0.151118115 -0.096065603 -0.099918023 0.978749812
1413393934005760512.000000 -0.714625359 -0.685409665 0.084161639 0.150961727 -0.084759861 -0.106218591 0.979154766
1413393934055760384.000000 -0.716740847 -0.648517966 0.069135629 -0.150499523 0.073137268 0.111584850 -0.979566157
1413393934105760512.000000 -0.718061149 -0.615184426 0.056399629 0.151037738 -0.062415432 -0.115105517 0.979817629
1413393934155760384.000000 -0.714262128 -0.579992056 0.037311580 0.151292548 -0.057004277 -0.118682615 0.979681373
1413393934205760512.000000 -0.709932327 -0.546502948 0.015648004 0.151632264 -0.053703845 -0.120963648 0.979536355
1413393934255760384.000000 -0.706820786 -0.514308989 -0.003467433 0.153275266 -0.055449452 -0.119070247 0.979415357
1413393934305760512.000000 -0.703288734 -0.482136339 -0.028528793 0.155152753 -0.059134375 -0.115893982 0.979285121
1413393934355760384.000000 -0.702794015 -0.449483573 -0.054528926 0.157242209 -0.067079395 -0.110346876 0.979080617
1413393934405760512.000000 -0.707795024 -0.417447656 -0.074508168 0.159327984 -0.075798154 -0.103389256 0.978866637
1413393934455760384.000000 -0.714371622 -0.384001404 -0.100335889 0.161172822 -0.083496891 -0.097194873 0.978572845
1413393934505760512.000000 -0.723087311 -0.352128476 -0.126158863 0.163042188 -0.090460598 -0.091253132 0.978216231
1413393934555760384.000000 -0.739769340 -0.314670056 -0.143619955 0.165045619 -0.095628180 -0.084931612 0.977958024
1413393934605760512.000000 -0.754777730 -0.279062629 -0.166100353 0.166480526 -0.099860378 -0.079255410 0.977768242
1413393934655760384.000000 -0.769706249 -0.244269744 -0.188311577 0.168016657 -0.103036769 -0.071955532 0.977740347
1413393934705760512.000000 -0.792510152 -0.201002717 -0.203140333 0.170466349 -0.104686685 -0.065212093 0.977614164
1413393934755760384.000000 -0.813417673 -0.161087051 -0.221577898 0.174762428 -0.109502636 -0.055841904 0.976907909
1413393934805760512.000000 -0.832600713 -0.122954383 -0.239884153 0.180860966 -0.116980553 -0.045421284 0.975470066
1413393934855760384.000000 -0.855738282 -0.078249432 -0.254206449 0.188841462 -0.124938093 -0.039150503 0.973240316
1413393934905760512.000000 -0.883695424 -0.028212033 -0.263998985 0.198391780 -0.133959919 -0.038647082 0.970155656
1413393934955760384.000000 -0.905380249 0.017994501 -0.275464296 0.207951546 -0.143672943 -0.045939822 0.966438770
1413393935005760512.000000 -0.930408359 0.069908477 -0.281436801 0.217927963 -0.148427114 -0.064703748 0.962439775
1413393935055760384.000000 -0.955920517 0.123028785 -0.284074515 -0.228806421 0.150998816 0.090247959 -0.957445741
1413393935105760512.000000 -0.980715275 0.176165551 -0.283600360 -0.241644233 0.152295366 0.114805378 -0.951437831
1413393935155760384.000000 -1.006248713 0.231267273 -0.277871370 -0.256928444 0.152606696 0.135937572 -0.944573998
1413393935205760512.000000 -1.044577599 0.285725176 -0.255313665 0.274858385 -0.151743174 -0.155415550 0.936628520
1413393935255760384.000000 -1.060558200 0.331682980 -0.246819764 0.293351471 -0.152572498 -0.168232143 0.928635895
1413393935305760512.000000 -1.072702765 0.373751938 -0.236625910 0.312278390 -0.153539300 -0.178196713 0.920409620
1413393935355760384.000000 -1.080889583 0.411879838 -0.225293458 0.331705630 -0.154767931 -0.184076294 0.912213862
1413393935405760512.000000 -1.084537148 0.445972651 -0.212887585 0.351012498 -0.152594104 -0.192171782 0.903645575
1413393935455760384.000000 -1.084282398 0.476541549 -0.200119272 0.370018810 -0.148732081 -0.200319782 0.894894898
1413393935505760512.000000 -1.080075979 0.502921283 -0.186960012 0.388969988 -0.142822728 -0.208770528 0.885843635
1413393935555760384.000000 -1.073166490 0.525374174 -0.173915610 0.407339662 -0.139147684 -0.217674062 0.875973940
1413393935605760512.000000 -1.064110398 0.544296980 -0.160902351 0.423283190 -0.133724019 -0.228925750 0.866338432
1413393935655760384.000000 -1.054493189 0.559653223 -0.147750929 0.436260521 -0.129374668 -0.240353286 0.857420146
1413393935705760512.000000 -1.043980360 0.572356761 -0.134142548 0.447234452 -0.122429624 -0.253342271 0.849005342
1413393935755760384.000000 -1.034113646 0.581426442 -0.121202648 0.456319243 -0.114986241 -0.265853047 0.841351986
1413393935805760512.000000 -1.024767637 0.586147606 -0.109773248 0.464679420 -0.105311684 -0.279051542 0.833734274
1413393935855760384.000000 -1.016111135 0.586205840 -0.100810856 0.473491699 -0.095207736 -0.290935367 0.825892091
1413393935905760512.000000 -1.008897066 0.581619799 -0.095224798 0.483712465 -0.088871300 -0.297518253 0.818295240
1413393935955760384.000000 -1.003421664 0.572566867 -0.093705446 0.497650772 -0.091329753 -0.292075574 0.811599970
1413393936005760512.000000 -0.998628378 0.558653295 -0.096726626 0.514368474 -0.097703457 -0.280362695 0.804534614
1413393936055760384.000000 -0.994593561 0.541096330 -0.102799356 0.531861961 -0.104809619 -0.268693417 0.796204567
1413393936105760512.000000 -0.991006911 0.520107269 -0.111880332 0.550878406 -0.112044185 -0.255926132 0.786435604
1413393936155760384.000000 -0.987677276 0.495595425 -0.123723447 0.570420623 -0.119376101 -0.243464679 0.775303006
1413393936205760512.000000 -0.984460235 0.469183147 -0.135930777 0.590147078 -0.128813207 -0.231700525 0.762527645
1413393936255760384.000000 -0.982269585 0.439513475 -0.150368527 0.609449625 -0.136939615 -0.223083347 0.748366594
1413393936305760512.000000 -0.979440212 0.409279019 -0.162146524 0.628103495 -0.145077646 -0.216938347 0.733059525
1413393936355760384.000000 -0.976761878 0.377531499 -0.172958940 0.646499813 -0.151702151 -0.213430956 0.716569483
1413393936405760512.000000 -0.973860264 0.344846368 -0.182058081 0.664028406 -0.155876979 -0.212041244 0.699862242
1413393936455760384.000000 -0.970296144 0.310814440 -0.189348236 0.680819988 -0.157207772 -0.213161796 0.682884991
1413393936505760512.000000 -0.966077268 0.275315315 -0.194800779 0.697750926 -0.151557371 -0.215955183 0.665986061
1413393936555760384.000000 -0.960849464 0.239240021 -0.198790714 0.714136243 -0.142979577 -0.218536466 0.649467528
1413393936605760512.000000 -0.954271793 0.202914804 -0.200742543 0.730031967 -0.132972583 -0.218963757 0.633582354
1413393936655760384.000000 -0.947179079 0.165435046 -0.201052874 0.745468616 -0.122254945 -0.216976896 0.618264735
1413393936705760512.000000 -0.939657450 0.127949387 -0.199923262 0.759589136 -0.112183116 -0.214083716 0.603827417
1413393936755760384.000000 -0.931346476 0.090604991 -0.198327750 0.772402167 -0.104432017 -0.211761266 0.589615107
1413393936805760512.000000 -0.922856569 0.054596573 -0.195530951 0.784096718 -0.097900890 -0.210686877 0.575516224
1413393936855760384.000000 -0.913895607 0.019945145 -0.191946626 0.795336008 -0.092142083 -0.210385382 0.560971081
1413393936905760512.000000 -0.903950751 -0.013444006 -0.187843516 0.806247592 -0.085328579 -0.210417405 0.546267748
1413393936955760384.000000 -0.891872466 -0.043264359 -0.183941960 0.817431033 -0.080243573 -0.211492240 0.529753327
1413393937005760512.000000 -0.879951239 -0.072536439 -0.178880334 0.828168035 -0.072208859 -0.212748319 0.513480067
1413393937055760384.000000 -0.867737889 -0.098637581 -0.173433959 0.838585794 -0.065399989 -0.214620546 0.496421993
1413393937105760512.000000 -0.855644405 -0.123937011 -0.166668415 0.848319650 -0.059831884 -0.216340080 0.479552895
1413393937155760384.000000 -0.836983144 -0.142123163 -0.162630796 -0.859006107 0.056718096 0.216502428 -0.460454613
1413393937205760512.000000 -0.824473500 -0.159077317 -0.156176895 0.867900074 -0.053427588 -0.217076629 0.443590760
1413393937255760384.000000 -0.803478241 -0.171486884 -0.148676842 -0.877034545 0.051795315 0.217143744 -0.425413013
1413393937305760512.000000 -0.785171747 -0.182443380 -0.140606910 -0.884992063 0.051453847 0.217208147 -0.408610016
1413393937355760384.000000 -0.765925527 -0.190341353 -0.131245106 -0.891624451 0.051634304 0.218851015 -0.392993659
1413393937405760512.000000 -0.745724857 -0.195468768 -0.120272040 -0.896894872 0.052414753 0.220298737 -0.379869461
1413393937455760384.000000 -0.726389825 -0.197777867 -0.106898546 -0.900186360 0.054829016 0.225355059 -0.368610114
1413393937505760512.000000 -0.712331176 -0.195796207 -0.084200621 -0.901043892 0.061365530 0.235247374 -0.359183609
1413393937555760384.000000 -0.697202444 -0.192895561 -0.056716502 -0.901282966 0.071007624 0.243275136 -0.351374775
1413393937605760512.000000 -0.659991622 -0.213639826 0.032652140 -0.901128709 0.079751082 0.249969482 -0.345140725
1413393937655760384.000000 -0.655503511 -0.211862206 0.057880491 -0.900560021 0.089772619 0.255572706 -0.340022236
1413393937705760512.000000 -0.654044151 -0.209668666 0.084538639 0.899290323 -0.098316379 -0.261626273 0.336396426
1413393937755760384.000000 -0.653878152 -0.207921848 0.111837924 0.897237837 -0.105468705 -0.269295663 0.333647341
1413393937805760512.000000 -0.652189672 -0.208620369 0.189516246 0.895042717 -0.112337179 -0.276564181 0.331347495
1413393937855760384.000000 -0.650206864 -0.210649133 0.220862001 0.893043518 -0.118234895 -0.281843185 0.330239683
1413393937905760512.000000 -0.645883679 -0.215466186 0.251203120 0.892525434 -0.118270010 -0.283747196 0.329997182
1413393937955760384.000000 -0.640296578 -0.222278774 0.281435609 0.893665493 -0.112909973 -0.281637371 0.330596209
1413393938005760512.000000 -0.634062290 -0.231030762 0.310955554 0.894668818 -0.105805054 -0.279579878 0.331976384
1413393938055760384.000000 -0.627127051 -0.241083860 0.339943647 0.895963967 -0.095540889 -0.277442515 0.333386093
1413393938105760512.000000 -0.619309843 -0.251814842 0.368067414 0.897841334 -0.081943929 -0.274744451 0.334187955
1413393938155760384.000000 -0.610208631 -0.262579471 0.395186514 -0.900428295 0.065116510 0.271077067 -0.333925366
1413393938205760512.000000 -0.600094676 -0.272321433 0.421077758 -0.903604031 0.046973586 0.267219573 -0.331491977
1413393938255760384.000000 -0.589421391 -0.280010581 0.445828557 -0.906895757 0.032466471 0.263291448 -0.327358633
1413393938305760512.000000 -0.578126311 -0.284919262 0.469467580 -0.910420954 0.025069926 0.259021461 -0.321579188
1413393938355760384.000000 -0.565992117 -0.286657751 0.492009938 -0.914740741 0.025603604 0.253346860 -0.313702583
1413393938405760512.000000 -0.676772356 -0.305372715 0.653883100 -0.919332743 0.033151265 0.247606903 -0.304005295
1413393938455760384.000000 -0.673079848 -0.302008748 0.687444508 0.923499823 -0.046862230 -0.241775364 0.294103414
1413393938505760512.000000 -0.667014599 -0.297221780 0.719360292 0.927909911 -0.060020667 -0.237408742 0.281101018
1413393938555760384.000000 -0.660817623 -0.291128159 0.752574205 -0.931791842 0.071181081 0.234655306 -0.267645657
1413393938605760512.000000 -0.655935109 -0.284270823 0.787324548 -0.935497820 0.079641640 0.232902139 -0.253491133
1413393938655760384.000000 -0.653903902 -0.276701570 0.824757099 -0.938625753 0.087676361 0.232591748 -0.239156470
1413393938705760512.000000 -0.655378878 -0.268810034 0.864982724 -0.941006601 0.094798811 0.233985797 -0.225322857
1413393938755760384.000000 -0.622497678 -0.078925788 1.175854683 -0.943907142 0.099688619 0.233002499 -0.211686805
1413393938805760512.000000 -0.630452752 -0.065496922 1.244277239 -0.947462440 0.100956336 0.229964793 -0.198088467
1413393938855760384.000000 -0.639495730 -0.052445054 1.316422462 -0.951180935 0.097642079 0.226307631 -0.185757414
1413393938905760512.000000 -0.649029136 -0.040272951 1.391946435 -0.954386890 0.094087943 0.224217609 -0.173261866
1413393938955760384.000000 -0.658476830 -0.029110193 1.470996261 -0.957011759 0.090481900 0.223823324 -0.160763010
1413393939005760512.000000 -0.667714119 -0.018888712 1.553356409 -0.959115684 0.088063329 0.224544659 -0.148059785
1413393939055760384.000000 -0.675694287 -0.009961426 1.638772964 -0.961431384 0.084760666 0.223285571 -0.136414990
1413393939105760512.000000 -0.680746257 -0.002316952 1.726611733 -0.966122925 0.081227399 0.210443199 -0.125388771
1413393939155760384.000000 -0.684888840 0.004383087 1.817930698 0.970743775 -0.077438667 -0.196351215 0.114481851
1413393939205760512.000000 -0.690758348 0.010725319 1.913669825 0.972728014 -0.076147012 -0.193178222 0.103363968
1413393939255760384.000000 -0.712852240 0.015520632 2.041745663 0.972143650 -0.075792074 -0.201119706 0.093504593
1413393939305760512.000000 -0.724791527 0.056456029 2.158445358 0.969442487 -0.077306256 -0.216811836 0.084838927
1413393939355760384.000000 -0.748731792 0.073941290 2.282102108 0.964109719 -0.079432189 -0.241287142 0.077223450
1413393939405760512.000000 -0.726073980 0.103692174 2.409869194 0.956181884 -0.086628146 -0.270671606 0.070346870
1413393939455760384.000000 -0.695975780 0.152518749 2.532798767 0.946458876 -0.096876122 -0.301194847 0.064128019
1413393939505760512.000000 -0.649166226 -0.003473699 2.685788155 0.935796857 -0.109363899 -0.329781234 0.059734363
1413393939555760384.000000 -0.620597124 -0.011209428 2.848852396 0.925691962 -0.121472806 -0.353771985 0.056428432
1413393939605760512.000000 -0.646568656 -0.067530870 2.966745615 0.916318119 -0.131726801 -0.374187291 0.054709654
1413393939655760384.000000 -0.538887143 -0.070325971 3.132839680 0.907987833 -0.139485806 -0.391415536 0.053812422
1413393939705760512.000000 -0.503741503 -0.008476377 3.320316315 0.903078198 -0.137967646 -0.403089672 0.054161265
1413393939755760384.000000 -0.506604910 -0.034011126 3.395596266 0.904042721 -0.130993187 -0.402823478 0.057278655
1413393939805760512.000000 -0.494792938 -0.061216474 3.517724514 0.910194814 -0.121190436 -0.391429216 0.060344815
1413393939855760384.000000 -0.505067348 -0.101297736 3.618142605 0.922565520 -0.112199835 -0.363331109 0.065379947
1413393939905760512.000000 -0.413329363 -0.066246152 3.745728970 0.937926173 -0.106075041 -0.322230160 0.072182499
1413393939955760384.000000 -0.340649247 -0.039847136 3.885518312 0.953278005 -0.099731550 -0.273996234 0.078998789
1413393940005760512.000000 -0.322122097 -0.072306514 4.013734818 0.965379715 -0.095660776 -0.227293804 0.085021332
1413393940055760384.000000 -0.316243887 -0.117101669 4.121621132 0.974315226 -0.096578665 -0.182725251 0.089409128
1413393940105760512.000000 -0.309707940 -0.163511992 4.236217499 0.980154574 -0.098220997 -0.145222515 0.092521243
1413393940155760384.000000 -0.347923040 -0.246972680 4.387066841 0.983300209 -0.103462152 -0.116509102 0.094031557
1413393940205760512.000000 -0.298071504 -0.276941299 4.554980278 0.985307813 -0.106213227 -0.094163984 0.094975896
1413393940255760384.000000 -0.695681095 -0.775475264 4.860089302 0.985659838 -0.110038444 -0.084418066 0.096124455
1413393940305760512.000000 -0.635244608 -0.809391022 5.073053360 0.984634876 -0.112933777 -0.093175448 0.095176719
1413393940355760384.000000 -0.625886142 -0.915469646 5.280317307 0.982030511 -0.112603202 -0.118830554 0.093893372
1413393940405760512.000000 -0.632543683 -1.003931999 5.490242481 0.977436185 -0.111216508 -0.153899446 0.092544526
1413393940455760384.000000 -0.404134750 -1.100520611 5.836404800 0.970082223 -0.113131002 -0.194469839 0.091232948
1413393940505760512.000000 -0.306077719 -1.109964848 6.118205547 0.959207177 -0.117629938 -0.241317570 0.088604033
1413393940555760384.000000 -0.292561054 -1.210963488 6.363710403 -0.946396112 0.126783162 0.284451962 -0.085717984
1413393940605760512.000000 -0.276952267 -1.317199230 6.611819744 -0.933809519 0.138439715 0.319017887 -0.084035322
1413393940655760384.000000 -0.200120211 -1.351037979 6.894886971 -0.923322737 0.149374753 0.343799919 -0.083450206
1413393940705760512.000000 -0.177843809 -1.466850758 7.142722130 -0.914829731 0.161828533 0.360431224 -0.083591111
1413393940755760384.000000 -0.154123306 -1.590410233 7.388370514 -0.908089161 0.176874697 0.369959772 -0.084966362
1413393940805760512.000000 -0.128170013 -1.723223686 7.630495071 -0.906476319 0.186089888 0.368811190 -0.087461896
1413393940855760384.000000 -0.099338293 -1.866266251 7.869413853 -0.912501812 0.182818606 0.354238093 -0.091832951
1413393940905760512.000000 -0.068876266 -2.018251896 8.106937408 -0.922278047 0.169878796 0.333514601 -0.096500881
1413393940955760384.000000 -0.037215471 -2.177363873 8.344509125 -0.933684826 0.155508697 0.306389004 -0.100873992
1413393941005760512.000000 -0.004358530 -2.342699528 8.583919525 -0.945692778 0.140630797 0.273500234 -0.105289377
1413393941055760384.000000 0.029798985 -2.512908459 8.827027321 -0.956815362 0.129978791 0.235953271 -0.109251715
1413393941105760512.000000 0.064945459 -2.687135696 9.075807571 -0.966101348 0.119167089 0.199646592 -0.112199321
1413393941155760384.000000 0.100468516 -2.864539623 9.332192421 -0.972781599 0.111466378 0.168497533 -0.113489509
1413393941205760512.000000 0.135893464 -3.044378757 9.597812653 -0.977273107 0.105595395 0.144319013 -0.113837913
1413393941255760384.000000 0.170516491 -3.226364136 9.873506546 -0.979444146 0.101477325 0.132742241 -0.113009527
1413393941305760512.000000 0.203297257 -3.410142422 10.159919739 -0.978856087 0.099756531 0.140357211 -0.110404857
1413393941355760384.000000 0.235570073 -3.595777035 10.456691742 -0.976218760 0.100732438 0.159637094 -0.106611475
1413393941405760512.000000 0.267678738 -3.783423424 10.762913704 -0.971570075 0.103112452 0.187030569 -0.102172039
1413393941455760384.000000 0.300230742 -3.973449707 11.077130318 0.965348065 -0.106131196 -0.217503056 0.097630687
1413393941505760512.000000 0.333059072 -4.166572571 11.398032188 0.957198918 -0.108721524 -0.251673609 0.092791870
1413393941555760384.000000 0.367197037 -4.363240242 11.723573685 0.948410213 -0.111217879 -0.283450603 0.088342331
1413393941605760512.000000 0.402923584 -4.563779831 12.051850319 0.939749360 -0.113586888 -0.311247706 0.084226348
1413393941655760384.000000 0.440433025 -4.768705368 12.381000519 0.932600856 -0.114839055 -0.332435668 0.080958284
1413393941705760512.000000 0.478064060 -4.978134155 12.710289001 0.926551521 -0.115863681 -0.348851979 0.079875857
1413393941755760384.000000 0.514464378 -5.191948891 13.039091110 0.921363771 -0.115739703 -0.362190872 0.080690131
