1403715913584058112.000000 -0.000693438 -0.072446696 0.026721392 0.016395958 0.014914534 -0.034824986 0.999147654
1403715913634057984.000000 -0.001105135 -0.081110179 0.032403827 0.018946130 0.020235680 -0.046337053 0.998541176
1403715913684058112.000000 0.002372504 -0.091336645 0.035324976 0.021160109 0.022073247 -0.055141129 0.998010337
1403715913734057984.000000 0.005231943 -0.100881591 0.038695499 0.024249118 0.020529352 -0.058083251 0.997806072
1403715913784058112.000000 0.006671739 -0.112242773 0.040132973 0.027641738 0.016626008 -0.057171598 0.997843206
1403715913834057984.000000 -0.016025737 -0.238747612 0.016730011 0.022657199 0.012780744 -0.056264181 0.998077035
1403715913884058112.000000 0.007987551 -0.126068339 0.047511399 0.038566336 -0.000038258 -0.047681402 0.998117805
1403715913934057984.000000 -0.013341167 -0.264415205 0.015327537 0.029121855 -0.003957701 -0.044463355 0.998578608
1403715913984058112.000000 -0.013472068 -0.272677690 0.013600260 0.034605797 -0.008465815 -0.040731873 0.998534799
1403715914034057984.000000 -0.008824678 -0.280408740 0.011787998 0.039191928 -0.014901347 -0.035923559 0.998474598
1403715914084058112.000000 -0.028061539 -0.480556816 -0.052572820 0.022636808 -0.011730512 -0.040018845 0.998873651
1403715914134057984.000000 -0.027424429 -0.492401630 -0.057269156 0.024113022 -0.013739418 -0.040139727 0.998808622
1403715914184058112.000000 -0.021681270 -0.499909908 -0.060848419 0.027951313 -0.017577590 -0.035361566 0.998829007
1403715914234057984.000000 -0.020247608 -0.500008702 -0.054729909 0.034991600 -0.024315983 -0.025923032 0.998755395
1403715914284058112.000000 -0.020761864 -0.512495935 -0.065365866 0.035831105 -0.033703089 -0.013504960 0.998698175
1403715914334057984.000000 0.019187547 -0.782755554 -0.126644179 0.016374508 -0.045474317 -0.002520530 0.998828113
1403715914384058112.000000 0.019053651 -0.793428063 -0.132603839 0.015369314 -0.056774352 0.006261396 0.998249173
1403715914434057984.000000 0.021131674 -0.802745223 -0.139990896 0.013479529 -0.068663910 0.014015910 0.997450352
1403715914484058112.000000 0.020357462 -0.810063064 -0.143902957 0.011245469 -0.077158332 0.019612586 0.996762514
1403715914534057984.000000 0.031199912 -0.817868173 -0.152040690 0.008683101 -0.089016207 0.024627987 0.995687842
1403715914584058112.000000 -0.027461804 -1.089962482 -0.241231233 -0.027866220 -0.081755377 0.031854816 0.995753407
1403715914634057984.000000 -0.014719893 -1.099641681 -0.244203359 -0.030968936 -0.092179157 0.041599516 0.994391024
1403715914684058112.000000 -0.015229786 -1.106423020 -0.240892962 -0.032754511 -0.098332554 0.055770159 0.993049622
1403715914734057984.000000 -0.012576321 -1.102931619 -0.249482453 -0.032143444 -0.105242960 0.069607049 0.991486609
1403715914784058112.000000 -0.001012854 -1.119511843 -0.250773937 -0.035737474 -0.115200810 0.090632878 0.988553166
1403715914834057984.000000 -0.008110614 -1.386136889 -0.278224260 -0.063339859 -0.108617567 0.109687313 0.985981226
1403715914884058112.000000 -0.008437901 -1.395732045 -0.278740525 -0.063662417 -0.112867594 0.128126711 0.983255625
1403715914934057984.000000 -0.001072749 -1.401804686 -0.278374612 -0.063570000 -0.118270040 0.140254632 0.980968773
1403715914984058112.000000 0.006536912 -1.407271624 -0.278315336 -0.064185731 -0.121443756 0.148145676 0.979379654
1403715915034057984.000000 0.011990000 -1.402984500 -0.268291354 -0.059806574 -0.125168264 0.159035861 0.977478266
1403715915084058112.000000 0.027841767 -1.598108053 -0.238039285 -0.080652349 -0.115024835 0.162227869 0.976701915
1403715915134057984.000000 0.027658777 -1.610045910 -0.233206213 -0.082885452 -0.111666098 0.163404658 0.976708651
1403715915184058112.000000 0.033705316 -1.610322714 -0.225969076 -0.081742108 -0.109795175 0.165307194 0.976696908
1403715915234057984.000000 0.039060127 -1.617402673 -0.219416261 -0.086249948 -0.101148166 0.157991916 0.978452146
1403715915284058112.000000 0.047772758 -1.616507053 -0.207924604 -0.088802569 -0.092498951 0.146731138 0.980830312
1403715915334057984.000000 0.092084616 -1.668866754 -0.120881759 -0.096500531 -0.083390817 0.129316300 0.983367145
1403715915384058112.000000 0.095059618 -1.655092239 -0.114629224 -0.095141158 -0.073744692 0.113887511 0.986174226
1403715915434057984.000000 0.101864502 -1.667892337 -0.099148594 -0.102792844 -0.068897352 0.098516926 0.987411380
1403715915484058112.000000 0.100932226 -1.678039551 -0.086935081 -0.108356789 -0.062575467 0.089450866 0.988100052
1403715915534057984.000000 0.105366878 -1.685971379 -0.065254942 -0.111430064 -0.058118761 0.080232985 0.988821685
1403715915584058112.000000 0.121534891 -1.660294294 0.050141454 -0.105393879 -0.055917885 0.072887912 0.990178108
1403715915634057984.000000 0.118174948 -1.656547785 0.089212000 -0.106139384 -0.053637389 0.064043336 0.990835965
1403715915684058112.000000 0.120742977 -1.640509367 0.120264597 -0.104851440 -0.053273700 0.057222627 0.991409957
1403715915734057984.000000 0.108806476 -1.649606824 0.170086920 -0.104761273 -0.053942680 0.054436482 0.991540194
1403715915784058112.000000 0.108894140 -1.638399839 0.219870985 -0.100811452 -0.058638949 0.055952199 0.991598666
1403715915834057984.000000 0.109390356 -1.627228856 0.270743668 -0.096852832 -0.064635731 0.058414824 0.991478443
1403715915884058112.000000 0.110098161 -1.615997910 0.323040754 -0.092949755 -0.071028687 0.060491607 0.991290092
1403715915934057984.000000 0.112619929 -1.601049542 0.361070096 0.088850744 0.076344006 -0.062721945 -0.991132259
1403715915984058112.000000 0.093649030 -1.625021338 0.439539194 -0.091454305 -0.072139911 0.061690725 0.991275132
1403715916034057984.000000 0.097758517 -1.609180093 0.479974657 0.088403985 0.069949314 -0.062295698 -0.991670907
1403715916084058112.000000 0.088320166 -1.628386855 0.478709966 -0.090544336 -0.063456364 0.063508660 0.991837561
1403715916134057984.000000 0.128943071 -1.553829789 0.605737090 -0.083892658 -0.069822364 0.063658766 0.991985083
1403715916184058112.000000 0.133734286 -1.535775781 0.670383811 -0.087604083 -0.066171125 0.065155752 0.991817415
1403715916234057984.000000 0.138339281 -1.517378688 0.733697236 -0.093375251 -0.063619845 0.067724116 0.991285563
1403715916284058112.000000 0.086079568 -1.606844068 0.669690609 -0.115451030 -0.049834430 0.069448180 0.989628494
1403715916334057984.000000 0.091007851 -1.588443279 0.713701129 -0.125607491 -0.048409723 0.072548598 0.988238871
1403715916384058112.000000 0.096459433 -1.576113939 0.783744156 -0.136675805 -0.046947259 0.077512957 0.986462116
1403715916434057984.000000 0.086176291 -1.585699797 0.813203514 -0.152032867 -0.042413503 0.083182842 0.983955204
1403715916484058112.000000 0.085560225 -1.578046799 0.861093938 -0.165408015 -0.041981094 0.090885043 0.981130838
1403715916534057984.000000 0.085188121 -1.569866061 0.908742070 -0.179476649 -0.042896878 0.098957174 0.977832019
1403715916584058112.000000 0.090199620 -1.551380992 0.952408791 0.193200186 0.044538394 -0.105665505 -0.974435687
1403715916634057984.000000 0.084328175 -1.552236438 1.002002597 -0.209379449 -0.043276429 0.114630237 0.970127523
1403715916684058112.000000 0.089313731 -1.531032324 1.046869993 -0.221605942 -0.043908581 0.125041053 0.966088831
1403715916734057984.000000 0.083497941 -1.531938314 1.094015360 -0.234754741 -0.041484825 0.134850383 0.961761236
1403715916784058112.000000 0.089096636 -1.508810163 1.139095426 -0.243387446 -0.040931482 0.145684868 0.958051741
1403715916834057984.000000 0.083904795 -1.507302761 1.183858514 -0.253951430 -0.038749322 0.154286057 0.954045594
1403715916884058112.000000 0.112535268 -1.421068549 1.282340527 -0.253154457 -0.040367488 0.168267637 0.951824248
1403715916934057984.000000 0.086983487 -1.476157188 1.269213200 -0.267354906 -0.030265724 0.174075708 0.947260857
1403715916984058112.000000 0.089183889 -1.457026720 1.309693456 -0.273172408 -0.026088251 0.180991307 0.944424927
1403715917034057984.000000 0.096161842 -1.425434351 1.348922014 0.276645064 0.022335211 -0.186564252 -0.942423701
1403715917084058112.000000 0.102108069 -1.396318436 1.381431937 -0.283091724 -0.015908672 0.182565302 0.941422284
1403715917134057984.000000 0.111173712 -1.360832572 1.415299892 0.291170031 0.006031214 -0.174685583 -0.940568328
1403715917184058112.000000 0.107660607 -1.351142645 1.447942495 -0.308119893 0.003679924 0.158673301 0.938014627
1403715917234057984.000000 0.117477879 -1.312367916 1.477923512 0.320712835 -0.008949482 -0.141510487 -0.936503112
1403715917284058112.000000 0.117243059 -1.290242434 1.499799728 -0.335280061 0.012341729 0.128992602 0.933164537
1403715917334057984.000000 0.120459758 -1.262040377 1.521632314 -0.346822649 0.015451728 0.120611489 0.930015147
1403715917384058112.000000 0.143895328 -1.173913479 1.536222577 -0.346055508 0.012081943 0.115931958 0.930945456
1403715917434057984.000000 0.127069190 -1.210032344 1.550514698 -0.359244347 0.014288219 0.115503609 0.925958037
1403715917484058112.000000 0.133222803 -1.174773932 1.571252942 -0.359886825 0.009811314 0.123019509 0.924798071
1403715917534057984.000000 0.160240769 -1.068663359 1.593230367 -0.350358993 -0.003244334 0.131338194 0.927355528
1403715917584058112.000000 0.163255781 -1.042295218 1.607311726 0.347601563 0.009252826 -0.142790630 -0.926659822
1403715917634057984.000000 0.152166873 -1.057550669 1.584334731 -0.345001101 -0.013019706 0.151438549 0.926213384
1403715917684058112.000000 0.153819740 -1.001182795 1.626138210 -0.342761189 -0.010717773 0.157494470 0.926064491
1403715917734057984.000000 0.123926386 -1.060059309 1.619443417 -0.350530118 0.001202282 0.159437776 0.922879636
1403715917784058112.000000 0.104025289 -1.090210676 1.650095701 -0.358261108 0.013104064 0.158909678 0.919904888
1403715917834057984.000000 0.096607335 -1.074723482 1.656464100 -0.358239442 0.019923082 0.155847982 0.920314670
1403715917884058112.000000 0.095111787 -1.054199219 1.660230756 0.356458664 -0.024743972 -0.152645320 -0.921425164
1403715917934057984.000000 0.100431725 -0.986131430 1.624593258 -0.344979435 0.020202752 0.148169935 0.926621199
1403715917984058112.000000 0.077445857 -1.034597158 1.656003833 -0.358030230 0.029998541 0.141033560 0.922509670
1403715918034057984.000000 0.076368876 -1.018326283 1.652554989 -0.358042717 0.027778566 0.134489030 0.923551023
1403715918084058112.000000 0.065655172 -1.015353084 1.637917280 -0.363120973 0.024285035 0.127209172 0.922697842
1403715918134057984.000000 0.058557022 -1.008553624 1.624549866 -0.368190229 0.017605739 0.121800929 0.921569645
1403715918184058112.000000 0.077973172 -1.006073475 1.566170216 -0.361368507 0.005039156 0.118548565 0.924842596
1403715918234057984.000000 0.061984792 -0.996511459 1.559025049 -0.371485680 0.007525753 0.117834687 0.920899987
1403715918284058112.000000 0.056081496 -0.986983657 1.539377093 -0.375631243 0.007859683 0.123519599 0.918467402
1403715918334057984.000000 0.049294569 -0.979525328 1.526786685 -0.378541172 0.006118986 0.135362849 0.915612459
1403715918384058112.000000 0.014734173 -0.989884257 1.519114256 -0.387767583 0.007764020 0.150089905 0.909422398
1403715918434057984.000000 0.002914269 -0.983828545 1.506702185 -0.390089720 0.002342891 0.165753424 0.905731976
1403715918484058112.000000 -0.002800932 -0.984221339 1.453883290 -0.387491733 -0.009591786 0.178578690 0.904360473
1403715918534057984.000000 -0.018036533 -0.977782309 1.440689206 -0.391196519 -0.014768249 0.189698935 0.900422990
1403715918584058112.000000 -0.070502549 -1.000705242 1.425233364 -0.402301222 -0.011105800 0.198225170 0.893720984
1403715918634057984.000000 -0.088872395 -0.994442105 1.409573078 0.406883538 0.014772604 -0.202540502 -0.890620530
1403715918684058112.000000 -0.126691341 -1.002118826 1.363754034 -0.411708772 -0.019784000 0.202876106 0.888226211
1403715918734057984.000000 -0.144812986 -0.997956872 1.343010664 0.415940434 0.027062010 -0.200209230 -0.886666477
1403715918784058112.000000 -0.159473881 -0.992146075 1.320886493 0.420665741 0.034959186 -0.193513498 -0.885647118
1403715918834057984.000000 -0.226456508 -1.041559696 1.294030786 -0.438741356 -0.038623519 0.187681466 0.877946436
1403715918884058112.000000 -0.236052722 -1.034293890 1.271054149 -0.440060914 -0.051830653 0.183554590 0.877478004
1403715918934057984.000000 -0.259196848 -1.039419651 1.225257158 -0.441965461 -0.063306436 0.181939960 0.876103222
1403715918984058112.000000 -0.263202310 -1.030347586 1.201339245 -0.440230966 -0.074773990 0.183152139 0.875820100
1403715919034057984.000000 -0.277348608 -1.032347918 1.157961607 -0.440473527 -0.084074289 0.184341311 0.874604464
1403715919084058112.000000 -0.275327057 -1.015172243 1.120214462 -0.436618626 -0.095059104 0.183689907 0.875548959
1403715919134057984.000000 -0.281038195 -1.017636180 1.095832348 -0.440455854 -0.099160761 0.177058116 0.874537766
1403715919184058112.000000 -0.275321573 -1.000716329 1.077110052 -0.440743655 -0.104144283 0.167367995 0.875720918
1403715919234057984.000000 -0.277531385 -0.995288491 1.043792129 -0.443925619 -0.105395727 0.154602557 0.876310349
1403715919284058112.000000 -0.269433349 -0.975427449 1.030659556 -0.444938570 -0.104317799 0.141543224 0.878130436
1403715919334057984.000000 -0.274884701 -0.974392056 1.013669014 -0.449850410 -0.100026608 0.127414718 0.878290832
1403715919384058112.000000 -0.268835664 -0.954881191 1.006363273 -0.448672742 -0.094889961 0.123594820 0.880007386
1403715919434057984.000000 -0.267946750 -0.944546521 0.983736098 -0.445771784 -0.087929554 0.127882734 0.881590605
1403715919484058112.000000 -0.268559754 -0.927288294 0.976370335 -0.442579091 -0.080479443 0.133618638 0.883058786
1403715919534057984.000000 -0.271818429 -0.911865115 0.970532894 -0.439692765 -0.073936358 0.139249235 0.884202182
1403715919584058112.000000 -0.282967120 -0.909428716 0.971047044 -0.437740386 -0.067906149 0.143634319 0.884952724
1403715919634057984.000000 -0.290276170 -0.893040180 0.973231316 -0.435572743 -0.064223811 0.147490263 0.885662675
1403715919684058112.000000 -0.303220749 -0.883057714 0.971507490 -0.434097469 -0.062738791 0.149186298 0.886209190
1403715919734057984.000000 -0.314252943 -0.866338849 0.977172852 -0.433193386 -0.063089609 0.148949534 0.886666417
1403715919784058112.000000 -0.330448389 -0.862555683 0.973421097 -0.433729827 -0.063620962 0.145539224 0.886932433
1403715919834057984.000000 -0.343306363 -0.845931530 0.981578767 -0.432965875 -0.064747028 0.143854335 0.887498975
1403715919884058112.000000 -0.383623153 -0.863521934 1.019484520 -0.440674692 -0.061459899 0.140073761 0.884538293
1403715919934057984.000000 -0.380739868 -0.829619527 1.006613970 -0.430063456 -0.069724560 0.143101588 0.888653934
1403715919984058112.000000 -0.400719345 -0.821541667 1.013028383 -0.427573591 -0.071076468 0.146265060 0.889233112
1403715920034057984.000000 -0.407767683 -0.807398915 1.026224136 -0.424530268 -0.075379722 0.149321899 0.889828622
1403715920084058112.000000 -0.411720574 -0.808833361 1.030190945 -0.420600265 -0.079778112 0.153662473 0.890572190
1403715920134057984.000000 -0.412171662 -0.793714404 1.044934630 -0.417140514 -0.082804650 0.157649368 0.891226113
1403715920184058112.000000 -0.443961442 -0.832843959 1.113505244 -0.428991616 -0.077592708 0.157680735 0.886048734
1403715920234057984.000000 -0.437742084 -0.816249013 1.129510403 -0.425172418 -0.077296764 0.162004977 0.887134731
1403715920284058112.000000 -0.432561845 -0.820396185 1.151663899 -0.423240095 -0.071533270 0.163998395 0.888175309
1403715920334057984.000000 -0.420725554 -0.812744379 1.171804667 -0.419539392 -0.065059699 0.165614724 0.890126824
1403715920384058112.000000 -0.406288207 -0.804673672 1.192314267 -0.416260689 -0.059675641 0.166146174 0.891942441
1403715920434057984.000000 -0.390333086 -0.796119988 1.213038683 -0.413294137 -0.051822517 0.166996807 0.893652380
1403715920484058112.000000 -0.374164581 -0.777678847 1.230742812 -0.409703672 -0.045464486 0.166985571 0.895651579
1403715920534057984.000000 -0.357177824 -0.777882636 1.254708886 -0.408576965 -0.036881894 0.166114613 0.896722138
1403715920584058112.000000 -0.341616631 -0.757765532 1.272300482 -0.405917078 -0.029861208 0.165343091 0.898332536
1403715920634057984.000000 -0.325592130 -0.759123564 1.294885278 -0.405415714 -0.022002567 0.164315194 0.898974180
1403715920684058112.000000 -0.311117738 -0.738607645 1.311237812 -0.402509719 -0.015960908 0.163315579 0.900588274
1403715920734057984.000000 -0.292159677 -0.741517782 1.330285072 -0.401715934 -0.009144197 0.159881487 0.901653290
1403715920784058112.000000 -0.271894157 -0.733889222 1.344848871 -0.397919208 -0.004159453 0.158037022 0.903696477
1403715920834057984.000000 -0.253785223 -0.717876434 1.354869962 0.392590106 0.003031391 -0.154883489 -0.906573176
1403715920884058112.000000 -0.226094604 -0.721617699 1.368270159 -0.387776583 -0.002650175 0.153499320 0.908878624
1403715920934057984.000000 -0.205110133 -0.705421329 1.375065684 -0.378764272 -0.005311654 0.155187532 0.912374020
1403715920984058112.000000 -0.173460156 -0.714068890 1.382179260 -0.370646566 -0.010531472 0.158218682 0.915137768
1403715921034057984.000000 -0.150528699 -0.698885322 1.384400010 -0.359927177 -0.017291881 0.161108911 0.918802142
1403715921084058112.000000 -0.115311876 -0.708250403 1.387030005 -0.351799726 -0.023156907 0.161436513 0.921758652
1403715921134057984.000000 -0.091870628 -0.692491055 1.386412978 -0.342382312 -0.029395232 0.160591066 0.925268054
1403715921184058112.000000 -0.056355491 -0.700130939 1.386341453 -0.336931169 -0.031367622 0.157720849 0.927694798
1403715921234057984.000000 -0.033193666 -0.682565987 1.384255528 -0.330179006 -0.035096817 0.155166835 0.930415690
1403715921284058112.000000 0.000271469 -0.688720345 1.382810354 -0.327489018 -0.036925495 0.150335461 0.932087302
1403715921334057984.000000 0.026698500 -0.681304216 1.376581311 -0.323285371 -0.041777119 0.145741642 0.934077442
1403715921384058112.000000 0.048813924 -0.664048195 1.372894645 0.319748074 0.046698812 -0.140909567 -0.935801804
1403715921434057984.000000 0.081343144 -0.667160749 1.374408603 -0.320484251 -0.049244568 0.135553747 0.936210513
1403715921484058112.000000 0.103859343 -0.646872163 1.371581793 -0.317906410 -0.052914768 0.133228853 0.937222302
1403715921534057984.000000 0.135118514 -0.649317384 1.363353848 -0.315810055 -0.054554354 0.131033897 0.938146055
1403715921584058112.000000 0.160411909 -0.628126264 1.360935926 -0.313831747 -0.056329463 0.130007491 0.938847542
1403715921634057984.000000 0.201640412 -0.633533537 1.365469337 -0.317160606 -0.053437140 0.127532125 0.938237309
1403715921684058112.000000 0.238531262 -0.624522209 1.363566399 -0.316576451 -0.054019183 0.128714994 0.938239753
1403715921734057984.000000 0.276779652 -0.615379572 1.361905932 -0.316334248 -0.053625811 0.129918888 0.938178003
1403715921784058112.000000 0.315649807 -0.606016695 1.360896826 -0.315135598 -0.050440151 0.134389535 0.938128352
1403715921834057984.000000 0.348772526 -0.586116076 1.360340476 -0.313328832 -0.049425721 0.137680233 0.938310325
1403715921884058112.000000 0.388515323 -0.584205091 1.351520538 -0.311593801 -0.048068073 0.141119376 0.938447714
1403715921934057984.000000 0.417791784 -0.562747598 1.353321552 -0.310758054 -0.046350613 0.142869875 0.938546419
1403715921984058112.000000 0.452899486 -0.557314873 1.347137690 -0.309985816 -0.045849405 0.144354388 0.938599229
1403715922034057984.000000 0.479395777 -0.535159469 1.349867463 -0.309984714 -0.046098426 0.143851712 0.938664496
1403715922084058112.000000 0.516347647 -0.545313656 1.369591355 -0.316778988 -0.041020874 0.141414195 0.937000751
1403715922134057984.000000 0.548934042 -0.533846855 1.371384382 -0.317663193 -0.037090123 0.141286016 0.936884582
1403715922184058112.000000 0.584089994 -0.521956444 1.372140646 -0.318568468 -0.032738533 0.140222967 0.936899066
1403715922234057984.000000 0.616088808 -0.500470638 1.371201038 0.318332225 0.028376454 -0.139507338 -0.937228441
1403715922284058112.000000 0.659929335 -0.488505125 1.351465225 -0.315782845 -0.026339917 0.138225973 0.938339531
1403715922334057984.000000 0.696142375 -0.464975089 1.349317074 -0.315496266 -0.024171779 0.135932058 0.938829243
1403715922384058112.000000 0.747546077 -0.474589109 1.362730622 -0.321785301 -0.020346031 0.131663337 0.937392712
1403715922434057984.000000 0.782426834 -0.453059703 1.357317209 -0.321365088 -0.022591490 0.127709255 0.938032269
1403715922484058112.000000 0.830837429 -0.454222679 1.351293206 -0.321968943 -0.021765633 0.126495704 0.938009143
1403715922534057984.000000 0.864322007 -0.434259534 1.344719410 0.319784164 0.022270318 -0.127528340 -0.938604653
1403715922584058112.000000 0.910309196 -0.437270045 1.337429166 -0.319589585 -0.019208752 0.129533544 0.938463986
1403715922634057984.000000 0.947986007 -0.430104107 1.329528689 -0.318161935 -0.016648814 0.131158575 0.938772261
1403715922684058112.000000 0.975719690 -0.410609424 1.322013378 -0.316219240 -0.015956018 0.132004306 0.939321995
1403715922734057984.000000 1.009706497 -0.407041490 1.307872891 -0.314687312 -0.017244289 0.131371871 0.939902127
1403715922784058112.000000 1.030721307 -0.386799961 1.301396489 -0.313488245 -0.019414691 0.128881559 0.940604985
1403715922834057984.000000 1.061230302 -0.408088028 1.296049714 -0.317093074 -0.019830113 0.125581726 0.939834058
1403715922884058112.000000 1.074437261 -0.389059305 1.290695190 -0.316027075 -0.022684187 0.122828737 0.940492213
1403715922934057984.000000 1.083442450 -0.358509690 1.273893356 -0.310421199 -0.028342254 0.121136114 0.942423224
1403715922984058112.000000 1.106993079 -0.400509596 1.274838686 -0.317233771 -0.025166912 0.118678607 0.940555632
1403715923034057984.000000 1.118946910 -0.399735749 1.268194437 -0.317114383 -0.026230503 0.116972946 0.940780401
1403715923084058112.000000 1.126104116 -0.382857591 1.265664220 -0.315978795 -0.028636811 0.116176784 0.941190958
1403715923134057984.000000 1.131054640 -0.342509478 1.254219055 -0.309884667 -0.034295481 0.116237745 0.943018615
1403715923184058112.000000 1.140783548 -0.326384515 1.251482725 -0.307921469 -0.038997598 0.116831340 0.943405569
1403715923234057984.000000 1.174220562 -0.391661555 1.223447084 -0.310110390 -0.038243350 0.116515994 0.942758203
1403715923284058112.000000 1.190067291 -0.375901818 1.220038533 -0.307159811 -0.042843945 0.119755127 0.943120420
1403715923334057984.000000 1.198337793 -0.343511313 1.219538927 -0.303621888 -0.047831498 0.124604210 0.943397999
1403715923384058112.000000 1.239181995 -0.424218297 1.205342770 -0.307966053 -0.043941937 0.131484553 0.941242754
1403715923434057984.000000 1.260913134 -0.430090934 1.196158290 -0.305149078 -0.042562876 0.138240948 0.941255450
1403715923484058112.000000 1.275485277 -0.417557448 1.193428636 0.301095396 0.041450217 -0.145497531 -0.941516876
1403715923534057984.000000 1.296059847 -0.440829098 1.180121899 -0.299500048 -0.037954759 0.152343333 0.941090167
1403715923584058112.000000 1.305077434 -0.424711168 1.179848671 -0.295850933 -0.035340849 0.158595473 0.941313326
1403715923634057984.000000 1.315477610 -0.448487490 1.167004585 -0.294830590 -0.031613044 0.163418189 0.940941095
1403715923684058112.000000 1.314965248 -0.430264622 1.168647528 -0.292063445 -0.029223893 0.167057261 0.941242158
1403715923734057984.000000 1.304132342 -0.352599770 1.158141851 -0.280936897 -0.031556208 0.172447309 0.943578660
1403715923784058112.000000 1.292283177 -0.334632903 1.160776138 0.278825462 0.028505806 -0.173910514 -0.944033384
1403715923834057984.000000 1.294456840 -0.403729886 1.126645327 -0.281006873 -0.024779523 0.169659838 0.944265187
1403715923884058112.000000 1.266502380 -0.453258216 1.144845605 -0.291475952 -0.012584621 0.165192276 0.942122638
1403715923934057984.000000 1.247403145 -0.430968761 1.146650553 0.291115761 0.006804785 -0.161734968 -0.942892969
1403715923984058112.000000 1.220887542 -0.447864950 1.133934975 -0.293322653 -0.001523160 0.156398743 0.943132579
1403715924034057984.000000 1.196225166 -0.422002316 1.135654092 -0.293210238 0.000622722 0.151550949 0.943959594
1403715924084058112.000000 1.161403179 -0.440383404 1.119199753 -0.296197534 0.002576018 0.145393848 0.943992078
1403715924134057984.000000 1.132754803 -0.413686842 1.118391633 -0.296257019 0.001431784 0.139837041 0.944815040
1403715924184058112.000000 1.093790650 -0.433551043 1.098085046 -0.298127025 0.000670019 0.136054635 0.944779873
1403715924234057984.000000 1.065369248 -0.412796050 1.091458678 0.297792405 0.003953741 -0.132414892 -0.945394278
1403715924284058112.000000 1.024080038 -0.428033680 1.069989681 -0.298742115 -0.006057101 0.131523281 0.945207953
1403715924334057984.000000 0.989293098 -0.426052004 1.053425550 -0.299107909 -0.010753011 0.129515752 0.945327759
1403715924384058112.000000 0.961667180 -0.404844850 1.044299126 -0.298021913 -0.016734833 0.128775284 0.945684850
1403715924434057984.000000 0.920156062 -0.423941582 1.016915917 -0.298404485 -0.021155464 0.130835563 0.945192754
1403715924484058112.000000 0.892904639 -0.402530104 1.007436991 -0.296522826 -0.029057566 0.132405847 0.945356309
1403715924534057984.000000 0.851300478 -0.422635466 0.978119493 -0.297020882 -0.035223287 0.134874925 0.944641054
1403715924584058112.000000 0.825463414 -0.400843650 0.968202353 -0.295606315 -0.040313587 0.136799619 0.944604456
1403715924634057984.000000 0.783906281 -0.420118630 0.937984884 -0.295880407 -0.041452464 0.142560065 0.943617105
1403715924684058112.000000 0.750281811 -0.417657197 0.917585492 -0.296778709 -0.041541979 0.149673238 0.942228556
1403715924734057984.000000 0.716736555 -0.413797230 0.896701455 -0.300198197 -0.039378934 0.156155795 0.940183878
1403715924784058112.000000 0.691677988 -0.392119348 0.884053707 -0.304168433 -0.038016956 0.162036121 0.937966228
1403715924834057984.000000 0.650215089 -0.400794864 0.853838384 -0.312840253 -0.033968188 0.166671753 0.934450507
1403715924884058112.000000 0.625702024 -0.375588238 0.840069592 -0.321109086 -0.032547150 0.171117410 0.930885851
1403715924934057984.000000 0.583619773 -0.381541491 0.806575894 -0.333593845 -0.027411042 0.174627289 0.925996304
1403715924984058112.000000 0.559366703 -0.353928298 0.790249050 -0.346007705 -0.023846500 0.174704537 0.921514213
1403715925034057984.000000 0.518611968 -0.356730014 0.753032744 -0.362321317 -0.016921898 0.173530772 0.915600419
1403715925084058112.000000 0.489096999 -0.342868149 0.723423898 -0.378587753 -0.010403827 0.169708461 0.909814358
1403715925134057984.000000 0.470267296 -0.316134751 0.701606631 0.393603295 0.005890979 -0.166583821 -0.904041886
1403715925184058112.000000 0.437407434 -0.316606760 0.656091809 -0.410306126 -0.002046375 0.165055126 0.896884382
1403715925234057984.000000 0.423244089 -0.289036065 0.631448686 -0.422961146 -0.000604833 0.168313026 0.890378714
1403715925284058112.000000 0.396642059 -0.293218225 0.579154491 -0.437500983 -0.000200599 0.172815517 0.882455468
1403715925334057984.000000 0.386040509 -0.268196046 0.550462246 -0.448284358 -0.002087725 0.181478977 0.875272632
1403715925384058112.000000 0.364053190 -0.273989379 0.493297577 -0.461373389 -0.004163186 0.190715849 0.866455257
1403715925434057984.000000 0.355803758 -0.256435841 0.460166931 0.471385747 0.007900642 -0.201396987 -0.858587444
1403715925484058112.000000 0.333322018 -0.257854581 0.400975853 -0.483390301 -0.012089636 0.211484149 0.849389315
1403715925534057984.000000 0.324717700 -0.240508467 0.366735905 -0.493687272 -0.016224714 0.220863640 0.840969026
1403715925584058112.000000 0.301120549 -0.242738664 0.302996308 -0.506834626 -0.018700182 0.227281615 0.831331551
1403715925634057984.000000 0.292007059 -0.225816518 0.266551644 -0.518172443 -0.020695226 0.233180955 0.822615147
1403715925684058112.000000 0.268000215 -0.226182163 0.198976234 -0.532314360 -0.020182125 0.236743256 0.812518775
1403715925734057984.000000 0.258337498 -0.208148703 0.161658540 -0.544491112 -0.020093119 0.240245923 0.803372681
1403715925784058112.000000 0.233507171 -0.207447544 0.089993872 -0.558553100 -0.019589076 0.243521929 0.792673886
1403715925834057984.000000 0.215648562 -0.197511211 0.033724159 -0.571837544 -0.018188097 0.246286869 0.782313168
1403715925884058112.000000 0.197124526 -0.187465027 -0.023662448 -0.585472345 -0.016993809 0.247917458 0.771667182
1403715925934057984.000000 0.185286999 -0.173019454 -0.066264436 -0.598502457 -0.017552530 0.248541594 0.761389434
1403715925984058112.000000 0.158731863 -0.167450786 -0.141831160 -0.613805711 -0.016493106 0.248072714 0.749286652
1403715926034057984.000000 0.146517411 -0.153363243 -0.184717417 -0.626743078 -0.014241899 0.249063447 0.738212585
1403715926084058112.000000 0.116344780 -0.147929758 -0.262949228 -0.641935885 -0.007850505 0.249616951 0.724947035
1403715926134057984.000000 0.100217894 -0.136709332 -0.305116355 -0.655523300 -0.002046791 0.250243634 0.712504864
1403715926184058112.000000 0.062722363 -0.132280946 -0.384541303 -0.671055913 0.004351677 0.250512958 0.697788119
1403715926234057984.000000 0.040858805 -0.124541283 -0.425415337 -0.684298873 0.008631368 0.251921356 0.684248686
1403715926284058112.000000 -0.005270265 -0.125200540 -0.506101310 -0.699302912 0.013041148 0.252402812 0.668654025
1403715926334057984.000000 -0.031610142 -0.122286141 -0.547631145 0.712778687 -0.014841599 -0.252115399 -0.654342532
1403715926384058112.000000 -0.083115861 -0.126824617 -0.628924072 -0.727841556 0.016269095 0.250592679 0.638110816
1403715926434057984.000000 -0.110244595 -0.128801167 -0.670165777 0.741743565 -0.016078893 -0.246421516 -0.623565853
1403715926484058112.000000 -0.162813857 -0.139113605 -0.752956033 -0.756890357 0.016646629 0.240664616 0.607388198
1403715926534057984.000000 -0.203199834 -0.149874270 -0.815009713 -0.769962788 0.015314044 0.238195524 0.591764867
1403715926584058112.000000 -0.243971497 -0.163891673 -0.876386166 -0.781484127 0.011378799 0.238491297 0.576433122
1403715926634057984.000000 -0.284975052 -0.181023717 -0.936899543 -0.791422904 0.005811601 0.242867932 0.560920000
1403715926684058112.000000 -0.325556219 -0.200686574 -0.996564746 0.800119758 -0.000615788 -0.249604777 -0.545440614
1403715926734057984.000000 -0.349698305 -0.219213128 -1.034819365 0.807568848 0.006870063 -0.256560981 -0.531000853
1403715926784058112.000000 -0.403459698 -0.245362043 -1.114524603 0.816115737 0.014889553 -0.261355340 -0.515195906
1403715926834057984.000000 -0.422427416 -0.267763019 -1.150833607 0.822469592 0.025501627 -0.266593188 -0.501818240
1403715926884058112.000000 -0.470053613 -0.295703888 -1.230032682 0.829257727 0.032881707 -0.271326870 -0.487475365
1403715926934057984.000000 -0.481183618 -0.319474339 -1.264840126 0.834396660 0.039150715 -0.275657296 -0.475670785
1403715926984058112.000000 -0.520659268 -0.347251892 -1.343536139 0.840165198 0.043358125 -0.279501647 -0.462732524
1403715927034057984.000000 -0.525366604 -0.370723605 -1.377807856 0.844959557 0.045605678 -0.281504780 -0.452458471
1403715927084058112.000000 -0.559097528 -0.396197200 -1.454723597 0.851960182 0.045423560 -0.278974384 -0.440765232
1403715927134057984.000000 -0.577097893 -0.420137167 -1.508541584 0.858210862 0.046104778 -0.276354253 -0.430089355
1403715927184058112.000000 -0.581454933 -0.443568230 -1.545272589 0.864886820 0.052386239 -0.269488871 -0.420240790
1403715927234057984.000000 -0.611461699 -0.467710257 -1.611247420 0.872591674 0.058221605 -0.261361480 -0.408514768
1403715927284058112.000000 -0.613712728 -0.490295410 -1.642095208 0.878587306 0.065740004 -0.254491031 -0.398744255
1403715927334057984.000000 -0.642531514 -0.512139797 -1.703650594 0.885519743 0.071139492 -0.245996267 -0.387659371
1403715927384058112.000000 -0.642358184 -0.533868551 -1.731248736 0.891547203 0.072511993 -0.237502858 -0.378784925
1403715927434057984.000000 -0.666753769 -0.552625895 -1.782852173 0.898412645 0.071950704 -0.228843853 -0.367842913
1403715927484058112.000000 -0.664907277 -0.573817492 -1.805912375 0.904076993 0.063742220 -0.222992271 -0.358965665
1403715927534057984.000000 -0.685875416 -0.590785027 -1.845784426 0.910209477 0.051387891 -0.218680039 -0.347932667
1403715927584058112.000000 -0.693375468 -0.610460281 -1.870684505 0.915743411 0.040029265 -0.215367258 -0.336791813
1403715927634057984.000000 -0.689805448 -0.635368824 -1.886844754 0.920601130 0.028358852 -0.213794202 -0.325547934
1403715927684058112.000000 -0.663491249 -0.737338305 -1.974798322 0.922750413 0.021406835 -0.217486978 -0.317447603
1403715927734057984.000000 -0.658885777 -0.765398979 -1.985343933 0.927368104 0.018618312 -0.219027221 -0.302768677
1403715927784058112.000000 -0.715205073 -0.706018925 -1.927260756 0.936325788 0.019139908 -0.214803800 -0.277104706
1403715927834057984.000000 -0.709461749 -0.737839222 -1.931472778 0.940722048 0.023991259 -0.217582434 -0.259083837
1403715927884058112.000000 -0.720969558 -0.764884233 -1.931628466 0.945570290 0.028579507 -0.219986647 -0.238088161
1403715927934057984.000000 -0.714617550 -0.800267696 -1.930100799 0.949127436 0.036029547 -0.224397585 -0.217955992
1403715927984058112.000000 -0.714952111 -0.854377270 -1.928811431 0.952033520 0.042059727 -0.230207622 -0.197148755
1403715928034057984.000000 -0.726305962 -0.862374067 -1.904758930 0.955866098 0.045637771 -0.233703583 -0.172104344
1403715928084058112.000000 -0.722609401 -0.898866177 -1.890434384 0.957864761 0.045300245 -0.240764797 -0.149918243
1403715928134057984.000000 -0.738048673 -0.929100037 -1.864463091 0.959865153 0.041974276 -0.247671098 -0.124724396
1403715928184058112.000000 -0.739029825 -0.965184808 -1.842506051 0.960626543 0.039285593 -0.255927235 -0.100769967
1403715928234057984.000000 -0.758928478 -0.994997025 -1.809129596 0.962684155 0.033989552 -0.257885963 -0.074691787
1403715928284058112.000000 -0.763027966 -1.029883742 -1.780591846 0.964471936 0.030136608 -0.257526904 -0.050652787
1403715928334057984.000000 -0.785733104 -1.059405923 -1.742255330 0.967275381 0.026344249 -0.251135439 -0.024807086
1403715928384058112.000000 -0.799348593 -1.091052055 -1.704336286 0.969250977 0.024486031 -0.244851470 -0.000881252
1403715928434057984.000000 -0.813003480 -1.122172832 -1.663084865 0.970282376 0.020882903 -0.240087867 0.021769630
1403715928484058112.000000 -0.820304394 -1.154599428 -1.621514559 0.969539404 0.016443752 -0.240692556 0.042309131
1403715928534057984.000000 -0.841099441 -1.182947874 -1.569868326 0.967319369 0.013117180 -0.245150983 0.063421547
1403715928584058112.000000 -0.848162293 -1.213081598 -1.522173405 0.964136183 0.008535164 -0.252969027 0.079844996
1403715928634057984.000000 -0.864114285 -1.241267920 -1.465905190 0.961534560 0.006690782 -0.257477641 0.095456652
1403715928684058112.000000 -0.865289211 -1.268749475 -1.414646864 0.958169460 0.007315374 -0.265736699 0.106027819
1403715928734057984.000000 -0.873464942 -1.297252417 -1.356877565 0.953586221 0.008719788 -0.277870595 0.115695156
1403715928784058112.000000 -0.868504763 -1.322496772 -1.303899765 0.947308660 0.008911245 -0.296527267 0.120824404
1403715928834057984.000000 -0.866133928 -1.350708723 -1.248753071 0.940984845 0.009195790 -0.314897031 0.123705253
1403715928884058112.000000 -0.851070464 -1.373872280 -1.198849916 0.934454978 0.008184169 -0.334886342 0.120739967
1403715928934057984.000000 -0.819957614 -1.397347093 -1.158089995 0.928973138 0.007441605 -0.352528721 0.112592869
1403715928984058112.000000 -0.792374372 -1.419601440 -1.117655516 0.923725963 0.006603586 -0.368880928 0.103022739
1403715929034057984.000000 -0.767662346 -1.441720724 -1.079181790 0.919714510 0.006452910 -0.380989075 0.094503470
1403715929084058112.000000 -0.730883479 -1.464226365 -1.050522327 0.915947616 0.005361516 -0.392430872 0.083721690
1403715929134057984.000000 -0.692630649 -1.580837965 -1.020819426 0.914114594 0.005208242 -0.400761783 0.061297245
1403715929184058112.000000 -0.653940797 -1.605981112 -1.001595855 0.910839558 0.007718318 -0.409413934 0.051885203
1403715929234057984.000000 -0.621905029 -1.628886580 -0.987555861 0.909176350 0.016588280 -0.413615137 0.045229483
1403715929284058112.000000 -0.584082484 -1.658173084 -0.979338169 0.908402205 0.025273375 -0.415951461 0.033928439
1403715929334057984.000000 -0.558240950 -1.575839996 -0.989349723 0.910261512 0.047638968 -0.409498423 0.038283583
1403715929384058112.000000 -0.528123260 -1.607487321 -0.992543340 0.914397299 0.066045493 -0.398569286 0.025654811
1403715929434057984.000000 -0.499812305 -1.731884837 -0.983659983 0.921202660 0.090369895 -0.378282458 0.011020018
1403715929484058112.000000 -0.483233303 -1.645379663 -1.007747412 0.923850000 0.113794282 -0.365215182 0.013039478
1403715929534057984.000000 -0.463075995 -1.657512069 -1.019694448 0.926696658 0.137177214 -0.349771619 0.008695032
1403715929584058112.000000 -0.442761958 -1.663859129 -1.034072757 0.929114819 0.156310618 -0.335078120 0.005939930
1403715929634057984.000000 -0.425220311 -1.662396669 -1.047936916 0.929553509 0.171505094 -0.326323032 0.005442018
1403715929684058112.000000 -0.411096752 -1.654211640 -1.061957240 0.930993140 0.169443682 -0.323261678 0.006530195
1403715929734057984.000000 -0.398469210 -1.640100360 -1.075690985 0.932843864 0.153429419 -0.325850070 0.009140064
1403715929784058112.000000 -0.386795372 -1.620485902 -1.090178132 0.935786843 0.130514100 -0.327324092 0.011315158
1403715929834057984.000000 -0.377217978 -1.596856236 -1.104786873 0.939350545 0.107840970 -0.325296551 0.013156892
1403715929884058112.000000 -0.341239214 -1.667835236 -1.100528121 0.945519567 0.080136918 -0.315519124 0.004312262
1403715929934057984.000000 -0.334846675 -1.634193182 -1.114949465 0.949274600 0.052655037 -0.309963197 0.005295272
1403715929984058112.000000 -0.331605673 -1.599313736 -1.129243016 0.952511430 0.028445216 -0.303111583 0.006023542
1403715930034057984.000000 -0.343043417 -1.442716479 -1.136914492 0.953539073 0.017587613 -0.300044954 0.020666128
1403715930084058112.000000 -0.332176268 -1.530203342 -1.155800223 0.955802441 -0.012825053 -0.293648601 0.006909548
1403715930134057984.000000 -0.331730306 -1.497622252 -1.168219566 0.956632972 -0.029488942 -0.289708465 0.007264111
1403715930184058112.000000 -0.330984056 -1.469317794 -1.179126263 0.956989229 -0.045150243 -0.286485106 0.007704628
1403715930234057984.000000 -0.329655349 -1.446078300 -1.188378096 0.956699610 -0.057827767 -0.285157531 0.008185159
1403715930284058112.000000 -0.327654302 -1.428573251 -1.195501924 0.956462264 -0.067078657 -0.283903629 0.008898635
1403715930334057984.000000 -0.325302303 -1.417432308 -1.200557828 0.955831647 -0.069108367 -0.285510540 0.009679717
1403715930384058112.000000 -0.322977781 -1.412736058 -1.203835726 0.954259336 -0.066458248 -0.291317672 0.010317652
1403715930434057984.000000 -0.321823299 -1.414031744 -1.205167651 0.951988459 -0.059336662 -0.300128311 0.010962073
1403715930484058112.000000 -0.323141932 -1.420604229 -1.203950882 0.949119329 -0.051793899 -0.310397506 0.011969177
1403715930534057984.000000 -0.327573955 -1.431919456 -1.201245427 0.946426928 -0.045419455 -0.319461882 0.012541497
1403715930584058112.000000 -0.334621966 -1.447927594 -1.197650671 0.943004131 -0.040235978 -0.330080628 0.013081965
1403715930634057984.000000 -0.342314482 -1.468182087 -1.194342494 0.939801872 -0.036446895 -0.339498609 0.013594018
1403715930684058112.000000 -0.348475277 -1.493220448 -1.192114115 0.936831295 -0.035871830 -0.347658336 0.013932335
1403715930734057984.000000 -0.351771116 -1.522236824 -1.193144441 0.935096741 -0.036411718 -0.352233857 0.014127575
1403715930784058112.000000 -0.351978481 -1.555174351 -1.197324395 0.933700025 -0.036436830 -0.355906129 0.014407366
1403715930834057984.000000 -0.348322630 -1.593582749 -1.205723524 0.932645261 -0.030873442 -0.359181076 0.014443807
1403715930884058112.000000 -0.341300726 -1.636665106 -1.216950297 0.931632698 -0.020070940 -0.362559319 0.014440306
1403715930934057984.000000 -0.330599308 -1.682667017 -1.231623888 0.931166530 -0.008531293 -0.364211947 0.014349525
1403715930984058112.000000 -0.319994450 -1.732183456 -1.247887015 0.929892659 0.000827995 -0.367567539 0.013897014
1403715931034057984.000000 -0.310693085 -1.783971190 -1.265789270 0.927427173 0.007191053 -0.373681247 0.013766353
1403715931084058112.000000 -0.305148065 -1.836871028 -1.286541343 0.924642861 0.011060580 -0.380427212 0.013725062
1403715931134057984.000000 -0.302540958 -1.892134905 -1.309671879 0.921835184 0.012675044 -0.387141228 0.013452851
1403715931184058112.000000 -0.319726884 -1.839908838 -1.356712222 0.917764604 0.013795400 -0.396269113 0.022107003
1403715931234057984.000000 -0.315861940 -1.899092197 -1.386741161 0.916979671 0.013947000 -0.398102254 0.021643791
1403715931284058112.000000 -0.294362187 -1.942744851 -1.431031346 0.916231692 0.012803672 -0.400001794 0.018818861
1403715931334057984.000000 -0.287279844 -2.003585815 -1.470437765 0.917136610 0.009774277 -0.398047417 0.017977696
1403715931384058112.000000 -0.277846873 -2.067560911 -1.515117884 0.918384254 0.007507308 -0.395255357 0.016948776
1403715931434057984.000000 -0.226348102 -2.047545910 -1.574023724 0.920096576 0.007843794 -0.391323566 0.015053283
1403715931484058112.000000 -0.211239576 -2.101854801 -1.628099799 0.921321809 0.006431377 -0.388521135 0.013274142
1403715931534057984.000000 -0.198855639 -2.157935381 -1.684918880 0.922538638 0.006751379 -0.385680646 0.011284118
1403715931584058112.000000 -0.189861059 -2.215361834 -1.743424892 0.923997164 0.008560609 -0.382199228 0.008927531
1403715931634057984.000000 -0.188355446 -2.098223448 -1.846384406 0.924875438 0.011421027 -0.380051434 0.005987353
1403715931684058112.000000 -0.188541532 -2.110322952 -1.907607079 0.926175296 0.014877377 -0.376788139 0.002969769
1403715931734057984.000000 -0.193922758 -2.133742809 -1.972266078 0.926971436 0.017916247 -0.374703884 0.000069970
1403715931784058112.000000 -0.207459569 -2.147962332 -2.041675091 0.927840114 0.020048896 -0.372426689 -0.003018652
1403715931834057984.000000 -0.216597080 -2.167626143 -2.107566118 0.929434776 0.019425547 -0.368422031 -0.006232623
1403715931884058112.000000 -0.235066652 -2.172315359 -2.174448013 0.932523847 0.019542692 -0.360454917 -0.009466645
1403715931934057984.000000 -0.245466709 -2.187111855 -2.246055603 0.935678303 0.019344667 -0.352100521 -0.012537254
1403715931984058112.000000 -0.254790902 -2.202674389 -2.317417622 0.939224005 0.019486738 -0.342402190 -0.015474551
1403715932034057984.000000 -0.265645981 -2.215853453 -2.390243769 0.942756534 0.017230550 -0.332528204 -0.018392920
1403715932084058112.000000 -0.274057865 -2.228389263 -2.462023973 0.947078586 0.016876375 -0.319857448 -0.021180561
1403715932134057984.000000 -0.281188250 -2.239430189 -2.533582449 0.952125490 0.017335529 -0.304293066 -0.023714794
1403715932184058112.000000 -0.287683010 -2.247274876 -2.604702473 0.957145393 0.018390104 -0.287884802 -0.025630618
1403715932234057984.000000 -0.290621936 -2.255405188 -2.674933434 0.962595344 0.020518538 -0.268753618 -0.027581789
1403715932284058112.000000 -0.293109357 -2.260427952 -2.743525505 0.967745602 0.020007346 -0.249417990 -0.029307371
1403715932334057984.000000 -0.291579068 -2.264815569 -2.804875374 0.972098291 0.019276695 -0.231736571 -0.030846681
1403715932384058112.000000 -0.288840473 -2.268301487 -2.864197969 0.975646913 0.019047359 -0.216116756 -0.032308549
1403715932434057984.000000 -0.284473002 -2.271240950 -2.916909218 0.978220701 0.018268904 -0.204040512 -0.033437058
1403715932484058112.000000 -0.277800083 -2.272386312 -2.962635040 0.980258226 0.016451448 -0.193888038 -0.035078887
1403715932534057984.000000 -0.267971337 -2.272101879 -3.002080679 0.982256114 0.014876674 -0.183360711 -0.036477298
1403715932584058112.000000 -0.254923880 -2.271404028 -3.033409357 0.984338284 0.013381019 -0.171678096 -0.037760101
1403715932634057984.000000 -0.238760650 -2.269265175 -3.057655573 0.986152709 0.010475673 -0.160759315 -0.039365221
1403715932684058112.000000 -0.219232380 -2.266378880 -3.073648930 0.987537026 0.008796414 -0.151828110 -0.040514749
1403715932734057984.000000 -0.196470857 -2.262731791 -3.080383539 0.988723338 0.008174759 -0.143622071 -0.041617561
1403715932784058112.000000 -0.170988679 -2.258552790 -3.077999353 0.989272356 0.008403550 -0.139647052 -0.042051740
1403715932834057984.000000 -0.142686605 -2.254050255 -3.066096306 0.988833487 0.009260982 -0.142691329 -0.041973822
1403715932884058112.000000 -0.112719119 -2.249133110 -3.045048952 0.986698925 0.011788970 -0.156903639 -0.040837016
1403715932934057984.000000 -0.081058979 -2.243634224 -3.015154123 0.982561588 0.013231742 -0.181272835 -0.039215777
1403715932984058112.000000 -0.125009000 -2.238156080 -2.847633600 0.976441026 0.014475193 -0.212051943 -0.037248991
1403715933034057984.000000 -0.105940461 -2.227684498 -2.785107851 0.969350934 0.015576649 -0.242610142 -0.035448574
1403715933084058112.000000 -0.084979773 -2.216301918 -2.723264694 0.961715102 0.016824560 -0.271449417 -0.033708975
1403715933134057984.000000 -0.058873177 -2.208848238 -2.656408310 0.953411400 0.017612971 -0.299442559 -0.032105021
1403715933184058112.000000 -0.035031438 -2.201058388 -2.591608763 0.943954408 0.018066647 -0.328136653 -0.030825080
1403715933234057984.000000 -0.012324333 -2.192298889 -2.526865959 0.934613824 0.018699350 -0.353909701 -0.029920660
1403715933284058112.000000 0.011230588 -2.183699131 -2.460886002 0.924476206 0.018469414 -0.379675925 -0.029136555
1403715933334057984.000000 0.030963302 -2.173986435 -2.398411274 0.913957596 0.015652049 -0.404513240 -0.028383214
1403715933384058112.000000 0.051496625 -2.163594246 -2.333402157 0.902715683 0.009861175 -0.429240346 -0.027565818
1403715933434057984.000000 0.066653371 -2.151125669 -2.277597904 0.890693843 0.002670664 -0.453841329 -0.026183406
1403715933484058112.000000 0.078941464 -2.138720274 -2.229279041 0.878286123 -0.004849406 -0.477471441 -0.024718866
1403715933534057984.000000 0.055025220 -2.014689684 -2.013079166 0.881042242 0.003724279 -0.472976059 -0.006664326
1403715933584058112.000000 0.061524034 -2.003284931 -1.985189080 0.871283054 0.000379734 -0.490750402 -0.005452052
1403715933634057984.000000 0.066275239 -1.991439104 -1.967603445 0.862485051 -0.001820798 -0.506063759 -0.003961433
1403715933684058112.000000 0.069591641 -1.978956223 -1.962271690 0.856234610 0.000881596 -0.516576409 -0.003229537
1403715933734057984.000000 0.070873618 -1.967515707 -1.969613791 0.851599932 0.005770763 -0.524151981 -0.002992989
1403715933784058112.000000 0.070425034 -1.955926061 -1.991657972 0.849557042 0.009909904 -0.527396381 -0.002766601
1403715933834057984.000000 0.100827575 -2.134987354 -2.199569225 0.836703181 0.001361030 -0.546801865 -0.030556694
1403715933884058112.000000 0.095167160 -2.121705294 -2.249129772 0.842911065 0.004906228 -0.537134290 -0.031044371
1403715933934057984.000000 0.091282010 -2.027858257 -2.320183992 0.853184223 0.004911823 -0.521171093 -0.020817149
1403715933984058112.000000 0.124917269 -2.060227394 -2.391685486 0.872520685 0.008496255 -0.487543732 -0.030604638
1403715934034057984.000000 0.116113782 -2.043485641 -2.476841927 0.891956270 0.007088930 -0.451003373 -0.030979298
1403715934084058112.000000 0.063443780 -1.981037378 -2.573207855 0.910202861 0.006703028 -0.413468748 -0.023008477
1403715934134057984.000000 0.050179720 -1.964019060 -2.665103436 0.928198516 0.005007713 -0.371298671 -0.023660628
1403715934184058112.000000 0.032261848 -1.946615696 -2.755863667 0.944512546 0.004313093 -0.327544659 -0.024330473
1403715934234057984.000000 0.007261157 -1.928890467 -2.842480183 0.956334293 0.003662152 -0.291199684 -0.024781212
1403715934284058112.000000 -0.022695422 -1.910797834 -2.924418688 0.965463996 0.004674009 -0.259214342 -0.025795689
1403715934334057984.000000 -0.056333184 -1.892632723 -3.000894785 0.972060025 0.003492927 -0.233173057 -0.026785592
1403715934384058112.000000 -0.091803670 -1.874557257 -3.071227074 0.977465510 0.002189324 -0.209187090 -0.028236294
1403715934434057984.000000 -0.128822088 -1.856394291 -3.134348869 0.981781244 0.002244629 -0.187655032 -0.029770324
1403715934484058112.000000 -0.166653931 -1.838175058 -3.189202785 0.985253155 0.001216609 -0.168180838 -0.031463575
1403715934534057984.000000 -0.204335809 -1.819978476 -3.235640764 0.987908065 -0.000093049 -0.151321217 -0.033758380
1403715934584058112.000000 -0.241245806 -1.802185774 -3.272337914 0.990096986 -0.001466439 -0.135631606 -0.036192641
1403715934634057984.000000 -0.275958657 -1.784937859 -3.298310280 0.991619885 -0.003231447 -0.123172075 -0.038836773
1403715934684058112.000000 -0.446362376 -1.881656170 -3.080303907 0.992605567 -0.006305158 -0.113830283 -0.041678824
1403715934734057984.000000 -0.486339301 -1.874278545 -3.068108559 0.992972851 -0.010111498 -0.108978763 -0.045015283
1403715934784058112.000000 -0.520033717 -1.867335320 -3.043368340 0.992916703 -0.014666713 -0.107477210 -0.048476357
1403715934834057984.000000 -0.552371204 -1.862927437 -3.006529808 0.991609037 -0.017271467 -0.117244914 -0.051643152
1403715934884058112.000000 -0.582234144 -1.860369921 -2.958567619 0.988390207 -0.015972869 -0.141196430 -0.053789236
1403715934934057984.000000 -0.608727098 -1.859345913 -2.900527477 0.983155549 -0.014561780 -0.173523501 -0.055522598
1403715934984058112.000000 -0.630390227 -1.862478733 -2.837217093 0.976238251 -0.014637819 -0.208601356 -0.056833927
1403715935034057984.000000 -0.606717527 -1.796440840 -2.670314550 0.967848122 -0.013517917 -0.244483873 -0.057576124
1403715935084058112.000000 -0.633691609 -1.795376062 -2.585329294 0.957788944 -0.012506166 -0.281320214 -0.057817753
1403715935134057984.000000 -0.663168371 -1.795213938 -2.496071815 0.947290719 -0.009880761 -0.315025359 -0.057460796
1403715935184058112.000000 -0.697099686 -1.799798250 -2.407818317 0.936131954 -0.008368517 -0.346888274 -0.057056885
1403715935234057984.000000 -0.726051152 -1.877578735 -2.305392265 0.926656604 -0.006472248 -0.370163471 -0.065151446
1403715935284058112.000000 -0.768149316 -1.880079746 -2.211431265 0.916912913 -0.004363031 -0.393740237 -0.064963646
1403715935334057984.000000 -0.814889967 -1.882679224 -2.118361473 0.907765925 -0.001282755 -0.414396405 -0.065077081
1403715935384058112.000000 -0.663045228 -1.761578560 -1.993762493 0.899916351 -0.000385540 -0.431232959 -0.064719267
1403715935434057984.000000 -0.711286068 -1.672544003 -1.916435480 0.891147792 0.002151043 -0.450151354 -0.056699760
1403715935484058112.000000 -0.758265436 -1.664898634 -1.832471848 0.884698570 0.003714513 -0.462629855 -0.057169452
1403715935534057984.000000 -0.804422438 -1.664709091 -1.756551862 0.879220903 0.005653207 -0.472838998 -0.057983406
1403715935584058112.000000 -0.859743237 -1.655889988 -1.684011102 0.874870598 0.007540115 -0.480709285 -0.058849223
1403715935634057984.000000 -0.911331356 -1.654881239 -1.610319853 0.870261312 0.007873048 -0.488911033 -0.059576310
1403715935684058112.000000 -0.969520271 -1.731018782 -1.543161750 0.867010951 0.009118531 -0.493439585 -0.068748720
1403715935734057984.000000 -1.036460638 -1.713741302 -1.491805911 0.862018704 0.010535048 -0.501995683 -0.069377251
1403715935784058112.000000 -1.087934613 -1.702099562 -1.439472556 0.857227862 0.010616051 -0.510050654 -0.069972061
1403715935834057984.000000 -1.157904387 -1.599374056 -1.416221499 0.851534069 0.011241500 -0.520497620 -0.062013384
1403715935884058112.000000 -1.227756858 -1.582315683 -1.395145535 0.848329484 0.012095558 -0.525644660 -0.062358703
1403715935934057984.000000 -1.299636841 -1.563787341 -1.385095716 0.847936511 0.012315193 -0.526270926 -0.062377445
1403715935984058112.000000 -1.373101711 -1.543608546 -1.386774778 0.852537990 0.011921800 -0.518737197 -0.062837698
1403715936034057984.000000 -1.447460890 -1.521857262 -1.399427652 0.862749815 0.010674171 -0.501546919 -0.063241959
1403715936084058112.000000 -1.522938728 -1.499106050 -1.420838833 0.876613319 0.008811492 -0.476919264 -0.063399710
1403715936134057984.000000 -1.318037033 -1.588911057 -1.555144787 0.891387105 0.011193139 -0.448631465 -0.063511588
1403715936184058112.000000 -1.373097539 -1.572752476 -1.602262497 0.906053782 0.009944212 -0.418221861 -0.063703716
1403715936234057984.000000 -1.428430915 -1.556295395 -1.652958393 0.919822872 0.009053878 -0.387018710 -0.063721910
1403715936284058112.000000 -1.483821273 -1.539357185 -1.705829740 0.932420373 0.007221998 -0.355634540 -0.063751109
1403715936334057984.000000 -1.540232539 -1.522591352 -1.758288503 0.941949964 0.003925876 -0.329743117 -0.063122280
1403715936384058112.000000 -1.597010493 -1.506182909 -1.809195399 0.949381948 -0.002037381 -0.307836741 -0.062501736
1403715936434057984.000000 -1.654088736 -1.490336895 -1.857274055 0.954355419 -0.005230496 -0.292150915 -0.061857000
1403715936484058112.000000 -1.710537910 -1.475347519 -1.901708841 0.957500815 -0.008301446 -0.281684071 -0.061461054
1403715936534057984.000000 -1.765696764 -1.461502314 -1.942665577 0.960041463 -0.012695850 -0.272801578 -0.061143305
1403715936584058112.000000 -1.819259644 -1.449290276 -1.979686022 0.961939335 -0.017778313 -0.265792847 -0.060917474
1403715936634057984.000000 -1.870460987 -1.438670397 -2.012929440 0.963414371 -0.023291459 -0.259916753 -0.061102979
1403715936684058112.000000 -1.919062376 -1.429763317 -2.041852951 0.964374602 -0.028711526 -0.255756587 -0.061204296
1403715936734057984.000000 -1.965624094 -1.422820568 -2.066075802 0.963911772 -0.029264234 -0.257389009 -0.061389189
1403715936784058112.000000 -1.727735043 -1.277171016 -1.875519991 0.973487318 0.008280131 -0.224847138 -0.041204035
1403715936834057984.000000 -1.765388489 -1.281530142 -1.895580769 0.970893264 0.012485783 -0.235644519 -0.041013476
1403715936884058112.000000 -1.765704870 -1.325507879 -2.102966785 0.955220640 -0.024398517 -0.285952508 -0.072037153
1403715936934057984.000000 -1.523367405 -1.096355915 -1.904422522 0.965242922 0.018142924 -0.257825106 -0.038771588
1403715936984058112.000000 -1.800276756 -1.302292585 -2.125359535 0.949687541 -0.021859583 -0.303319305 -0.074921653
1403715937034057984.000000 -1.814810634 -1.291774273 -2.134175062 0.946857095 -0.020923140 -0.311107278 -0.078968979
1403715937084058112.000000 -1.828313351 -1.281839848 -2.141673565 0.943239152 -0.020083344 -0.320506901 -0.084687673
1403715937134057984.000000 -1.854322314 -1.212918520 -2.162167311 0.938823581 -0.015296684 -0.334530622 -0.080408752
1403715937184058112.000000 -1.865464807 -1.204219341 -2.168934584 0.934893847 -0.015449444 -0.343052864 -0.089719601
1403715937234057984.000000 -1.875914454 -1.195798635 -2.175854683 0.931196153 -0.014682507 -0.350184262 -0.100145817
1403715937284058112.000000 -1.887502432 -1.187698841 -2.182420492 0.927515864 -0.015610332 -0.356122643 -0.112460367
1403715937334057984.000000 -1.899955750 -1.180091381 -2.188991308 0.924636304 -0.014114481 -0.359158099 -0.125913039
1403715937384058112.000000 -1.913813591 -1.173084021 -2.195554733 0.922173440 -0.013846885 -0.360278398 -0.140014574
1403715937434057984.000000 -1.929266691 -1.166817665 -2.202039003 0.919494689 -0.014015084 -0.361263543 -0.154343337
1403715937484058112.000000 -1.947074890 -1.161475182 -2.208432198 0.915579617 -0.013221380 -0.365295351 -0.167626306
1403715937534057984.000000 -1.967840075 -1.157278299 -2.214321136 0.909259379 -0.013727491 -0.375296175 -0.179476544
1403715937584058112.000000 -1.990208626 -1.153909683 -2.221436739 0.901473343 -0.010903146 -0.388441473 -0.190630987
1403715937634057984.000000 -2.012253046 -1.150705099 -2.231816292 0.893423736 -0.008091364 -0.401070058 -0.202166945
1403715937684058112.000000 -1.868896723 -0.922621012 -2.478662491 0.885822654 -0.006046256 -0.412206799 -0.212995887
1403715937734057984.000000 -1.864587188 -0.960727930 -2.496086121 0.879059494 -0.003827544 -0.415520698 -0.233628809
1403715937784058112.000000 -1.868495226 -0.942470312 -2.530160427 0.873412073 -0.003378706 -0.421153963 -0.244477838
1403715937834057984.000000 -1.871624589 -0.923506498 -2.569362879 0.868284941 -0.001359875 -0.425168812 -0.255560249
1403715937884058112.000000 -1.873333931 -0.903411150 -2.614251614 0.863570809 -0.001774973 -0.428140521 -0.266342014
1403715937934057984.000000 -1.886258721 -0.830256462 -2.677752495 0.859854162 -0.000527513 -0.434607238 -0.267894030
1403715937984058112.000000 -1.886985898 -0.808756590 -2.733781338 0.855340123 0.001472257 -0.436054558 -0.279727817
1403715938034057984.000000 -1.886762977 -0.785929203 -2.795815706 0.850699663 0.001662707 -0.437148124 -0.291905582
1403715938084058112.000000 -1.885231018 -0.761542320 -2.864352465 0.845588982 0.002686142 -0.438674062 -0.304199308
1403715938134057984.000000 -1.875962853 -0.751438141 -2.922544956 0.840600252 0.004218285 -0.439179391 -0.317009389
1403715938184058112.000000 -1.868476272 -0.724040985 -3.005216122 0.835014582 0.005570182 -0.439975858 -0.330364853
1403715938234057984.000000 -1.856407404 -0.694317818 -3.096473694 0.831281841 0.005892055 -0.436681181 -0.343868434
1403715938284058112.000000 -1.839898109 -0.662442207 -3.196060419 0.829902768 0.007981947 -0.427414328 -0.358489543
1403715938334057984.000000 -1.818542957 -0.628928661 -3.303153515 0.831014276 0.010067234 -0.412149578 -0.373425573
1403715938384058112.000000 -1.793052435 -0.593688965 -3.416311264 0.831727743 0.012381558 -0.396432072 -0.388480723
1403715938434057984.000000 -1.764891624 -0.557829857 -3.533181429 0.831018090 0.010010052 -0.383479834 -0.402805328
1403715938484058112.000000 -1.731145620 -0.543280125 -3.645568371 0.829980254 0.005960471 -0.370184213 -0.417206317
1403715938534057984.000000 -1.703330398 -0.501361370 -3.764773369 0.827246666 0.000722277 -0.360844314 -0.430643559
1403715938584058112.000000 -1.671890855 -0.467466831 -3.887258053 0.823992848 -0.004139366 -0.353749186 -0.442583680
1403715938634057984.000000 -1.650863290 -0.419862747 -4.004164696 0.820347667 -0.007391630 -0.349741578 -0.452389151
1403715938684058112.000000 -1.615525961 -0.386039257 -4.128658295 0.815817475 -0.009375953 -0.349368483 -0.460755467
