1413394925005760512.000000 0.044636142 0.051741172 0.092371181 0.017145367 0.014099820 -0.028468817 0.999348223
1413394925055760384.000000 0.033695385 0.036670618 0.071587138 0.024966765 0.019245513 -0.040828653 0.998668790
1413394925105760512.000000 0.039154880 0.042492609 0.092002392 0.031680323 0.017569490 -0.050415251 0.998071194
1413394925155760384.000000 0.046349995 0.049061235 0.112980187 0.039591152 0.013169321 -0.057083122 0.997497261
1413394925205760512.000000 0.051936563 0.049847621 0.129332259 0.045891024 0.010038296 -0.067864724 0.996588051
1413394925255760384.000000 0.149457991 0.115423687 0.280274004 0.050337706 -0.002101644 -0.072296448 0.996109903
1413394925305760512.000000 0.075160310 0.050683886 0.159046814 0.058509570 -0.002259627 -0.081354029 0.994963884
1413394925355760384.000000 0.169225171 0.109252773 0.306261063 0.060126353 -0.007878603 -0.087344959 0.994330764
1413394925405760512.000000 0.176808044 0.105125315 0.320728451 0.065267242 -0.009519040 -0.088047132 0.993930221
1413394925455760384.000000 0.183399528 0.099249728 0.333272815 0.070707440 -0.010698184 -0.083125412 0.993969917
1413394925505760512.000000 0.231667489 0.064067073 0.433281898 0.075924337 -0.011984160 -0.075962685 0.994143665
1413394925555760384.000000 0.231145844 0.050229736 0.446100384 0.079156131 -0.009899568 -0.071955726 0.994212627
1413394925605760512.000000 0.231963992 0.037958961 0.457407206 0.082409225 -0.009424608 -0.068959132 0.994165242
1413394925655760384.000000 0.230993330 0.020613091 0.473164707 0.086591974 -0.008855970 -0.063003786 0.994210243
1413394925705760512.000000 0.229772642 0.006649515 0.487308204 0.093130365 -0.010201514 -0.048543476 0.994417548
1413394925755760384.000000 0.260741949 -0.089811541 0.580820143 0.100974478 -0.016845815 -0.030871345 0.994267285
1413394925805760512.000000 0.259243965 -0.105684802 0.595836759 0.105644628 -0.017362844 -0.018561479 0.994079113
1413394925855760384.000000 0.257897615 -0.123732716 0.612344205 0.108532868 -0.018304212 -0.008151908 0.993890941
1413394925905760512.000000 0.257237494 -0.141637459 0.628859401 0.112107448 -0.019021194 -0.001948295 0.993512154
1413394925955760384.000000 0.269575447 -0.149148464 0.645315647 0.119075820 -0.025272906 0.007500247 0.992535114
1413394926005760512.000000 0.287522674 -0.292302191 0.716819465 0.117624067 -0.023983620 0.002078812 0.992766440
1413394926055760384.000000 0.288255751 -0.316307843 0.725966275 0.118302025 -0.023701059 -0.004398924 0.992685020
1413394926105760512.000000 0.287048697 -0.206479296 0.666240990 0.123141222 -0.031714331 -0.006370445 0.991861880
1413394926155760384.000000 0.309016615 -0.208380997 0.666048288 0.126370460 -0.037383605 -0.013995798 0.991179645
1413394926205760512.000000 0.308509678 -0.356253415 0.758138537 0.124206059 -0.031638276 -0.022964556 0.991486013
1413394926255760384.000000 0.324705034 -0.506404400 0.851647973 0.122725852 -0.027692107 -0.033117913 0.991501272
1413394926305760512.000000 0.327821106 -0.516792119 0.865353763 0.128159925 -0.031909868 -0.028263357 0.990837038
1413394926355760384.000000 0.329775035 -0.543299675 0.877545953 0.129104644 -0.036571790 -0.024826381 0.990645349
1413394926405760512.000000 0.343297541 -0.552451372 0.882047594 0.134164810 -0.044555925 -0.019766672 0.989759564
1413394926455760384.000000 0.345062375 -0.593137503 0.902071834 0.133644536 -0.046014946 -0.019737385 0.989763737
1413394926505760512.000000 0.369624168 -0.751823545 0.990916252 0.139046043 -0.045524739 -0.019566162 0.989045441
1413394926555760384.000000 0.374878258 -0.777310491 1.005166769 0.146883622 -0.045019835 -0.016425908 0.987992227
1413394926605760512.000000 0.364987612 -0.781704783 1.032742620 0.165838808 -0.042430412 -0.007347536 0.985212266
1413394926655760384.000000 0.375327945 -0.808701217 1.040168285 0.178666756 -0.041333653 -0.002488444 0.983037949
1413394926705760512.000000 0.389974982 -0.842774272 1.050736070 0.195410416 -0.043347053 0.007947409 0.979730964
1413394926755760384.000000 0.433657497 -1.025170803 1.150778532 0.213745460 -0.040187154 0.007175628 0.976036131
1413394926805760512.000000 0.436672121 -1.047912598 1.172822356 0.236152336 -0.040938135 0.017657731 0.970692754
1413394926855760384.000000 0.447491139 -1.072369218 1.187853217 0.258509934 -0.043005757 0.027983295 0.964645088
1413394926905760512.000000 0.448976070 -1.095923185 1.214750171 0.280362636 -0.043035332 0.035818074 0.958259821
1413394926955760384.000000 0.453281403 -1.114784598 1.239274502 0.300278991 -0.045285955 0.042929642 0.951808214
1413394927005760512.000000 0.504658878 -1.264955640 1.339609265 0.312440008 -0.045723323 0.033024773 0.948261619
1413394927055760384.000000 0.515954018 -1.302417040 1.385808706 0.322423488 -0.041776113 0.023894930 0.945371389
1413394927105760512.000000 0.526167274 -1.336412072 1.435322165 0.327131450 -0.033319227 0.004404217 0.944380999
1413394927155760384.000000 0.533786476 -1.367595792 1.487028837 0.330102086 -0.027400855 -0.015089812 0.943426847
1413394927205760512.000000 0.542474747 -1.396252632 1.539926291 0.331370711 -0.018897729 -0.033773761 0.942706585
1413394927255760384.000000 0.545557618 -1.417278767 1.579242826 0.330986291 -0.011105271 -0.052606665 0.942102671
1413394927305760512.000000 0.555515885 -1.439995050 1.623324156 0.330940306 -0.006545771 -0.064962387 0.941390276
1413394927355760384.000000 0.566957414 -1.461600065 1.665696621 0.330373734 -0.005913351 -0.075846493 0.940779269
1413394927405760512.000000 0.582051039 -1.484062076 1.707162261 0.331328541 -0.008694921 -0.080010951 0.940076649
1413394927455760384.000000 0.600387335 -1.508037806 1.746325493 0.332179457 -0.010003570 -0.081709519 0.939617157
1413394927505760512.000000 0.620785892 -1.532991886 1.781882167 0.333111972 -0.013498032 -0.081236646 0.939284205
1413394927555760384.000000 0.680307031 -1.578480363 1.887023687 0.335211724 -0.021408318 -0.077981815 0.938665926
1413394927605760512.000000 0.712208092 -1.604982734 1.930735707 0.335529000 -0.023752004 -0.076294832 0.938634813
1413394927655760384.000000 0.746120751 -1.631685615 1.973431349 0.336744338 -0.023617158 -0.074697994 0.938331366
1413394927705760512.000000 0.769760966 -1.650696158 2.000372410 0.337859869 -0.024184059 -0.076088421 0.937804103
1413394927755760384.000000 0.815415263 -1.686880827 2.058250427 0.340346396 -0.023215896 -0.074266881 0.937075198
1413394927805760512.000000 0.843806386 -1.711661220 2.092849731 0.340781778 -0.019399678 -0.077645078 0.936729789
1413394927855760384.000000 0.867956102 -1.738590717 2.123425007 0.341411054 -0.016203087 -0.079792716 0.936380863
1413394927905760512.000000 0.897542596 -1.766850114 2.172226667 0.342352778 -0.016117202 -0.080328956 0.935992539
1413394927955760384.000000 0.934745431 -1.804714203 2.233665466 0.343353868 -0.017324749 -0.080420636 0.935596347
1413394928005760512.000000 0.938771546 -1.822217107 2.250045776 0.343894184 -0.014979783 -0.080589101 0.935423911
1413394928055760384.000000 0.955476522 -1.850392938 2.287696838 0.343289047 -0.009808260 -0.083669007 0.935444295
1413394928105760512.000000 0.971592367 -1.879904747 2.327769756 0.341829449 -0.002076696 -0.088671334 0.935567081
1413394928155760384.000000 0.983205199 -1.910520434 2.360561609 0.340035498 0.008176259 -0.094036847 0.935663521
1413394928205760512.000000 1.000635982 -1.943651319 2.411947012 0.339252472 0.019508926 -0.095390566 0.935643017
1413394928255760384.000000 1.050312996 -2.000854731 2.505248070 0.338755697 0.027480414 -0.097155333 0.935441196
1413394928305760512.000000 1.065980554 -2.035942316 2.546203613 0.337460667 0.038056921 -0.097583003 0.935494304
1413394928355760384.000000 1.081239104 -2.071298838 2.584020138 0.336692393 0.044609126 -0.097375825 0.935503185
1413394928405760512.000000 1.089978218 -2.104645014 2.605981112 0.336873770 0.047472991 -0.094488278 0.935593069
1413394928455760384.000000 1.095552921 -2.132667780 2.631910324 0.338308603 0.043072555 -0.088004217 0.935920596
1413394928505760512.000000 1.109430194 -2.170249701 2.663386822 0.340645373 0.035486639 -0.079026148 0.936192513
1413394928555760384.000000 1.124324203 -2.207345486 2.690192223 0.342239082 0.029491076 -0.072459280 0.936350524
1413394928605760512.000000 1.132232666 -2.239296913 2.703797579 0.342808038 0.023177693 -0.067770943 0.936671019
1413394928655760384.000000 1.158887148 -2.277533770 2.740729809 0.343578070 0.016854504 -0.062253848 0.936906934
1413394928705760512.000000 1.155026078 -2.302303314 2.745540142 0.342066437 0.016208811 -0.062244009 0.937471867
1413394928755760384.000000 1.177828193 -2.349847317 2.783370495 0.341663569 0.013035488 -0.059886426 0.937821805
1413394928805760512.000000 1.185078859 -2.379271984 2.793825388 0.340211719 0.011942209 -0.060698871 0.938311875
1413394928855760384.000000 1.199868798 -2.405858755 2.814562321 0.337171048 0.013510155 -0.065960631 0.939032733
1413394928905760512.000000 1.203612089 -2.435684443 2.825599670 0.333862573 0.016262919 -0.072052605 0.939723253
1413394928955760384.000000 1.207688212 -2.472241402 2.855678558 0.332760990 0.016685331 -0.072898261 0.940041304
1413394929005760512.000000 1.206159592 -2.502550840 2.866424561 0.331258982 0.017023524 -0.074168772 0.940466285
1413394929055760384.000000 1.215592146 -2.518808603 2.884694576 0.330592543 0.016551478 -0.073169351 0.940787435
1413394929105760512.000000 1.211115718 -2.548840761 2.893188953 0.330638230 0.020939168 -0.070703126 0.940872550
1413394929155760384.000000 1.209582448 -2.579571247 2.914762735 0.330767810 0.027494589 -0.067969367 0.940859675
1413394929205760512.000000 1.204915166 -2.609333515 2.919745922 0.331599027 0.032932773 -0.063886583 0.940678537
1413394929255760384.000000 1.216080427 -2.638486385 2.952663898 0.334736109 0.032949567 -0.057169996 0.939998746
1413394929305760512.000000 1.211274624 -2.666329861 2.953929663 0.337074488 0.035022642 -0.049474191 0.939524651
1413394929355760384.000000 1.204479694 -2.689758778 2.952518463 0.337726772 0.035584979 -0.043316476 0.939573348
1413394929405760512.000000 1.200325012 -2.714786768 2.950783730 0.338617235 0.034043401 -0.039489023 0.939478636
1413394929455760384.000000 1.189934254 -2.734619379 2.955387115 0.338582605 0.031832557 -0.039537027 0.939566612
1413394929505760512.000000 1.185581446 -2.755461454 2.951489925 0.338674635 0.023049854 -0.040145501 0.939764142
1413394929555760384.000000 1.197247744 -2.769565105 2.960973740 0.339206636 0.007957052 -0.039887499 0.939832211
1413394929605760512.000000 1.193030000 -2.786296606 2.956768274 0.338305831 -0.002961247 -0.043120634 0.940043151
1413394929655760384.000000 1.207302809 -2.796857834 2.985751390 0.338140845 -0.012843631 -0.047731806 0.939796567
1413394929705760512.000000 1.205228925 -2.811268330 2.982085466 0.335435063 -0.015708348 -0.053915251 0.940388143
1413394929755760384.000000 1.195190668 -2.824997187 2.963573456 0.331371576 -0.015561268 -0.059047181 0.941522300
1413394929805760512.000000 1.191778660 -2.838728666 2.961282969 0.329265624 -0.014408423 -0.063088261 0.942017257
1413394929855760384.000000 1.207217455 -2.848069191 3.000630617 0.330508739 -0.014444400 -0.064419501 0.941491127
1413394929905760512.000000 1.199841976 -2.862305403 2.999398708 0.329882175 -0.009248909 -0.064176872 0.941792786
1413394929955760384.000000 1.196823359 -2.875434399 3.012094736 0.329872876 -0.001896346 -0.061894920 0.941992283
1413394930005760512.000000 1.185346007 -2.889581680 3.011334896 0.329325229 0.007289841 -0.060554482 0.942244589
1413394930055760384.000000 1.170810580 -2.903113604 3.009439468 0.328695178 0.015338673 -0.059684142 0.942423582
1413394930105760512.000000 1.154100299 -2.915912390 3.006182671 0.327915817 0.022292644 -0.059732165 0.942553103
1413394930155760384.000000 1.153040171 -2.922537804 3.035239220 0.328076422 0.029786913 -0.057931360 0.942402542
1413394930205760512.000000 1.138791084 -2.932535410 3.033485889 0.327763617 0.038053270 -0.057377480 0.942247808
1413394930255760384.000000 1.123940110 -2.943840027 3.029568672 0.327939034 0.047984838 -0.053309161 0.941972256
1413394930305760512.000000 1.111228228 -2.951436758 3.023397923 0.330539942 0.053967077 -0.044728938 0.941185534
1413394930355760384.000000 1.103201866 -2.955060720 3.024927616 0.333019465 0.051390305 -0.036943216 0.940793455
1413394930405760512.000000 1.087969661 -2.958753109 3.015546799 0.334805876 0.035502531 -0.033714972 0.941014349
1413394930455760384.000000 1.068955302 -2.960698843 3.005255938 0.335191190 0.011943433 -0.034657408 0.941436708
1413394930505760512.000000 1.051683784 -2.960534334 2.995416641 0.334781736 -0.017932644 -0.038005587 0.941358149
1413394930555760384.000000 1.041561842 -2.955754042 2.997252226 0.334338874 -0.050237078 -0.041994479 0.940175653
1413394930605760512.000000 1.019701004 -2.953671455 2.990926266 -0.332353026 0.080921434 0.046510201 -0.938525438
1413394930655760384.000000 0.996691585 -2.954221964 2.986747742 0.328850240 -0.105617739 -0.050800428 0.937081516
1413394930705760512.000000 0.974276960 -2.953233719 2.988273382 0.324326724 -0.118300900 -0.062283441 0.936449587
1413394930755760384.000000 0.959573627 -2.955013275 2.998376369 0.320151329 -0.118219264 -0.072130002 0.937189817
1413394930805760512.000000 0.943813860 -2.959094524 3.010909796 -0.316970497 0.101740614 0.079895750 -0.939571857
1413394930855760384.000000 0.933562100 -2.961484671 3.032523155 0.315655172 -0.079485886 -0.084413350 0.941763401
1413394930905760512.000000 0.922224104 -2.970350742 3.050895214 0.314831018 -0.052175246 -0.082899399 0.944079936
1413394930955760384.000000 0.916176677 -2.980550528 3.071947813 0.315402448 -0.021870339 -0.078887105 0.945420504
1413394931005760512.000000 0.909950852 -2.992756844 3.091018200 0.316096663 0.004583544 -0.072700821 0.945926309
1413394931055760384.000000 0.907607913 -3.004693031 3.110045910 0.316141605 0.024908450 -0.067989193 0.945944786
1413394931105760512.000000 0.906186581 -3.016632080 3.125168324 0.316333741 0.038391870 -0.063909814 0.945713818
1413394931155760384.000000 0.905932546 -3.025378227 3.135315418 0.315450519 0.046938233 -0.062423188 0.945722580
1413394931205760512.000000 0.909257770 -3.035051107 3.142923594 0.314433545 0.053323884 -0.061109170 0.945808589
1413394931255760384.000000 0.915519238 -3.040159225 3.144612789 0.314981341 0.057702761 -0.057831865 0.945575356
1413394931305760512.000000 0.926963806 -3.047612906 3.143745899 0.314272374 0.064991303 -0.055981182 0.945449710
1413394931355760384.000000 0.940791368 -3.051596403 3.136086464 0.314113200 0.072085604 -0.051527191 0.945241570
1413394931405760512.000000 0.958101153 -3.055515528 3.126311779 0.314782351 0.072871320 -0.047403604 0.945174515
1413394931455760384.000000 0.970512629 -3.055935383 3.111690760 0.313056499 0.063854240 -0.049991515 0.946265936
1413394931505760512.000000 0.981925666 -3.056784153 3.096835375 0.310689509 0.046455815 -0.054930788 0.947785079
1413394931555760384.000000 0.985339463 -3.056007385 3.076769114 0.307661414 0.029026071 -0.062211908 0.949016154
1413394931605760512.000000 0.990556479 -3.055338144 3.058815241 0.305644274 0.014826244 -0.068552539 0.949559093
1413394931655760384.000000 0.995494485 -3.053587914 3.042584658 0.305319250 0.004050836 -0.076378435 0.949173391
1413394931705760512.000000 0.996181905 -3.053886414 3.023023605 0.306253433 -0.001934768 -0.086482443 0.948011577
1413394931755760384.000000 0.994535208 -3.056453466 3.002695322 0.308937311 -0.003992285 -0.099801771 0.945823193
1413394931805760512.000000 0.991985083 -3.060590029 2.981743336 0.314209253 -0.003692896 -0.113458902 0.942542374
1413394931855760384.000000 0.987855613 -3.068104506 2.962021112 0.323483706 -0.003485252 -0.124251895 0.938033938
1413394931905760512.000000 0.981174827 -3.078199625 2.939278126 0.336897552 -0.004647241 -0.129253134 0.932615757
1413394931955760384.000000 0.973537326 -3.092482090 2.918096066 0.353833497 -0.005824482 -0.129930794 0.926221371
1413394932005760512.000000 0.967362046 -3.108907700 2.893129587 0.373518288 -0.004281796 -0.127620906 0.918791950
1413394932055760384.000000 0.963412702 -3.127824783 2.867904663 0.394841671 0.000582728 -0.124452025 0.910281003
1413394932105760512.000000 0.964057565 -3.147624016 2.838127136 0.418046772 0.007681683 -0.118775919 0.900594354
1413394932155760384.000000 0.967669368 -3.168026209 2.809300900 0.441770434 0.011992320 -0.113471679 0.889842331
1413394932205760512.000000 0.975039661 -3.188614845 2.775960445 0.465259224 0.016586991 -0.107308678 0.878489435
1413394932255760384.000000 0.983496964 -3.208802938 2.743177891 0.489115000 0.016856031 -0.100219801 0.866278529
1413394932305760512.000000 0.995752275 -3.227283001 2.707962275 0.511476874 0.021863192 -0.095752701 0.853665590
1413394932355760384.000000 1.008666158 -3.244000435 2.675562859 0.532884240 0.025165610 -0.094158605 0.840556562
1413394932405760512.000000 1.021833658 -3.258126259 2.641004324 0.551570535 0.033140570 -0.095852919 0.827939570
1413394932455760384.000000 1.033025503 -3.270504951 2.609397411 0.569468856 0.041646343 -0.097996838 0.815087378
1413394932505760512.000000 1.041370273 -3.278911114 2.576471806 0.585647941 0.050105613 -0.102325901 0.802518189
1413394932555760384.000000 1.047098398 -3.285235882 2.546705246 0.601003051 0.057234164 -0.106413789 0.790060639
1413394932605760512.000000 1.048582196 -3.286809444 2.515819788 0.614915252 0.063403428 -0.112567194 0.777938187
1413394932655760384.000000 1.045876026 -3.285725594 2.485151768 0.628131628 0.065755062 -0.119525984 0.766055107
1413394932705760512.000000 1.041062713 -3.281085968 2.455365896 0.640429616 0.065448895 -0.127465591 0.754532218
1413394932755760384.000000 1.038156509 -3.275897264 2.429651976 0.651926875 0.061788801 -0.138262019 0.743005514
1413394932805760512.000000 1.032100797 -3.264989853 2.399352551 0.661790788 0.053977326 -0.150261655 0.732489526
1413394932855760384.000000 1.026668310 -3.252545834 2.370161057 0.670443118 0.043013494 -0.163656101 0.722407460
1413394932905760512.000000 1.020953536 -3.236914635 2.339482069 0.678520262 0.032204296 -0.175585762 0.712560773
1413394932955760384.000000 1.014942050 -3.221151590 2.309456110 0.685582578 0.022375276 -0.186967343 0.703220546
1413394933005760512.000000 1.007583380 -3.204624653 2.279727697 0.693006039 0.014214940 -0.195654348 0.693729043
1413394933055760384.000000 1.001873016 -3.191607237 2.253986120 0.700977504 0.007839787 -0.202571169 0.683764637
1413394933105760512.000000 0.991327345 -3.176234722 2.225461006 0.708613276 0.004969534 -0.208999500 0.673915267
1413394933155760384.000000 0.980185270 -3.163622856 2.198420286 0.717333853 0.003442198 -0.213784561 0.663111210
1413394933205760512.000000 0.965988219 -3.150216818 2.171084404 0.726367056 0.004413338 -0.216101617 0.652435124
1413394933255760384.000000 0.950628102 -3.139414787 2.145816326 0.735840797 0.005533864 -0.217201620 0.641351104
1413394933305760512.000000 0.931563675 -3.126884699 2.120246649 0.744671047 0.009174694 -0.218780831 0.630488694
1413394933355760384.000000 0.909839630 -3.115788698 2.096026421 0.753006160 0.012873475 -0.220231235 0.619930804
1413394933405760512.000000 0.885269821 -3.104484320 2.073048592 0.761104524 0.016110510 -0.220897242 0.609643221
1413394933455760384.000000 0.861445248 -3.096923113 2.053287506 0.768674135 0.018729616 -0.222487718 0.599406838
1413394933505760512.000000 0.831432998 -3.085984230 2.032372952 0.775916696 0.020676248 -0.223436967 0.589577615
1413394933555760384.000000 0.797385693 -3.074101686 2.009300709 0.782813489 0.022371661 -0.224777177 0.579808474
1413394933605760512.000000 0.765433490 -3.063127041 1.989192247 0.790210009 0.024529980 -0.224950239 0.569529533
1413394933655760384.000000 0.739588320 -3.059257269 1.973780870 0.798384130 0.027648909 -0.222428605 0.558877409
1413394933705760512.000000 0.710349381 -3.047508955 1.953689575 0.806164503 0.032240208 -0.219403014 0.548563361
1413394933755760384.000000 0.680994511 -3.031177044 1.929942608 0.813519776 0.035419650 -0.215626761 0.538921297
1413394933805760512.000000 0.653930306 -3.017283916 1.910746098 0.819348991 0.038530458 -0.212990031 0.530865252
1413394933855760384.000000 0.635772645 -3.010802984 1.898326874 0.824131846 0.039174493 -0.213190302 0.523280084
1413394933905760512.000000 0.609784901 -2.993712425 1.880900621 0.827861547 0.038283195 -0.217489660 0.515633464
1413394933955760384.000000 0.586290121 -2.979049921 1.865604401 0.830254793 0.034930963 -0.227423832 0.507676423
1413394934005760512.000000 0.561173081 -2.959058762 1.849286318 0.833310068 0.031215945 -0.236680180 0.498600483
1413394934055760384.000000 0.539740682 -2.942968845 1.833793879 0.837155521 0.027495265 -0.245028079 0.488237619
1413394934105760512.000000 0.517659664 -2.922674894 1.815967560 0.843043149 0.027155865 -0.246955469 0.477026075
1413394934155760384.000000 0.500633478 -2.906868219 1.798475742 0.850672483 0.030117901 -0.244314834 0.464499205
1413394934205760512.000000 0.479812503 -2.886826277 1.779886246 0.858615994 0.033269104 -0.240533173 0.451459408
1413394934255760384.000000 0.459510893 -2.870205641 1.764013052 0.866036117 0.035997417 -0.239038378 0.437660158
1413394934305760512.000000 0.433165491 -2.849016666 1.747523665 0.872581899 0.037451860 -0.241053820 0.423191696
1413394934355760384.000000 0.406575203 -2.833644867 1.734595180 0.878568172 0.035320740 -0.245580465 0.408118516
1413394934405760512.000000 0.374523073 -2.811415672 1.721462727 0.883971274 0.029328329 -0.251606762 0.392974108
1413394934455760384.000000 0.343057722 -2.791188240 1.711448550 0.888711572 0.022782972 -0.257372022 0.378724694
1413394934505760512.000000 0.306003332 -2.768888712 1.702310085 0.892292857 0.019073183 -0.262546867 0.366768122
1413394934555760384.000000 0.272566795 -2.752113342 1.695579648 0.894954324 0.018511446 -0.267746508 0.356406957
1413394934605760512.000000 0.233629346 -2.731401920 1.688351035 0.897053659 0.020288819 -0.272230536 0.347525120
1413394934655760384.000000 0.201328039 -2.716779470 1.681370020 0.898594260 0.023341697 -0.276207894 0.340136409
1413394934705760512.000000 0.168232828 -2.696819067 1.674770355 0.900314808 0.025783341 -0.277847379 0.334020019
1413394934755760384.000000 0.142688856 -2.680881500 1.668218732 0.902489543 0.023854636 -0.277298987 0.328707933
1413394934805760512.000000 0.116888389 -2.659884453 1.662507176 0.904115856 0.024036746 -0.276349276 0.325004458
1413394934855760384.000000 0.099464163 -2.644786835 1.654260039 0.905499935 0.024732515 -0.274556160 0.322609931
1413394934905760512.000000 0.080991440 -2.624460220 1.647216916 0.906330705 0.024556192 -0.273758054 0.320964575
1413394934955760384.000000 0.071616605 -2.608332396 1.636080027 0.907088995 0.024571033 -0.273013175 0.319452226
1413394935005760512.000000 0.061928626 -2.588150024 1.626899719 0.908050060 0.025651788 -0.269860685 0.319315523
1413394935055760384.000000 0.057605352 -2.573569059 1.614206791 0.909106672 0.025445888 -0.265816033 0.319717705
1413394935105760512.000000 0.054356981 -2.554374695 1.603993654 0.909843683 0.025178796 -0.260760307 0.321799159
1413394935155760384.000000 0.057102788 -2.538965464 1.593556285 0.910133660 0.023314817 -0.255597591 0.325243235
1413394935205760512.000000 0.054616034 -2.520776749 1.586647868 0.909455836 0.023876712 -0.251088321 0.330567271
1413394935255760384.000000 0.051748633 -2.505272627 1.579542756 0.908575833 0.024348015 -0.246626064 0.336263031
1413394935305760512.000000 0.046660315 -2.487317324 1.576520681 0.907842159 0.026269317 -0.241813064 0.341553956
1413394935355760384.000000 0.040738221 -2.469918728 1.575373650 0.907107055 0.030492451 -0.237058431 0.346454173
1413394935405760512.000000 0.030580105 -2.453813314 1.574514389 0.906074464 0.033612676 -0.233823925 0.351035178
1413394935455760384.000000 0.019614473 -2.435390234 1.577703238 0.904352903 0.036448307 -0.233843625 0.355154186
1413394935505760512.000000 0.005924899 -2.418265820 1.582459688 0.901833653 0.037156094 -0.237593293 0.358977705
1413394935555760384.000000 -0.009922206 -2.398655415 1.589462996 0.898669243 0.036502715 -0.243872255 0.362749904
1413394935605760512.000000 -0.027252737 -2.379202604 1.596811295 0.895799100 0.035678774 -0.249349326 0.366191208
1413394935655760384.000000 -0.042085558 -2.357698917 1.605359316 0.893258512 0.035521258 -0.253556550 0.369508594
1413394935705760512.000000 -0.054574925 -2.336017370 1.613154173 0.891469419 0.035420876 -0.255899757 0.372213632
1413394935755760384.000000 -0.063427933 -2.311925650 1.621462822 0.890236199 0.036768347 -0.256218761 0.374806017
1413394935805760512.000000 -0.068154618 -2.290264845 1.628190994 0.889711440 0.038252644 -0.255281985 0.376538694
1413394935855760384.000000 -0.068670042 -2.266328096 1.632285118 0.889475465 0.037847783 -0.253793538 0.378139943
1413394935905760512.000000 -0.068068855 -2.242391109 1.637419939 0.888426542 0.036760617 -0.254907906 0.379959255
1413394935955760384.000000 -0.068812691 -2.216631889 1.642676115 0.887151361 0.035422001 -0.257222384 0.381502897
1413394936005760512.000000 -0.072893113 -2.191926003 1.649861097 0.885420203 0.033611018 -0.263012230 0.381740808
1413394936055760384.000000 -0.080796920 -2.165386200 1.657756329 0.883108974 0.029538175 -0.273617119 0.379973441
1413394936105760512.000000 -0.092032164 -2.139470339 1.666718960 0.881211400 0.024859637 -0.286477268 0.375205666
1413394936205760512.000000 -0.120725840 -2.087306261 1.681998014 0.883810639 0.019139133 -0.303836018 0.355240971
1413394936255760384.000000 -0.136647508 -2.060529232 1.687789798 0.889433920 0.021722166 -0.304702789 0.339987934
1413394936305760512.000000 -0.153845176 -2.036791801 1.692070007 0.896967351 0.026020078 -0.303052783 0.320829630
1413394936405760512.000000 -0.186726213 -1.985724926 1.696886182 0.914987266 0.036353122 -0.294158489 0.273765594
1413394936505760512.000000 -0.216893613 -1.932804585 1.697759628 0.929736614 0.050249677 -0.292062551 0.218550608
1413394936605760512.000000 -0.243484914 -1.875818253 1.696706295 0.938637793 0.063032158 -0.297499001 0.162728041
1413394936705760512.000000 -0.267548203 -1.814295292 1.694882154 0.943180203 0.061118908 -0.306524366 0.112775877
1413394936805760512.000000 -0.287950158 -1.748941183 1.691052794 0.945304036 0.059565790 -0.312934011 0.070174955
1413394936905760512.000000 -0.306049109 -1.679458857 1.685393333 0.945110619 0.060539685 -0.319455683 0.032388207
1413394937005760512.000000 -0.324519396 -1.605540156 1.677630663 0.942573428 0.062673271 -0.328022182 -0.005378806
1413394937105760512.000000 -0.343098521 -1.526770711 1.666147470 0.938251972 0.065471947 -0.336694211 -0.045097236
1413394937205760512.000000 -0.362595320 -1.443590164 1.650092363 0.934072018 0.067660563 -0.340651810 -0.082993269
1413394937255760384.000000 -0.373372436 -1.400884151 1.640696049 0.931471646 0.063488208 -0.344290853 -0.098963335
1413394937305760512.000000 -0.384802461 -1.357499242 1.629836202 0.928755283 0.057173956 -0.348481178 -0.112719752
1413394937355760384.000000 -0.395932794 -1.313556433 1.616723180 0.926919699 0.051431753 -0.350356221 -0.124198467
1413394937455760384.000000 -0.419135213 -1.226504564 1.585794687 0.925342381 0.044236328 -0.349581897 -0.139918298
1413394937555760384.000000 -0.443364978 -1.140430331 1.547242641 0.925360560 0.041415222 -0.346159518 -0.148883060
1413394937655760384.000000 -0.469018340 -1.055240989 1.502665758 0.926729083 0.039394684 -0.341265678 -0.152181208
1413394937755760384.000000 -0.493709207 -0.969251156 1.449902892 0.928993285 0.034229476 -0.335946262 -0.151459366
1413394937855760384.000000 -0.517491519 -0.886241376 1.393807054 0.931067705 0.028268386 -0.333715737 -0.144733101
1413394937955760384.000000 -0.540746033 -0.807769954 1.333223343 0.932508767 0.018000420 -0.336400330 -0.130146891
1413394938055760384.000000 -0.559860468 -0.734217405 1.266064167 0.932299376 0.003571275 -0.343736351 -0.112474553
1413394938155760384.000000 -0.569742978 -0.667290449 1.188750505 0.931183815 -0.009040118 -0.351528883 -0.096137956
1413394938255760384.000000 -0.567505598 -0.609922826 1.096524715 0.931564450 -0.014724882 -0.354666710 -0.078628525
1413394938355760384.000000 -0.548076212 -0.563802004 0.988493919 0.935841084 -0.001922663 -0.347351253 -0.059538711
1413394938455760384.000000 -0.518235564 -0.525857925 0.869739056 0.941817880 0.006294238 -0.333747268 -0.039397888
1413394938555760384.000000 -0.489151031 -0.494414628 0.747595191 0.945224285 0.020808989 -0.325356513 -0.016163612
1413394938655760384.000000 -0.471910387 -0.467305571 0.628481090 0.944129348 0.031789664 -0.327773452 0.013182758
1413394938755760384.000000 -0.466643840 -0.442556351 0.512040973 0.940901995 0.033799604 -0.333714157 0.046860538
1413394938855760384.000000 -0.471836150 -0.419392198 0.397156000 0.937454224 0.023225669 -0.337018222 0.084017716
1413394938955760384.000000 -0.487488598 -0.399916261 0.283203959 0.935902238 -0.004683431 -0.329063028 0.125628904
1413394939055760384.000000 -0.511641204 -0.389344335 0.171523511 0.934410632 -0.034106739 -0.310753822 0.170720711
1413394939155760384.000000 -0.543119729 -0.391534567 0.064673960 0.930182457 -0.051114950 -0.292661458 0.215631917
1413394939255760384.000000 -0.580368280 -0.407417506 -0.034985065 0.922690809 -0.049879495 -0.282851756 0.257193774
1413394939355760384.000000 -0.621431589 -0.435823977 -0.127405345 0.914375186 -0.038635876 -0.277914375 0.291871578
1413394939455760384.000000 -0.655017495 -0.474030674 -0.216086030 0.905751407 -0.009675085 -0.282431126 0.315837651
1413394939555760384.000000 -0.672547102 -0.516739845 -0.307051003 0.899540186 0.019936182 -0.284706920 0.330714554
1413394939655760384.000000 -0.676907241 -0.558707297 -0.402107596 0.898388505 0.015652535 -0.276364952 0.340992063
1413394939755760384.000000 -0.670667887 -0.601205170 -0.497652411 0.896788061 -0.005577052 -0.265718013 0.353743076
1413394939855760384.000000 -0.658419669 -0.648072541 -0.589231968 0.893077970 -0.033674918 -0.254537135 0.369443744
1413394939955760384.000000 -0.648110151 -0.703737557 -0.671821952 0.882986546 -0.030177966 -0.264022797 0.386931628
1413394940055760384.000000 -0.649319053 -0.764043987 -0.741874814 0.868241906 -0.008505848 -0.287209719 0.404467940
1413394940155760384.000000 -0.663042188 -0.826204777 -0.803864717 0.857198894 -0.005765948 -0.290655464 0.425083905
1413394940255760384.000000 -0.686190546 -0.896147966 -0.865591168 0.848547339 -0.006554163 -0.277965903 0.450177103
1413394940355760384.000000 -0.717386186 -0.975214779 -0.927097678 0.838321924 -0.005197062 -0.259551048 0.479398221
1413394940455760384.000000 -0.744725823 -1.076685309 -0.999163032 0.824680507 -0.005441699 -0.241589427 0.511377513
1413394940555760384.000000 -0.780338764 -1.162589908 -1.051266909 0.806602657 0.003271889 -0.232069701 0.543622315
1413394940655760384.000000 -0.813930213 -1.241715789 -1.097133160 0.783706427 0.022922838 -0.235831380 0.574162364
1413394940755760384.000000 -0.840988398 -1.317507267 -1.146946430 0.763292015 0.038485870 -0.241657346 0.597917974
1413394940855760384.000000 -0.857469320 -1.387921095 -1.207529545 0.753104866 0.038248532 -0.237751797 0.612245321
1413394940955760384.000000 -0.881691515 -1.414600611 -1.244627118 0.751003087 0.021308865 -0.226376891 0.619914412
1413394941005760512.000000 -0.881177783 -1.449733257 -1.287096262 0.750090659 0.006526025 -0.220328107 0.623519778
1413394941055760384.000000 -0.880438030 -1.481596828 -1.323418379 0.748275101 -0.009081997 -0.215117261 0.627476335
1413394941105760512.000000 -0.879567504 -1.513550401 -1.358466268 0.745740771 -0.026884267 -0.210210398 0.631632447
1413394941205760512.000000 -0.853783786 -1.615988493 -1.451865673 0.738705695 -0.053722013 -0.202438563 0.640661061
1413394941305760512.000000 -0.841439128 -1.682546496 -1.503841162 0.731942356 -0.066106230 -0.202178717 0.647313058
1413394941405760512.000000 -0.818593383 -1.764440298 -1.549736977 0.725005150 -0.066949107 -0.211796269 0.651941538
1413394941505760512.000000 -0.786569357 -1.856757760 -1.587787867 0.717997491 -0.037220187 -0.230625913 0.655672193
1413394941605760512.000000 -0.768047094 -1.927906871 -1.599150300 0.710364938 -0.004458992 -0.248233229 0.658591032
1413394941705760512.000000 -0.716127753 -2.062731266 -1.662180662 0.703973591 0.014644984 -0.249589235 0.664764524
1413394941755760384.000000 -0.699426055 -2.117038727 -1.683876276 0.702124178 0.020033617 -0.243793249 0.668719113
1413394941805760512.000000 -0.683184743 -2.171778202 -1.707369208 0.700962901 0.021847427 -0.236781925 0.672389865
1413394941855760384.000000 -0.684537649 -2.193672657 -1.702128649 0.702676237 0.013682192 -0.222436145 0.675707936
1413394941905760512.000000 -0.671208143 -2.254289865 -1.706412554 0.706140280 -0.000393310 -0.204689860 0.677840590
1413394941955760384.000000 -0.632577419 -2.340309620 -1.785036564 0.708579481 -0.019616894 -0.186044648 0.680380642
1413394942005760512.000000 -0.620318055 -2.385905743 -1.803097725 0.710917354 -0.037974551 -0.168804154 0.681659460
1413394942055760384.000000 -0.600291431 -2.447346210 -1.828219891 0.712587178 -0.055028681 -0.152996197 0.682483435
1413394942105760512.000000 -0.601644039 -2.461799622 -1.812531471 0.713889241 -0.071357884 -0.137293682 0.682950079
1413394942155760384.000000 -0.581069171 -2.521926880 -1.804795265 0.714064777 -0.087380193 -0.122956999 0.683635771
1413394942205760512.000000 -0.554308116 -2.569431782 -1.831206441 0.711329818 -0.099171884 -0.112010933 0.686752141
1413394942255760384.000000 -0.524200857 -2.629593849 -1.811868668 0.708067834 -0.110153832 -0.100760534 0.690183699
1413394942305760512.000000 -0.490001202 -2.677152395 -1.823362708 0.701708317 -0.118547559 -0.094490036 0.696149111
1413394942355760384.000000 -0.450735420 -2.730756998 -1.805798292 0.694123805 -0.121073849 -0.088388465 0.704074383
1413394942405760512.000000 -0.408237040 -2.784470081 -1.779782295 0.685065985 -0.121280372 -0.086134471 0.713131487
1413394942455760384.000000 -0.365796030 -2.844643354 -1.725770950 0.675379932 -0.116767429 -0.081875198 0.723549485
1413394942505760512.000000 -0.320143104 -2.891754627 -1.705963850 0.662779152 -0.109962031 -0.080467589 0.736313224
1413394942555760384.000000 -0.277189910 -2.948960066 -1.638034582 0.650841475 -0.103763446 -0.075344980 0.748305917
1413394942605760512.000000 -0.236340255 -3.001164198 -1.582643986 0.636741161 -0.097056225 -0.072225675 0.761527598
1413394942655760384.000000 -0.199202046 -3.051414967 -1.518139601 0.622088075 -0.088488765 -0.067169987 0.775025427
1413394942705760512.000000 -0.163592592 -3.102958202 -1.447836399 0.606076002 -0.076895207 -0.063787244 0.789107263
1413394942755760384.000000 -0.129868180 -3.150052071 -1.372507811 0.588138282 -0.056792773 -0.065539010 0.804097414
1413394942805760512.000000 -0.099963218 -3.195343494 -1.294508219 0.568404615 -0.028797925 -0.070340656 0.819230735
1413394942855760384.000000 -0.072184846 -3.237573624 -1.211645842 0.547325015 0.002665455 -0.076888740 0.833376527
1413394942905760512.000000 -0.049544901 -3.277549744 -1.126836419 0.525038123 0.035804551 -0.084526166 0.846113682
1413394942955760384.000000 -0.034019917 -3.314459801 -1.043793201 0.502741814 0.066307910 -0.089947589 0.857183456
1413394943005760512.000000 -0.024532437 -3.348348141 -0.961641848 0.481110394 0.090010576 -0.092373058 0.867120683
1413394943055760384.000000 -0.020186901 -3.379141808 -0.881934106 0.460398793 0.107532479 -0.092416316 0.876315534
1413394943105760512.000000 -0.019868433 -3.407051086 -0.806019068 0.440067112 0.120028079 -0.090418302 0.885301530
1413394943155760384.000000 -0.023623466 -3.431450605 -0.734694898 0.419813335 0.129359871 -0.087295868 0.894092977
1413394943205760512.000000 -0.031622887 -3.452111483 -0.668914318 0.400141209 0.136654019 -0.083047718 0.902394533
1413394943255760384.000000 -0.044311553 -3.468893528 -0.608844638 0.380314082 0.141310185 -0.078686699 0.910604835
1413394943305760512.000000 -0.060287595 -3.481961966 -0.555332601 0.361295283 0.143745765 -0.072846353 0.918420613
1413394943355760384.000000 -0.078002423 -3.491000652 -0.510175049 0.342883319 0.143540114 -0.067370281 0.925898790
1413394943405760512.000000 -0.102931529 -3.498581409 -0.483984649 0.324694633 0.141313881 -0.062973969 0.933079958
1413394943455760384.000000 -0.122225836 -3.499055386 -0.458327323 0.306128889 0.137351707 -0.061559435 0.940016031
1413394943505760512.000000 -0.157389686 -3.967465401 -0.955178320 0.287342101 0.132401302 -0.061150756 0.946659923
1413394943555760384.000000 -0.177566096 -3.996803761 -0.981498182 0.270425975 0.121544428 -0.060716137 0.953105628
1413394943605760512.000000 -0.198089063 -4.025924683 -1.016588330 0.255727112 0.106866360 -0.060149938 0.958939672
1413394943655760384.000000 -0.218944520 -4.055559158 -1.060001493 0.243784025 0.087568693 -0.059425279 0.964038253
1413394943705760512.000000 -0.240988910 -4.086308956 -1.109312296 0.235651821 0.068246067 -0.052018445 0.968041778
1413394943755760384.000000 -0.264408261 -4.118315697 -1.163445115 0.227650732 0.052730046 -0.046776146 0.971188307
1413394943805760512.000000 -0.233863071 -4.601598263 -1.194408655 0.223023996 0.041211326 -0.037896689 0.973203897
1413394943855760384.000000 -0.256637871 -4.704334259 -1.202952385 0.221801475 0.033124134 -0.024869619 0.974211693
1413394943905760512.000000 -0.289649636 -4.770989895 -1.252118349 0.221586660 0.026435228 -0.011949272 0.974709094
1413394943955760384.000000 -0.313136041 -4.836459160 -1.303088665 0.222537890 0.018418010 -0.000491564 0.974749982
1413394944005760512.000000 -0.342654765 -4.901157856 -1.353711128 0.221856922 0.013039489 0.003935914 0.974984109
1413394944055760384.000000 -0.369418532 -4.979562283 -1.399654150 0.219439462 0.009026452 0.002195803 0.975581884
1413394944105760512.000000 -0.394400418 -5.050824642 -1.448967814 0.217737600 0.006321647 -0.001346696 0.975986004
1413394944155760384.000000 -0.419017255 -5.117668629 -1.502417445 0.216181189 0.004863370 -0.005069131 0.976328015
1413394944205760512.000000 -0.439429790 -5.183736801 -1.559471846 0.214191243 0.003930341 -0.006618943 0.976761460
1413394944255760384.000000 -0.460231900 -5.251302242 -1.618527651 0.211779162 -0.001318727 -0.006880051 0.977292478
1413394944305760512.000000 -0.477654397 -5.319111347 -1.672467351 0.209056571 -0.008011125 -0.008009018 0.977837980
1413394944355760384.000000 -0.488528132 -5.386661530 -1.726601481 0.206106454 -0.016549475 -0.009714698 0.978341401
1413394944405760512.000000 -0.495140821 -5.456310749 -1.785545230 0.201584235 -0.026279470 -0.013369121 0.979027271
1413394944455760384.000000 -0.497151852 -5.527778149 -1.841739416 0.195181504 -0.036006343 -0.018216034 0.979936719
1413394944505760512.000000 -0.500842571 -5.599032402 -1.897017837 -0.186833337 0.045221452 0.020143090 -0.981143534
1413394944555760384.000000 -0.504243612 -5.673988819 -1.948926926 -0.177365586 0.054676216 0.015220378 -0.982507169
1413394944605760512.000000 -0.510092199 -5.751296997 -1.997158527 -0.166317999 0.065084293 0.007796824 -0.983891010
1413394944655760384.000000 -0.517228782 -5.830790520 -2.042204142 -0.153356194 0.077464588 -0.000550311 -0.985129833
1413394944705760512.000000 -0.510087967 -5.915741444 -2.096223831 -0.138446569 0.090055019 -0.008857683 -0.986227334
1413394944755760384.000000 -0.527505159 -6.001302242 -2.145217180 -0.121524580 0.101183996 -0.017154744 -0.987268627
1413394944805760512.000000 -0.529036462 -6.088624001 -2.186882973 -0.103200853 0.110662043 -0.026394991 -0.988133073
1413394944855760384.000000 -0.542669058 -6.173522472 -2.211843967 -0.084010437 0.117120914 -0.035690509 -0.988914192
1413394944905760512.000000 -0.561024725 -6.266500950 -2.246632814 -0.063697658 0.120442852 -0.044812355 -0.989660621
1413394944955760384.000000 -0.557031155 -6.363892555 -2.280376196 -0.042159460 0.121347085 -0.054294731 -0.990227103
1413394945005760512.000000 -0.549289286 -6.475968361 -2.330798388 -0.019718822 0.117978320 -0.061807305 -0.990894616
1413394945055760384.000000 -0.537420392 -6.605836391 -2.396167278 0.003790654 0.110786177 -0.065652922 -0.991666198
1413394945105760512.000000 -0.543329656 -6.721758842 -2.426160336 0.028201161 0.102912270 -0.068447478 -0.991931856
1413394945155760384.000000 -0.544693053 -6.844889641 -2.457341671 0.052331954 0.094607241 -0.070390590 -0.991643071
1413394945205760512.000000 -0.558801353 -6.998649597 -2.512810469 0.075960822 0.086436294 -0.072522692 -0.990706503
1413394945255760384.000000 -0.553888142 -7.111597061 -2.515370369 0.099493414 0.077523544 -0.075987399 -0.989099145
1413394945305760512.000000 -0.554066420 -7.263908386 -2.550033092 0.123020731 0.069835164 -0.077708684 -0.986889184
1413394945355760384.000000 -0.543912470 -7.384735584 -2.548224926 0.145963550 0.058493230 -0.080008477 -0.984312832
1413394945405760512.000000 -0.531376779 -7.508548737 -2.544111729 0.168844432 0.042163540 -0.082784608 -0.981254578
1413394945455760384.000000 -0.517766953 -7.635713577 -2.538158655 0.189625770 0.026165517 -0.091735236 -0.977211416
1413394945505760512.000000 -0.503943563 -7.766193390 -2.530714512 0.207127973 0.012353241 -0.109809674 -0.972053170
1413394945555760384.000000 -0.489328146 -7.899253368 -2.522771835 0.224030644 0.001141260 -0.129540414 -0.965933919
1413394945605760512.000000 -0.474367619 -8.034537315 -2.515108109 0.241163477 -0.006011463 -0.148259640 -0.959074140
1413394945655760384.000000 -0.458357692 -8.171109200 -2.508051395 0.258362859 -0.012855980 -0.167612240 -0.951309383
1413394945705760512.000000 -0.441066802 -8.308232307 -2.501925945 0.276492566 -0.016136691 -0.184117943 -0.943075895
1413394945755760384.000000 -0.422948956 -8.445871353 -2.497467041 0.295072138 -0.018705575 -0.200585812 -0.933995724
1413394945805760512.000000 -0.404194117 -8.582489014 -2.493998051 0.315112293 -0.019737126 -0.214170828 -0.924362242
1413394945855760384.000000 -0.384840727 -8.717719078 -2.491367817 0.336167216 -0.021379916 -0.226966515 -0.913794637
1413394945905760512.000000 -0.365537882 -8.852819443 -2.490918159 0.357644528 -0.023546858 -0.239959195 -0.902194858
1413394945955760384.000000 -0.345669270 -8.987416267 -2.493496895 0.380604327 -0.023922354 -0.249775425 -0.890045166
1413394946005760512.000000 -0.324077845 -9.120078087 -2.498466253 0.405626506 -0.022118121 -0.254156858 -0.877714217
1413394946055760384.000000 -0.301513433 -9.252049446 -2.506259441 0.432370812 -0.017090118 -0.253771573 -0.865080059
1413394946155760384.000000 -0.251619101 -9.512545586 -2.527663231 0.485269129 -0.007661571 -0.252249926 -0.837152958
1413394946205760512.000000 -0.225320578 -9.643480301 -2.540243626 0.510620058 -0.006076933 -0.252423942 -0.821895659
1413394946255760384.000000 -0.198174477 -9.774227142 -2.553025246 0.534647107 -0.005978296 -0.255805969 -0.805406809
1413394946355760384.000000 -1.625508070 -10.985967636 -2.945928574 0.578781486 -0.010084214 -0.270579368 -0.769218504
1413394946455760384.000000 -1.696901321 -11.348112106 -2.967722893 0.618747652 -0.012355473 -0.288022578 -0.730781555
1413394946555760384.000000 -1.768584728 -11.713728905 -2.986430168 0.657041490 -0.016469371 -0.302674770 -0.690226972
1413394946655760384.000000 -1.840904713 -12.083162308 -3.002789497 0.699717283 -0.012158815 -0.298606724 -0.648908317
1413394946755760384.000000 -1.914026260 -12.453473091 -3.013459206 0.743837059 -0.003089542 -0.284297287 -0.604873538
1413394946855760384.000000 -1.988687992 -12.826431274 -3.012850761 0.782454848 0.004812916 -0.278073728 -0.557150185
1413394946955760384.000000 -2.063006878 -13.199961662 -2.998760223 0.817027092 0.009724036 -0.275214463 -0.506585777
1413394947055760384.000000 -2.134459972 -13.572461128 -2.969823837 0.848061264 0.015459425 -0.272695959 -0.454081565
1413394947155760384.000000 -2.198791027 -13.941374779 -2.925507545 0.872488379 0.023705056 -0.278307825 -0.400932580
1413394947255760384.000000 -2.249848843 -14.303249359 -2.868118286 0.890679538 0.032745071 -0.289811432 -0.348750859
1413394947355760384.000000 -2.285546303 -14.655686378 -2.798184395 0.908996344 0.035633173 -0.285906851 -0.301186413
1413394947455760384.000000 -2.309492826 -14.993301392 -2.716148376 0.921374977 0.035634302 -0.280596614 -0.266578406
1413394947555760384.000000 -2.192366600 -15.625575066 -2.361822128 0.925297439 0.036349081 -0.287957758 -0.244098082
1413394947655760384.000000 -2.135719776 -16.219932556 -1.993842125 0.919638693 0.044995323 -0.314660370 -0.230714202
1413394947755760384.000000 -2.139390469 -16.754787445 -1.637354851 0.908056736 0.054897368 -0.347161353 -0.227812096
1413394947855760384.000000 -2.205084801 -17.268655777 -1.263455391 0.895370662 0.061954737 -0.370364666 -0.239380613
1413394947955760384.000000 -2.324894428 -17.767421722 -0.876850128 0.885575473 0.066223674 -0.377795100 -0.261995137
1413394948055760384.000000 -2.558465004 -18.281925201 -0.452525139 0.874745071 0.069134563 -0.382060736 -0.289950341
1413394948155760384.000000 -2.910667419 -18.721019745 -0.062389374 0.862125158 0.074773766 -0.389979422 -0.314746290
1413394948255760384.000000 -3.138600349 -18.903982162 0.162965775 0.860470295 0.079226792 -0.374438912 -0.336317509
1413394948355760384.000000 -3.204978943 -18.985059738 0.356971741 0.872200429 0.070758484 -0.328695327 -0.355273277
1413394948455760384.000000 -3.240153313 -19.015346527 0.575267792 0.887651861 0.051637307 -0.270630479 -0.369008154
1413394948555760384.000000 -3.394386292 -19.200183868 0.874870300 0.900703430 0.030410597 -0.214987651 -0.376282960
1413394948655760384.000000 -3.551577568 -19.382255554 1.205377579 0.907491624 0.013672905 -0.181642696 -0.378520876
1413394948755760384.000000 -4.024406910 -19.812171936 1.555873871 0.911775947 0.006471339 -0.162298754 -0.377202749
1413394948855760384.000000 -4.564206123 -20.269670486 1.914337158 0.908395231 0.016680585 -0.186818093 -0.373683006
1413394948955760384.000000 -5.267232418 -20.790233612 2.269683838 0.898781419 0.036047425 -0.234829456 -0.368439615
1413394949055760384.000000 -5.501543999 -21.048292160 2.749011993 0.882483423 0.063744269 -0.295500249 -0.360332131
1413394949155760384.000000 -5.755977631 -21.300001144 3.257596970 0.863354981 0.087343261 -0.350704908 -0.352129877
1413394949255760384.000000 -6.028163910 -21.535686493 3.783483505 0.849350035 0.102280855 -0.386094153 -0.345071793
1413394949355760384.000000 -6.319251060 -21.748027802 4.319324493 0.841057718 0.110542923 -0.406644315 -0.339179248
