1413393918505760512.000000 15.453519821 -9.048564911 -11.804427147 -0.023106547 0.759294808 0.157359213 0.631011546
1413393919655760384.000000 0.003392924 0.104696341 0.058585867 -0.052127514 -0.000064950 0.021503182 0.998408914
1413393919705760512.000000 0.010547306 0.129327506 0.065064043 -0.065826438 0.001998291 0.021385480 0.997599959
1413393919755760384.000000 0.016790800 0.174613118 0.069582105 -0.075472899 0.005348132 0.013989515 0.997035384
1413393919805760512.000000 0.024760325 0.217551768 0.068896577 -0.084121943 0.009807106 0.001839672 0.996405482
1413393919855760384.000000 0.027404564 0.256864130 0.068367265 -0.092122421 0.014095275 -0.014670788 0.995539844
1413393919905760512.000000 -0.023386052 0.340153873 0.091528922 -0.109964527 0.023917574 -0.028005604 0.993252993
1413393919955760384.000000 0.011108293 0.342706084 0.065457605 -0.101010993 0.016941153 -0.043212269 0.993802071
1413393920005760512.000000 -0.047817159 0.409869105 0.088996075 -0.118986405 0.018799443 -0.051314633 0.991390824
1413393920055760384.000000 -0.029478798 0.409225404 0.095311001 -0.128143534 0.005365246 -0.055690214 0.990176320
1413393920105760512.000000 0.005277829 0.394558877 0.063648790 -0.116395742 -0.005822915 -0.059322756 0.991412640
1413393920155760384.000000 -0.025590144 0.432656825 0.088668764 -0.136013791 -0.012218433 -0.058950745 0.988876045
1413393920205760512.000000 -0.152095482 0.642556310 0.021102328 -0.122636288 -0.002725167 -0.063843168 0.990392327
1413393920255760384.000000 -0.177550033 0.647045732 0.015820447 -0.126925811 -0.004124030 -0.066169858 0.989694118
1413393920305760512.000000 -0.185303614 0.661201179 0.005906689 -0.127726614 -0.010285754 -0.066217117 0.989543080
1413393920355760384.000000 -0.189953387 0.682340086 -0.005855380 -0.128049254 -0.017590046 -0.067710437 0.989297390
1413393920405760512.000000 -0.203668341 0.687332690 -0.015520434 -0.132101446 -0.027217116 -0.068143040 0.988516629
1413393920455760384.000000 -0.303268999 0.866266310 -0.108888887 -0.117598251 -0.032309473 -0.067755044 0.990220249
1413393920505760512.000000 -0.317948014 0.878557026 -0.122535571 -0.119009845 -0.043318357 -0.067604281 0.989641309
1413393920555760384.000000 -0.322802663 0.891708851 -0.140163019 -0.119748399 -0.054152705 -0.067041390 0.989056826
1413393920605760512.000000 -0.326429963 0.904204130 -0.157389805 -0.120566100 -0.062899470 -0.069313414 0.988282979
1413393920655760384.000000 -0.329249054 0.920029879 -0.173207492 -0.119984485 -0.071138285 -0.070110723 0.987738609
1413393920705760512.000000 -0.443200648 1.058168769 -0.273227066 -0.112794563 -0.063308731 -0.073575810 0.988866031
1413393920755760384.000000 -0.454578817 1.072330475 -0.288763613 -0.112408012 -0.064560555 -0.075517438 0.988682687
1413393920805760512.000000 -0.456485868 1.084717751 -0.306456089 -0.112520605 -0.069733649 -0.075265601 0.988337696
1413393920855760384.000000 -0.457372755 1.089859128 -0.321988195 -0.115440585 -0.074786864 -0.079015248 0.987338364
1413393920905760512.000000 -0.463032365 1.107131600 -0.341057181 -0.115032107 -0.082247309 -0.080299392 0.986688912
1413393920955760384.000000 -0.573359251 1.220641255 -0.432000339 -0.110460870 -0.079517052 -0.083180763 0.987196267
1413393921005760512.000000 -0.581382811 1.235936046 -0.447515100 -0.111590669 -0.091569535 -0.082787178 0.986057222
1413393921055760384.000000 -0.584614694 1.244991183 -0.463494360 -0.113384634 -0.106566146 -0.084049039 0.984237492
1413393921105760512.000000 -0.603157043 1.252215862 -0.475804090 -0.116290875 -0.115591668 -0.083900385 0.982891560
1413393921155760384.000000 -0.603227675 1.264370561 -0.488134772 -0.116026379 -0.126677036 -0.084443055 0.981509209
1413393921205760512.000000 -0.697567880 1.353146434 -0.561179996 -0.114666507 -0.125278682 -0.088543124 0.981487155
1413393921255760384.000000 -0.712565899 1.362648368 -0.567979753 -0.116335131 -0.127952144 -0.089485943 0.980860174
1413393921305760512.000000 -0.719072223 1.376082063 -0.575605154 -0.115484402 -0.130820215 -0.089093924 0.980618000
1413393921355760384.000000 -0.726082027 1.376897931 -0.585320234 -0.117468067 -0.133170187 -0.087286666 0.980228543
1413393921405760512.000000 -0.643743753 1.303680897 -0.536073565 -0.120444395 -0.139875531 -0.079809122 0.979570568
1413393921455760384.000000 -0.784849465 1.447222352 -0.614853919 -0.113308184 -0.122660205 -0.084216565 0.982356012
1413393921505760512.000000 -0.790625095 1.459244013 -0.615449548 -0.110590845 -0.111936301 -0.082624711 0.984079838
1413393921555760384.000000 -0.794886768 1.465815544 -0.615137935 -0.109298833 -0.099678516 -0.080898114 0.985684276
1413393921605760512.000000 -0.748314440 1.416881323 -0.591243029 -0.111350425 -0.092940621 -0.079929352 0.986191869
1413393921655760384.000000 -0.754074752 1.421446443 -0.588761568 -0.111551963 -0.086168140 -0.078907713 0.986866176
1413393921705760512.000000 -0.845798790 1.508898020 -0.599441648 -0.109839253 -0.076533951 -0.082720950 0.987540007
1413393921755760384.000000 -0.864263833 1.519251347 -0.592838883 -0.110281453 -0.072453298 -0.082163937 0.987844944
1413393921805760512.000000 -0.884655237 1.530212045 -0.587118268 0.110321477 0.067950770 0.082367390 -0.988143504
1413393921855760384.000000 -0.906249642 1.541612148 -0.582317054 0.110186867 0.062208798 0.082667224 -0.988511622
1413393921905760512.000000 -0.930007756 1.551487923 -0.576112568 0.110014394 0.052981425 0.082447074 -0.989086688
1413393921955760384.000000 -0.957887828 1.553710580 -0.561298549 -0.111169569 -0.044278000 -0.084398948 0.989220798
1413393922005760512.000000 -0.982295036 1.561462164 -0.556813896 0.111038119 0.038032413 0.084018923 -0.989527643
1413393922055760384.000000 -1.009925604 1.565033197 -0.547906041 -0.112529293 -0.040613104 -0.083785340 0.989276409
1413393922105760512.000000 -1.036630034 1.569510460 -0.542831957 -0.113797352 -0.045619633 -0.082918100 0.988986194
1413393922155760384.000000 -1.064676881 1.569972396 -0.537718177 -0.115997836 -0.056156553 -0.082277559 0.988241553
1413393922205760512.000000 -1.092710733 1.575377107 -0.534845650 -0.117749371 -0.072506450 -0.079225510 0.987218976
1413393922255760384.000000 -1.121256232 1.576846123 -0.531026483 -0.120327197 -0.088158213 -0.077493541 0.985770881
1413393922305760512.000000 -1.152615666 1.574720979 -0.524870694 -0.123057291 -0.105122901 -0.074445352 0.984004080
1413393922355760384.000000 -1.179771662 1.576253772 -0.520341873 0.124664463 0.119438544 0.071188219 -0.982408047
1413393922405760512.000000 -1.207160830 1.572720408 -0.508249819 -0.126568586 -0.130928963 -0.068452880 0.980893552
1413393922455760384.000000 -1.230717301 1.573661923 -0.498380482 -0.126261771 -0.136909738 -0.060585372 0.980634034
1413393922505760512.000000 -1.254883289 1.571197867 -0.477636039 -0.124415658 -0.135745421 -0.050733961 0.981590569
1413393922555760384.000000 -1.273422837 1.572198510 -0.459716916 0.122244820 0.128314510 0.040653221 -0.983330607
1413393922605760512.000000 -1.290363312 1.566784859 -0.434611022 -0.120505691 -0.118367583 -0.031687111 0.985121071
1413393922655760384.000000 -1.305376053 1.570522785 -0.411556005 -0.117780901 -0.109313764 -0.023441181 0.986726284
1413393922705760512.000000 -1.320037127 1.570272923 -0.380156219 -0.116414331 -0.101026468 -0.018826365 0.987869918
1413393922755760384.000000 -1.333004236 1.574957371 -0.350271881 -0.114688657 -0.096898474 -0.016015377 0.988534629
1413393922805760512.000000 -1.344355822 1.584615946 -0.321958154 -0.113956094 -0.095670506 -0.016188698 0.988736153
1413393922855760384.000000 -1.357228875 1.595596790 -0.290432125 -0.114177376 -0.098441795 -0.019652456 0.988375783
1413393922905760512.000000 -1.364942670 1.608719110 -0.260140240 0.115603819 0.104549855 0.024763701 -0.987467468
1413393922955760384.000000 -1.366404295 1.615263939 -0.219169006 -0.119771205 -0.113262907 -0.034645334 0.985710979
1413393923005760512.000000 -1.366793990 1.630341768 -0.186625987 0.123592727 0.120723821 0.045877539 -0.983893216
1413393923055760384.000000 -1.361770153 1.642483830 -0.146084309 -0.127384260 -0.126861423 -0.056206509 0.982099891
1413393923105760512.000000 -1.353714824 1.655967593 -0.105748430 -0.130251780 -0.130731046 -0.062557779 0.980831504
1413393923155760384.000000 -1.343121052 1.670329213 -0.065986894 -0.132428363 -0.134512648 -0.067192018 0.979721546
1413393923205760512.000000 -1.327060103 1.680927992 -0.015455637 -0.134109423 -0.136033684 -0.070108704 0.979078352
1413393923255760384.000000 -1.310647607 1.693510413 0.030570555 -0.134780943 -0.134092420 -0.070965290 0.979192197
1413393923305760512.000000 -1.291772008 1.703074694 0.088119313 -0.133886397 -0.129428729 -0.066101201 0.980282247
1413393923355760384.000000 -1.273636341 1.714417577 0.140459239 -0.129297510 -0.121389419 -0.054951161 0.982612431
1413393923405760512.000000 -1.253357887 1.723425508 0.204796612 -0.121829644 -0.114423990 -0.040521078 0.985100389
1413393923455760384.000000 -1.233836532 1.734474301 0.261611998 -0.110327370 -0.106349997 -0.028109485 0.987789214
1413393923505760512.000000 -1.211500764 1.745562315 0.329346508 -0.096748948 -0.098280735 -0.019592412 0.990250885
1413393923555760384.000000 -1.189870477 1.759816289 0.387702376 -0.080302007 -0.090264902 -0.015641473 0.992551863
1413393923605760512.000000 -1.165956974 1.774388790 0.456811368 -0.061604459 -0.086146057 -0.016268034 0.994243026
1413393923655760384.000000 -1.143138409 1.792888403 0.515122354 -0.042723767 -0.084271908 -0.025839221 0.995191097
1413393923705760512.000000 -1.116994381 1.811895728 0.584196031 -0.023411576 -0.084501371 -0.040710922 0.995316088
1413393923755760384.000000 -1.093932748 1.834373832 0.641415715 -0.003310730 -0.089468271 -0.058555651 0.994261444
1413393923805760512.000000 -1.068426371 1.856278300 0.710987866 0.017399624 -0.096043020 -0.074577048 0.992427051
1413393923855760384.000000 -1.046131492 1.881247640 0.768762231 0.039330214 -0.101295337 -0.088344991 0.990145206
1413393923905760512.000000 -1.019817233 1.904342651 0.837404609 0.060958736 -0.106390938 -0.101226807 0.987278223
1413393923955760384.000000 -0.997681975 1.930362105 0.894478202 0.083393604 -0.110970296 -0.110499017 0.984134734
1413393924005760512.000000 -0.971316516 1.953334570 0.963599741 0.104470402 -0.117145583 -0.119334877 0.980368376
1413393924055760384.000000 -0.949383020 1.979608059 1.022208571 0.124611370 -0.122043535 -0.127335668 0.976403177
1413393924105760512.000000 -0.923170626 2.001881599 1.092158437 0.142777413 -0.126716837 -0.139104232 0.971703410
1413393924155760384.000000 -0.900350749 2.026866198 1.153603673 0.159289926 -0.127811506 -0.154663205 0.966628313
1413393924205760512.000000 -0.873329937 2.046021938 1.224736214 0.174218670 -0.125477940 -0.173989370 0.961057186
1413393924255760384.000000 -0.849544168 2.067112207 1.287537217 0.188869104 -0.119219668 -0.195241451 0.954984844
1413393924305760512.000000 -0.823284507 2.080870628 1.358131647 0.201370910 -0.113765053 -0.215048462 0.948821068
1413393924355760384.000000 -0.800269902 2.096219063 1.419816852 0.212186053 -0.108187266 -0.233770296 0.942668617
1413393924405760512.000000 -0.775499105 2.101579905 1.488554001 0.220436826 -0.102035493 -0.251890361 0.936775088
1413393924455760384.000000 -0.753415227 2.107924700 1.547719121 0.226208746 -0.096095286 -0.269012660 0.931250572
1413393924505760512.000000 -0.729891360 2.101821899 1.612128496 0.230814844 -0.090053827 -0.282859385 0.926609635
1413393924555760384.000000 -0.708479881 2.095479965 1.665647268 -0.235185370 0.083605379 0.293467313 -0.922808230
1413393924605760512.000000 -0.686399221 2.077473164 1.721860528 0.238617033 -0.073410861 -0.302105725 0.920002699
1413393924655760384.000000 -0.665800333 2.058156729 1.766503096 0.241613731 -0.061988667 -0.308706522 0.917867422
1413393924705760512.000000 -0.644668341 2.030622721 1.805600643 -0.243989930 0.049228489 0.314301401 -0.916111469
1413393924755760384.000000 -0.622303367 1.995235682 1.837280393 -0.245456338 0.037822578 0.316484809 -0.915509701
1413393924805760512.000000 -0.598992467 1.952011347 1.861750007 -0.244698480 0.031193309 0.316791296 -0.915856421
1413393924855760384.000000 -0.576052427 1.884575844 1.897243857 0.244600177 -0.031614423 -0.306679964 0.919303417
1413393924905760512.000000 -0.548342645 1.817548752 1.914173245 0.245464459 -0.039923660 -0.290670007 0.923939586
1413393924955760384.000000 -0.525224268 1.752095938 1.918718815 0.248086497 -0.055789795 -0.267850220 0.929299176
1413393925005760512.000000 -0.493590295 1.671772242 1.921379328 0.252674550 -0.070682108 -0.245213822 0.933289826
1413393925055760384.000000 -0.466332406 1.595926642 1.915365815 0.257799894 -0.084501341 -0.225257501 0.935765922
1413393925105760512.000000 -0.431025177 1.506708503 1.910329103 0.264532775 -0.097282767 -0.207558006 0.936738074
1413393925155760384.000000 -0.401103139 1.424279332 1.900532484 0.273141772 -0.110965699 -0.190899819 0.936289191
1413393925205760512.000000 -0.364940643 1.329409719 1.894513607 0.284418732 -0.126807943 -0.174184322 0.934176445
1413393925255760384.000000 -0.334938854 1.244618893 1.884087086 0.296862483 -0.142030492 -0.161357060 0.930410624
1413393925305760512.000000 -0.298192590 1.148219585 1.880570889 0.310050249 -0.154048309 -0.152140483 0.925738215
1413393925355760384.000000 -0.266550332 1.063536406 1.874364376 0.321568996 -0.161002547 -0.150175065 0.920933783
1413393925405760512.000000 -0.227912843 0.968047023 1.876987338 0.331011444 -0.161332175 -0.153890476 0.916908503
1413393925455760384.000000 -0.193323433 0.884771526 1.876507521 0.339456737 -0.158352733 -0.156586483 0.913878739
1413393925505760512.000000 -0.153678462 0.790606081 1.885070086 0.346546501 -0.153098464 -0.160647362 0.911404848
1413393925555760384.000000 -0.118440509 0.708647966 1.889263868 0.352574736 -0.149410918 -0.163419411 0.909209311
1413393925605760512.000000 -0.081369728 0.615530729 1.903140903 0.358091712 -0.147049993 -0.163495079 0.907422781
1413393925655760384.000000 -0.048575640 0.525826752 1.919002175 0.362552524 -0.144518271 -0.164516434 0.905872226
1413393925705760512.000000 -0.023656636 0.450145900 1.928028584 0.365632415 -0.142618388 -0.166894764 0.904499412
1413393925755760384.000000 -0.003503054 0.361750185 1.949607134 0.368073851 -0.139486685 -0.168991774 0.903607726
1413393925805760512.000000 0.007929534 0.284711212 1.966970086 0.370291442 -0.135969535 -0.169968680 0.903054416
1413393925855760384.000000 0.013924778 0.199145049 1.993600845 0.372066706 -0.131948516 -0.170364156 0.902846694
1413393925905760512.000000 0.013801455 0.116230458 2.021455050 0.373659909 -0.125812724 -0.170881584 0.902966738
1413393925955760384.000000 0.009362489 0.049052924 2.040230751 0.375744969 -0.118204273 -0.168720648 0.903535783
1413393926005760512.000000 0.000687122 -0.032299668 2.071642160 0.377587050 -0.109470785 -0.166031167 0.904366016
1413393926055760384.000000 -0.009731859 -0.100778133 2.094861984 0.380130351 -0.099333741 -0.159920052 0.905571282
1413393926105760512.000000 -0.021232158 -0.179078072 2.126306772 0.382762432 -0.090446204 -0.153363869 0.906527400
1413393926155760384.000000 -0.031183004 -0.243065163 2.148356915 0.384362251 -0.085138813 -0.148247749 0.907215357
1413393926205760512.000000 -0.042274356 -0.316340357 2.178634405 0.385218531 -0.083619811 -0.144095436 0.907662332
1413393926255760384.000000 -0.050331920 -0.375392556 2.198961496 0.385005176 -0.084553741 -0.141797617 0.908028126
1413393926305760512.000000 -0.059695616 -0.441833854 2.226728439 0.384153932 -0.088932618 -0.140803933 0.908125043
1413393926355760384.000000 -0.065570965 -0.497519523 2.246512890 0.382804692 -0.095407262 -0.141508445 0.907928109
1413393926405760512.000000 -0.072695822 -0.559863567 2.273513794 0.382434964 -0.101790532 -0.144739851 0.906880736
1413393926455760384.000000 -0.075845927 -0.611733317 2.293270111 0.383975118 -0.103450589 -0.146725908 0.905722201
1413393926505760512.000000 -0.081400067 -0.669613719 2.319273472 0.387626678 -0.101108901 -0.147444889 0.904313326
1413393926555760384.000000 -0.091054827 -0.729044914 2.348702669 0.392602921 -0.095957905 -0.149650365 0.902363420
1413393926605760512.000000 -0.099894434 -0.769328594 2.364828110 0.398495674 -0.090369515 -0.151717141 0.900009155
1413393926655760384.000000 -0.115371078 -0.820168018 2.391763210 0.405484021 -0.086748183 -0.154637977 0.896741033
1413393926705760512.000000 -0.127520353 -0.861410379 2.411650896 0.412994921 -0.084061056 -0.159738153 0.892666101
1413393926755760384.000000 -0.140345335 -0.908165514 2.435949326 0.421670079 -0.084354535 -0.163289115 0.887927651
1413393926805760512.000000 -0.147571921 -0.946776867 2.453587532 0.430621326 -0.085920654 -0.167051643 0.882766485
1413393926855760384.000000 -0.153200775 -0.990387678 2.474297285 0.440538764 -0.089051366 -0.171185046 0.876750350
1413393926905760512.000000 -0.149660945 -1.026719689 2.482001543 0.449395895 -0.095330216 -0.177070051 0.870403230
1413393926955760384.000000 -0.148386508 -1.067413688 2.499335527 0.459007323 -0.103176713 -0.181408852 0.863572657
1413393927005760512.000000 -0.139873773 -1.102108717 2.511253834 0.467008442 -0.112633690 -0.187139198 0.856852233
1413393927055760384.000000 -0.131434619 -1.140898824 2.526723385 0.473767728 -0.124278501 -0.190342754 0.850804687
1413393927105760512.000000 -0.115846515 -1.177074671 2.536797047 0.479861259 -0.134104699 -0.191255838 0.845677495
1413393927155760384.000000 -0.102610528 -1.216176271 2.553285837 0.486066997 -0.143509164 -0.188606560 0.841172814
1413393927205760512.000000 -0.084714472 -1.251373529 2.566752195 0.491234750 -0.150989354 -0.185164422 0.837618530
1413393927255760384.000000 -0.070125461 -1.289854407 2.586539745 0.495333999 -0.160423175 -0.182277560 0.834076464
1413393927305760512.000000 -0.051931679 -1.324748993 2.604048491 0.498228043 -0.169618204 -0.183921054 0.830163658
1413393927355760384.000000 -0.035831451 -1.363834858 2.628695488 0.500977814 -0.175371557 -0.190751478 0.825760305
1413393927405760512.000000 -0.015799999 -1.400202751 2.651494980 0.503860891 -0.175631002 -0.200374529 0.821661770
1413393927455760384.000000 0.003098726 -1.441825986 2.681532860 0.507580578 -0.167664409 -0.212666065 0.817938745
1413393927505760512.000000 0.026053548 -1.481417894 2.707976103 0.511150122 -0.155431807 -0.224814400 0.814877331
1413393927555760384.000000 0.046514094 -1.526628494 2.740360260 0.514633417 -0.143388450 -0.236527875 0.811570644
1413393927605760512.000000 0.070062876 -1.569900751 2.767286777 0.519093335 -0.130914107 -0.248270348 0.807319939
1413393927655760384.000000 0.091217518 -1.619449496 2.798383236 0.524886489 -0.117648698 -0.258400291 0.802422822
1413393927705760512.000000 0.112941027 -1.666226983 2.823763847 0.531818211 -0.102765046 -0.266403973 0.797268808
1413393927755760384.000000 0.134772182 -1.719898343 2.850451946 0.538021863 -0.086605564 -0.274225414 0.792358816
1413393927805760512.000000 0.156940818 -1.770631075 2.870180130 0.543306351 -0.070935339 -0.280048281 0.788263559
1413393927855760384.000000 0.178976417 -1.827382565 2.888844490 0.548007488 -0.059129179 -0.282789201 0.784998059
1413393927905760512.000000 0.205560923 -1.877617359 2.895185947 0.552039742 -0.052476242 -0.282062113 0.782904446
1413393927955760384.000000 0.226886392 -1.935331941 2.904161453 0.555096865 -0.047630351 -0.281623304 0.781208754
1413393928005760512.000000 0.246851921 -1.986901164 2.905380249 0.557143331 -0.043647714 -0.280548751 0.780370772
1413393928055760384.000000 0.263032794 -2.044109583 2.906050920 0.558288515 -0.040284730 -0.281096667 0.779535651
1413393928105760512.000000 0.276745200 -2.099758387 2.901932955 0.559071720 -0.036828592 -0.280706763 0.779285669
1413393928155760384.000000 0.288867354 -2.145449162 2.891081572 0.559791625 -0.034620676 -0.279857516 0.779175580
1413393928205760512.000000 0.293220282 -2.195793152 2.880074739 0.559605300 -0.034289576 -0.279610306 0.779412806
1413393928255760384.000000 0.298358798 -2.249405861 2.863313913 0.559635699 -0.039424162 -0.276967883 0.780091345
1413393928305760512.000000 0.304441810 -2.297983885 2.835521698 0.560275197 -0.050954714 -0.269333780 0.781635880
1413393928355760384.000000 0.304578543 -2.349874258 2.811133146 0.563376307 -0.063328423 -0.255037576 0.783295989
1413393928405760512.000000 0.302452683 -2.392410278 2.785672426 0.567022443 -0.073180288 -0.239228889 0.784792840
1413393928455760384.000000 0.297004700 -2.440868616 2.756668091 0.569475949 -0.082354672 -0.225131392 0.786276519
1413393928505760512.000000 0.289827347 -2.483836174 2.725882769 0.571677864 -0.088573396 -0.211979702 0.787657201
1413393928555760384.000000 0.280560255 -2.528928280 2.696067810 0.573472857 -0.090706460 -0.200350180 0.789152205
1413393928605760512.000000 0.271076560 -2.568074703 2.663455486 0.575595379 -0.087400764 -0.189143181 0.790744007
1413393928655760384.000000 0.260829985 -2.608332157 2.633346081 0.576860070 -0.084773988 -0.180300742 0.792172611
1413393928705760512.000000 0.252044857 -2.646730661 2.594851494 0.575579286 -0.081843726 -0.177792981 0.793977201
1413393928755760384.000000 0.243265629 -2.680858612 2.564559460 0.574278176 -0.080679387 -0.177419275 0.795121312
1413393928805760512.000000 0.237386346 -2.710573196 2.531017303 0.571308374 -0.075562246 -0.182673246 0.796572447
1413393928855760384.000000 0.230811834 -2.738704205 2.499989748 0.568183362 -0.071654893 -0.188518718 0.797805786
1413393928905760512.000000 0.226793110 -2.763153553 2.465258837 0.563903451 -0.065291062 -0.195709050 0.799654961
1413393928955760384.000000 0.222166121 -2.785955667 2.432785511 0.557819664 -0.059515920 -0.203044653 0.802538514
1413393929005760512.000000 0.219366252 -2.804876566 2.395994663 0.549942613 -0.055217467 -0.209415853 0.806634545
1413393929055760384.000000 0.215800524 -2.822368383 2.360349417 0.540942132 -0.054137338 -0.212780103 0.811896205
1413393929105760512.000000 0.213370025 -2.837167740 2.320786715 0.530930281 -0.052389503 -0.215575591 0.817860365
1413393929155760384.000000 0.211720169 -2.850349188 2.280548811 0.520263016 -0.051089909 -0.216658786 0.824484885
1413393929205760512.000000 0.210740983 -2.861723661 2.236807823 0.507786155 -0.052748144 -0.218073055 0.831754208
1413393929255760384.000000 0.209877133 -2.871077299 2.192037106 0.494267017 -0.056453060 -0.217004210 0.839894295
1413393929305760512.000000 0.208954215 -2.880276442 2.142990589 0.480471402 -0.062536635 -0.213882059 0.848228097
1413393929355760384.000000 0.208614588 -2.887146711 2.093665600 0.465503961 -0.069616415 -0.208803222 0.857240260
1413393929405760512.000000 0.209585965 -2.896136761 2.037963629 0.449327081 -0.076410785 -0.202351898 0.866787314
1413393929455760384.000000 0.210044503 -2.902035952 1.985073686 0.433272272 -0.081427768 -0.196429342 0.875819802
1413393929505760512.000000 0.211325526 -2.908521175 1.929869413 0.415554047 -0.085980564 -0.192665219 0.884761155
1413393929555760384.000000 0.212721109 -2.912896395 1.874805331 0.397581190 -0.090102643 -0.188813657 0.893398106
1413393929605760512.000000 0.214929461 -2.923437357 1.819307089 0.378889054 -0.092226505 -0.185830042 0.901889503
1413393929655760384.000000 0.217262477 -2.926892757 1.762752891 0.359710544 -0.093871355 -0.183347523 0.910044074
1413393929705760512.000000 0.220084578 -2.930630684 1.705399513 0.341239214 -0.094132051 -0.179855004 0.917794704
1413393929755760384.000000 0.223455489 -2.938237667 1.645706177 0.322717637 -0.095340334 -0.175075203 0.925263345
1413393929805760512.000000 0.226482511 -2.941551447 1.587664247 0.305236489 -0.097331345 -0.166718870 0.932503164
1413393929855760384.000000 0.228866041 -2.951958656 1.527912736 0.288505256 -0.100750715 -0.154605731 0.939527094
1413393929905760512.000000 0.232329294 -2.954751492 1.469474077 0.273271739 -0.103811704 -0.138713256 0.946205258
1413393929955760384.000000 0.231979057 -2.959136009 1.417488217 0.257844537 -0.106956504 -0.123343445 0.952293515
1413393930005760512.000000 0.236018270 -2.959841967 1.359986663 0.243161440 -0.109198466 -0.109500341 0.957579195
1413393930055760384.000000 0.238176808 -2.965460777 1.306102753 0.228475615 -0.111194313 -0.097494304 0.962252378
1413393930105760512.000000 0.239824906 -2.962191582 1.251666427 0.214856565 -0.112520613 -0.087543271 0.966184258
1413393930155760384.000000 0.237818703 -2.964797497 1.204278469 0.202645525 -0.112174489 -0.080969304 0.969430625
1413393930205760512.000000 0.236552507 -2.957011461 1.153209448 0.192779601 -0.111335181 -0.076080464 0.971932232
1413393930255760384.000000 0.232255161 -2.955679655 1.108922005 0.184303433 -0.110184178 -0.075461686 0.973754168
1413393930305760512.000000 0.227663681 -2.943157196 1.061245799 0.177158013 -0.108191393 -0.078269482 0.975081325
1413393930355760384.000000 0.222285703 -2.922279119 1.008948803 0.169785023 -0.104782954 -0.090129763 0.975740910
1413393930405760512.000000 0.210864633 -2.925498009 0.979317367 0.163499147 -0.102137566 -0.102562837 0.975867271
1413393930455760384.000000 0.199353352 -2.907077789 0.935193360 0.158644572 -0.099742077 -0.115070768 0.975521505
1413393930505760512.000000 0.181507722 -2.898019791 0.900448680 0.154873788 -0.098057792 -0.125091746 0.975064576
1413393930555760384.000000 0.159349725 -2.877809525 0.858851671 0.154087126 -0.096400648 -0.128948167 0.974852026
1413393930605760512.000000 0.131950095 -2.858637333 0.819217682 -0.155318514 0.094558738 0.126820311 -0.975116134
1413393930655760384.000000 0.099014446 -2.842998266 0.785562336 0.158374399 -0.092271902 -0.122081243 0.975448430
1413393930705760512.000000 0.061798718 -2.820158720 0.747600794 0.161713511 -0.089569286 -0.116512641 0.975833476
1413393930755760384.000000 0.022473250 -2.798402548 0.712485790 -0.165322900 0.086130254 0.110722117 -0.976212382
1413393930805760512.000000 -0.019165492 -2.786601782 0.686660886 0.168703765 -0.082989067 -0.107584834 0.976256847
1413393930855760384.000000 -0.056656398 -2.762058020 0.650979400 0.172114685 -0.081035122 -0.104440615 0.976167023
1413393930905760512.000000 -0.101181477 -2.751839399 0.637269616 0.173644871 -0.080694988 -0.104470834 0.975920916
1413393930955760384.000000 -0.131959394 -2.725970030 0.601430714 0.175695539 -0.082119033 -0.107225277 0.975136101
1413393931005760512.000000 -0.160592735 -2.708824158 0.571613193 0.177862868 -0.083675832 -0.107255891 0.974607348
1413393931055760384.000000 -0.182186738 -2.682436228 0.535338998 0.178702936 -0.085790582 -0.109848097 0.973980844
1413393931105760512.000000 -0.198032647 -2.650864124 0.493485093 0.181112155 -0.086696669 -0.109177686 0.973530889
1413393931155760384.000000 -0.207327798 -2.649818182 0.466148376 0.181037709 -0.090845637 -0.110111274 0.973061144
1413393931205760512.000000 -0.217374727 -2.622866154 0.428450823 0.181927294 -0.094404325 -0.110349119 0.972529411
1413393931255760384.000000 -0.226730272 -2.598056316 0.393494755 -0.183767498 0.098565720 0.109198779 -0.971900165
1413393931305760512.000000 -0.237077504 -2.581982613 0.366067439 0.184720472 -0.102546990 -0.107326999 0.971516073
1413393931355760384.000000 -0.248882368 -2.553534508 0.331900358 0.186314940 -0.105880581 -0.104307912 0.971182764
1413393931405760512.000000 -0.263076693 -2.515784025 0.292838156 -0.188794404 0.110055260 0.099905200 -0.970702589
1413393931455760384.000000 -0.279380053 -2.505163908 0.277190685 0.189983130 -0.112766102 -0.095575280 0.970595479
1413393931505760512.000000 -0.296608061 -2.472802877 0.247914031 0.191961035 -0.115154065 -0.091184050 0.970348358
1413393931555760384.000000 -0.315969139 -2.445881367 0.224961415 0.193416461 -0.116456434 -0.088482566 0.970154047
1413393931605760512.000000 -0.338651210 -2.409470081 0.198496789 0.194782093 -0.118805595 -0.086739339 0.969753325
1413393931655760384.000000 -0.365891039 -2.366510868 0.172831923 0.196297020 -0.118515618 -0.085885726 0.969559312
1413393931705760512.000000 -0.384940773 -2.342035055 0.159764111 0.196751699 -0.118828200 -0.085835584 0.969433308
1413393931755760384.000000 -0.411841184 -2.300604582 0.140881091 0.198067203 -0.118669488 -0.086375758 0.969136834
1413393931805760512.000000 -0.436327964 -2.264587641 0.127938598 0.198530972 -0.118508287 -0.087557882 0.968955576
1413393931855760384.000000 -0.464049459 -2.220010996 0.114301279 0.199132711 -0.118363611 -0.088948846 0.968723059
1413393931905760512.000000 -0.487528592 -2.180496693 0.104244635 0.199513778 -0.118603975 -0.090197518 0.968499839
1413393931955760384.000000 -0.512182415 -2.133387804 0.094541654 0.200032175 -0.117896840 -0.091797464 0.968328834
1413393932005760512.000000 -0.531176925 -2.091289520 0.087827101 0.199975967 -0.117466278 -0.094267182 0.968155503
1413393932055760384.000000 -0.551544309 -2.042439699 0.081928194 0.199769393 -0.117522635 -0.098410577 0.967778921
1413393932105760512.000000 -0.571750104 -1.988938451 0.078602016 -0.199252889 0.117650807 0.103348397 -0.967355072
1413393932155760384.000000 -0.581972778 -1.950305462 0.075759068 0.197552100 -0.117715038 -0.110669769 0.966886044
1413393932205760512.000000 -0.597170949 -1.899554133 0.074880093 0.195847616 -0.116858624 -0.118701547 0.966383874
1413393932255760384.000000 -0.610107780 -1.849610925 0.075755030 -0.193771347 0.115184382 0.128245160 -0.965783834
1413393932305760512.000000 -0.621375263 -1.802006602 0.077996880 0.192082196 -0.114192724 -0.136414394 0.965119481
1413393932355760384.000000 -0.632732451 -1.752910018 0.080637708 0.189994350 -0.113055624 -0.143400341 0.964653850
1413393932405760512.000000 -0.639530599 -1.715339184 0.082293764 0.187937498 -0.112985790 -0.148391306 0.964310050
1413393932455760384.000000 -0.649387717 -1.669342041 0.086370319 0.186170757 -0.112844996 -0.152620271 0.964009106
1413393932505760512.000000 -0.657978654 -1.629343867 0.091125667 0.184193775 -0.112492599 -0.155741811 0.963930786
1413393932555760384.000000 -0.666612387 -1.587058783 0.096519433 0.182840496 -0.110803276 -0.158261597 0.963973761
1413393932605760512.000000 -0.674192309 -1.547392607 0.101355456 -0.181885377 0.107415028 0.159144625 -0.964392483
1413393932655760384.000000 -0.680855155 -1.514737368 0.109119922 0.180801243 -0.103313871 -0.159251109 0.965026557
1413393932705760512.000000 -0.687348664 -1.478549480 0.114617795 0.180260688 -0.100331739 -0.158591107 0.965550900
1413393932755760384.000000 -0.693230093 -1.443787336 0.120136283 -0.179414317 0.097492419 0.157580435 -0.966164649
1413393932805760512.000000 -0.698639095 -1.417032361 0.127918676 0.178325415 -0.094399177 -0.156996787 0.966768324
1413393932855760384.000000 -0.703515530 -1.385485888 0.132920295 0.176842004 -0.092490211 -0.158630610 0.966958523
1413393932905760512.000000 -0.708094180 -1.360167980 0.139454573 0.175152063 -0.089758888 -0.160134673 0.967275620
1413393932955760384.000000 -0.710532725 -1.333213329 0.143296704 0.174629122 -0.082392223 -0.159928277 0.968059540
1413393933005760512.000000 -0.713373542 -1.311107278 0.148344070 0.175849497 -0.071381822 -0.158592999 0.968932331
1413393933055760384.000000 -0.714675128 -1.287521601 0.149189800 0.177863225 -0.061349705 -0.157601401 0.969413638
1413393933105760512.000000 -0.716308296 -1.265323997 0.148037672 -0.180377260 0.050904267 0.155594945 -0.969877899
1413393933155760384.000000 -0.720310926 -1.248224974 0.148492068 0.182081833 -0.044869728 -0.152725860 0.970313251
1413393933205760512.000000 -0.721277475 -1.227340579 0.141782016 0.183960140 -0.041646175 -0.148178056 0.970807731
1413393933255760384.000000 -0.721856296 -1.207597852 0.132925853 0.186594725 -0.042238429 -0.140705317 0.971390963
1413393933305760512.000000 -0.725238204 -1.191579461 0.124765605 0.189427495 -0.043808490 -0.129816890 0.972288907
1413393933355760384.000000 -0.724530101 -1.171474338 0.109950684 0.192390949 -0.046429619 -0.119695805 0.972883821
1413393933405760512.000000 -0.720817804 -1.145880580 0.089164242 0.195470169 -0.051541384 -0.108162470 0.973363161
1413393933455760384.000000 -0.725551665 -1.131784320 0.078509897 0.197073087 -0.060566813 -0.097281910 0.973668337
1413393933505760512.000000 -0.723869085 -1.107271433 0.058215469 0.199200988 -0.072378434 -0.086785674 0.973421097
1413393933555760384.000000 -0.723275304 -1.082120895 0.039321609 0.200429991 -0.084060833 -0.078266583 0.972952247
1413393933605760512.000000 -0.726376355 -1.055973768 0.023305863 0.200289980 -0.094219364 -0.072694682 0.972482502
1413393933655760384.000000 -0.726846039 -1.024629116 0.005274072 0.199111834 -0.100547098 -0.072225884 0.972125590
1413393933705760512.000000 -0.727176309 -0.990453005 -0.011069059 0.196876094 -0.103803933 -0.078468561 0.971754789
1413393933755760384.000000 -0.732361734 -0.956926584 -0.021987543 0.193191200 -0.104491860 -0.089811414 0.971438408
1413393933805760512.000000 -0.734949350 -0.918333471 -0.036546294 -0.189460874 0.104068354 0.102287002 -0.970984995
1413393933855760384.000000 -0.736846507 -0.877181590 -0.054068733 -0.186885148 0.104139291 0.112029813 -0.970401168
1413393933905760512.000000 -0.750466466 -0.841860294 -0.059995893 0.184681758 -0.103724942 -0.118741073 0.970069230
1413393933955760384.000000 -0.756305337 -0.802103698 -0.071634963 0.183218718 -0.100291856 -0.124471858 0.969989300
1413393934005760512.000000 -0.759724677 -0.763344228 -0.082918547 -0.183298752 0.088714816 0.130383506 -0.970325410
1413393934055760384.000000 -0.763173580 -0.727405488 -0.093200877 0.182838693 -0.076980256 -0.135203078 0.970754445
1413393934105760512.000000 -0.759804606 -0.690609276 -0.107642233 0.183740661 -0.065975241 -0.138541445 0.970923722
1413393934155760384.000000 -0.752780855 -0.651196957 -0.127811581 0.184294730 -0.060310952 -0.142061964 0.970678329
1413393934205760512.000000 -0.750004828 -0.621486843 -0.139837503 0.184309751 -0.057060804 -0.144039854 0.970580518
1413393934255760384.000000 -0.743695557 -0.586953282 -0.161480725 0.186016127 -0.059180565 -0.142249256 0.970392108
1413393934305760512.000000 -0.738958001 -0.552995980 -0.183570534 0.187753215 -0.062974922 -0.139185533 0.970263064
1413393934355760384.000000 -0.737409651 -0.521489918 -0.202397585 0.189171076 -0.071214095 -0.133862257 0.970166862
1413393934405760512.000000 -0.738974452 -0.486902177 -0.225481465 0.191167250 -0.080448247 -0.127145991 0.969957232
1413393934455760384.000000 -0.744428873 -0.452361435 -0.247074008 0.192745477 -0.088360950 -0.121194817 0.969718218
1413393934505760512.000000 -0.752061784 -0.418180645 -0.266222328 0.193953320 -0.095481314 -0.115596101 0.969485998
1413393934555760384.000000 -0.763498306 -0.381197244 -0.287377298 0.195600837 -0.101403080 -0.109492034 0.969262242
1413393934605760512.000000 -0.776529312 -0.342873096 -0.307568759 0.196887419 -0.105853543 -0.103950210 0.969136059
1413393934655760384.000000 -0.790626228 -0.302168399 -0.326387942 0.198465839 -0.109037876 -0.096588187 0.969222784
1413393934705760512.000000 -0.806603312 -0.260339260 -0.344262421 0.200164303 -0.111847490 -0.089686185 0.969216585
1413393934755760384.000000 -0.825088441 -0.217011169 -0.360428184 0.204233840 -0.117090866 -0.080406800 0.968562365
1413393934805760512.000000 -0.845179796 -0.172005802 -0.374928385 0.210306674 -0.124400847 -0.070409968 0.967128754
1413393934855760384.000000 -0.866287529 -0.124737963 -0.387371302 0.218064338 -0.132724598 -0.064325258 0.964725077
1413393934905760512.000000 -0.888694048 -0.075032949 -0.397326142 0.227003381 -0.142580330 -0.063701659 0.961292088
1413393934955760384.000000 -0.906861186 -0.040604614 -0.394894809 0.235949993 -0.152523741 -0.071102314 0.957083344
1413393935005760512.000000 -0.934018135 0.031186171 -0.407518446 0.246317238 -0.156083167 -0.090208732 0.952275276
1413393935055760384.000000 -0.951442480 0.064057365 -0.396711022 0.256240964 -0.158992440 -0.115194440 0.946463048
1413393935105760512.000000 -0.973352671 0.116657168 -0.392815650 0.268863678 -0.159860283 -0.139578640 0.939507782
1413393935155760384.000000 -0.992991447 0.167725503 -0.386466831 0.283787549 -0.160576984 -0.160113826 0.931688368
1413393935205760512.000000 -1.009493113 0.218758628 -0.378502548 0.300746739 -0.161283791 -0.176802993 0.923189938
1413393935255760384.000000 -1.021458030 0.266085446 -0.368209124 0.319163084 -0.162151650 -0.189049989 0.914386034
1413393935305760512.000000 -1.029887557 0.309326351 -0.355641544 0.338152170 -0.163200930 -0.198491767 0.905328512
1413393935355760384.000000 -1.034779787 0.348470390 -0.341413468 -0.357654124 0.164405078 0.203874543 -0.896375835
1413393935405760512.000000 -1.035669088 0.383357853 -0.325663269 -0.377117902 0.162495941 0.211446479 -0.886942804
1413393935455760384.000000 -1.033096433 0.414547741 -0.309040368 -0.396330744 0.159019142 0.219050899 -0.877297878
1413393935505760512.000000 -1.027023435 0.441328287 -0.291828811 -0.415559113 0.153272822 0.226939857 -0.867361724
1413393935555760384.000000 -1.018718243 0.463956118 -0.274560690 -0.434002459 0.149719656 0.235352576 -0.856641710
1413393935605760512.000000 -1.008604288 0.482936144 -0.256868958 -0.450098246 0.144108728 0.246151686 -0.846199512
1413393935655760384.000000 -0.998057246 0.498066604 -0.238844067 -0.463176697 0.139803767 0.257153690 -0.836537063
1413393935705760512.000000 -0.987693906 0.509599686 -0.221052051 -0.474115342 0.132609144 0.269632101 -0.827603757
1413393935755760384.000000 -0.978343487 0.517337143 -0.204525411 -0.483178765 0.124913372 0.281663299 -0.819512546
1413393935805760512.000000 -0.969181180 0.520492435 -0.189731508 -0.491564661 0.114927374 0.294332802 -0.811495006
1413393935855760384.000000 -0.961494029 0.518556356 -0.180425227 -0.500355303 0.104552984 0.305683017 -0.803287745
1413393935905760512.000000 -0.955976784 0.512650967 -0.173794419 -0.510410964 0.098154835 0.311837465 -0.795363903
1413393935955760384.000000 -0.951543450 0.503333092 -0.171195418 -0.523893952 0.101011962 0.306211293 -0.788394868
1413393936005760512.000000 -0.949441135 0.488909602 -0.173505515 -0.539970696 0.108061261 0.294458389 -0.781056106
1413393936055760384.000000 -0.945904791 0.467314035 -0.198797405 -0.556804895 0.115694761 0.282845020 -0.772387028
1413393936105760512.000000 -0.941491127 0.443209618 -0.218406975 -0.575047970 0.123635545 0.270004958 -0.762319863
1413393936155760384.000000 -0.939509988 0.419379354 -0.232441559 -0.593842030 0.131663412 0.257351518 -0.750857294
1413393936205760512.000000 -0.937840998 0.391326487 -0.248614684 -0.612760425 0.141754016 0.245445266 -0.737690389
1413393936255760384.000000 -0.935123205 0.361701638 -0.265069187 -0.631244123 0.150453776 0.236544639 -0.723146677
1413393936305760512.000000 -0.934315681 0.329513907 -0.281258583 -0.649103224 0.159003958 0.230119571 -0.707409263
1413393936355760384.000000 -0.932752073 0.297038078 -0.295383841 -0.666757226 0.165962636 0.226250947 -0.690435946
1413393936405760512.000000 -0.931077838 0.263511240 -0.308276922 -0.683631957 0.170384899 0.224449217 -0.673230231
1413393936455760384.000000 -0.928522050 0.228535265 -0.318973958 -0.699869037 0.171865508 0.225064203 -0.655737579
1413393936505760512.000000 -0.924531996 0.192114145 -0.328131139 -0.716411114 0.166327000 0.227125749 -0.638360679
1413393936555760384.000000 -0.919788599 0.157243907 -0.335939795 -0.732470095 0.157858446 0.228884995 -0.621433854
1413393936605760512.000000 -0.914377213 0.119760036 -0.341553509 -0.748049200 0.147997722 0.228497609 -0.605233788
1413393936655760384.000000 -0.909128308 0.081131697 -0.346305162 -0.763189852 0.137509674 0.225699544 -0.589654207
1413393936705760512.000000 -0.903819323 0.041677594 -0.349267006 -0.777022004 0.127673313 0.222051322 -0.575004041
1413393936755760384.000000 -0.897189677 0.003567398 -0.351135135 -0.789511025 0.120122872 0.219052821 -0.560587823
1413393936805760512.000000 -0.889894485 -0.033691883 -0.353137225 -0.800879955 0.113746747 0.217368335 -0.546263754
1413393936855760384.000000 -0.882235527 -0.069406331 -0.354979098 -0.811768115 0.108078994 0.216464564 -0.531502247
1413393936905760512.000000 -0.873617291 -0.103609562 -0.355709255 -0.822353184 0.101343192 0.215861455 -0.516593397
1413393936955760384.000000 -0.869850397 -0.110941410 -0.370796621 0.832926750 -0.095585614 -0.217886642 0.499621868
1413393937005760512.000000 -0.858857393 -0.141569793 -0.370694607 0.843326867 -0.087605454 -0.218450814 0.483119577
1413393937055760384.000000 -0.841107130 -0.151709080 -0.350533485 0.853375018 -0.080898531 -0.219613448 0.465807348
1413393937105760512.000000 -0.821894050 -0.196286619 -0.328310281 -0.862935901 0.075962692 0.219098672 -0.448962241
1413393937155760384.000000 -0.806381583 -0.211370170 -0.321855903 -0.872144163 0.072373442 0.219421610 -0.431254923
1413393937205760512.000000 -0.789209366 -0.224976063 -0.314439058 -0.881185293 0.069335870 0.218825668 -0.413304299
1413393937255760384.000000 -0.772240102 -0.234118730 -0.305811226 -0.889242828 0.067480572 0.219016656 -0.395885587
1413393937305760512.000000 -0.753267050 -0.242644653 -0.296990097 -0.896722555 0.067146473 0.218640178 -0.378914952
1413393937355760384.000000 -0.733220279 -0.248211652 -0.287015855 -0.902915776 0.067273617 0.219893262 -0.363131344
1413393937405760512.000000 -0.712121606 -0.251143962 -0.275802314 -0.907803893 0.068000488 0.221032143 -0.349875510
1413393937455760384.000000 -0.691830993 -0.251384825 -0.262808323 -0.910766721 0.070236914 0.225879669 -0.338451147
1413393937505760512.000000 -0.675190270 -0.248852551 -0.247812688 -0.911308229 0.076413631 0.235748634 -0.328787059
1413393937555760384.000000 -0.662883162 -0.243900910 -0.231246054 -0.911178172 0.085737981 0.243893012 -0.320810854
1413393937605760512.000000 -0.659759521 -0.226478472 -0.220227540 -0.910632551 0.093993768 0.250814736 -0.314651519
1413393937655760384.000000 -0.659069657 -0.216586888 -0.205521762 -0.909760296 0.103792161 0.256586075 -0.309397876
1413393937705760512.000000 -0.659044445 -0.208430722 -0.188320398 -0.908261657 0.112107873 0.262804896 -0.305656999
1413393937755760384.000000 -0.651801229 -0.188762963 -0.171218395 0.906052053 -0.118970796 -0.270614088 0.302793086
1413393937805760512.000000 -0.643703461 -0.158818305 -0.157714367 0.903641820 -0.125493869 -0.278126478 0.300547004
1413393937855760384.000000 -0.564372361 0.026878074 -0.154786557 0.901577055 -0.131048948 -0.283421397 0.299428403
1413393937905760512.000000 -0.558037937 0.049198866 -0.138160020 0.901055872 -0.131019458 -0.285316914 0.299209923
1413393937955760384.000000 -0.525777876 0.099640831 -0.124593750 0.902287841 -0.125724852 -0.283051938 0.299919248
1413393938005760512.000000 -0.503462076 0.160021305 -0.119537726 0.903398573 -0.118683793 -0.280871004 0.301490784
1413393938055760384.000000 -0.457925320 0.320294172 -0.117015652 0.904925287 -0.108445264 -0.278421849 0.303036660
1413393938105760512.000000 -0.445323169 0.357945651 -0.104849264 -0.907050550 0.094970368 0.275352746 -0.304007947
1413393938155760384.000000 -0.431492925 0.397542983 -0.093954667 -0.909910977 0.078296714 0.271201432 -0.303943276
1413393938205760512.000000 -0.416704953 0.440164119 -0.084483400 -0.913326085 0.060305886 0.266777873 -0.301708788
1413393938255760384.000000 -0.448095143 0.549611390 -0.074196681 -0.916762412 0.045902640 0.262288332 -0.297732264
1413393938305760512.000000 -0.449984074 0.621614575 -0.037780315 -0.920229614 0.038665857 0.257629752 -0.292077631
1413393938355760384.000000 -0.451968551 0.677472234 -0.007875264 -0.924274862 0.039391644 0.251730829 -0.284246057
1413393938405760512.000000 -0.452617049 0.741750062 0.003979743 -0.928370893 0.047053922 0.246027619 -0.274561256
1413393938455760384.000000 -0.469106853 0.783660889 0.025007218 -0.932657421 0.061206739 0.239371777 -0.262878418
1413393938505760512.000000 -0.451364666 0.876170516 0.033451796 -0.936390698 0.074425705 0.235059589 -0.249760345
1413393938555760384.000000 -0.443480402 0.957199156 0.047402799 -0.939638197 0.085598022 0.232304409 -0.236194238
1413393938605760512.000000 -0.437125981 1.041328430 0.062922001 -0.942754805 0.094033435 0.230461940 -0.221942365
1413393938655760384.000000 -0.433826596 1.128510952 0.081186712 0.945312798 -0.101990454 -0.230052680 0.207503021
1413393938705760512.000000 -0.434189081 1.218374014 0.102333069 0.947174788 -0.108978942 -0.231338933 0.193561003
1413393938755760384.000000 -0.437233359 1.310478449 0.126420319 0.949539840 -0.113743052 -0.230384648 0.179887682
1413393938805760512.000000 -0.442540437 1.404528618 0.153997779 0.952544093 -0.114911795 -0.227195367 0.166845292
1413393938855760384.000000 -0.448604703 1.500072718 0.184474111 0.955947757 -0.111652575 -0.223169759 0.154573262
1413393938905760512.000000 -0.454961538 1.597050428 0.217705309 0.958855867 -0.108099744 -0.220705882 0.142122597
1413393938955760384.000000 -0.461039662 1.695323586 0.253914118 0.961201787 -0.104438171 -0.219941065 0.129652277
1413393939005760512.000000 -0.466714442 1.794981241 0.292952776 0.963010788 -0.101921305 -0.220324457 0.116958812
1413393939055760384.000000 -0.470936418 1.895643592 0.334644914 0.965058863 -0.098588660 -0.218723521 0.105364501
1413393939105760512.000000 -0.472039759 1.997301817 0.378438711 0.969391108 -0.095388822 -0.205528870 0.094550349
1413393939155760384.000000 -0.472047031 2.100323915 0.425450742 0.973649502 -0.091966823 -0.191081956 0.083884045
1413393939205760512.000000 -0.473606408 2.205352783 0.476650238 0.975326061 -0.090696059 -0.187635869 0.072842896
1413393939255760384.000000 -0.477015138 2.312125444 0.532701671 0.974568844 -0.089986399 -0.195364356 0.062856279
1413393939305760512.000000 -0.481876194 2.420285702 0.593067646 0.971750259 -0.090993457 -0.210955545 0.054031666
1413393939355760384.000000 -0.488760650 2.529873610 0.657715976 0.966413260 -0.092296191 -0.235371605 0.046120986
1413393939405760512.000000 -0.498059571 2.641019344 0.725102842 0.958441973 -0.098551303 -0.264886677 0.038880855
1413393939455760384.000000 -0.510109663 2.753386021 0.793964505 0.948597372 -0.107770108 -0.295788497 0.032525863
1413393939505760512.000000 -0.524704814 2.866525650 0.862692475 0.937881529 -0.119110219 -0.324687630 0.027730862
1413393939555760384.000000 -0.541716576 2.979773760 0.929677725 0.927678585 -0.130313814 -0.349068016 0.024131337
1413393939605760512.000000 -0.561293244 3.092323065 0.993986011 0.918273568 -0.139785886 -0.369783551 0.022219818
1413393939655760384.000000 -0.583230138 3.203745842 1.054261923 0.909898102 -0.146945730 -0.387349665 0.021276655
1413393939705760512.000000 -0.606680512 3.312949419 1.108772397 0.905069292 -0.145095289 -0.399163276 0.021577314
1413393939755760384.000000 -0.631335497 3.419856310 1.156513095 0.904905736 -0.138652861 -0.401728392 0.023136893
1413393939805760512.000000 -0.656346440 3.524736643 1.196920156 0.911263883 -0.129318386 -0.390102476 0.026363652
1413393939855760384.000000 -0.680991411 3.627990961 1.230218172 0.923774183 -0.121387877 -0.361800164 0.031732965
1413393939905760512.000000 -0.704466343 3.730079889 1.258900404 0.939179599 -0.116832122 -0.320582002 0.038976934
1413393939955760384.000000 -0.726568460 3.831853628 1.285790682 0.954543710 -0.112214185 -0.272222787 0.046358537
1413393940005760512.000000 -0.748531222 3.934239626 1.314282417 0.966609240 -0.109722584 -0.225452170 0.052904505
1413393940055760384.000000 -0.770005226 4.037531376 1.346030712 0.975357413 -0.112090573 -0.180969179 0.057998136
1413393940105760512.000000 -0.791464329 4.141805649 1.383363366 0.981005311 -0.114914931 -0.143561229 0.061752420
1413393940155760384.000000 -0.813351989 4.247038364 1.428390026 0.983920693 -0.120976277 -0.114979297 0.063597858
1413393940205760512.000000 -0.834187865 4.352861404 1.483282328 0.985752404 -0.124420255 -0.092793316 0.064817160
1413393940255760384.000000 -0.855798125 4.459468842 1.547186613 0.986107647 -0.127940953 -0.083692625 0.064949177
1413393940305760512.000000 -0.877995133 4.566495895 1.620296001 0.985042870 -0.130579188 -0.092579558 0.063786022
1413393940355760384.000000 -0.900694251 4.673974991 1.703687191 0.982559025 -0.129406855 -0.118305139 0.061932188
1413393940405760512.000000 -0.922507405 4.781173229 1.795731544 0.978156626 -0.126879722 -0.153318405 0.060039286
1413393940455760384.000000 -0.944715261 4.888431549 1.894919395 0.970918715 -0.127291337 -0.194420233 0.057572793
1413393940505760512.000000 -0.968031883 4.995783329 1.999053478 0.960097492 -0.130188793 -0.241480708 0.054321151
1413393940555760384.000000 -0.990900755 5.103050709 2.105622768 0.947244346 -0.137755051 -0.284885705 0.050910339
1413393940605760512.000000 -1.012727499 5.209424496 2.211811066 0.934555590 -0.148090094 -0.319825560 0.048855510
1413393940655760384.000000 -1.033342838 5.313899517 2.315132618 0.923939824 -0.158078983 -0.345018595 0.048047066
1413393940705760512.000000 -1.053464413 5.415892124 2.413823128 0.915285349 -0.169840053 -0.362075001 0.048050050
1413393940755760384.000000 -1.073353052 5.514785767 2.507334709 0.908330441 -0.184445977 -0.372127205 0.049364563
1413393940805760512.000000 -1.092223883 5.609124184 2.594237804 0.906597257 -0.193653539 -0.371331543 0.051890001
1413393940855760384.000000 -1.109380007 5.697868347 2.674737930 0.912738025 -0.190948442 -0.356745929 0.056395054
1413393940905760512.000000 -1.126033545 5.782226562 2.750643253 0.922800303 -0.178843170 -0.335711807 0.061257232
1413393940955760384.000000 -1.142574549 5.863879204 2.823414087 0.934480608 -0.165531099 -0.308222711 0.065911278
1413393941005760512.000000 -1.159003735 5.943579674 2.894823790 0.946744919 -0.151896670 -0.274957657 0.070709184
1413393941055760384.000000 -1.175147533 6.022507191 2.966720581 0.958003759 -0.142605007 -0.237159327 0.075153276
1413393941105760512.000000 -1.191242218 6.101349831 3.041002989 0.967407286 -0.133074671 -0.200584486 0.078613929
1413393941155760384.000000 -1.207780600 6.180811882 3.119555473 0.974120915 -0.126438588 -0.169237047 0.080378070
1413393941205760512.000000 -1.225122452 6.261514187 3.203979969 0.978617251 -0.121373974 -0.144902304 0.081117451
1413393941255760384.000000 -1.243907690 6.343704700 3.295082569 0.980786324 -0.117631912 -0.133200899 0.080488838
1413393941305760512.000000 -1.265102863 6.427728176 3.393495560 0.980190217 -0.115647934 -0.140727997 0.077771060
1413393941355760384.000000 -1.287441969 6.513514996 3.498908997 0.977512479 -0.115962908 -0.159979105 0.073679872
1413393941405760512.000000 -1.310662031 6.600988388 3.610473633 0.972815633 -0.117395066 -0.187376887 0.068833672
1413393941455760384.000000 -1.334255695 6.689889908 3.726803541 0.966544628 -0.119341515 -0.217876017 0.063868247
1413393941505760512.000000 -1.358553171 6.779644012 3.846673727 0.958364010 -0.120709188 -0.252061248 0.058590662
1413393941555760384.000000 -1.382642508 6.869947910 3.968129158 0.949545443 -0.122043364 -0.283862114 0.053769950
1413393941605760512.000000 -1.406352520 6.960618019 4.089384079 0.940847337 -0.123373255 -0.311687618 0.049358502
1413393941655760384.000000 -1.429605484 7.051282406 4.208677292 0.933676302 -0.123818450 -0.332884371 0.045886181
1413393941705760512.000000 -1.454107285 7.141993046 4.325349331 0.927650571 -0.124210864 -0.349344343 0.044661891
1413393941755760384.000000 -1.481287003 7.232961178 4.438845634 0.922550380 -0.123573638 -0.362728119 0.045373648
1413393941805760512.000000 -1.511288643 7.324359417 4.548821449 0.919127226 -0.122062661 -0.371610940 0.047023386
