1403715585212143104.000000 -0.036480147 0.036051013 -0.084490389 -0.000408334 -0.012923613 0.003433705 0.999910593
1403715585262142976.000000 -0.044005446 0.045865197 -0.118395872 -0.001468191 -0.011516561 0.001962821 0.999930739
1403715585312143104.000000 -0.050931331 0.065878116 -0.150920898 0.000228791 -0.003539084 0.003062556 0.999989033
1403715585362142976.000000 -0.052662019 0.077428021 -0.176127419 0.000115741 0.006110875 0.000050820 0.999981344
1403715585412143104.000000 -0.052793626 0.085313648 -0.194199800 0.000461000 0.015937304 -0.001536793 0.999871790
1403715585462142976.000000 -0.051732022 0.089739509 -0.209417522 0.000215927 0.024065936 -0.003069735 0.999705672
1403715585512143104.000000 -0.054167703 0.105595149 -0.227787644 0.001404956 0.034050059 -0.004420172 0.999409378
1403715585562142976.000000 -0.039829206 0.113173068 -0.241550073 0.002208727 0.043079719 -0.008845789 0.999030054
1403715585612143104.000000 -0.047635857 0.118382245 -0.246532574 0.002832666 0.052859478 -0.009137091 0.998556137
1403715585662142976.000000 -0.041921660 0.118095741 -0.252996415 0.002986876 0.058496851 -0.011070545 0.998221755
1403715585712143104.000000 -0.034448911 0.124005251 -0.257243574 0.004429870 0.059351131 -0.011869936 0.998156786
1403715585762142976.000000 -0.032035183 0.116909787 -0.257548362 0.004270845 0.059979003 -0.012435924 0.998113096
1403715585812143104.000000 -0.029214285 0.113124050 -0.254115015 0.006324442 0.059873223 -0.008659489 0.998148441
1403715585862142976.000000 -0.033504527 0.108114280 -0.245030940 0.009276274 0.058724321 -0.003179586 0.998226106
1403715585912143104.000000 -0.043539695 0.103791222 -0.234148726 0.014487176 0.057772003 0.006963328 0.998200476
1403715585962142976.000000 -0.047935158 0.092500955 -0.220293149 0.018800680 0.056066163 0.017460551 0.998097301
1403715586012143104.000000 -0.068994276 0.086704060 -0.200521097 0.025466166 0.057955306 0.034128334 0.997410655
1403715586062142976.000000 -0.065325566 0.084310599 -0.187231869 0.031317830 0.060537260 0.047929447 0.996522605
1403715586112143104.000000 -0.067729674 0.085407458 -0.173554927 0.034968730 0.073729232 0.057307094 0.995016158
1403715586162142976.000000 -0.064784959 0.086935952 -0.157859504 0.035607047 0.087433197 0.059862688 0.993732393
1403715586212143104.000000 -0.057358447 0.080155104 -0.142544881 0.031735823 0.099783264 0.056235287 0.992911756
1403715586262142976.000000 -0.046057563 0.081281044 -0.129067689 0.026249805 0.110023826 0.046601955 0.992488801
1403715586312143104.000000 -0.037752613 0.091386907 -0.119804882 0.020959612 0.117783926 0.034902144 0.992204368
1403715586362142976.000000 -0.032993808 0.099496596 -0.109589778 0.014834482 0.126346737 0.021448178 0.991643310
1403715586412143104.000000 -0.026176684 0.104688443 -0.100798383 0.009176168 0.134133756 0.009744759 0.990872920
1403715586462142976.000000 -0.020416746 0.109044522 -0.093626924 0.005730832 0.141453937 0.001794592 0.989926636
1403715586512143104.000000 -0.018148240 0.112668023 -0.087064981 0.003410334 0.147361591 -0.003407025 0.989070952
1403715586562142976.000000 -0.009836960 0.112850569 -0.084005930 0.002259069 0.149794310 -0.005533935 0.988699138
1403715586612143104.000000 -0.008484676 0.109837361 -0.082720622 0.001371211 0.152059779 -0.006563346 0.988348603
1403715586662142976.000000 -0.008841920 0.109766513 -0.083475359 0.001442875 0.150503263 -0.006268471 0.988588631
1403715586712143104.000000 -0.009339856 0.109324485 -0.085333258 0.003052406 0.146324515 -0.002720497 0.989228189
1403715586762142976.000000 -0.010667950 0.108958922 -0.088796489 0.005799935 0.138142258 0.003079861 0.990390718
1403715586812143104.000000 -0.017240273 0.101351894 -0.096977115 0.008028319 0.127384260 0.010581295 0.991764486
1403715586862142976.000000 -0.019479332 0.100182310 -0.106534749 0.010982152 0.113961309 0.017428966 0.993271589
1403715586912143104.000000 -0.024472324 0.080226988 -0.113392182 0.010131620 0.102507919 0.022222189 0.994432390
1403715586962142976.000000 -0.028204802 0.078800544 -0.122103266 0.010975882 0.093855523 0.025054829 0.995210052
1403715587012143104.000000 -0.033235028 0.071974084 -0.131572604 0.010733670 0.089264870 0.027426463 0.995572448
1403715587062142976.000000 -0.038284969 0.073630318 -0.141889229 0.011356290 0.087371774 0.028930541 0.995690882
1403715587112143104.000000 -0.041048590 0.064729027 -0.149400175 0.009880851 0.088766694 0.029682647 0.995561063
1403715587162142976.000000 -0.041027199 0.059738245 -0.157660529 0.007993570 0.094244622 0.026210178 0.995171964
1403715587212143104.000000 -0.041036922 0.055471119 -0.166312531 0.006651082 0.102807313 0.022219626 0.994430900
1403715587262142976.000000 -0.036662884 0.054624543 -0.177904278 0.006611026 0.108820193 0.018396871 0.993869245
1403715587312143104.000000 -0.034482211 0.049966451 -0.190684542 0.007641403 0.114193931 0.016238173 0.993296385
1403715587362142976.000000 -0.032545395 0.043799039 -0.201829910 0.011256262 0.117214046 0.018517718 0.992870271
1403715587412143104.000000 -0.031948149 0.036651120 -0.213667631 -0.016104767 -0.120228708 -0.023684273 -0.992333055
1403715587462142976.000000 -0.031097228 0.030698413 -0.225308940 0.020754753 0.120761648 0.030264918 0.992003024
1403715587512143104.000000 -0.032165419 0.021860328 -0.240005955 0.023788527 0.119266279 0.037659239 0.991862595
1403715587562142976.000000 -0.032979686 0.016983904 -0.254713714 -0.025604201 -0.117686585 -0.047472756 -0.991584897
1403715587612143104.000000 -0.034194916 0.013918048 -0.270495087 -0.025256990 -0.115024604 -0.058347378 -0.991325915
1403715587662142976.000000 -0.035164807 0.013920272 -0.285199136 0.022354817 0.111526519 0.068835609 0.991122484
1403715587712143104.000000 -0.037531681 0.015952494 -0.302622199 -0.016467156 -0.106449589 -0.077578649 -0.991150320
1403715587762142976.000000 -0.040034801 0.021259239 -0.320720673 -0.007408235 -0.102666073 -0.085983425 -0.990965068
1403715587812143104.000000 -0.042801328 0.030071046 -0.336091548 -0.004548579 0.100671344 0.094317302 0.990428686
1403715587862142976.000000 -0.045080941 0.041639090 -0.355344445 0.019354630 -0.100622617 -0.101486087 -0.989545941
1403715587912143104.000000 -0.047789942 0.056521755 -0.372883618 -0.037626471 0.101576909 0.106072381 0.988440752
1403715587962142976.000000 -0.049772151 0.074263304 -0.393553734 -0.058472395 0.105393209 0.108943380 0.986714065
1403715588012143104.000000 -0.053039599 0.094221428 -0.412699848 -0.080116890 0.110454805 0.111099176 0.984397352
1403715588062142976.000000 -0.056627549 0.115820706 -0.434855282 -0.102078266 0.116579749 0.113211639 0.981413424
1403715588112143104.000000 -0.063804068 0.140668035 -0.448044598 -0.123952650 0.122546874 0.115499631 0.977894664
1403715588162142976.000000 -0.074482508 0.163800418 -0.469948739 -0.145574778 0.128326088 0.118591242 0.973794997
1403715588212143104.000000 -0.091430955 0.187811077 -0.483606577 -0.166652068 0.133752435 0.122581452 0.969180703
1403715588262142976.000000 -0.113517821 0.210203022 -0.502250135 -0.186364338 0.137829453 0.128798708 0.964200377
1403715588312143104.000000 -0.141907141 0.232638896 -0.512633264 -0.205012411 0.140206680 0.136711732 0.958969235
1403715588362142976.000000 -0.173613921 0.253229678 -0.530479193 -0.222898096 0.141643211 0.144574866 0.953599393
1403715588412143104.000000 -0.207407340 0.274179637 -0.543014944 -0.240731254 0.142045751 0.151414767 0.948127151
1403715588462142976.000000 -0.242288977 0.293183208 -0.565507531 -0.257686198 0.141956761 0.157639533 0.942653716
1403715588512143104.000000 -0.278021276 0.312444925 -0.582075298 -0.273505479 0.139971912 0.164989248 0.937219977
1403715588562142976.000000 -0.315170079 0.329689473 -0.609515071 -0.289006740 0.138551891 0.172101229 0.931482494
1403715588612143104.000000 -0.352247089 0.347734958 -0.630035520 -0.303550243 0.134476900 0.180052668 0.925934315
1403715588662142976.000000 -0.392018974 0.363257051 -0.660882354 -0.316715330 0.127990440 0.189122513 0.920620739
1403715588712143104.000000 -0.431009471 0.379752576 -0.684659243 -0.329986989 0.119039498 0.197208062 0.915449202
1403715588762142976.000000 -0.472838789 0.393920153 -0.718413889 -0.342755497 0.108834289 0.205643609 0.910156310
1403715588812143104.000000 -0.513162434 0.409609914 -0.743974745 -0.355886728 0.095498987 0.213252887 0.904846907
1403715588862142976.000000 -0.556851983 0.423378587 -0.778658330 -0.368692398 0.079785109 0.221104324 0.899340391
1403715588912143104.000000 -0.597735643 0.439873993 -0.803888142 -0.380910546 0.062416933 0.229090467 0.893604457
1403715588962142976.000000 -0.641509593 0.454755396 -0.837954521 -0.392518550 0.045881633 0.237525538 0.887358844
1403715589012143104.000000 -0.680127621 0.473754346 -0.860713065 -0.403859854 0.030516334 0.245591551 0.880710363
1403715589062142976.000000 -0.719999552 0.491475344 -0.892918766 -0.414437562 0.018975914 0.254552662 0.873547018
1403715589112143104.000000 -0.751324236 0.515606582 -0.913796604 -0.425283372 0.011255449 0.261320114 0.866440594
1403715589162142976.000000 -0.783160746 0.539501727 -0.943562329 -0.434766948 0.005457322 0.268265247 0.859640419
1403715589212143104.000000 -0.804367840 0.570274055 -0.963037968 -0.444043487 0.002020817 0.273596942 0.853209198
1403715589262142976.000000 -0.827144682 0.601263940 -0.991138160 -0.453247070 -0.001223979 0.278577626 0.846735001
1403715589312143104.000000 -0.839533031 0.638180971 -1.008585334 -0.461065263 -0.005562029 0.285144448 0.840286076
1403715589362142976.000000 -0.853914797 0.675928771 -1.034509420 -0.468570113 -0.011811111 0.291950196 0.833707213
1403715589412143104.000000 -0.858993292 0.720155239 -1.050271749 -0.475439996 -0.016232017 0.299926847 0.826884091
1403715589462142976.000000 -0.866490245 0.765412450 -1.071306109 -0.482163668 -0.020263575 0.308006763 0.819902122
1403715589512143104.000000 -0.869459689 0.817257881 -1.084407568 -0.488866389 -0.025072617 0.314541906 0.813292325
1403715589562142976.000000 -0.873234391 0.871060133 -1.100136280 -0.494790643 -0.029404761 0.318831116 0.807876408
1403715589612143104.000000 -0.871024907 0.931959748 -1.110863447 -0.499476135 -0.033235166 0.322686851 0.803300917
1403715589662142976.000000 -0.865918517 0.996064067 -1.123980880 -0.503594279 -0.033359956 0.325057119 0.799761176
1403715589712143104.000000 -0.853773773 1.068907976 -1.133653522 -0.508344293 -0.030700043 0.323696136 0.797411084
1403715589762142976.000000 -0.837274551 1.144882202 -1.144973040 -0.514911115 -0.021272389 0.317197263 0.796115577
1403715589812143104.000000 -0.812802672 1.229103565 -1.155350208 -0.523516238 -0.005449993 0.305059731 0.795512199
1403715589862142976.000000 -0.786826313 1.313683629 -1.165878773 -0.531232536 0.013761724 0.292204678 0.795122087
1403715589912143104.000000 -0.757376909 1.402545810 -1.174115896 -0.536419392 0.030578114 0.283260465 0.794407189
1403715589962142976.000000 -0.731146336 1.488590121 -1.181032419 -0.539994478 0.044869430 0.275956035 0.793877184
1403715590012143104.000000 -0.702881217 1.577125788 -1.185141325 -0.541807711 0.055685952 0.271109164 0.793626726
1403715590062142976.000000 -0.678740382 1.661456108 -1.188554406 -0.542836189 0.062037945 0.266763002 0.793925583
1403715590112143104.000000 -0.651846588 1.748240352 -1.189865708 -0.543352067 0.064254150 0.263420582 0.794512212
1403715590162142976.000000 -0.629342556 1.829491735 -1.190927029 -0.542995274 0.063480616 0.261292130 0.795520484
1403715590212143104.000000 -0.603873134 1.913540483 -1.189685225 -0.540644288 0.059390649 0.260972828 0.797539830
1403715590262142976.000000 -0.582407117 1.991883397 -1.188187361 -0.537740946 0.055150423 0.258326203 0.800662637
1403715590312143104.000000 -0.555504858 2.073346615 -1.184547782 -0.534060061 0.050131749 0.253486037 0.804991603
1403715590362142976.000000 -0.533069968 2.148704052 -1.179824829 -0.529959619 0.044469498 0.245360300 0.810532987
1403715590412143104.000000 -0.508807778 2.223205090 -1.172445059 0.524329960 -0.038743969 -0.236253366 -0.817166686
1403715590462142976.000000 -0.483720958 2.296794415 -1.162395358 0.517174304 -0.035369862 -0.225602880 -0.824853361
1403715590512143104.000000 -0.457826108 2.369035721 -1.149282217 0.508143187 -0.031913061 -0.215727836 -0.833206773
1403715590562142976.000000 -0.430296302 2.439959049 -1.133319855 0.497982562 -0.028711839 -0.204451188 -0.842252135
1403715590612143104.000000 -0.385658115 2.526164532 -1.113092422 -0.485676825 0.025074273 0.195808589 0.851556420
1403715590662142976.000000 -0.353985637 2.598313332 -1.089527488 -0.469905227 0.024313884 0.193081588 0.860997975
1403715590712143104.000000 -0.322498083 2.666720867 -1.062722206 0.451208293 -0.025953112 -0.194972888 -0.870472908
1403715590762142976.000000 -0.284643143 2.731918573 -1.035423279 -0.432361513 0.030923761 0.196112111 0.879572272
1403715590812143104.000000 -0.248637453 2.799197674 -1.004018545 -0.413493454 0.038748816 0.195205331 0.888491273
1403715590862142976.000000 -0.210451156 2.863369226 -0.971751094 0.395495832 -0.047176566 -0.191104859 -0.897126794
1403715590912143104.000000 -0.168337360 2.927032709 -0.939366639 -0.377482831 0.055646218 0.184666544 0.905708849
1403715590962142976.000000 -0.129105955 2.989981651 -0.903967142 -0.358957320 0.060555596 0.176674783 0.914477289
1403715591012143104.000000 -0.090312824 3.050372362 -0.869101346 0.340377986 -0.062623404 -0.168220907 -0.922996700
1403715591062142976.000000 -0.046440631 3.110568047 -0.831646144 -0.320645839 0.063023083 0.159570292 0.931531966
1403715591112143104.000000 -0.007368326 3.168751478 -0.793582201 -0.300827116 0.062947713 0.149533257 0.939776838
1403715591162142976.000000 0.035431936 3.226479053 -0.754194438 -0.281484604 0.061285917 0.136096656 0.947886109
1403715591212143104.000000 0.074598417 3.281454325 -0.714179456 -0.262044728 0.059040554 0.121795878 0.955516875
1403715591262142976.000000 0.117631182 3.336095333 -0.672373474 -0.243371278 0.056941994 0.105039075 0.962546051
1403715591312143104.000000 0.156668931 3.386487246 -0.629591823 -0.224592879 0.055461384 0.088040434 0.968881369
1403715591362142976.000000 0.201126307 3.437678337 -0.584254920 -0.204844922 0.055475596 0.073958486 0.974418402
1403715591412143104.000000 0.241239443 3.482949972 -0.538335264 -0.185010448 0.055586472 0.059799653 0.979339242
1403715591462142976.000000 0.286986172 3.529114008 -0.489172071 -0.164800540 0.056806553 0.047402453 0.983548105
1403715591512143104.000000 0.326440930 3.568197012 -0.439951152 -0.144092783 0.056317862 0.037098452 0.987263560
1403715591562142976.000000 0.364629984 3.604160547 -0.388745576 0.122724026 -0.056512929 -0.027997937 -0.990434885
1403715591612143104.000000 0.409000635 3.644484282 -0.329678267 -0.100775599 0.056637332 0.021338973 0.993066549
1403715591662142976.000000 0.443220943 3.675172329 -0.272427499 -0.079490729 0.058602929 0.014515605 0.995005727
1403715591712143104.000000 0.481906950 3.708533525 -0.209594667 -0.060928885 0.062086456 0.004078148 0.996200979
1403715591762142976.000000 0.513306320 3.735051632 -0.147629112 -0.043512724 0.065517671 -0.006136200 0.996883392
1403715591812143104.000000 0.547218204 3.763526201 -0.080005273 -0.026591495 0.068030812 -0.016448885 0.997193217
1403715591862142976.000000 0.574242651 3.785070658 -0.013617833 -0.010276841 0.070008911 -0.025863536 0.997158170
1403715591912143104.000000 0.602472007 3.807304382 0.058208108 0.005574357 0.071889818 -0.036477722 0.996729791
1403715591962142976.000000 0.625774920 3.823054314 0.128284127 0.020508830 0.074140854 -0.049237788 0.995820343
1403715592012143104.000000 0.649017155 3.839006186 0.203834534 0.034130950 0.075749308 -0.064471789 0.994454920
1403715592062142976.000000 0.668324709 3.848084927 0.276690781 0.048559081 0.077501260 -0.078708932 0.992693543
1403715592112143104.000000 0.688150108 3.856103897 0.354201794 0.063574292 0.080297060 -0.092798226 0.990403593
1403715592162142976.000000 0.708473802 3.856507540 0.426375896 0.080155961 0.086142257 -0.105240755 0.987460852
1403715592212143104.000000 0.732277095 3.852957010 0.496593148 -0.097956136 -0.095257089 0.116877235 -0.983702421
1403715592262142976.000000 0.758323550 3.845773697 0.569472432 0.115892537 0.102702148 -0.128409386 0.979557157
1403715592312143104.000000 0.786713243 3.831593990 0.632715642 0.134001002 0.109464124 -0.140010804 0.974914551
1403715592362142976.000000 0.816524148 3.810692787 0.687313974 -0.151999265 -0.113853768 0.151518986 -0.970038950
1403715592412143104.000000 0.847366452 3.789431334 0.754097879 0.169637069 0.117577679 -0.163828641 0.964654863
1403715592462142976.000000 0.879470944 3.760004044 0.806266785 0.186999813 0.119335771 -0.175539374 0.959153771
1403715592512143104.000000 0.911293983 3.726586819 0.855879009 -0.204206437 -0.122699730 0.187549904 -0.952926874
1403715592562142976.000000 0.939774692 3.688957214 0.905567646 0.221176490 0.126699761 -0.199355811 0.946195245
1403715592612143104.000000 0.968287349 3.646474838 0.948737979 -0.237926960 -0.130432054 0.210691065 -0.939141929
1403715592662142976.000000 0.993161500 3.599290133 0.991171241 0.254336178 0.134297445 -0.223236144 0.931366146
1403715592712143104.000000 1.017573476 3.547866106 1.027600169 0.271585524 0.137396798 -0.234707162 0.923187971
1403715592762142976.000000 1.039635897 3.492101669 1.060927629 0.290417969 0.137998223 -0.243255600 0.915117800
1403715592812143104.000000 1.057436705 3.429610252 1.090160608 0.312182486 0.135339975 -0.245695576 0.907666743
1403715592862142976.000000 1.075083971 3.365506172 1.115159035 0.336867362 0.127550572 -0.241418749 0.901092827
1403715592912143104.000000 1.090405226 3.298213720 1.136672735 0.362460524 0.118414611 -0.235047609 0.894065499
1403715592962142976.000000 1.102404118 3.226289988 1.155524015 0.387863487 0.108891517 -0.228276551 0.886337698
1403715593012143104.000000 1.115446448 3.154651165 1.172518373 0.413061857 0.101235949 -0.222116426 0.877379954
1403715593062142976.000000 1.125975609 3.080527306 1.187612653 0.437417269 0.095214866 -0.217777982 0.867279112
1403715593112143104.000000 1.137429595 3.007598877 1.202418208 0.460050225 0.091476366 -0.217627272 0.855934739
1403715593162142976.000000 1.148137569 2.936811924 1.216642976 0.480754942 0.089676477 -0.220984071 0.843800306
1403715593212143104.000000 1.157526851 2.859511375 1.229213238 0.499878109 0.090467028 -0.225876927 0.831214368
1403715593262142976.000000 1.167900324 2.787539005 1.242957950 0.517047882 0.091129847 -0.232898146 0.818605781
1403715593312143104.000000 1.177583098 2.715506554 1.256493688 0.531560957 0.092934154 -0.243153602 0.806028903
1403715593362142976.000000 1.187099457 2.641871929 1.267899036 0.543242157 0.098606132 -0.256915897 0.793195426
1403715593412143104.000000 1.196739078 2.570758343 1.280069709 0.553951442 0.103804730 -0.271667063 0.780102193
1403715593462142976.000000 1.205851436 2.500527859 1.290626407 0.564632952 0.109657705 -0.285953373 0.766417325
1403715593512143104.000000 1.212095618 2.426620960 1.298004031 0.575137973 0.114065200 -0.299186707 0.752790034
1403715593562142976.000000 1.218474865 2.356122017 1.304763436 0.587640405 0.117356367 -0.307672381 0.739083230
1403715593612143104.000000 1.223208785 2.286219597 1.308765769 0.600874066 0.123007357 -0.314596593 0.724464417
1403715593662142976.000000 1.226913571 2.213292122 1.307354331 0.615833819 0.127276242 -0.316857725 0.710035682
1403715593712143104.000000 1.229536653 2.145098209 1.306162834 0.630792618 0.133796275 -0.317861974 0.695099354
1403715593762142976.000000 1.230623722 2.077989817 1.301904678 0.645435870 0.137806773 -0.319201738 0.680097103
1403715593812143104.000000 1.229520321 2.009560585 1.292730570 0.659707904 0.140897632 -0.321744829 0.664389670
1403715593862142976.000000 1.226984739 1.946659684 1.284166455 0.672135115 0.143417835 -0.328008235 0.648132920
1403715593912143104.000000 1.222109318 1.886493444 1.273064971 0.685462356 0.142150030 -0.333757401 0.631300807
1403715593962142976.000000 1.213720202 1.825848460 1.257193089 0.697633445 0.139127731 -0.341802478 0.614102781
1403715594012143104.000000 1.204835534 1.770767450 1.241985679 0.708942235 0.135419339 -0.350975573 0.596555650
1403715594062142976.000000 1.194708467 1.719894171 1.223284721 0.720266700 0.128851160 -0.359140217 0.579337299
1403715594112143104.000000 1.182340741 1.669273496 1.203607917 0.730808496 0.121864863 -0.366939753 0.562515020
1403715594162142976.000000 1.169081092 1.621242166 1.181010604 0.741132140 0.115787774 -0.373425782 0.545774341
1403715594212143104.000000 1.153741837 1.566928148 1.154082894 0.751003385 0.111284561 -0.378993243 0.529125571
1403715594262142976.000000 1.138919473 1.521976709 1.127794743 0.760270357 0.107269712 -0.384043157 0.512828529
1403715594312143104.000000 1.123853564 1.477466702 1.098890066 0.768970609 0.105075143 -0.389324784 0.496054173
1403715594362142976.000000 1.107659817 1.435731888 1.068624735 0.777608812 0.105062746 -0.393536389 0.478973448
1403715594412143104.000000 1.090196848 1.396064043 1.036728501 0.785557926 0.106070429 -0.398669988 0.461205065
1403715594462142976.000000 1.070402145 1.352894783 0.999956846 0.793183267 0.107805647 -0.404137731 0.442618400
1403715594512143104.000000 1.051164985 1.316795945 0.963831902 0.800294995 0.111547291 -0.410098583 0.422970802
1403715594562142976.000000 1.030033231 1.280239940 0.924119234 0.807289183 0.114438556 -0.416065514 0.402588576
1403715594612143104.000000 1.007852912 1.247825861 0.884528160 0.814067960 0.115850747 -0.422056109 0.381760061
1403715594662142976.000000 0.983288407 1.216843367 0.841276526 0.819599748 0.115209118 -0.429725260 0.360997707
1403715594712143104.000000 0.957239747 1.189059496 0.797705293 -0.824031651 -0.109553561 0.439386457 -0.340454876
1403715594762142976.000000 0.927845359 1.163622379 0.750812173 0.828524351 0.097174011 -0.448764503 0.320492029
1403715594812143104.000000 0.897696972 1.139344454 0.702817798 0.833331227 0.084105611 -0.456221193 0.300578743
1403715594862142976.000000 0.865369618 1.117372036 0.651349783 0.838504732 0.071409114 -0.461692661 0.280446887
1403715594912143104.000000 0.832364619 1.094434381 0.598765135 0.842780292 0.060984168 -0.467456400 0.259782225
1403715594962142976.000000 0.797168434 1.073886752 0.543061852 0.846790671 0.052640136 -0.472186744 0.239195123
1403715595012143104.000000 0.761469603 1.051023483 0.486135244 0.850651622 0.047273543 -0.475957423 0.218223646
1403715595062142976.000000 0.723470569 1.030961037 0.426354766 0.853958786 0.043519527 -0.479491889 0.197352529
1403715595112143104.000000 0.684780777 1.007611990 0.364435196 0.858050883 0.038533222 -0.480748326 0.176479384
1403715595162142976.000000 0.645289183 0.984783590 0.300009131 -0.863401592 -0.031239180 0.478772789 -0.156008303
1403715595212143104.000000 0.604044557 0.965192914 0.232741356 0.868208408 0.026951792 -0.476751298 0.134892702
1403715595262142976.000000 0.562371850 0.941023886 0.164635658 -0.872789681 -0.022700612 0.474225998 -0.113280907
1403715595312143104.000000 0.518749654 0.919842601 0.094819546 0.877600789 0.019523298 -0.470173061 0.091503814
1403715595362142976.000000 0.474459499 0.895141125 0.024844706 0.882266819 0.017692814 -0.465319663 0.069064334
1403715595412143104.000000 0.428557277 0.869968295 -0.045288831 0.885902226 0.013800718 -0.461289555 0.046890430
1403715595462142976.000000 0.381869972 0.850430548 -0.117220879 0.890133142 0.011387216 -0.454909891 0.024298491
1403715595512143104.000000 0.336147517 0.824473381 -0.188752815 0.893609762 0.012030204 -0.448682904 0.000780711
1403715595562142976.000000 0.290249765 0.803104877 -0.260767996 0.896443844 0.015147870 -0.442316830 -0.022690943
1403715595612143104.000000 0.245664001 0.777080595 -0.332481921 0.899745762 0.024857013 -0.433156520 -0.047066417
1403715595662142976.000000 0.201197922 0.757180214 -0.403723150 0.903297782 0.036342937 -0.421404630 -0.071767598
1403715595712143104.000000 0.158654571 0.733755589 -0.473909825 0.906700671 0.050675161 -0.407438576 -0.096538559
1403715595762142976.000000 0.117048621 0.717969894 -0.541483462 0.909735262 0.063316248 -0.392152160 -0.120787315
1403715595812143104.000000 0.077762067 0.700163007 -0.607256234 0.911908746 0.076683730 -0.376460940 -0.144289032
1403715595862142976.000000 0.041378140 0.691030204 -0.668415666 0.914177477 0.083589531 -0.360462308 -0.165406585
1403715595912143104.000000 0.009007871 0.680324912 -0.726560175 0.916762948 0.089958198 -0.342526555 -0.184740037
1403715595962142976.000000 -0.019535601 0.680111468 -0.778622925 0.920206249 0.090000361 -0.323047996 -0.201892257
1403715596012143104.000000 -0.042061448 0.677469373 -0.825556159 0.924086392 0.083457425 -0.303397149 -0.216908947
1403715596062142976.000000 -0.057371736 0.673447132 -0.866086125 0.927885890 0.070967600 -0.284553468 -0.230262220
1403715596112143104.000000 -0.066964507 0.688308835 -0.896254182 -0.930493355 -0.056505647 0.270016402 0.240998954
1403715596162142976.000000 -0.069331229 0.692010045 -0.920600176 -0.930514574 -0.048128631 0.263674527 0.249603927
1403715596212143104.000000 -0.065042078 0.701808453 -0.935647964 -0.927621424 -0.043376457 0.267857075 0.256689876
1403715596262142976.000000 -0.053626180 0.707303405 -0.943196654 -0.921076000 -0.043805327 0.284216344 0.262528509
1403715596312143104.000000 -0.039909482 0.717507184 -0.943554282 0.910292447 0.046085931 -0.312124848 -0.267995983
1403715596362142976.000000 -0.020022094 0.725395381 -0.937166929 0.897306085 0.048857111 -0.342906147 -0.273624182
1403715596412143104.000000 0.000435889 0.738173723 -0.927232206 0.883096337 0.047917094 -0.373994738 -0.279236048
1403715596462142976.000000 0.025368452 0.750877500 -0.913718700 0.868850648 0.045740925 -0.401794046 -0.285601109
1403715596512143104.000000 0.049741328 0.767505765 -0.898845315 0.854945064 0.043651685 -0.426433444 -0.292092621
1403715596562142976.000000 0.076535404 0.786083460 -0.884049475 0.842186868 0.041138608 -0.446409523 -0.299578995
1403715596612143104.000000 0.102886140 0.808179259 -0.869657934 0.829820931 0.039401185 -0.463980377 -0.307517439
1403715596662142976.000000 0.125643134 0.833325505 -0.855680525 0.818212390 0.038172968 -0.478741735 -0.316034377
1403715596712143104.000000 0.149610281 0.861990571 -0.845369339 0.808300436 0.037292253 -0.489301324 -0.325336754
1403715596762142976.000000 0.170281410 0.894364715 -0.836788535 0.799553156 0.037386108 -0.496874630 -0.335309863
1403715596812143104.000000 0.190045953 0.930549860 -0.831591487 0.790459216 0.036175873 -0.504689157 -0.345187604
1403715596862142976.000000 0.205785513 0.970601082 -0.828574061 0.781623662 0.034574576 -0.512569487 -0.353753716
1403715596912143104.000000 0.219885111 1.014798403 -0.829958558 0.773503780 0.034150835 -0.519376159 -0.361627042
1403715596962142976.000000 0.230817914 1.063316822 -0.834919095 0.766155303 0.034928080 -0.525456131 -0.368350357
1403715597012143104.000000 0.235883474 1.116233468 -0.843525290 0.761133790 0.035877727 -0.528468788 -0.374311328
1403715597062142976.000000 0.240052223 1.173869371 -0.857397735 0.758255661 0.035918031 -0.529201388 -0.379083484
1403715597112143104.000000 0.243116617 1.235664845 -0.876023293 0.758735359 0.033046462 -0.525755405 -0.383157790
1403715597162142976.000000 0.239234209 1.303792715 -0.899440587 0.762506485 0.026852783 -0.517678261 -0.387133300
1403715597212143104.000000 0.235672355 1.375681162 -0.926965952 0.768275023 0.016110191 -0.506222725 -0.391449511
1403715597262142976.000000 0.230003953 1.451071024 -0.957444787 0.774793863 0.004541557 -0.492579162 -0.396282256
1403715597312143104.000000 0.220803499 1.529395103 -0.991764784 0.781159759 -0.008981242 -0.477724582 -0.401855797
1403715597362142976.000000 0.210843086 1.608787894 -1.026929259 0.785851479 -0.020829363 -0.463973492 -0.408328593
1403715597412143104.000000 0.198881269 1.689365864 -1.064685583 0.789984047 -0.033913642 -0.449500501 -0.415601224
1403715597462142976.000000 0.186483741 1.769783735 -1.104043365 0.794827044 -0.043216508 -0.431582361 -0.424404413
1403715597512143104.000000 0.172533274 1.849320292 -1.143840194 0.797336102 -0.049978908 -0.415847301 -0.434543788
1403715597562142976.000000 0.158033729 1.927965760 -1.183359742 0.797357023 -0.053976875 -0.403067976 -0.445919842
1403715597612143104.000000 0.141937613 2.004230738 -1.221668124 0.794759452 -0.056137178 -0.394041836 -0.458188921
1403715597662142976.000000 0.125039339 2.078925133 -1.259394407 0.790464938 -0.057156656 -0.387401193 -0.470976412
1403715597712143104.000000 0.107317448 2.151868105 -1.296213627 0.784305811 -0.055572651 -0.384442240 -0.483715057
1403715597762142976.000000 0.089142203 2.223139763 -1.333423138 0.778267860 -0.054304898 -0.382004470 -0.495401531
1403715597812143104.000000 0.069791436 2.292915821 -1.370653152 0.772354960 -0.054370970 -0.381138355 -0.505217910
1403715597862142976.000000 0.051075339 2.361076593 -1.406350374 0.768427730 -0.054221164 -0.377864748 -0.513611913
1403715597912143104.000000 0.032464385 2.427759886 -1.443970203 0.766471744 -0.055900853 -0.372242868 -0.520414770
1403715597962142976.000000 0.014607072 2.492870331 -1.480562687 0.766179323 -0.059010290 -0.365055263 -0.525567889
1403715598012143104.000000 -0.003919601 2.555883169 -1.518005848 0.765757501 -0.061209034 -0.359836608 -0.529515505
1403715598062142976.000000 -0.022118449 2.616644859 -1.555105925 0.765734315 -0.061469041 -0.355299503 -0.532573879
1403715598112143104.000000 -0.040871859 2.674518585 -1.588207006 0.766366243 -0.059191804 -0.350733221 -0.534944296
1403715598162142976.000000 -0.060648441 2.731581926 -1.622422218 0.767650843 -0.058978915 -0.345418423 -0.536581695
1403715598212143104.000000 -0.081867337 2.786580324 -1.651638985 0.769779861 -0.062112499 -0.339310437 -0.537075043
1403715598262142976.000000 -0.104609847 2.839158535 -1.681437492 0.772816420 -0.067220464 -0.331680626 -0.536865175
1403715598312143104.000000 -0.129431367 2.889159918 -1.705516338 0.776435435 -0.072961353 -0.323387355 -0.535952806
1403715598362142976.000000 -0.155180573 2.936462402 -1.730115652 0.780288994 -0.080823936 -0.314383864 -0.534583449
1403715598412143104.000000 -0.179863095 2.979962587 -1.752692223 0.785121679 -0.091965675 -0.302902251 -0.532331228
1403715598462142976.000000 -0.202601671 3.017588139 -1.769165516 0.789152622 -0.102270231 -0.293150127 -0.529945314
1403715598512143104.000000 -0.224240422 3.050091267 -1.788225889 0.792209566 -0.112259760 -0.285469383 -0.527550042
1403715598562142976.000000 -0.244837403 3.075537443 -1.808565140 0.794170499 -0.118855916 -0.281065881 -0.525517464
1403715598612143104.000000 -0.262917399 3.094737768 -1.815324545 0.795459807 -0.121026590 -0.279343277 -0.523988247
1403715598662142976.000000 -0.281275630 3.107701778 -1.827493191 0.794530809 -0.116071731 -0.284726769 -0.523620844
1403715598712143104.000000 -0.298583508 3.114928246 -1.834276199 0.792500854 -0.106988400 -0.293975174 -0.523521364
1403715598762142976.000000 -0.315880179 3.117024183 -1.840731859 0.788679957 -0.095717713 -0.306663513 -0.524194241
1403715598812143104.000000 -0.333060861 3.114206791 -1.844368219 0.784206450 -0.083939150 -0.320155978 -0.524856865
1403715598862142976.000000 -0.349253654 3.107613087 -1.846013784 0.780099869 -0.073842414 -0.331345648 -0.525548875
1403715598912143104.000000 -0.365854263 3.098640680 -1.846108437 0.776734471 -0.064309075 -0.340273559 -0.526081562
1403715598962142976.000000 -0.381716251 3.087466955 -1.844048738 0.774425685 -0.057440195 -0.346480250 -0.526229084
1403715599012143104.000000 -0.398830771 3.075523376 -1.840034485 0.772661805 -0.051870160 -0.350773007 -0.526556253
1403715599062142976.000000 -0.414718509 3.062355518 -1.835773706 0.771758080 -0.049445409 -0.352887899 -0.526701808
1403715599112143104.000000 -0.431369066 3.049432755 -1.828646421 0.772197127 -0.047368824 -0.352485329 -0.526518762
1403715599162142976.000000 -0.447683096 3.034949064 -1.821490288 0.771772563 -0.047735021 -0.353544950 -0.526397705
1403715599212143104.000000 -0.464599967 3.019546986 -1.812425375 0.769358039 -0.048470993 -0.358778924 -0.526323557
1403715599262142976.000000 -0.482293010 3.002495766 -1.802927017 0.766591609 -0.049654733 -0.364876181 -0.526058197
1403715599312143104.000000 -0.500057697 2.985313416 -1.791313887 0.763511181 -0.052520528 -0.371551394 -0.525587142
1403715599362142976.000000 -0.518408418 2.967104912 -1.779142141 0.760556519 -0.057172082 -0.377959341 -0.524816096
1403715599412143104.000000 -0.537523985 2.947937012 -1.768487453 0.758034408 -0.064173192 -0.383271486 -0.523802221
1403715599462142976.000000 -0.557296157 2.928497553 -1.756432295 0.755736947 -0.071953729 -0.387748033 -0.522815228
1403715599512143104.000000 -0.577786922 2.908084869 -1.745607138 0.754442990 -0.078980729 -0.390249223 -0.521807730
1403715599562142976.000000 -0.598501325 2.886825323 -1.737075329 0.753211379 -0.084175937 -0.392463565 -0.521113575
1403715599612143104.000000 -0.619415402 2.864072561 -1.729917526 0.753394186 -0.090435699 -0.391786993 -0.520309210
1403715599662142976.000000 -0.640874863 2.839562416 -1.724801779 0.753685892 -0.096850097 -0.390918642 -0.519384563
1403715599712143104.000000 -0.662249804 2.813749552 -1.723267794 0.755785525 -0.098771885 -0.386571497 -0.519225299
1403715599762142976.000000 -0.684367776 2.785283804 -1.721992254 0.758749962 -0.099076837 -0.381005645 -0.518957675
1403715599812143104.000000 -0.707142234 2.754397631 -1.722354174 0.761911213 -0.095834225 -0.375343412 -0.519061148
1403715599862142976.000000 -0.729715586 2.722193718 -1.723722458 0.765340567 -0.087686628 -0.369399935 -0.519719839
1403715599912143104.000000 -0.753732920 2.686650991 -1.724986076 0.766747355 -0.076750465 -0.367540509 -0.520693719
1403715599962142976.000000 -0.777675867 2.649274349 -1.726677895 0.766744792 -0.065110885 -0.368550479 -0.521568418
1403715600012143104.000000 -0.801623940 2.612323046 -1.728095293 0.766634881 -0.054760084 -0.369714260 -0.522095442
1403715600062142976.000000 -0.825233221 2.573490143 -1.729301691 0.766571105 -0.043327115 -0.368519366 -0.524104118
1403715600112143104.000000 -0.847752094 2.535208702 -1.730483055 0.766593635 -0.030255640 -0.363918126 -0.528187811
1403715600162142976.000000 -0.869629383 2.497903824 -1.729348898 0.766122043 -0.015900614 -0.356634080 -0.534430921
1403715600212143104.000000 -0.890295386 2.461000443 -1.726795912 0.764339626 -0.002034381 -0.348306417 -0.542644858
1403715600262142976.000000 -0.910266817 2.425921440 -1.722000360 0.760771215 0.008518360 -0.340613604 -0.552392006
1403715600312143104.000000 -0.927592278 2.392585754 -1.713112593 0.755213499 0.015321234 -0.334296018 -0.563616931
1403715600362142976.000000 -0.943786442 2.360481262 -1.701818109 0.748193264 0.020434786 -0.327684045 -0.576552272
1403715600412143104.000000 -0.958331347 2.330606461 -1.687094808 0.738313913 0.020330369 -0.325574517 -0.590322375
1403715600462142976.000000 -0.971100807 2.302246809 -1.669008136 0.726229966 0.019601401 -0.325979233 -0.604932666
1403715600512143104.000000 -0.982159674 2.275697231 -1.647394061 0.710439503 0.014551586 -0.333068520 -0.619781733
1403715600562142976.000000 -0.990947723 2.251064301 -1.623562217 0.693555117 0.006950976 -0.341206640 -0.634437621
1403715600612143104.000000 -0.997745752 2.228846550 -1.598312855 0.676598310 0.000734095 -0.347049028 -0.649439156
1403715600662142976.000000 -1.001695871 2.209422112 -1.572718501 0.660564899 -0.004633920 -0.349528283 -0.664426506
1403715600712143104.000000 -1.001948476 2.192547321 -1.547585130 0.645831704 -0.009415047 -0.347766399 -0.679611266
1403715600762142976.000000 -0.998434722 2.178366661 -1.523345470 0.632198751 -0.013806283 -0.342221111 -0.694995701
1403715600812143104.000000 -0.992042303 2.166348219 -1.500292897 0.618552148 -0.017418317 -0.336709052 -0.709730208
1403715600862142976.000000 -0.981417120 2.157005548 -1.478370786 0.606642127 -0.020275064 -0.327289581 -0.724193215
1403715600912143104.000000 -0.967630804 2.150057793 -1.456914783 0.594262779 -0.023353297 -0.320134521 -0.737441719
1403715600962142976.000000 -0.950214744 2.145359039 -1.436738968 0.583580196 -0.025965272 -0.311905384 -0.749316394
1403715601012143104.000000 -0.930059195 2.142932177 -1.417240739 0.574167371 -0.028666364 -0.304403424 -0.759505510
1403715601062142976.000000 -0.905607164 2.140311718 -1.409003139 0.565463543 -0.033031385 -0.297473550 -0.768550217
1403715601112143104.000000 -0.880072594 2.141853333 -1.391972423 0.559326351 -0.034796711 -0.291446060 -0.775243521
1403715601162142976.000000 -0.852795601 2.147207260 -1.365496159 0.556290448 -0.034977287 -0.285041362 -0.779787838
1403715601212143104.000000 -0.821218371 2.151012182 -1.350404620 0.553838313 -0.035482761 -0.279309720 -0.783575237
1403715601262142976.000000 -0.785568833 2.154231548 -1.345970273 0.551303625 -0.035019755 -0.274618328 -0.787034154
1403715601312143104.000000 -0.751293302 2.162637234 -1.319629908 0.551801920 -0.033151560 -0.268505663 -0.788872838
1403715601362142976.000000 -0.714820087 2.168719292 -1.303189158 0.550676405 -0.032011576 -0.263928920 -0.791247368
1403715601412143104.000000 -0.679424167 2.176189423 -1.284093857 0.549073756 -0.032875407 -0.262311727 -0.792861819
1403715601462142976.000000 -0.639640033 2.179221630 -1.263869643 0.547568381 -0.034494758 -0.262247056 -0.793854833
1403715601512143104.000000 -0.602786422 2.185037613 -1.241372228 0.546109676 -0.036011465 -0.263467431 -0.794388056
1403715601562142976.000000 -0.565875292 2.191336632 -1.217260242 0.545247614 -0.038680691 -0.264399678 -0.794544935
1403715601612143104.000000 -0.528994203 2.197894096 -1.191493988 0.544280291 -0.040785205 -0.266309500 -0.794465125
1403715601662142976.000000 -0.492309868 2.204747438 -1.164209843 0.543269873 -0.042575832 -0.268839091 -0.794210792
1403715601712143104.000000 -0.455051541 2.211664200 -1.136192441 0.543070376 -0.046338189 -0.269778073 -0.793818116
1403715601762142976.000000 -0.417267174 2.218944550 -1.107654333 0.543787479 -0.051195014 -0.268296957 -0.793530762
1403715601812143104.000000 -0.379826605 2.226566076 -1.077770233 0.544464588 -0.053857498 -0.267369866 -0.793203056
1403715601862142976.000000 -0.342431843 2.233706474 -1.047249436 0.546664774 -0.057829879 -0.266297609 -0.791769564
1403715601912143104.000000 -0.305138379 2.240530491 -1.016526580 0.550891101 -0.062218834 -0.265041649 -0.788923800
1403715601962142976.000000 -0.267809182 2.246951103 -0.985844016 0.557501197 -0.069458447 -0.262346148 -0.784565151
1403715602012143104.000000 -0.230083108 2.252239227 -0.954948366 0.566341817 -0.080147006 -0.256986916 -0.778968036
1403715602062142976.000000 -0.192950785 2.255635262 -0.923462451 0.575382590 -0.089875489 -0.252789170 -0.772628605
1403715602112143104.000000 -0.157001734 2.257253408 -0.891835272 0.584550142 -0.098541364 -0.250250638 -0.765483856
1403715602162142976.000000 -0.123697937 2.256066561 -0.860008597 0.592771828 -0.104093604 -0.251737714 -0.757901311
1403715602212143104.000000 -0.091719091 2.251584530 -0.828062117 0.600279272 -0.106097646 -0.256962508 -0.749918878
1403715602262142976.000000 -0.060976684 2.242951393 -0.796844065 0.607443511 -0.107525319 -0.263948709 -0.741472781
1403715602312143104.000000 -0.031858981 2.231671810 -0.764855742 0.614888847 -0.103894860 -0.271052361 -0.733245015
1403715602362142976.000000 -0.005092204 2.216871262 -0.732650161 0.621108174 -0.094858050 -0.281587988 -0.725213706
1403715602412143104.000000 0.020601869 2.200057030 -0.700209856 0.627465844 -0.084495127 -0.292173684 -0.716785729
1403715602462142976.000000 0.045053720 2.181094408 -0.668660164 0.633145034 -0.075076252 -0.303931624 -0.707895875
1403715602512143104.000000 0.070406914 2.160235643 -0.636525989 0.639557898 -0.066521831 -0.313088834 -0.698939145
1403715602562142976.000000 0.095733762 2.137344599 -0.606081367 0.646218956 -0.059324898 -0.321182638 -0.689727068
1403715602612143104.000000 0.118882060 2.114557743 -0.575887203 0.654677808 -0.053253487 -0.325559318 -0.680126548
1403715602662142976.000000 0.140471578 2.092565060 -0.544580102 0.665033817 -0.047324352 -0.326285690 -0.670095623
1403715602712143104.000000 0.159328580 2.071233034 -0.512007356 0.674765289 -0.043598421 -0.328549117 -0.659428895
1403715602762142976.000000 0.173053741 2.050744295 -0.476800919 0.683706224 -0.038423151 -0.332098663 -0.648675561
1403715602812143104.000000 0.184765577 2.029819489 -0.439783216 0.691867411 -0.033743035 -0.336518526 -0.637915492
1403715602862142976.000000 0.195509911 2.009122849 -0.399800897 0.699424922 -0.032206994 -0.341807693 -0.626845241
1403715602912143104.000000 0.204229236 1.989169121 -0.356317878 0.706487298 -0.029571174 -0.347001404 -0.616109908
1403715602962142976.000000 0.210422635 1.969906092 -0.312102914 0.712966383 -0.025909005 -0.352584839 -0.605550647
1403715603012143104.000000 0.214488029 1.952033639 -0.265282631 0.720039606 -0.024158048 -0.356494635 -0.594870567
1403715603062142976.000000 0.217303157 1.935516596 -0.217589617 0.727643549 -0.023575185 -0.359029114 -0.584018230
1403715603112143104.000000 0.219772935 1.920161605 -0.169466734 0.735413194 -0.024037175 -0.361455500 -0.572660089
1403715603162142976.000000 0.223549604 1.904403687 -0.120364428 0.742309332 -0.021613393 -0.365148634 -0.561405718
1403715603212143104.000000 0.227785349 1.889345527 -0.071449041 0.748271763 -0.020285195 -0.369617879 -0.550509393
1403715603262142976.000000 0.231774807 1.874841213 -0.021599770 0.752761602 -0.016782569 -0.376092792 -0.540021002
1403715603312143104.000000 0.236643314 1.862133741 0.029271126 0.756809533 -0.013007306 -0.381248802 -0.530772626
1403715603362142976.000000 0.242741823 1.850184202 0.080873251 0.759684145 -0.010445639 -0.386761069 -0.522672832
1403715603412143104.000000 0.251759470 1.840775967 0.132827759 0.762489974 -0.011109562 -0.390861690 -0.515473425
1403715603462142976.000000 0.259718955 1.832517862 0.183670521 0.764974654 -0.014725902 -0.393895090 -0.509356081
1403715603512143104.000000 0.269629657 1.824790955 0.233785629 0.766603887 -0.020098688 -0.397503614 -0.503890395
1403715603562142976.000000 0.280153215 1.819162488 0.282847047 0.767439187 -0.026221314 -0.401597083 -0.499068469
1403715603612143104.000000 0.291394591 1.813725710 0.330558658 0.767800510 -0.032341950 -0.405613035 -0.494888514
1403715603662142976.000000 0.301379442 1.809485793 0.376738071 0.767211854 -0.041164283 -0.411293507 -0.490437716
1403715603712143104.000000 0.311878443 1.805941343 0.421448708 0.767784655 -0.048888173 -0.413793027 -0.486715585
1403715603762142976.000000 0.321626425 1.802885294 0.463313341 0.768209994 -0.057339069 -0.415708691 -0.483479053
1403715603812143104.000000 0.334991753 1.798008680 0.502190232 0.768457174 -0.064653710 -0.416996568 -0.481048226
1403715603862142976.000000 0.345832050 1.793989420 0.536541224 0.766641736 -0.069497339 -0.421589643 -0.479262829
1403715603912143104.000000 0.356352627 1.789865494 0.566630006 0.761541367 -0.068705797 -0.431529135 -0.478661597
1403715603962142976.000000 0.369567931 1.784605026 0.593625665 0.756720960 -0.066081859 -0.440666944 -0.478350580
1403715604012143104.000000 0.381919563 1.779970646 0.614885449 0.752627730 -0.059803430 -0.447787285 -0.479021549
1403715604062142976.000000 0.392239749 1.775380492 0.632536411 0.752606153 -0.049591247 -0.447525203 -0.480464280
1403715604112143104.000000 0.403138638 1.770996332 0.646384954 0.754844248 -0.039223153 -0.443082154 -0.482026964
1403715604162142976.000000 0.410408020 1.769006014 0.659597754 0.758072555 -0.031310301 -0.436920226 -0.483162969
1403715604212143104.000000 0.416376293 1.768403649 0.669673681 0.761948466 -0.025898056 -0.429536045 -0.484006882
1403715604262142976.000000 0.421485901 1.769640207 0.679480672 0.765345991 -0.023178261 -0.423057377 -0.484490246
1403715604312143104.000000 0.423737764 1.771337986 0.689139128 0.767640173 -0.021407302 -0.418564975 -0.484843940
1403715604362142976.000000 0.426020920 1.773910046 0.698785901 0.768760383 -0.019849215 -0.416503727 -0.484910578
1403715604412143104.000000 0.425844371 1.777966261 0.708553910 0.768795550 -0.018592082 -0.416617751 -0.484806597
1403715604462142976.000000 0.425581098 1.783840179 0.716657519 0.769221842 -0.017537462 -0.415925175 -0.484764427
1403715604512143104.000000 0.425137103 1.789560795 0.725107908 0.770803630 -0.019589113 -0.413070023 -0.484614581
1403715604562142976.000000 0.424375117 1.798922062 0.732864618 0.773638010 -0.022152744 -0.407745361 -0.484496981
1403715604612143104.000000 0.422181726 1.810271978 0.738798499 0.776510835 -0.025629405 -0.402200639 -0.484364361
1403715604662142976.000000 0.420436859 1.822396159 0.745385885 0.779350519 -0.026883727 -0.396757871 -0.484224468
1403715604712143104.000000 0.419704497 1.833776236 0.751951694 0.781107605 -0.027865417 -0.393565178 -0.483943045
1403715604762142976.000000 0.418095827 1.845761061 0.758061409 0.782340765 -0.027210748 -0.391020209 -0.484051466
1403715604812143104.000000 0.415116966 1.859812975 0.764567494 0.782418847 -0.027301377 -0.391069323 -0.483880430
1403715604862142976.000000 0.414819658 1.872544765 0.772805929 0.782377779 -0.027566753 -0.391203195 -0.483823508
1403715604912143104.000000 0.415324807 1.883927822 0.781205773 0.782503307 -0.026424346 -0.390658110 -0.484124631
1403715604962142976.000000 0.414851069 1.897486687 0.786661983 0.781624138 -0.024489174 -0.392185867 -0.484411269
1403715605012143104.000000 0.414414763 1.912192583 0.793501735 0.780344307 -0.023337662 -0.394443959 -0.484697908
1403715605062142976.000000 0.413601875 1.926977754 0.800511479 0.779883802 -0.023142951 -0.395084739 -0.484926611
1403715605112143104.000000 0.412973046 1.942544699 0.806777835 0.779985607 -0.023688801 -0.394507229 -0.485206604
1403715605162142976.000000 0.414068937 1.957596779 0.812560439 0.780484855 -0.024215255 -0.392466277 -0.486032128
1403715605212143104.000000 0.417605340 1.972484350 0.820360422 0.780702114 -0.025477650 -0.391055793 -0.486755073
1403715605262142976.000000 0.421445727 1.987767458 0.825147390 0.780450284 -0.027926732 -0.390568972 -0.487415016
1403715605312143104.000000 0.423471391 2.006466150 0.828949094 0.780030668 -0.031620834 -0.390417844 -0.487981826
1403715605362142976.000000 0.426586270 2.024774551 0.834099650 0.779236913 -0.036689561 -0.391071439 -0.488371789
1403715605412143104.000000 0.425930679 2.042531729 0.838750839 0.778572440 -0.040987466 -0.391210735 -0.488977730
1403715605462142976.000000 0.423926353 2.059483051 0.845111489 0.777248323 -0.042964820 -0.392730296 -0.489695907
1403715605512143104.000000 0.418690860 2.075914145 0.851066470 0.775596082 -0.045215972 -0.394986361 -0.490297943
1403715605562142976.000000 0.413240373 2.091317654 0.858732343 0.773532450 -0.046033535 -0.398204416 -0.490878522
1403715605612143104.000000 0.405221820 2.106108427 0.867397070 0.771991551 -0.047238138 -0.400389582 -0.491412073
1403715605662142976.000000 0.397638381 2.120137453 0.875560045 0.771801829 -0.046632472 -0.399942487 -0.492131561
1403715605712143104.000000 0.388850212 2.133904219 0.882710457 0.772806704 -0.043080211 -0.397259176 -0.493050814
1403715605762142976.000000 0.378415763 2.149147272 0.887173295 0.774799168 -0.039412044 -0.392807335 -0.493796945
1403715605812143104.000000 0.372780859 2.161553621 0.892429471 0.775762081 -0.036082804 -0.390378863 -0.494464904
1403715605862142976.000000 0.366931319 2.174778938 0.898617864 0.776564479 -0.034132689 -0.388276875 -0.494998604
1403715605912143104.000000 0.359659553 2.189489126 0.902644992 0.777119219 -0.032825556 -0.386420131 -0.495668948
1403715605962142976.000000 0.353405237 2.205941200 0.904817700 0.778025925 -0.032177560 -0.383956164 -0.496203542
1403715606012143104.000000 0.346355975 2.219661236 0.910327792 0.778384030 -0.031816203 -0.382626027 -0.496692479
1403715606062142976.000000 0.336787403 2.234024048 0.914586306 0.778556406 -0.031558834 -0.381470412 -0.497327209
1403715606112143104.000000 0.327338517 2.247373819 0.921162844 0.778521001 -0.031064084 -0.380229652 -0.498362809
1403715606162142976.000000 0.318582773 2.260628223 0.931242466 0.777920365 -0.031689838 -0.380345762 -0.499172151
1403715606212143104.000000 0.307108819 2.273919106 0.941075325 0.777201712 -0.032094806 -0.380985320 -0.499777585
1403715606262142976.000000 0.297759950 2.285407782 0.951311350 0.775939286 -0.035966471 -0.382651776 -0.500202358
1403715606312143104.000000 0.286648989 2.299587727 0.959418774 0.774433613 -0.039282128 -0.384376198 -0.500963569
1403715606362142976.000000 0.279665112 2.313883305 0.968057156 0.773085594 -0.041915637 -0.385999531 -0.501583636
1403715606412143104.000000 0.275106847 2.329270363 0.974835396 0.771752417 -0.044380721 -0.387680799 -0.502127528
1403715606462142976.000000 0.274349093 2.343162537 0.980405092 0.771452367 -0.046196636 -0.387347639 -0.502681911
1403715606512143104.000000 0.274152339 2.358919859 0.983874559 0.771223843 -0.048567161 -0.386667788 -0.503331959
1403715606562142976.000000 0.274222314 2.372351408 0.985895395 0.770150900 -0.051217597 -0.387335062 -0.504198432
1403715606612143104.000000 0.273407757 2.383854389 0.992180347 0.769238889 -0.054361433 -0.387453914 -0.505169153
1403715606662142976.000000 0.270510674 2.397747993 0.994388342 0.768201947 -0.057401594 -0.387841851 -0.506112278
1403715606712143104.000000 0.267054617 2.410531998 0.997927666 0.766914129 -0.061906520 -0.388824254 -0.506780088
1403715606762142976.000000 0.262844265 2.421268463 1.002013206 0.765774488 -0.066049859 -0.389614016 -0.507373512
1403715606812143104.000000 0.256795526 2.431768656 1.004384279 0.765653193 -0.069968492 -0.388308942 -0.508031309
1403715606862142976.000000 0.250719368 2.439924955 1.006507158 0.767368257 -0.070537023 -0.383679956 -0.508881390
1403715606912143104.000000 0.242420912 2.447005510 1.005597591 0.769746900 -0.069318898 -0.377885491 -0.509791374
1403715606962142976.000000 0.234905958 2.453514099 1.005925417 0.772530615 -0.064992480 -0.371206701 -0.511055887
1403715607012143104.000000 0.225776672 2.459083557 1.004986286 0.773344994 -0.058653228 -0.368928373 -0.512239456
1403715607062142976.000000 0.217071354 2.462873936 1.005652666 0.773853004 -0.051284712 -0.367501348 -0.513287663
1403715607112143104.000000 0.208407223 2.465095997 1.009526968 0.773419440 -0.045979541 -0.367670059 -0.514321864
1403715607162142976.000000 0.200368822 2.469491959 1.011076689 0.772930264 -0.042271338 -0.367987990 -0.515147448
1403715607212143104.000000 0.191808105 2.473301411 1.011000872 0.772094131 -0.039153013 -0.369147480 -0.515817583
1403715607262142976.000000 0.186317086 2.474188328 1.013078928 0.771669447 -0.037461512 -0.369990647 -0.515974700
1403715607312143104.000000 0.179315329 2.474906206 1.016041994 0.771191716 -0.036527142 -0.370719671 -0.516232610
1403715607362142976.000000 0.173715055 2.474116564 1.022333860 0.771419704 -0.037306942 -0.370283097 -0.516149580
1403715607412143104.000000 0.171116412 2.474788904 1.024882793 0.771817923 -0.037699036 -0.369657695 -0.515973985
1403715607462142976.000000 0.168718696 2.475342035 1.027260303 0.772457480 -0.037178356 -0.368671864 -0.515759885
1403715607512143104.000000 0.168589473 2.474806070 1.031276703 0.772298992 -0.036218595 -0.369602740 -0.515399158
1403715607562142976.000000 0.168506205 2.473953247 1.037583828 0.772503793 -0.035321202 -0.369785517 -0.515023351
1403715607612143104.000000 0.169948459 2.472292662 1.041069269 0.772604287 -0.035149623 -0.370559096 -0.514327884
1403715607662142976.000000 0.172872305 2.473190546 1.048278093 0.772749007 -0.034053288 -0.371380389 -0.513591349
1403715607712143104.000000 0.175689876 2.470720291 1.055184603 0.773436308 -0.033732500 -0.370752335 -0.513031304
1403715607762142976.000000 0.178277731 2.467904568 1.060934544 0.773404479 -0.033487719 -0.371616721 -0.512469709
1403715607812143104.000000 0.184817910 2.460085392 1.076715708 0.773199797 -0.034397930 -0.373149157 -0.511604071
1403715607862142976.000000 0.181427777 2.458192825 1.084058762 0.772380233 -0.037075501 -0.375936806 -0.510613143
1403715607912143104.000000 0.179957867 2.455693960 1.095427036 0.771688223 -0.031490598 -0.373733938 -0.513642550
1403715607962142976.000000 0.182972074 2.455024719 1.096754789 0.773691118 -0.030497840 -0.368258893 -0.514643013
1403715608012143104.000000 0.182975411 2.456475258 1.094796181 0.771933198 -0.027672660 -0.370688349 -0.515697062
1403715608062142976.000000 0.181799829 2.454012394 1.097082376 0.772075236 -0.027869189 -0.370090783 -0.515903056
1403715608112143104.000000 0.179079294 2.453332424 1.098341227 0.770821810 -0.027529677 -0.372730076 -0.515895486
1403715608162142976.000000 0.178135872 2.452880383 1.096880436 0.770386279 -0.027365478 -0.374035627 -0.515609860
1403715608212143104.000000 0.177081585 2.456333160 1.097936392 0.771053851 -0.027285162 -0.372273505 -0.515891492
1403715608262142976.000000 0.175541699 2.456094265 1.094764471 0.771529496 -0.029094886 -0.371476680 -0.515655756
1403715608312143104.000000 0.173488975 2.456801891 1.094642162 0.770890832 -0.027919896 -0.372786492 -0.515730619
1403715608362142976.000000 0.173303783 2.461126804 1.096287727 0.770619094 -0.028203670 -0.373394102 -0.515681684
1403715608412143104.000000 0.172172248 2.463853598 1.091780424 0.770983934 -0.028055610 -0.372602403 -0.515717149
1403715608462142976.000000 0.171652496 2.464689732 1.092364788 0.770686090 -0.028544439 -0.373261780 -0.515658677
1403715608512143104.000000 0.170980990 2.463611603 1.093105078 0.771035135 -0.028397694 -0.372474074 -0.515714526
1403715608562142976.000000 0.169592738 2.463468313 1.091143847 0.770809591 -0.028613098 -0.372925520 -0.515713632
1403715608612143104.000000 0.168868899 2.462033987 1.091821194 0.770629406 -0.028364420 -0.373278141 -0.515741527
1403715608662142976.000000 0.168829978 2.460569382 1.090385437 0.770606220 -0.028400533 -0.373245955 -0.515797555
1403715608712143104.000000 0.167733490 2.462300777 1.089915276 0.770587504 -0.028571656 -0.373248875 -0.515813887
1403715608762142976.000000 0.169378102 2.460459709 1.089185715 0.770767391 -0.028671000 -0.372874558 -0.515810311
1403715608812143104.000000 0.169685483 2.461978436 1.086700201 0.770604610 -0.028739696 -0.373138368 -0.515858889
1403715608862142976.000000 0.169431984 2.460865736 1.087489605 0.770474970 -0.028589906 -0.373381287 -0.515885115
1403715608912143104.000000 0.170390308 2.461908102 1.089181900 0.770472586 -0.028687071 -0.373340636 -0.515912712
1403715608962142976.000000 0.170436203 2.463022232 1.087098360 0.770604312 -0.028852938 -0.373123020 -0.515864134
1403715609012143104.000000 0.170382261 2.463248253 1.085225821 0.770564318 -0.028900906 -0.373126000 -0.515919089
1403715609062142976.000000 0.170590520 2.464891672 1.082745552 0.770446658 -0.028900454 -0.373398423 -0.515897751
1403715609112143104.000000 0.172375977 2.461680174 1.085274458 0.770368576 -0.028850174 -0.373494834 -0.515947163
1403715609162142976.000000 0.173379838 2.462902546 1.083163500 0.770313621 -0.028927721 -0.373575389 -0.515966654
1403715609212143104.000000 0.173868418 2.463821173 1.081282139 0.770365179 -0.028962478 -0.373497903 -0.515943825
1403715609262142976.000000 0.173979998 2.464480877 1.079774857 0.770371020 -0.029016137 -0.373537034 -0.515903652
1403715609312143104.000000 0.173965931 2.465854168 1.078428745 0.770299554 -0.029015515 -0.373716265 -0.515880764
1403715609362142976.000000 0.177193284 2.467447281 1.078509331 0.770302594 -0.028876126 -0.373854220 -0.515784085
