1413394926955760384.000000 0.032271996 -0.045285612 0.110367991 0.041177005 -0.002025580 0.006909271 0.999125957
1413394927005760512.000000 0.039182607 -0.052669451 0.135754958 0.056660265 -0.002849023 0.006236102 0.998369992
1413394927055760384.000000 0.045254238 -0.058768969 0.165101022 0.066000454 -0.001631962 -0.003552630 0.997811973
1413394927105760512.000000 0.055041701 -0.061084442 0.191176400 0.070298679 0.000723723 -0.023870321 0.997240126
1413394927155760384.000000 0.060445152 -0.061614037 0.218608260 0.072905585 0.001302927 -0.044542253 0.996342957
1413394927205760512.000000 0.098929316 -0.078512244 0.401857078 0.074845150 0.004478050 -0.065713659 0.995017588
1413394927255760384.000000 0.105244547 -0.078720853 0.425728619 0.073834985 0.007107094 -0.085561872 0.993567884
1413394927305760512.000000 0.113705032 -0.077625781 0.449581295 0.073664151 0.008026302 -0.098068722 0.992417157
1413394927355760384.000000 0.121673599 -0.079978541 0.476195604 0.072021425 0.005896830 -0.108708292 0.991443753
1413394927405760512.000000 0.131316796 -0.079236962 0.501457751 0.072825566 0.002499467 -0.111885712 0.991045833
1413394927455760384.000000 0.202353284 -0.069911599 0.681130588 0.075786784 -0.001589025 -0.111697689 0.990846872
1413394927505760512.000000 0.215437323 -0.069682412 0.704454303 0.077053331 -0.005588524 -0.109315664 0.991000354
1413394927555760384.000000 0.229269087 -0.071382776 0.728329599 0.077320851 -0.009867465 -0.106476508 0.991255224
1413394927605760512.000000 0.242395326 -0.073859438 0.751901686 0.077318259 -0.010771159 -0.103797078 0.991530180
1413394927655760384.000000 0.257623225 -0.076041177 0.774001241 0.078571185 -0.009403285 -0.101500504 0.991683424
1413394927705760512.000000 0.372696012 -0.085638762 0.929143012 0.080835715 -0.012279071 -0.104472309 0.991161108
1413394927755760384.000000 0.390385628 -0.086155877 0.950875878 0.083619811 -0.010750672 -0.102838300 0.991118789
1413394927805760512.000000 0.404455274 -0.089906506 0.975530446 0.084026337 -0.007051533 -0.106718734 0.990707338
1413394927855760384.000000 0.412322372 -0.096415244 0.993789792 0.083269753 -0.002588249 -0.108410910 0.990609229
1413394927905760512.000000 0.390793532 -0.098964304 1.012581825 0.082246982 0.008914532 -0.112131700 0.990243673
1413394927955760384.000000 0.542718589 -0.113711566 1.180648923 0.086453401 -0.006366524 -0.111461870 0.989980638
1413394928005760512.000000 0.551409185 -0.114723004 1.204430819 0.087860398 -0.004506370 -0.110676892 0.989955008
1413394928055760384.000000 0.554345608 -0.112786002 1.227650642 0.088851362 0.002222999 -0.115476027 0.989325941
1413394928105760512.000000 0.568512321 -0.124053545 1.248623490 0.084615096 0.006787312 -0.120176539 0.989116728
1413394928155760384.000000 0.572146177 -0.123709783 1.271228433 0.083800718 0.016788013 -0.128725797 0.987990558
1413394928205760512.000000 0.659198344 -0.146656901 1.452719450 0.083552755 0.022938751 -0.133313283 0.987279236
1413394928255760384.000000 0.664144814 -0.139817059 1.478862166 0.086926036 0.034936480 -0.138574868 0.985910952
1413394928305760512.000000 0.667904913 -0.146711305 1.500301361 0.084116422 0.046196152 -0.141809627 0.985231161
1413394928355760384.000000 0.675244868 -0.170355573 1.502160192 0.077469431 0.051351320 -0.141704559 0.985536098
1413394928405760512.000000 0.680334806 -0.167720899 1.531894565 0.079693399 0.055873696 -0.138734102 0.985535383
1413394928455760384.000000 0.746447682 -0.210797250 1.698797226 0.083652921 0.048559658 -0.132385924 0.986467540
1413394928505760512.000000 0.748066306 -0.218209982 1.714495540 0.085585058 0.044780470 -0.121345110 0.987899482
1413394928555760384.000000 0.751650274 -0.226711690 1.727851987 0.085981831 0.041532088 -0.113602981 0.988927007
1413394928605760512.000000 0.756283879 -0.231579825 1.742539883 0.087438315 0.036827736 -0.106944717 0.989727855
1413394928655760384.000000 0.761732817 -0.246138752 1.752571702 0.084258355 0.032558840 -0.102098443 0.990664661
1413394928705760512.000000 0.818194926 -0.302228898 1.881641150 0.087911569 0.027950382 -0.099982731 0.990703702
1413394928755760384.000000 0.768306434 -0.252823502 1.781679988 0.085142605 0.031418454 -0.098672509 0.990972936
1413394928805760512.000000 0.825081766 -0.316655934 1.904662013 0.084601477 0.026643561 -0.098848484 0.991141617
1413394928855760384.000000 0.815211713 -0.347200841 1.899842262 0.072056390 0.032252058 -0.103475630 0.991494060
1413394928905760512.000000 0.835682809 -0.339771271 1.923474908 0.074325472 0.026159931 -0.108289473 0.990991831
1413394928955760384.000000 0.869101465 -0.389626890 2.037296057 0.077179506 0.026100466 -0.112059399 0.990355909
1413394929005760512.000000 0.871655524 -0.406389594 2.068141937 0.075816602 0.025774896 -0.112873383 0.990377307
1413394929055760384.000000 0.872826934 -0.422064275 2.097153425 0.075693607 0.027563155 -0.112144917 0.990421355
1413394929105760512.000000 0.874347091 -0.434883744 2.122586489 0.076386638 0.031663217 -0.109913960 0.990495622
1413394929155760384.000000 0.872161329 -0.456435770 2.152824640 0.076819181 0.038609315 -0.108922340 0.990325272
1413394929205760512.000000 0.872867167 -0.473713189 2.176665783 0.078388922 0.044148222 -0.105578080 0.990333021
1413394929255760384.000000 0.871844053 -0.491937935 2.199632168 0.080090903 0.047774132 -0.100788571 0.990527570
1413394929305760512.000000 0.870769083 -0.509792209 2.220116138 0.083100654 0.051257983 -0.093451053 0.990824878
1413394929355760384.000000 0.869517386 -0.527102888 2.238068819 0.085392535 0.052203283 -0.087456979 0.991127789
1413394929405760512.000000 0.870465517 -0.544475138 2.266851425 0.087491520 0.051452950 -0.083370499 0.991336107
1413394929455760384.000000 0.868094683 -0.559016228 2.266795397 0.087546721 0.047012620 -0.079710215 0.991852641
1413394929505760512.000000 0.865252256 -0.574736178 2.279756069 0.087540470 0.038230345 -0.077929400 0.992371976
1413394929555760384.000000 0.864384472 -0.586514413 2.289975166 -0.086681299 -0.025970038 0.076958396 -0.992919624
1413394929605760512.000000 0.866110086 -0.600028872 2.312526226 0.086581811 0.014128897 -0.076885961 0.993172944
1413394929655760384.000000 0.866752446 -0.609323025 2.320990562 -0.083985291 -0.005594626 0.079887174 -0.993243814
1413394929705760512.000000 0.866401315 -0.614681363 2.315408230 0.080315910 0.000984756 -0.084169880 0.993208885
1413394929755760384.000000 0.867270410 -0.625072420 2.322230816 0.078018233 -0.001936360 -0.088505842 0.993013680
1413394929805760512.000000 0.867933095 -0.632894158 2.332007170 0.076020546 -0.002218925 -0.092080891 0.992842972
1413394929855760384.000000 0.866067648 -0.641953051 2.342597485 0.074868247 -0.000132104 -0.094677560 0.992688775
1413394929905760512.000000 0.862573028 -0.650317848 2.353066206 0.074531756 0.004533019 -0.095233008 0.992650628
1413394929955760384.000000 0.857554138 -0.657244921 2.365167141 -0.074735746 -0.012384607 0.095196813 -0.992571831
1413394930005760512.000000 0.835956275 -0.670461237 2.377811193 0.073499359 0.023466967 -0.098095022 0.992181718
1413394930055760384.000000 0.825870693 -0.676635206 2.389526606 0.073441997 0.031377565 -0.099147737 0.991862655
1413394930105760512.000000 0.829835415 -0.676349699 2.400175810 0.074407585 0.035091523 -0.098156288 0.991764784
1413394930155760384.000000 0.818291068 -0.683360994 2.410982370 0.073941126 0.043298934 -0.099439554 0.991347432
1413394930205760512.000000 0.806284964 -0.688248396 2.416882753 0.074165255 0.051363520 -0.100632913 0.990825117
1413394930255760384.000000 0.795960307 -0.700136542 2.438520908 0.075803056 0.061527126 -0.099967338 0.990189314
1413394930305760512.000000 0.768062234 -0.709424675 2.424616575 0.077439860 0.071891397 -0.094516791 0.989899695
1413394930355760384.000000 0.756142735 -0.715404630 2.423382998 0.080267645 0.071330614 -0.086445086 0.990452588
1413394930405760512.000000 0.739770710 -0.720715463 2.423561096 0.081640624 0.057067297 -0.079779975 0.991823256
1413394930455760384.000000 0.727158785 -0.723533988 2.415194750 0.081674092 0.033413399 -0.073913515 0.993352830
1413394930505760512.000000 0.708818257 -0.723419964 2.410465002 0.080591984 0.003607769 -0.069340646 0.994325876
1413394930555760384.000000 0.690982103 -0.724267483 2.405333281 0.078786187 -0.027901160 -0.065137200 0.994369924
1413394930605760512.000000 0.673379302 -0.722270787 2.401864290 0.076466806 -0.058842465 -0.061379835 0.993439972
1413394930655760384.000000 0.653713644 -0.719272971 2.401141167 0.073473044 -0.084506333 -0.058794711 0.991969585
1413394930705760512.000000 0.631860852 -0.723980546 2.411401987 0.067856491 -0.099466160 -0.066909321 0.990467131
1413394930755760384.000000 0.615075111 -0.719380736 2.420258522 0.063184924 -0.101891920 -0.076660991 0.989822686
1413394930805760512.000000 0.600146651 -0.709726334 2.425494432 0.060031231 -0.088157073 -0.088377625 0.990360558
1413394930855760384.000000 0.589542508 -0.705188453 2.445494890 0.057621483 -0.067465775 -0.098056339 0.991218030
1413394930905760512.000000 0.581950784 -0.701897442 2.467476368 0.057095468 -0.040753946 -0.103469022 0.992155969
1413394930955760384.000000 0.576918840 -0.699732840 2.492301464 0.058256000 -0.010448930 -0.107378282 0.992455006
1413394931005760512.000000 0.574121773 -0.698987722 2.516569614 0.059855323 0.016557598 -0.108094223 0.992199004
1413394931055760384.000000 0.573226035 -0.699517906 2.539147139 0.060723297 0.037249900 -0.108619504 0.991527617
1413394931105760512.000000 0.569726348 -0.710633457 2.556896210 0.061087798 0.052213069 -0.108807832 0.990809262
1413394931155760384.000000 0.572574794 -0.713021219 2.573035002 0.060583089 0.060662068 -0.109379463 0.990295887
1413394931205760512.000000 0.577697039 -0.716386318 2.584322453 0.059981927 0.067010574 -0.109565124 0.989902616
1413394931255760384.000000 0.581696749 -0.721076787 2.587887526 0.060584273 0.072025299 -0.107509576 0.989739180
1413394931305760512.000000 0.592473686 -0.729666770 2.588988066 0.060164269 0.079583742 -0.107704863 0.989164472
1413394931355760384.000000 0.608956873 -0.735129893 2.585965872 0.060731743 0.087235764 -0.104794361 0.988797128
1413394931405760512.000000 0.624216259 -0.743066847 2.577223063 0.061737400 0.088884830 -0.100902699 0.988992751
1413394931455760384.000000 0.636535347 -0.750900209 2.564724684 0.059590831 0.079484388 -0.100915879 0.989922822
1413394931505760512.000000 0.644688785 -0.760661423 2.548185587 0.056502976 0.061458718 -0.101101421 0.991367161
1413394931555760384.000000 0.650807440 -0.768080711 2.532546759 0.052859582 0.042446174 -0.103338219 0.992333353
1413394931605760512.000000 0.654418528 -0.775685072 2.516124725 0.050335467 0.027150011 -0.105682716 0.992753923
1413394931655760384.000000 0.653715372 -0.785807371 2.497217655 0.049107578 0.015182757 -0.110626616 0.992531955
1413394931705760512.000000 0.653062999 -0.795037985 2.480493307 0.049872763 0.006646592 -0.118732184 0.991650760
1413394931755760384.000000 0.648433149 -0.811565876 2.468223572 0.051592056 0.001657798 -0.132125512 0.989888132
1413394931805760512.000000 0.644746423 -0.824642599 2.453260899 0.057038553 -0.001949362 -0.145389915 0.987726986
1413394931855760384.000000 0.637999415 -0.841232479 2.439316273 0.066636726 -0.004853170 -0.156124264 0.985475183
1413394931905760512.000000 0.628049314 -0.860820293 2.425673008 0.080684543 -0.007777532 -0.161222801 0.983583629
1413394931955760384.000000 0.618289232 -0.883186817 2.414012909 0.098660395 -0.009805105 -0.162044808 0.981789947
1413394932005760512.000000 0.609132111 -0.908889711 2.402132034 0.119711995 -0.008564647 -0.160888746 0.979648173
1413394932055760384.000000 0.602846265 -0.937454939 2.389064789 0.142821327 -0.004036270 -0.159693509 0.976772130
1413394932105760512.000000 0.599988639 -0.968767047 2.374428272 0.168246120 0.003118205 -0.156605095 0.973220646
1413394932155760384.000000 0.601353586 -1.001883626 2.359208584 -0.194114670 -0.007708075 0.153299242 -0.968896031
1413394932205760512.000000 0.603574395 -1.036028028 2.340023518 0.220055431 0.012692885 -0.149364829 0.963900745
1413394932255760384.000000 0.610027850 -1.070537448 2.321959734 0.246614888 0.013497557 -0.143127546 0.958391070
1413394932305760512.000000 0.617747188 -1.103617311 2.299345970 0.271996200 0.018051421 -0.140255719 0.951851130
1413394932355760384.000000 0.627549112 -1.135640264 2.278708696 0.296050042 0.020705180 -0.140099704 0.944615185
1413394932405760512.000000 0.636616290 -1.166753054 2.257403851 0.317491472 0.026951090 -0.144427270 0.936810374
1413394932455760384.000000 0.644411445 -1.193285346 2.233006001 0.338172853 0.033663414 -0.148988932 0.928605556
1413394932505760512.000000 0.650160193 -1.217886686 2.210893869 0.357181579 0.039612945 -0.155561745 0.920137346
1413394932555760384.000000 0.652350843 -1.238457799 2.184918880 0.374936342 0.045026530 -0.162220106 0.911635935
1413394932605760512.000000 0.651732683 -1.256245255 2.161846161 0.391495705 0.048356988 -0.169900537 0.903065145
1413394932655760384.000000 0.648048162 -1.269578695 2.138987303 0.407688200 0.047099512 -0.176566601 0.894648671
1413394932705760512.000000 0.641046405 -1.279751182 2.108344555 0.421926141 0.044482395 -0.185169607 0.886403918
1413394932755760384.000000 0.633666098 -1.287629247 2.080240965 0.435052663 0.037937693 -0.194998428 0.878217220
1413394932805760512.000000 0.626342654 -1.294546604 2.052562237 0.446682602 0.026421743 -0.204636738 0.870574772
1413394932855760384.000000 0.618804693 -1.296199799 2.019083977 0.456811398 0.011777470 -0.214902267 0.863134801
1413394932905760512.000000 0.611824393 -1.299617529 1.989152431 0.466479003 -0.002546104 -0.223650068 0.855787098
1413394932955760384.000000 0.604024827 -1.298182487 1.953749061 0.474980533 -0.015478147 -0.232192591 0.848669887
1413394933005760512.000000 0.595782042 -1.300209880 1.924632549 0.484132916 -0.026385291 -0.238468871 0.841458142
1413394933055760384.000000 0.585947096 -1.300146103 1.893067122 0.493697256 -0.034603942 -0.243582889 0.834106088
1413394933105760512.000000 0.574455559 -1.302715302 1.865770221 0.503362536 -0.039838262 -0.249031767 0.826451659
1413394933155760384.000000 0.560239255 -1.300909281 1.829846382 0.514176786 -0.042829629 -0.253522068 0.818238676
1413394933205760512.000000 0.544997573 -1.304509044 1.805192709 0.525666595 -0.043373555 -0.256028324 0.810088277
1413394933255760384.000000 0.529121697 -1.303848028 1.777159333 0.537711620 -0.043644182 -0.257172853 0.801762819
1413394933305760512.000000 0.509218454 -1.307150841 1.755185723 0.549163997 -0.041411463 -0.259626299 0.793283224
1413394933355760384.000000 0.487240434 -1.303588629 1.727084994 0.559903204 -0.038457088 -0.262366474 0.784979761
1413394933405760512.000000 0.462159038 -1.306668282 1.708554864 0.570531249 -0.036345847 -0.263824791 0.776897430
1413394933455760384.000000 0.432671428 -1.307127953 1.680335760 0.580163479 -0.034330674 -0.266251773 0.768987536
1413394933505760512.000000 0.402598143 -1.309004903 1.663886666 0.589801490 -0.033481635 -0.267629236 0.761175215
1413394933555760384.000000 0.372688234 -1.303602338 1.641554475 0.599210739 -0.033204883 -0.269289345 0.753211260
1413394933605760512.000000 0.340886652 -1.305567622 1.626421809 0.609141767 -0.031962212 -0.269961268 0.745013893
1413394933655760384.000000 0.315080762 -1.307305932 1.613610387 0.619964063 -0.028455300 -0.268573314 0.736683965
1413394933705760512.000000 0.286273479 -1.309365034 1.598360419 0.630483568 -0.024062829 -0.266792297 0.728514493
1413394933755760384.000000 0.255626261 -1.298567057 1.564647317 0.640149832 -0.020944983 -0.263893336 0.721200347
1413394933805760512.000000 0.229342937 -1.298552513 1.548282862 0.648138762 -0.017951677 -0.262103021 0.714769840
1413394933855760384.000000 0.198829472 -1.294437885 1.520128250 0.654184878 -0.016907776 -0.262783736 0.709014177
1413394933905760512.000000 0.174081147 -1.290758848 1.503561735 0.659677088 -0.019464931 -0.266591519 0.702407479
1413394933955760384.000000 0.148074269 -1.279960155 1.479724765 0.663428128 -0.025481766 -0.275284052 0.695293188
1413394934005760512.000000 0.124573350 -1.273607373 1.462449789 0.668340921 -0.032095514 -0.283104241 0.687126160
1413394934055760384.000000 0.100411952 -1.261505127 1.437761426 0.674180508 -0.038177107 -0.290157795 0.678108871
1413394934105760512.000000 0.080127478 -1.255625010 1.418371558 0.682764888 -0.039845221 -0.291841358 0.668635249
1413394934155760384.000000 0.059790254 -1.245301247 1.392257810 0.693430722 -0.036826856 -0.290070057 0.658526361
1413394934205760512.000000 0.040656030 -1.240299225 1.372439861 0.704770327 -0.033805452 -0.287170440 0.647834301
1413394934255760384.000000 0.018662274 -1.234116793 1.351905465 0.715624809 -0.031443603 -0.286335796 0.636320949
1413394934305760512.000000 -0.004534811 -1.231980562 1.337348938 0.725742340 -0.031719465 -0.288399249 0.623793185
1413394934355760384.000000 -0.036176443 -1.205383539 1.306652427 0.735097170 -0.035694171 -0.292328238 0.610657275
1413394934405760512.000000 -0.066841304 -1.193279028 1.288021445 0.743797541 -0.043926213 -0.296455771 0.597452641
1413394934455760384.000000 -0.099565178 -1.177337885 1.271328688 0.751603961 -0.052032273 -0.299990565 0.585140884
1413394934505760512.000000 -0.134899735 -1.161943674 1.256850243 0.757865846 -0.057632308 -0.303858608 0.574445784
1413394934555760384.000000 -0.167647243 -1.150568247 1.245928407 0.762844563 -0.059670538 -0.308232665 0.565243602
1413394934605760512.000000 -0.204787165 -1.135913968 1.234023809 0.767057180 -0.059631076 -0.312861443 0.556942761
1413394934655760384.000000 -0.241803765 -1.119197726 1.218714714 0.770147443 -0.057984304 -0.317732871 0.550051570
1413394934705760512.000000 -0.273198843 -1.105218410 1.206680655 0.773416698 -0.056470726 -0.319854856 0.544362545
1413394934755760384.000000 -0.299932629 -1.090959907 1.193937778 0.776806116 -0.058373235 -0.318784118 0.539945841
1413394934805760512.000000 -0.324007273 -1.076137066 1.181571722 0.779408097 -0.058268610 -0.317880392 0.536730707
1413394934855760384.000000 -0.342558622 -1.063630104 1.166666985 0.781490564 -0.057493787 -0.316407889 0.534652293
1413394934905760512.000000 -0.359527349 -1.050687075 1.152560830 0.782768190 -0.057716936 -0.315635085 0.533214152
1413394934955760384.000000 -0.367792010 -1.043474436 1.139466405 0.783874273 -0.057229593 -0.314705878 0.532190025
1413394935005760512.000000 -0.376331151 -1.032544255 1.123113275 0.785030365 -0.055546667 -0.311992586 0.532261848
1413394935055760384.000000 -0.379126102 -1.025105000 1.105824709 0.786220849 -0.055192936 -0.308231086 0.532732785
1413394935105760512.000000 -0.381653249 -1.016153336 1.088468075 0.786629021 -0.054241192 -0.303408206 0.534991741
1413394935155760384.000000 -0.386127979 -1.000660896 1.066614628 0.785988629 -0.053774755 -0.297919542 0.539049387
1413394935205760512.000000 -0.387676299 -0.990739524 1.052594423 0.784191787 -0.052015737 -0.293892473 0.544026494
1413394935255760384.000000 -0.390640497 -0.979692340 1.039533615 0.782079279 -0.050080124 -0.289751291 0.549443483
1413394935305760512.000000 -0.394936681 -0.967480421 1.029358268 0.780302048 -0.046912555 -0.285744846 0.554326534
1413394935355760384.000000 -0.401553541 -0.951133251 1.018238544 0.778643608 -0.041406851 -0.282330245 0.558828413
1413394935405760512.000000 -0.409486383 -0.936538875 1.011924744 0.776752889 -0.037468605 -0.280098677 0.562846124
1413394935455760384.000000 -0.420023233 -0.918375731 1.005522847 0.774102092 -0.034592226 -0.280912519 0.566266358
1413394935505760512.000000 -0.432286978 -0.900286019 1.002484798 0.770522416 -0.034381032 -0.284618616 0.569302619
1413394935555760384.000000 -0.447185278 -0.878819883 0.999357045 0.766215682 -0.036440432 -0.290513575 0.572003067
1413394935605760512.000000 -0.461876750 -0.857407510 0.998043716 0.762387156 -0.038547419 -0.295596898 0.574371397
1413394935655760384.000000 -0.474667370 -0.835424364 0.996247947 0.758930624 -0.039668906 -0.299613178 0.576786578
1413394935705760512.000000 -0.484560490 -0.812815189 0.993541896 0.756469667 -0.040342238 -0.301871926 0.578791380
1413394935755760384.000000 -0.491069913 -0.789103150 0.990483701 0.754671037 -0.039095599 -0.302524537 0.580880463
1413394935805760512.000000 -0.494752884 -0.766998708 0.985433459 0.753757238 -0.036958750 -0.301864743 0.582547724
1413394935855760384.000000 -0.495461524 -0.740243196 0.976246655 0.753110707 -0.036991142 -0.300485075 0.584093094
1413394935905760512.000000 -0.493140280 -0.718052268 0.968497872 0.751552820 -0.038177639 -0.301274657 0.585614681
1413394935955760384.000000 -0.492588013 -0.692823529 0.961184978 0.749842167 -0.040042836 -0.303153783 0.586712062
1413394936005760512.000000 -0.494736731 -0.668528676 0.954997718 0.747790515 -0.043170460 -0.308220923 0.586468756
1413394936055760384.000000 -0.500868559 -0.640744925 0.949870884 0.745535254 -0.049921200 -0.317269206 0.583973765
1413394936105760512.000000 -0.509956121 -0.614166319 0.945457816 0.744251251 -0.057805996 -0.328288049 0.578770757
1413394936205760512.000000 -0.534975052 -0.559440732 0.934958100 0.751040637 -0.068669811 -0.343139589 0.559890807
1413394936255760384.000000 -0.548998237 -0.535073340 0.928711295 0.760426044 -0.067293413 -0.344470114 0.546410382
1413394936305760512.000000 -0.564797342 -0.509439468 0.921285868 0.772767067 -0.063598290 -0.343737245 0.529746175
1413394936405760512.000000 -0.594857454 -0.461679459 0.902798116 0.802845657 -0.053755827 -0.337233722 0.488694817
1413394936505760512.000000 -0.622528315 -0.414548218 0.879826009 0.831664443 -0.042446632 -0.337861061 0.438614160
1413394936605760512.000000 -0.646697998 -0.365176201 0.852956057 0.854657948 -0.034004200 -0.345226586 0.386292756
1413394936705760512.000000 -0.668292046 -0.312484741 0.823016703 0.871394992 -0.040317878 -0.352296978 0.339016318
1413394936805760512.000000 -0.686316073 -0.257757843 0.789205909 0.884027302 -0.045259003 -0.357035905 0.298282981
1413394936905760512.000000 -0.702093661 -0.200532913 0.751598716 0.893253505 -0.047531400 -0.362568855 0.261501193
1413394937005760512.000000 -0.718291521 -0.140464008 0.709963918 0.900158405 -0.049141616 -0.370277524 0.224041224
1413394937105760512.000000 -0.734777331 -0.077978164 0.662666202 0.905851603 -0.050169088 -0.378128052 0.184215069
1413394937205760512.000000 -0.752444148 -0.013793677 0.609236777 0.911390126 -0.050514180 -0.381315768 0.146337494
1413394937255760384.000000 -0.762387574 0.018696785 0.580833077 0.912695587 -0.056063574 -0.383227378 0.130309492
1413394937305760512.000000 -0.773089528 0.051126823 0.550858855 0.913244009 -0.063728325 -0.385177404 0.116458558
1413394937355760384.000000 -0.783677459 0.082935646 0.518630445 0.914170086 -0.070182525 -0.385133594 0.105069466
1413394937455760384.000000 -0.806327581 0.143700391 0.450626463 0.916508973 -0.077577293 -0.382014841 0.089765482
1413394937555760384.000000 -0.831049502 0.200202838 0.376828521 0.918870449 -0.079885319 -0.377751946 0.081234597
1413394937655760384.000000 -0.857971489 0.253269047 0.298511684 0.921185017 -0.080786742 -0.372441679 0.078606211
1413394937755760384.000000 -0.885061324 0.302911997 0.215656176 0.923266649 -0.084502533 -0.366049767 0.080285348
1413394937855760384.000000 -0.912211120 0.348561704 0.130680621 0.923560381 -0.089356609 -0.362489015 0.087483510
1413394937955760384.000000 -0.939328074 0.388187319 0.043800801 0.920873761 -0.099296957 -0.362890571 0.102186933
1413394938055760384.000000 -0.963056982 0.420213163 -0.046869934 0.915558755 -0.114309922 -0.366590917 0.119568467
1413394938155760384.000000 -0.978723645 0.441038281 -0.143828034 0.909672678 -0.127691001 -0.371273369 0.135450259
1413394938255760384.000000 -0.983878255 0.445516586 -0.249827027 0.905334115 -0.133397758 -0.373209119 0.152611479
1413394938355760384.000000 -0.973504663 0.431344151 -0.364875078 0.905216813 -0.118589833 -0.370070517 0.171950251
1413394938455760384.000000 -0.953814626 0.404198229 -0.485684395 0.906577647 -0.106669039 -0.359816819 0.193055838
1413394938555760384.000000 -0.935212612 0.369807839 -0.606212676 0.904686093 -0.089763567 -0.356188118 0.215906680
1413394938655760384.000000 -0.928130388 0.333770156 -0.721481442 0.896406293 -0.078694277 -0.362030417 0.243304342
1413394938755760384.000000 -0.932733893 0.297487378 -0.832849681 0.884662092 -0.076808602 -0.368912429 0.274548799
1413394938855760384.000000 -0.947662652 0.261043906 -0.941700697 0.871483743 -0.086076923 -0.370308489 0.309804201
1413394938955760384.000000 -0.972980976 0.222596526 -1.047548294 0.858956575 -0.109274991 -0.356705457 0.350733250
1413394939055760384.000000 -1.006642103 0.178330779 -1.146761298 0.846006393 -0.131341070 -0.332772464 0.395329446
1413394939155760384.000000 -1.047315836 0.126026154 -1.235146761 0.830685735 -0.141193524 -0.312006414 0.438950658
1413394939255760384.000000 -1.093315601 0.066016316 -1.310263634 0.813292682 -0.135607928 -0.303659767 0.477447778
1413394939355760384.000000 -1.142700076 -0.000756025 -1.372709751 0.797036946 -0.122015171 -0.302457541 0.508294880
1413394939455760384.000000 -1.184496403 -0.074520111 -1.427510858 0.783188462 -0.093828619 -0.314442515 0.528145850
1413394939555760384.000000 -1.210649133 -0.154248953 -1.483116269 0.774125874 -0.065262929 -0.324430794 0.539643049
1413394939655760384.000000 -1.220633030 -0.226077557 -1.534278512 0.770588279 -0.066908449 -0.315519094 0.549695194
1413394939755760384.000000 -1.222708702 -0.305557966 -1.592771292 0.765645742 -0.084270440 -0.300244749 0.562617362
1413394939855760384.000000 -1.222384572 -0.406922579 -1.661768436 0.757705748 -0.108039752 -0.282816857 0.578121126
1413394939955760384.000000 -1.219536543 -0.497484922 -1.706093073 0.743344426 -0.106079236 -0.292903721 0.591940641
1413394940055760384.000000 -1.225378871 -0.590503931 -1.737803936 0.724408746 -0.090100557 -0.320737004 0.603524387
1413394940155760384.000000 -1.241399288 -0.685744762 -1.761906266 0.708432257 -0.087635815 -0.325044543 0.620314240
1413394940255760384.000000 -1.268359661 -0.784300804 -1.779921770 0.694223702 -0.084096372 -0.312990457 0.642665029
1413394940355760384.000000 -1.304677129 -0.887633562 -1.791208982 0.677769303 -0.076495409 -0.295861244 0.668762624
1413394940455760384.000000 -1.346918106 -0.991142750 -1.795891523 0.656896412 -0.070345283 -0.279855311 0.696577072
1413394940555760384.000000 -1.387125731 -1.094919443 -1.795918703 0.632026255 -0.057720087 -0.273162663 0.722906232
1413394940655760384.000000 -1.422370911 -1.199427366 -1.794527531 0.602690876 -0.037894260 -0.281723827 0.745626867
1413394940755760384.000000 -1.451449990 -1.304975033 -1.798517942 0.577278972 -0.022904452 -0.291157275 0.762529969
1413394940855760384.000000 -1.471043825 -1.413376331 -1.814868689 0.564060628 -0.021417281 -0.287325680 0.773835182
1413394940955760384.000000 -1.480190754 -1.525020123 -1.842952728 0.560351193 -0.035469998 -0.270999044 0.781861901
1413394941005760512.000000 -1.480523467 -1.578161478 -1.859043360 0.558309913 -0.048048172 -0.261558920 0.785855234
1413394941055760384.000000 -1.484456539 -1.637973666 -1.873747587 0.555366158 -0.061687686 -0.252607614 0.789906681
1413394941105760512.000000 -1.483765602 -1.690747619 -1.888247967 0.551598132 -0.077547342 -0.243384823 0.794033885
1413394941205760512.000000 -1.483982563 -1.808734655 -1.909430742 0.542061627 -0.100391150 -0.230124801 0.801955998
1413394941305760512.000000 -1.473163366 -1.926617146 -1.920168757 0.533555031 -0.112006620 -0.226496637 0.807138741
1413394941405760512.000000 -1.454330087 -2.048884869 -1.917404413 0.525415957 -0.115026593 -0.235399231 0.809502482
1413394941505760512.000000 -1.426006198 -2.178990841 -1.902961731 0.518018305 -0.090875149 -0.260915875 0.809519470
1413394941605760512.000000 -1.394123554 -2.316822052 -1.881859064 0.510575891 -0.064193048 -0.285025328 0.808673024
1413394941705760512.000000 -1.363309860 -2.462087154 -1.859609485 0.503294706 -0.045128070 -0.292007983 0.812027872
1413394941755760384.000000 -1.347592711 -2.534135103 -1.851579189 0.500942588 -0.038343258 -0.287804186 0.815325201
1413394941805760512.000000 -1.336094379 -2.614333153 -1.839952946 0.499294609 -0.034703586 -0.281523407 0.818685114
1413394941855760384.000000 -1.324060082 -2.688976765 -1.833867908 0.500706732 -0.039863575 -0.264795661 0.823156714
1413394941905760512.000000 -1.314061522 -2.770081043 -1.823287964 0.503015161 -0.049066965 -0.245320737 0.827276230
1413394941955760384.000000 -1.303184986 -2.845454216 -1.816978812 0.505532086 -0.062154215 -0.222674370 0.831258237
1413394942005760512.000000 -1.291924000 -2.926117182 -1.805150151 0.507540941 -0.075642273 -0.201370671 0.834344327
1413394942055760384.000000 -1.278613567 -3.000861645 -1.794763327 0.509116709 -0.088216804 -0.181983039 0.836600304
1413394942105760512.000000 -1.262568235 -3.079373837 -1.777220249 0.510485947 -0.101019062 -0.161586538 0.838504136
1413394942155760384.000000 -1.244160652 -3.150333405 -1.758864164 0.509763896 -0.112866834 -0.144731075 0.840508699
1413394942205760512.000000 -1.220615268 -3.225206614 -1.731195688 0.507196963 -0.121454358 -0.130120397 0.843248963
1413394942255760384.000000 -1.193373680 -3.291667938 -1.700201869 0.502505243 -0.128965646 -0.117468201 0.846792519
1413394942305760512.000000 -1.161030054 -3.360115528 -1.659842372 0.495652109 -0.135264531 -0.108200744 0.851072967
1413394942355760384.000000 -1.124481559 -3.419445753 -1.614601851 0.486531287 -0.135707065 -0.101599991 0.857058048
1413394942405760512.000000 -1.082703471 -3.480762482 -1.560704112 0.475595504 -0.134783924 -0.099320665 0.863584161
1413394942455760384.000000 -1.038196802 -3.533196449 -1.500701427 0.463238955 -0.128599599 -0.097309582 0.871437132
1413394942505760512.000000 -0.991835058 -3.588638783 -1.432329893 0.448870540 -0.121017367 -0.096575581 0.880081356
1413394942555760384.000000 -0.948755741 -3.633762836 -1.359123707 0.434012592 -0.112794645 -0.094123773 0.888848245
1413394942605760512.000000 -0.904968143 -3.681477070 -1.277992249 0.417370141 -0.104641527 -0.092720337 0.897917211
1413394942655760384.000000 -0.866145611 -3.719586372 -1.192747712 0.400358319 -0.094172165 -0.089861929 0.907066524
1413394942705760512.000000 -0.826132417 -3.758812666 -1.101082444 0.381826252 -0.081159562 -0.089399561 0.916313052
1413394942755760384.000000 -0.791527212 -3.788470745 -1.006634712 0.361432821 -0.061136782 -0.095937639 0.925432205
1413394942805760512.000000 -0.754556656 -3.820182800 -0.907628417 0.339236826 -0.034158047 -0.107436858 0.933921278
1413394942855760384.000000 -0.725303888 -3.842231989 -0.808641911 0.316180468 -0.004249086 -0.121343344 0.940897286
1413394942905760512.000000 -0.696296930 -3.867103577 -0.706338644 0.292236865 0.026943531 -0.136709169 0.946140766
1413394942955760384.000000 -0.677566588 -3.883845329 -0.607388437 0.268778086 0.056152958 -0.149150506 0.949926019
1413394943005760512.000000 -0.659469962 -3.903414488 -0.507281423 0.246039391 0.079438679 -0.157028019 0.953150749
1413394943055760384.000000 -0.652032137 -3.916720152 -0.413226247 0.224386871 0.097341694 -0.160998270 0.956166685
1413394943105760512.000000 -0.642828763 -3.933855057 -0.319542885 0.202925220 0.110808127 -0.161795720 0.959356606
1413394943155760384.000000 -0.643616796 -3.946087122 -0.234871238 0.181638032 0.121571302 -0.160650447 0.962506890
1413394943205760512.000000 -0.643078089 -3.961706161 -0.151771918 0.160919711 0.130506590 -0.157960653 0.965464354
1413394943255760384.000000 -0.652887642 -3.972802162 -0.079698719 0.140097037 0.137035221 -0.154439464 0.968371153
1413394943305760512.000000 -0.660962820 -3.987973452 -0.008972488 0.120028973 0.141627178 -0.148992181 0.971254945
1413394943355760384.000000 -0.676276147 -3.999711037 0.046815943 0.100634180 0.143661112 -0.143203437 0.974026203
1413394943405760512.000000 -0.687522054 -4.016746998 0.099936739 0.081362240 0.143346429 -0.137958527 0.976626575
1413394943455760384.000000 -0.704347014 -4.030621052 0.135580465 -0.061683849 -0.140721872 0.135128155 -0.978842676
1413394943505760512.000000 -0.716189027 -4.048667431 0.164889321 0.042224877 0.136761099 -0.132437378 0.980802655
1413394943555760384.000000 -0.732466042 -4.066651344 0.183940232 0.024047006 0.127166182 -0.128871337 0.983179867
1413394943605760512.000000 -0.745586514 -4.089993954 0.200584099 0.007967218 0.113654710 -0.124252260 0.985687852
1413394943655760384.000000 -0.762659967 -4.113642216 0.205643624 -0.005317603 0.095737547 -0.118413404 0.988324046
1413394943705760512.000000 -0.778338432 -4.141330719 0.210533559 -0.014478245 0.079210505 -0.106192827 0.991079807
1413394943755760384.000000 -0.797952414 -4.169037819 0.207914233 -0.023189312 0.065893576 -0.097003542 0.992829621
1413394943805760512.000000 -0.824358344 -4.215080738 0.220936477 -0.029066488 0.057260145 -0.084104806 0.994385660
1413394943855760384.000000 -0.847093523 -4.245657444 0.215949342 -0.030232012 0.052819725 -0.069421038 0.995729327
1413394943905760512.000000 -0.875267327 -4.281651020 0.218685925 -0.030441318 0.049857821 -0.055033833 0.996774197
1413394943955760384.000000 -0.901968896 -4.312497139 0.212674156 -0.029250424 0.044924129 -0.041845478 0.997684956
1413394944005760512.000000 -0.933754444 -4.346426010 0.212236181 -0.029809926 0.041397236 -0.035971466 0.998049974
1413394944055760384.000000 -0.959490120 -4.375265121 0.204191968 -0.032303367 0.037138466 -0.036586631 0.998117626
1413394944105760512.000000 -0.989467800 -4.406615257 0.200129971 -0.034348413 0.034001779 -0.039133973 0.998064458
1413394944155760384.000000 -1.011190772 -4.433435440 0.189847052 -0.035953384 0.031657849 -0.042253200 0.997957885
1413394944205760512.000000 -1.020527363 -4.452676773 0.170972779 0.037868988 -0.029527918 0.043710161 -0.997889578
1413394944255760384.000000 -1.039069295 -4.477623940 0.158536613 0.040319715 -0.024393577 0.042612430 -0.997979760
1413394944305760512.000000 -1.055460334 -4.501931667 0.145376444 0.043137517 -0.017633880 0.041889653 -0.998034835
1413394944355760384.000000 -1.066072583 -4.525704861 0.131816655 0.046264533 -0.008920496 0.041244660 -0.998037517
1413394944405760512.000000 -1.071884394 -4.548965931 0.117074482 0.051070739 0.001405288 0.042176340 -0.997803092
1413394944455760384.000000 -1.073747754 -4.571475506 0.102934256 0.057787631 0.011968507 0.044209052 -0.997277796
1413394944505760512.000000 -1.075976014 -4.593040466 0.090587817 0.066317908 0.021340217 0.043505333 -0.996621251
1413394944555760384.000000 -1.087816596 -4.617918015 0.086196937 0.075605206 0.028890789 0.035788856 -0.996076524
1413394944605760512.000000 -1.129662037 -4.653147697 0.089484043 -0.087947227 -0.034466404 -0.025683226 0.995197356
1413394944655760384.000000 -1.098529577 -4.651487350 0.073090963 0.099478200 0.047156058 0.014186574 -0.993820548
1413394944705760512.000000 -1.119076848 -4.673535824 0.081762634 0.114309199 0.055909690 0.002308387 -0.991868079
1413394944755760384.000000 -1.129769444 -4.686563492 0.086643033 0.130907089 0.064212501 -0.009152537 -0.989270687
1413394944805760512.000000 -1.140782475 -4.697060585 0.095516242 0.148728386 0.070533253 -0.021034958 -0.986135125
1413394944855760384.000000 -1.140536785 -4.698261261 0.100696355 0.167246073 0.074790344 -0.031954791 -0.982554853
1413394944905760512.000000 -1.195062876 -4.728080750 0.125343680 -0.188247666 -0.070965171 0.042918831 0.978613734
1413394944955760384.000000 -1.204371929 -4.730639458 0.145795554 -0.208888158 -0.068804018 0.053038195 0.974073291
1413394945005760512.000000 -1.212010980 -4.729699135 0.170358017 -0.230396986 -0.062930070 0.060146734 0.969195306
1413394945055760384.000000 -1.217919230 -4.725488663 0.198831886 -0.252808452 -0.054352701 0.062934324 0.963936210
1413394945105760512.000000 -1.222898364 -4.718218803 0.230927348 -0.275971591 -0.045484114 0.064571179 0.957915187
1413394945155760384.000000 -1.225196242 -4.706758976 0.268754840 -0.298853546 -0.036321811 0.065355256 0.951365352
1413394945205760512.000000 -1.225694895 -4.693470478 0.309546649 -0.321087539 -0.027323032 0.066438809 0.944321036
1413394945255760384.000000 -1.224552035 -4.678699970 0.352711767 -0.343000144 -0.017300952 0.068541408 0.936671615
1413394945305760512.000000 -1.220972896 -4.662408829 0.398137122 -0.364868581 -0.008912499 0.069344588 0.928430378
1413394945355760384.000000 -1.215331078 -4.645657539 0.445150018 -0.385965258 0.003139112 0.069720931 0.919869602
1413394945405760512.000000 -1.207989931 -4.628892899 0.493562162 -0.406702191 0.020112803 0.069314212 0.910705447
1413394945455760384.000000 -1.200330257 -4.612688541 0.543186486 -0.424940556 0.038217790 0.074897297 0.901307583
1413394945505760512.000000 -1.193359852 -4.597183228 0.593608797 -0.439484656 0.056360967 0.089781329 0.891973078
1413394945555760384.000000 -1.186831117 -4.582386017 0.643586457 -0.453223437 0.072341651 0.106912136 0.882000566
1413394945605760512.000000 -1.181250215 -4.568586349 0.692472816 -0.467133969 0.084133364 0.124106787 0.871381044
1413394945655760384.000000 -1.170316219 -4.544035912 0.753901482 -0.480820358 0.094807133 0.141931310 0.860045850
1413394945705760512.000000 -1.125630379 -4.510352612 0.783302546 0.494873017 -0.099248581 -0.156487852 -0.848977029
1413394945755760384.000000 -1.121575952 -4.497173786 0.824379206 0.509940982 -0.106051661 -0.172693104 -0.835996628
1413394945805760512.000000 -1.157709479 -4.502615452 0.877148271 -0.526963532 0.113668427 0.188156441 0.820966601
1413394945855760384.000000 -1.155171871 -4.486600399 0.911670685 -0.544119000 0.118651532 0.201203242 0.805837274
1413394945905760512.000000 -1.154412508 -4.471062183 0.942206860 -0.561406553 0.124173976 0.214353770 0.789592326
1413394945955760384.000000 -1.160029888 -4.466806889 0.952923775 -0.580115438 0.128147393 0.225146055 0.772239387
1413394946005760512.000000 -1.156050086 -4.440593243 0.988506079 -0.601118386 0.126803815 0.230909839 0.754491985
1413394946055760384.000000 -1.163442612 -4.436759949 0.988898754 -0.623863220 0.123092100 0.233377114 0.735648155
1413394946155760384.000000 -1.168219686 -4.408035755 1.006744862 -0.668247581 0.114072099 0.237030938 0.695880055
1413394946205760512.000000 -1.171464562 -4.395700932 1.011648417 -0.688941836 0.112741835 0.238977447 0.674935818
1413394946255760384.000000 -1.173483729 -4.381075382 1.018236399 -0.707965493 0.113767520 0.243792757 0.652998507
1413394946355760384.000000 -1.184855700 -4.360170364 1.018178940 -0.740568519 0.120114490 0.259676933 0.608028531
1413394946455760384.000000 -1.199874282 -4.343628883 1.009999275 -0.768883348 0.126374051 0.278560638 0.561473131
1413394946555760384.000000 -1.217193484 -4.333371639 0.992712975 -0.795122385 0.133607119 0.294289201 0.513150573
1413394946655760384.000000 -1.237352967 -4.331678867 0.966556549 -0.826341033 0.128150597 0.294168234 0.462820619
1413394946755760384.000000 -1.259671569 -4.336000919 0.933884621 -0.858812690 0.115499988 0.285444915 0.409416437
1413394946855760384.000000 -1.283623815 -4.346754074 0.901468277 -0.884743571 0.105694458 0.284166336 0.353987336
1413394946955760384.000000 -1.324229240 -4.366367340 0.894106388 -0.905887306 0.099441141 0.285309225 0.296779960
1413394947055760384.000000 -1.345302701 -4.386769295 0.871733904 -0.923148036 0.092271909 0.286948204 0.238630235
1413394947155760384.000000 -1.335888267 -4.320972443 0.937670946 -0.933701456 0.084262565 0.296735197 0.181795880
1413394947255760384.000000 -1.339312792 -4.336049080 0.924119234 -0.938266635 0.076944269 0.312076777 0.127841830
1413394947355760384.000000 -1.316136122 -4.350034237 0.926825285 -0.944484651 0.072051749 0.311056852 0.077465765
1413394947455760384.000000 -1.277360320 -4.356850147 0.922433317 -0.948120713 0.069932304 0.307407677 0.040954456
1413394947555760384.000000 -1.232748985 -4.357573986 0.923112154 0.946026564 -0.070488311 -0.315752119 -0.019124599
1413394947655760384.000000 -1.194422245 -4.351527691 0.932281852 0.936397970 -0.068146467 -0.344136029 -0.009239498
1413394947755760384.000000 -1.169096708 -4.338274002 0.946413636 0.923417687 -0.066211902 -0.377879649 -0.011082359
1413394947855760384.000000 -1.153319478 -4.317480087 0.957445860 0.913157463 -0.065269560 -0.401452601 -0.026819130
1413394947955760384.000000 -1.136252522 -4.290979385 0.952949405 -0.908892155 0.063692883 0.408847243 0.051983297
1413394948055760384.000000 -1.115386248 -4.259016514 0.931112528 -0.904967427 0.062840320 0.412656933 0.082458623
1413394948155760384.000000 -1.016217828 -4.380508423 1.344691396 -0.898598909 0.060216159 0.420409083 0.110228494
1413394948255760384.000000 -1.008503556 -4.334352016 1.351089001 -0.902935147 0.053100988 0.405744731 0.131375998
1413394948355760384.000000 -1.009348035 -4.279217720 1.349510908 -0.920433879 0.051467091 0.359233886 0.145270944
1413394948455760384.000000 -0.962718010 -4.223193645 1.501890898 -0.940467358 0.056964140 0.298405945 0.152414322
1413394948555760384.000000 -0.777779400 -4.139346123 1.824229002 -0.956396103 0.064682804 0.239568204 0.154044837
1413394948655760384.000000 -0.759474277 -4.052821636 1.908270359 -0.964255810 0.073234983 0.203458309 0.153141052
1413394948755760384.000000 -0.730446398 -3.966446638 2.025997639 -0.968527734 0.075742513 0.183370396 0.150307894
1413394948855760384.000000 -0.689977646 -3.876771688 2.180116892 -0.963622093 0.071731985 0.209962249 0.149006724
1413394948955760384.000000 -0.713625193 -3.741137028 2.472373724 -0.951631725 0.064175472 0.261054665 0.148758620
1413394949055760384.000000 -0.520643711 -3.882869720 2.863510847 -0.932313263 0.051490486 0.325985849 0.147898287
1413394949155760384.000000 -0.295063257 -4.038392067 3.247487068 -0.910368264 0.041200943 0.384460241 0.147385657
1413394949255760384.000000 -0.187482834 -3.969941616 3.544518232 0.895535529 -0.033687096 -0.418006033 -0.148836181
1413394949355760384.000000 -0.153165817 -3.875769615 3.814525366 0.885557830 -0.030256130 -0.439851940 -0.146295071
1413394949455760384.000000 -0.125667810 -3.766261578 4.073575974 0.885870993 -0.031008769 -0.440060467 -0.143589050
1413394949555760384.000000 -0.040448904 -3.653755903 4.317201138 0.907843947 -0.036452070 -0.393516362 -0.140126601
1413394949655760384.000000 0.395206928 -3.761107445 4.783852100 0.935270965 -0.047565516 -0.323296577 -0.135960311
1413394949755760384.000000 0.497271776 -3.649046898 5.057517529 0.953046858 -0.059875440 -0.265956670 -0.131847501
1413394949855760384.000000 0.605133295 -3.533869267 5.356889248 0.959165990 -0.074595265 -0.239419609 -0.130822331
1413394949955760384.000000 0.724697828 -3.409198761 5.692116261 0.955755413 -0.094218418 -0.241728559 -0.138642967
1413394950055760384.000000 1.000544310 -3.700325489 6.296279430 0.950513005 -0.114509262 -0.244011998 -0.154502228
1413394950155760384.000000 1.148382425 -3.644615173 6.709378719 0.940043986 -0.136155963 -0.257837027 -0.176915407
1413394950255760384.000000 1.282415390 -3.643929005 7.127467632 0.920715868 -0.144737437 -0.301771373 -0.200667605
1413394950355760384.000000 1.434317589 -3.628169537 7.576002598 0.904471934 -0.113890409 -0.348989546 -0.217177063
1413394950455760384.000000 1.592144012 -3.625208378 8.026836395 0.893109560 -0.073490351 -0.381588668 -0.226593569
1413394950555760384.000000 1.756086349 -3.624216557 8.473922729 0.885529935 -0.047580127 -0.400421798 -0.230727866
1413394950655760384.000000 1.928133011 -3.618105650 8.913220406 0.886733055 -0.036297657 -0.398395449 -0.231663838
1413394950755760384.000000 1.984033585 -3.688447475 9.273040771 0.904098213 -0.037318733 -0.355368048 -0.234365985
1413394950855760384.000000 2.127502203 -3.643847704 9.797843933 0.925100744 -0.051866464 -0.288030177 -0.241944715
1413394950955760384.000000 2.338651657 -3.637595177 10.203867912 0.939739406 -0.068659812 -0.217744961 -0.254485458
1413394951055760384.000000 2.533939600 -3.631855011 10.689973831 0.944589436 -0.082514226 -0.163771152 -0.272251993
1413394951155760384.000000 2.835896492 -3.454646587 11.759038925 0.938991547 -0.099350549 -0.142591774 -0.296803117
