1413394928055760384.000000 0.050218053 0.018496539 0.099869505 0.000478952 0.004348309 -0.003750443 0.999983430
1413394928105760512.000000 0.054399166 0.020062741 0.113263212 -0.001572838 0.011003912 -0.010676938 0.999881268
1413394928155760384.000000 0.060067568 0.018768577 0.126329184 -0.005101165 0.018645167 -0.019691288 0.999619246
1413394928205760512.000000 0.064781286 0.021572636 0.139630392 -0.005900283 0.029131291 -0.025454856 0.999234080
1413394928255760384.000000 0.067747749 0.019289941 0.151372135 -0.009343527 0.040036596 -0.033028681 0.998608530
1413394928305760512.000000 0.151999101 0.048251204 0.355608553 -0.009224196 0.045351326 -0.035189979 0.998308539
1413394928355760384.000000 0.075710855 0.020313993 0.175100729 -0.011736615 0.056884672 -0.039438061 0.997532547
1413394928405760512.000000 0.162079707 0.050545778 0.380012184 -0.008029532 0.054506276 -0.035288297 0.997857392
1413394928455760384.000000 0.166100353 0.051234111 0.391838044 -0.004836812 0.051823694 -0.026721008 0.998287022
1413394928505760512.000000 0.170195088 0.052752301 0.404027343 0.000045144 0.047650903 -0.015394193 0.998745441
1413394928555760384.000000 0.174526706 0.055216443 0.415409535 0.004266442 0.043933719 -0.008140969 0.998992205
1413394928605760512.000000 0.258499384 0.021454036 0.606223822 -0.000904432 0.040304698 -0.000071057 0.999187052
1413394928655760384.000000 0.175983697 0.054493934 0.435565233 0.008906370 0.041560177 0.002432715 0.999093354
1413394928705760512.000000 0.264018238 0.019300539 0.625209987 0.000645109 0.037104942 0.006837078 0.999287844
1413394928755760384.000000 0.264887661 0.015083117 0.633292556 -0.000965717 0.038043667 0.007503240 0.999247432
1413394928805760512.000000 0.269850820 0.014591389 0.642283440 -0.000538226 0.036096212 0.007038498 0.999323368
1413394928855760384.000000 0.271912873 0.016905591 0.651659906 -0.000827947 0.037814282 0.002738097 0.999280691
1413394928905760512.000000 0.349558383 -0.028895361 0.799565732 -0.008486378 0.031463467 -0.001404761 0.999467909
1413394928955760384.000000 0.278329223 0.012995369 0.667219937 -0.004898627 0.037049334 -0.007588041 0.999272645
1413394929005760512.000000 0.351885527 -0.033110008 0.815455437 -0.010314991 0.031453453 -0.006032894 0.999433815
1413394929055760384.000000 0.353234410 -0.032381654 0.825187504 -0.008757216 0.033450905 -0.005236032 0.999388337
1413394929105760512.000000 0.351952910 -0.031820662 0.833518982 -0.006004640 0.039636947 -0.004698601 0.999185145
1413394929155760384.000000 0.351845652 -0.032082602 0.841011047 -0.004247752 0.047136374 -0.003983324 0.998871505
1413394929205760512.000000 0.375110120 -0.093416683 0.980730176 -0.010926784 0.049869422 -0.000198955 0.998695970
1413394929255760384.000000 0.375271142 -0.094465345 0.987741709 -0.007724505 0.054200258 0.004045215 0.998492062
1413394929305760512.000000 0.374019951 -0.096697576 0.993994415 -0.004289159 0.059770465 0.011045435 0.998141825
1413394929355760384.000000 0.377422035 -0.100164309 0.999656856 -0.002487927 0.058483794 0.016892165 0.998142362
1413394929405760512.000000 0.378200501 -0.097459979 1.005551696 0.002611544 0.057692435 0.022054590 0.998087347
1413394929455760384.000000 0.379297495 -0.136440635 1.095987678 0.002739726 0.058225416 0.023433788 0.998024702
1413394929505760512.000000 0.379528850 -0.137749270 1.100123763 0.005135828 0.049636588 0.026057294 0.998414218
1413394929555760384.000000 0.380957931 -0.144021764 1.102362871 0.003311165 0.036238726 0.028227361 0.998938978
1413394929605760512.000000 0.380688608 -0.146149844 1.106269002 0.003801605 0.025207752 0.029129328 0.999250531
1413394929655760384.000000 0.381928891 -0.146540344 1.108997464 0.003169253 0.015919030 0.026646877 0.999513149
1413394929705760512.000000 0.396200716 -0.202918246 1.137238264 -0.003617900 0.009340705 0.023881698 0.999664664
1413394929755760384.000000 0.397371799 -0.203572378 1.139642835 -0.004733350 0.005838784 0.019912947 0.999773502
1413394929805760512.000000 0.398428053 -0.205155253 1.142398953 -0.006584274 0.004992750 0.016570622 0.999828637
1413394929855760384.000000 0.397951990 -0.210575491 1.144111872 -0.010161946 0.007252725 0.013331681 0.999833226
1413394929905760512.000000 0.397825658 -0.208656386 1.147264481 -0.008545605 0.011614514 0.012391718 0.999819279
1413394929955760384.000000 0.395983726 -0.231289670 1.197518587 -0.010011158 0.019307258 0.011445181 0.999697983
1413394930005760512.000000 0.395757943 -0.232001603 1.200610757 -0.010627871 0.026993396 0.010397593 0.999525070
1413394930055760384.000000 0.393783271 -0.230972812 1.203641534 -0.009706994 0.034454942 0.008749182 0.999320805
1413394930105760512.000000 0.391352504 -0.234574899 1.206797838 -0.011879123 0.040650535 0.006755449 0.999080002
1413394930155760384.000000 0.389021188 -0.235278055 1.209117651 -0.012393192 0.048980195 0.005069184 0.998709977
1413394930205760512.000000 0.348465621 -0.251662672 1.257921219 -0.012980939 0.058708657 0.002092718 0.998188615
1413394930255760384.000000 0.338123709 -0.256959319 1.264675617 -0.012674432 0.069050558 0.002825953 0.997528672
1413394930305760512.000000 0.333470494 -0.259741843 1.264853954 0.009670845 -0.077861622 -0.008655922 -0.996879697
1413394930355760384.000000 0.316974282 -0.271605402 1.269035816 -0.006902818 0.077945754 0.017021116 0.996788383
1413394930405760512.000000 0.328547955 -0.280526578 1.249653101 -0.008865732 0.066810884 0.024195967 0.997432828
1413394930455760384.000000 0.292700022 -0.285688907 1.261904478 -0.001425666 0.041537579 0.032397944 0.998610616
1413394930505760512.000000 0.277088702 -0.289551049 1.257250428 0.001278022 0.012445441 0.039246660 0.999151230
1413394930555760384.000000 0.256434679 -0.284954816 1.253866553 0.004709267 -0.017823985 0.045363288 0.998800457
1413394930605760512.000000 0.238993913 -0.275920421 1.247807980 0.007635144 -0.047678661 0.050854597 0.997538149
1413394930655760384.000000 0.222863123 -0.271862179 1.244748831 0.008134579 -0.073110588 0.055113886 0.995766580
1413394930705760512.000000 0.202014536 -0.315309644 1.248064995 -0.001439354 -0.090545833 0.049858116 0.994642437
1413394930755760384.000000 0.185138121 -0.312368304 1.256576061 -0.005676162 -0.094246008 0.040337637 0.994715273
1413394930805760512.000000 0.171101764 -0.306216568 1.270691991 -0.010280885 -0.081433982 0.027754566 0.996239245
1413394930855760384.000000 0.160696849 -0.302829564 1.288459301 -0.015377605 -0.062142070 0.016564326 0.997811377
1413394930905760512.000000 0.155654207 -0.297335565 1.302566767 0.018445682 0.035895627 -0.008982304 -0.999144971
1413394930955760384.000000 0.145935386 -0.287708282 1.332395792 -0.020162163 -0.005813590 0.002506368 0.999776661
1413394931005760512.000000 0.144035846 -0.282938600 1.347630382 -0.021019910 0.021266310 -0.000586169 0.999552667
1413394931055760384.000000 0.140313864 -0.276168287 1.375599027 -0.021867678 0.042089708 -0.003070259 0.998869836
1413394931105760512.000000 0.138250202 -0.273845255 1.393729925 -0.022019090 0.056316189 -0.003885930 0.998162568
1413394931155760384.000000 0.140497372 -0.270604461 1.408121943 -0.022923509 0.064826503 -0.005412933 0.997618616
1413394931205760512.000000 0.143710315 -0.268956304 1.414841413 -0.023700280 0.071277760 -0.006387495 0.997154474
1413394931255760384.000000 0.152664125 -0.276575804 1.423148394 -0.024646483 0.075981028 -0.004652170 0.996793807
1413394931305760512.000000 0.165232018 -0.290468484 1.424215436 -0.027566636 0.082979545 -0.005119157 0.996156752
1413394931355760384.000000 0.176175311 -0.291689008 1.421471834 0.027490154 -0.091220565 0.003457312 -0.995445251
1413394931405760512.000000 0.194024250 -0.283647865 1.412422538 -0.023820199 0.094023451 -0.000301113 0.995284975
1413394931455760384.000000 0.203944191 -0.286075979 1.404578328 -0.024489209 0.084613979 0.000285174 0.996112823
1413394931505760512.000000 0.220987543 -0.314568996 1.389103293 -0.029286027 0.065432966 0.002285644 0.997424543
1413394931555760384.000000 0.225622609 -0.318072051 1.379060864 0.030431928 -0.046259757 -0.001428845 -0.998464763
1413394931605760512.000000 0.218809798 -0.276444852 1.361617208 -0.021547657 0.033625241 -0.000653666 0.999202013
1413394931655760384.000000 0.220392287 -0.280866683 1.350808859 -0.020864923 0.021396309 -0.004922957 0.999541223
1413394931705760512.000000 0.220964253 -0.297107697 1.329699039 -0.019507015 0.012741336 -0.012662106 0.999648392
1413394931755760384.000000 0.220636293 -0.303903610 1.319676280 0.015708514 -0.006745128 0.024859233 -0.999544859
1413394931805760512.000000 0.233526334 -0.379940987 1.305923462 -0.020356905 -0.001172482 -0.036565620 0.999123216
1413394931855760384.000000 0.231482685 -0.390264452 1.297642946 -0.009806466 -0.003617436 -0.047512874 0.998815894
1413394931905760512.000000 0.224453270 -0.413874894 1.286059260 0.005052788 -0.005310593 -0.052525617 0.998592675
1413394931955760384.000000 0.220772445 -0.428118259 1.280544877 0.023770245 -0.005201836 -0.053711753 0.998260021
1413394932005760512.000000 0.218232557 -0.468981087 1.273722410 0.043540541 -0.002256887 -0.052617252 0.997662544
1413394932055760384.000000 0.217751905 -0.486813128 1.268182516 -0.066720232 -0.005019684 0.052342582 -0.996385217
1413394932105760512.000000 0.222424522 -0.529182911 1.258547306 0.091078535 0.014916799 -0.050392020 0.994456112
1413394932155760384.000000 0.226946995 -0.548903823 1.252021790 -0.117043152 -0.022768535 0.048307922 -0.991689920
1413394932205760512.000000 0.240860984 -0.594778836 1.238223791 0.142429024 0.030448498 -0.045211390 0.988303006
1413394932255760384.000000 0.253939271 -0.627844691 1.226091146 0.169197127 0.034626167 -0.039971553 0.984162450
1413394932305760512.000000 0.268846273 -0.657422006 1.211105466 0.194727376 0.042473856 -0.038851634 0.979166925
1413394932355760384.000000 0.285993874 -0.690320611 1.197403431 0.218483955 0.047496457 -0.039884280 0.973867655
1413394932405760512.000000 0.301502943 -0.716609895 1.181020737 0.240213469 0.055791687 -0.045487486 0.968047380
1413394932455760384.000000 0.314518601 -0.740815759 1.163455367 0.261057168 0.064539954 -0.051749911 0.961772144
1413394932505760512.000000 0.321098864 -0.754512489 1.151402473 0.280309498 0.072239302 -0.059942804 0.955308855
1413394932555760384.000000 0.322370708 -0.761964381 1.146733999 0.297877908 0.078173548 -0.067090586 0.949029326
1413394932605760512.000000 0.323922873 -0.772250831 1.133163810 0.314984113 0.082944266 -0.076164380 0.942392826
1413394932655760384.000000 0.331939548 -0.812235296 1.084790587 0.332709759 0.084178030 -0.084984593 0.935412169
1413394932705760512.000000 0.328944743 -0.819831014 1.069659233 0.348550856 0.082149312 -0.093535617 0.928986013
1413394932755760384.000000 0.321610481 -0.833323777 1.038088441 0.363326043 0.076468326 -0.103882007 0.922689199
1413394932805760512.000000 0.317400128 -0.838565826 1.020443916 0.377041429 0.065849125 -0.113686375 0.916831076
1413394932855760384.000000 0.319357276 -0.868279457 0.993939877 0.386018217 0.048903186 -0.122884326 0.912961066
1413394932905760512.000000 0.313875794 -0.874796808 0.965600610 0.397715956 0.035138469 -0.131423891 0.907367110
1413394932955760384.000000 0.308857769 -0.878023207 0.945544958 0.408574939 0.022655357 -0.139717579 0.901683033
1413394933005760512.000000 0.300926685 -0.886271417 0.908798814 0.418991745 0.012195126 -0.146027654 0.896087766
1413394933055760384.000000 0.294199705 -0.889988422 0.889681041 0.430351466 0.004921942 -0.151422739 0.889856577
1413394933105760512.000000 0.276200473 -0.892910957 0.849999726 0.442257941 0.000916475 -0.157497302 0.882950604
1413394933155760384.000000 0.267243147 -0.897314906 0.832215130 0.454477102 -0.001381489 -0.162506759 0.875808418
1413394933205760512.000000 0.251576185 -0.910216510 0.803356767 0.466158926 -0.001174890 -0.165949032 0.868996859
1413394933255760384.000000 0.239900783 -0.915157199 0.787792385 0.479048938 0.000283159 -0.168370098 0.861489177
1413394933305760512.000000 0.227415383 -0.932010889 0.763823092 0.488958418 0.002929057 -0.171951324 0.855186462
1413394933355760384.000000 0.208061785 -0.940836012 0.744434118 0.500110686 0.006291174 -0.175487354 0.847970545
1413394933405760512.000000 0.191623762 -0.946280718 0.731456637 0.511426926 0.009601709 -0.178097203 0.840613842
1413394933455760384.000000 0.176717848 -0.949326396 0.723183990 0.521840096 0.012153522 -0.181253463 0.833476186
1413394933505760512.000000 0.156657726 -0.954567373 0.711570501 0.532244444 0.014089829 -0.183658063 0.826309323
1413394933555760384.000000 0.106848657 -0.976194382 0.679058135 0.541239560 0.015200182 -0.186367542 0.819814563
1413394933605760512.000000 0.085636213 -0.981422126 0.668246686 0.551919460 0.017589355 -0.188141465 0.812205851
1413394933655760384.000000 0.051543906 -0.993958831 0.649138212 0.562564135 0.021623889 -0.188014090 0.804801106
1413394933705760512.000000 0.031924725 -0.999073923 0.638220191 0.573463559 0.027387641 -0.187567219 0.796999395
1413394933755760384.000000 0.001633406 -1.009968638 0.618063092 0.583162546 0.032098297 -0.185748860 0.790182531
1413394933805760512.000000 -0.016667053 -1.013720036 0.607112467 0.591580927 0.036211617 -0.184991837 0.783899784
1413394933855760384.000000 -0.044734329 -1.020517707 0.585732877 0.597959638 0.037341204 -0.186129943 0.778720498
1413394933905760512.000000 -0.062399805 -1.022239685 0.575070381 0.604482293 0.035287753 -0.190524608 0.772694290
1413394933955760384.000000 -0.080456227 -1.021383762 0.563211441 0.609588623 0.029218368 -0.199317843 0.766694486
1413394934005760512.000000 -0.097660586 -1.020604491 0.550920308 0.615949333 0.022819990 -0.207511544 0.759621441
1413394934055760384.000000 -0.114026278 -1.020083427 0.537747860 0.623382390 0.016913867 -0.214922249 0.751609445
1413394934105760512.000000 -0.130266279 -1.022445202 0.516784012 0.632346392 0.014345077 -0.217420831 0.743411362
1413394934155760384.000000 -0.142383322 -1.029350996 0.500306368 0.643492520 0.018223951 -0.217109084 0.733790815
1413394934205760512.000000 -0.187992990 -1.027135015 0.456881583 0.654726148 0.023988662 -0.216073677 0.723927140
1413394934255760384.000000 -0.204248577 -1.032683611 0.441077709 0.666246235 0.027474547 -0.216661602 0.713034987
1413394934305760512.000000 -0.231530398 -1.026769876 0.419058800 0.677020371 0.028330138 -0.220280468 0.701653302
1413394934355760384.000000 -0.257854432 -1.025351524 0.401545882 0.687960923 0.024694296 -0.225103781 0.689513087
1413394934405760512.000000 -0.284247756 -1.029389143 0.388246417 0.698611975 0.017167574 -0.230024204 0.677300215
1413394934455760384.000000 -0.318494856 -1.019786239 0.369962215 0.708028853 0.009600160 -0.234315604 0.666107595
1413394934505760512.000000 -0.349550694 -1.023307085 0.359940886 0.715756595 0.004433844 -0.238891512 0.656203985
1413394934555760384.000000 -0.387575090 -1.013179183 0.345095634 0.721504629 0.002585752 -0.244127139 0.647940159
1413394934605760512.000000 -0.420128971 -1.017777205 0.337022305 0.726437628 0.002752093 -0.249585882 0.640302896
1413394934655760384.000000 -0.456408203 -1.007520676 0.323702693 0.729945123 0.004368625 -0.254928827 0.634170651
1413394934705760512.000000 -0.482371569 -1.011140227 0.314688444 0.733594656 0.006064359 -0.257741004 0.628785968
1413394934755760384.000000 -0.513240755 -0.999080777 0.301580667 0.737457097 0.004561391 -0.257036597 0.624554574
1413394934805760512.000000 -0.529290676 -0.995975971 0.292938948 0.740647972 0.004997807 -0.256385326 0.621033132
1413394934855760384.000000 -0.543176055 -0.997084558 0.281494975 0.742984295 0.006026363 -0.255173475 0.618728161
1413394934905760512.000000 -0.570683420 -0.983683586 0.262889862 0.743984520 0.005984480 -0.254752576 0.617699325
1413394934955760384.000000 -0.577528954 -0.985192895 0.248802066 0.745223224 0.006594314 -0.254087359 0.616472781
1413394935005760512.000000 -0.579654753 -0.979919434 0.240380883 0.746388078 0.008391851 -0.251242191 0.616207659
1413394935055760384.000000 -0.579982281 -0.981070876 0.223722100 0.747682214 0.009091202 -0.247466430 0.616156697
1413394935105760512.000000 -0.595357537 -0.965309858 0.198783875 0.747498810 0.010515253 -0.242929086 0.618158877
1413394935155760384.000000 -0.594427764 -0.965021312 0.183012366 0.746807575 0.011119159 -0.237014726 0.621271908
1413394935205760512.000000 -0.583649755 -0.960770845 0.183531165 0.744343162 0.012156183 -0.233006850 0.625710249
1413394935255760384.000000 -0.586463451 -0.957779884 0.170813203 0.741843700 0.014119516 -0.228505880 0.630280554
1413394935305760512.000000 -0.597117245 -0.943965137 0.159581304 0.739264071 0.017102642 -0.224365398 0.634709656
1413394935355760384.000000 -0.607005060 -0.933878064 0.145971179 0.736562014 0.022496620 -0.220316112 0.639086187
1413394935405760512.000000 -0.617599905 -0.925442040 0.139053702 0.734123230 0.026394773 -0.217960462 0.642541587
1413394935455760384.000000 -0.636238575 -0.906777859 0.123316050 0.731438816 0.029791666 -0.218735293 0.645185769
1413394935505760512.000000 -0.641065359 -0.900627077 0.130809009 0.727551877 0.028492393 -0.221904412 0.648548305
1413394935555760384.000000 -0.658578873 -0.887993217 0.128091455 0.723522365 0.025601644 -0.227256700 0.651317358
1413394935605760512.000000 -0.675483227 -0.870326161 0.122967184 0.719736040 0.022671139 -0.231580481 0.654092193
1413394935655760384.000000 -0.691927612 -0.855363905 0.119914651 0.716431618 0.020974128 -0.235148877 0.656499028
1413394935705760512.000000 -0.714257598 -0.828600526 0.104972422 0.713966787 0.020705409 -0.237845644 0.658219039
1413394935755760384.000000 -0.724668443 -0.809023499 0.099712014 0.711986959 0.021682916 -0.238398597 0.660129189
1413394935805760512.000000 -0.730844438 -0.793208599 0.092703402 0.710894167 0.023765419 -0.237722591 0.661477745
1413394935855760384.000000 -0.733251333 -0.772673607 0.083982527 0.710231721 0.023686171 -0.236144155 0.662756205
1413394935905760512.000000 -0.733357906 -0.756497324 0.074042201 0.708817124 0.022274261 -0.236735523 0.664107263
1413394935955760384.000000 -0.736702442 -0.733512878 0.065604448 0.707287133 0.020088557 -0.238342583 0.665232480
1413394936005760512.000000 -0.741848052 -0.715593040 0.057264745 0.705710828 0.016390374 -0.243219987 0.665242493
1413394936055760384.000000 -0.747425079 -0.697024465 0.056541026 0.705173016 0.008914608 -0.251783192 0.662764490
1413394936105760512.000000 -0.760375082 -0.677985787 0.050144970 0.705222368 0.000209322 -0.262728691 0.658509731
1413394936205760512.000000 -0.796722949 -0.630870640 0.030173957 0.713617623 -0.011036731 -0.278956473 0.642504096
1413394936255760384.000000 -0.814520359 -0.615247071 0.022464275 0.723876178 -0.008778024 -0.281771868 0.629707038
1413394936305760512.000000 -0.832546353 -0.596404374 0.013663769 0.736832857 -0.003858470 -0.283136815 0.613918662
1413394936405760512.000000 -0.868113518 -0.564854801 -0.007267594 0.768568635 0.009386277 -0.281758666 0.574305058
1413394936505760512.000000 -0.901218891 -0.534004271 -0.032594860 0.799462140 0.023451602 -0.288501710 0.526381135
1413394936605760512.000000 -0.931403935 -0.500690341 -0.062187135 0.824977458 0.033608440 -0.301962495 0.476551563
1413394936705760512.000000 -0.959840894 -0.463877439 -0.095405340 0.845469296 0.028495733 -0.313598067 0.431307197
1413394936805760512.000000 -0.985310972 -0.424637973 -0.132948816 0.861295223 0.024487754 -0.322318852 0.392022431
1413394936905760512.000000 -1.009223461 -0.382726014 -0.174825013 0.873190224 0.022722872 -0.331575781 0.356482893
1413394937005760512.000000 -1.034277916 -0.338337749 -0.221286297 0.882744133 0.021224838 -0.343091577 0.320313245
1413394937105760512.000000 -1.060260415 -0.292034805 -0.273901284 0.891171217 0.020159619 -0.355026245 0.281716198
1413394937205760512.000000 -1.087907434 -0.244722366 -0.333014548 0.899239600 0.020059291 -0.362167418 0.244541779
1413394937255760384.000000 -1.104434967 -0.222655624 -0.365482509 -0.902254283 -0.014466796 0.365312397 -0.228637099
1413394937305760512.000000 -1.118799686 -0.197518617 -0.397278905 0.904436946 0.006783435 -0.368300825 0.215179861
1413394937355760384.000000 -1.136646271 -0.176196665 -0.433830857 -0.906853974 -0.000385273 0.368971944 -0.203655407
1413394937455760384.000000 -1.166743755 -0.132474989 -0.505965233 0.910910308 -0.006575084 -0.367171794 0.188106686
1413394937555760384.000000 -1.200723410 -0.094738156 -0.584669232 0.914081693 -0.008473341 -0.363790303 0.178995952
1413394937655760384.000000 -1.236598730 -0.060796380 -0.667398453 0.916670918 -0.008888770 -0.358859122 0.175657377
1413394937755760384.000000 -1.272158623 -0.030386031 -0.754375577 0.919064820 -0.012001355 -0.352159470 0.176520899
1413394937855760384.000000 -1.307122469 -0.003824294 -0.843175888 0.919421494 -0.016652970 -0.347716600 0.182975203
1413394937955760384.000000 -1.340966702 0.016879261 -0.933352709 0.916873217 -0.026851693 -0.346047580 0.197164014
1413394938055760384.000000 -1.370010257 0.030600309 -1.026656747 0.912073791 -0.042539034 -0.347021520 0.214214846
1413394938155760384.000000 -1.388905764 0.034441233 -1.125188112 0.906636298 -0.056732636 -0.349235922 0.229839921
1413394938255760384.000000 -1.394168735 0.023495793 -1.231080055 0.901888847 -0.062973283 -0.349077404 0.246527895
1413394938355760384.000000 -1.380377173 -0.003539920 -1.344161034 0.899130166 -0.048090700 -0.344958305 0.265058488
1413394938455760384.000000 -1.354750633 -0.042073011 -1.461768150 0.898054600 -0.035475355 -0.333417952 0.284731388
1413394938555760384.000000 -1.328682184 -0.087921023 -1.578380466 0.893137515 -0.018644026 -0.328569591 0.306593955
1413394938655760384.000000 -1.313578844 -0.137153864 -1.689487815 0.882175386 -0.008823939 -0.332297891 0.333566934
1413394938755760384.000000 -1.309885621 -0.188632965 -1.796559572 0.868488729 -0.008531270 -0.336100280 0.364268094
1413394938855760384.000000 -1.316269517 -0.242197514 -1.900952339 0.854291022 -0.019103330 -0.333366334 0.398357689
1413394938955760384.000000 -1.332432508 -0.299602270 -2.001911163 0.841851294 -0.042512931 -0.314329684 0.436664641
1413394939055760384.000000 -1.355617762 -0.363710880 -2.095364571 0.828702450 -0.064213581 -0.284748942 0.477542639
1413394939155760384.000000 -1.384093285 -0.435911655 -2.176869392 0.812034249 -0.074219674 -0.259161234 0.517616987
1413394939255760384.000000 -1.416263103 -0.515255213 -2.244037628 0.792044759 -0.069859408 -0.247352347 0.553716302
1413394939355760384.000000 -1.450399160 -0.600501537 -2.297585726 0.772838771 -0.057882465 -0.243901879 0.582993865
1413394939455760384.000000 -1.475656271 -0.690283298 -2.342643976 0.755192697 -0.031972952 -0.255528629 0.602799177
1413394939555760384.000000 -1.489913106 -0.780986547 -2.383300781 0.743054152 -0.004435003 -0.266085446 0.614043474
1413394939655760384.000000 -1.479714155 -0.876078367 -2.437517166 0.738918543 -0.006466079 -0.256188989 0.623157144
1413394939755760384.000000 -1.464345217 -0.968905210 -2.487836838 0.735158384 -0.023262091 -0.238767236 0.634027779
1413394939855760384.000000 -1.442190886 -1.062638998 -2.532594681 0.729000092 -0.046570115 -0.218509808 0.647026777
1413394939955760384.000000 -1.422949553 -1.150132895 -2.557211399 0.714330733 -0.046517555 -0.227100551 0.660297692
1413394940055760384.000000 -1.406868100 -1.257848024 -2.583268881 0.692848146 -0.034176599 -0.254715174 0.673731208
1413394940155760384.000000 -1.404303312 -1.357079506 -2.581452608 0.676233530 -0.033546515 -0.257365018 0.689453542
1413394940255760384.000000 -1.408169270 -1.467155695 -2.598359585 0.660257757 -0.030585935 -0.243493512 0.709813535
1413394940355760384.000000 -1.422031879 -1.579837799 -2.595255136 0.641871274 -0.023716047 -0.224354759 0.732873678
1413394940455760384.000000 -1.441968679 -1.692921877 -2.585298538 0.619148910 -0.018903766 -0.206127971 0.757501543
1413394940555760384.000000 -1.460056901 -1.805174351 -2.570553541 0.591887295 -0.008489122 -0.197617993 0.781373501
1413394940655760384.000000 -1.473130107 -1.916906834 -2.554327965 0.559656084 0.007794859 -0.205009893 0.802929223
1413394940755760384.000000 -1.479852915 -2.028968573 -2.543392420 0.532143712 0.019606898 -0.213582486 0.819036782
1413394940855760384.000000 -1.476535559 -2.143261433 -2.544538736 0.518430889 0.019955026 -0.208797291 0.828996301
1413394940955760384.000000 -1.458602309 -2.253202438 -2.544961452 0.516225100 0.006544408 -0.191039369 0.834849000
1413394941005760512.000000 -1.452654362 -2.318567514 -2.564955235 0.515031278 -0.005652817 -0.180615589 0.837907493
1413394941055760384.000000 -1.440184236 -2.373098612 -2.564897060 0.513535917 -0.019020509 -0.170587152 0.840725362
1413394941105760512.000000 -1.428570867 -2.426016092 -2.566335917 0.511361241 -0.034541655 -0.160127327 0.843608797
1413394941205760512.000000 -1.405905724 -2.551541328 -2.584636927 0.503612041 -0.057528310 -0.145012349 0.849727571
1413394941305760512.000000 -1.366845489 -2.655460596 -2.568087101 0.496563911 -0.069634058 -0.140241563 0.853760958
1413394941405760512.000000 -1.332239747 -2.759447336 -2.558318377 0.489219189 -0.073445499 -0.149064839 0.856183469
1413394941505760512.000000 -1.270815015 -2.908027649 -2.529767990 0.479018152 -0.052137941 -0.175480425 0.858504415
1413394941605760512.000000 -1.210623741 -3.036116362 -2.491326332 0.469219863 -0.027690379 -0.201024562 0.859450459
1413394941705760512.000000 -1.149986148 -3.171377420 -2.450943708 0.460141778 -0.009863351 -0.208724976 0.862905681
1413394941755760384.000000 -1.119382501 -3.235144615 -2.427491665 0.457286894 -0.003088541 -0.204591572 0.865460336
1413394941805760512.000000 -1.091474295 -3.314255714 -2.412345409 0.455030859 0.000646315 -0.198281884 0.868119121
1413394941855760384.000000 -1.063506246 -3.381363869 -2.391187191 0.457051516 -0.003397302 -0.180954948 0.870831609
1413394941905760512.000000 -1.037340522 -3.461701870 -2.376252651 0.459973365 -0.011330944 -0.160772189 0.873183012
1413394941955760384.000000 -1.010598540 -3.529762745 -2.355582476 0.463906944 -0.022832036 -0.137186334 0.874899447
1413394942005760512.000000 -0.983074427 -3.609062672 -2.338620663 0.467008561 -0.034957848 -0.115062155 0.876037538
1413394942055760384.000000 -0.954248011 -3.675039291 -2.314943790 0.470061690 -0.046230007 -0.094910055 0.876297355
1413394942105760512.000000 -0.922373950 -3.751066208 -2.291579962 0.472503364 -0.057772271 -0.073836692 0.876328230
1413394942155760384.000000 -0.889283061 -3.811500549 -2.260871887 0.473217249 -0.068662517 -0.056249369 0.876462817
1413394942205760512.000000 -0.850942492 -3.881245136 -2.227418423 0.471274525 -0.076727927 -0.041072614 0.877682388
1413394942255760384.000000 -0.810097218 -3.934111118 -2.185358286 0.467537701 -0.083937943 -0.027746063 0.879541457
1413394942305760512.000000 -0.764591575 -3.994441032 -2.139365673 0.461009711 -0.090416268 -0.017835088 0.882596731
1413394942355760384.000000 -0.715931356 -4.037647247 -2.084226847 0.451997787 -0.091332264 -0.010647414 0.887267172
1413394942405760512.000000 -0.662912488 -4.086927891 -2.025336742 0.440616310 -0.091417864 -0.007840818 0.892994225
1413394942455760384.000000 -0.607599616 -4.120479107 -1.956454039 0.427591264 -0.086278774 -0.005372355 0.899829328
1413394942505760512.000000 -0.551723063 -4.161224365 -1.883660555 0.412082106 -0.080187559 -0.004237927 0.907601476
1413394942555760384.000000 -0.499233067 -4.186428070 -1.802299738 0.396330714 -0.073242322 -0.001342109 0.915180802
1413394942605760512.000000 -0.447677583 -4.218692303 -1.717620611 0.378467649 -0.066764809 0.000472435 0.923203409
1413394942655760384.000000 -0.400729805 -4.236118793 -1.624916315 0.360361964 -0.057796031 0.003682704 0.931013107
1413394942705760512.000000 -0.354811788 -4.260044575 -1.530605674 0.340119839 -0.046700966 0.004344193 0.939211786
1413394942755760384.000000 -0.313867450 -4.269170761 -1.429814816 0.317643940 -0.029026387 -0.002289645 0.947762966
1413394942805760512.000000 -0.272443354 -4.285329342 -1.328684807 0.292490870 -0.005044271 -0.014287050 0.956148326
1413394942855760384.000000 -0.238088101 -4.286571503 -1.223333597 0.266549110 0.021792896 -0.028963715 0.963139534
1413394942905760512.000000 -0.206185728 -4.298127174 -1.120296478 0.239358127 0.049609382 -0.045330409 0.968603015
1413394942955760384.000000 -0.182685822 -4.296003819 -1.014702678 0.213275820 0.075772434 -0.058829471 0.972271085
1413394943005760512.000000 -0.163227409 -4.304821014 -0.914968610 0.188134521 0.096224874 -0.067552522 0.975080967
1413394943055760384.000000 -0.151355714 -4.301237583 -0.814036250 0.164996132 0.111740522 -0.072155662 0.977284014
1413394943105760512.000000 -0.141388804 -4.310763836 -0.721264899 0.142109782 0.122919120 -0.073323332 0.979448557
1413394943155760384.000000 -0.137328982 -4.308109283 -0.628436863 0.120064713 0.131615922 -0.072477162 0.981330156
1413394943205760512.000000 -0.136739373 -4.319442272 -0.547497272 0.098349653 0.138552591 -0.069964208 0.982972801
1413394943255760384.000000 -0.141911656 -4.318134308 -0.466417819 0.077190049 0.143189833 -0.066580914 0.984431505
1413394943305760512.000000 -0.149772137 -4.332523823 -0.398530245 0.056575421 0.146027148 -0.061106637 0.985769451
1413394943355760384.000000 -0.159981698 -4.334029675 -0.332841843 0.037303541 0.146444306 -0.055265203 0.986969292
1413394943405760512.000000 -0.170809358 -4.353190899 -0.282930911 0.017954249 0.144481435 -0.049767699 0.988092124
1413394943455760384.000000 -0.182164654 -4.358952999 -0.236712843 -0.001072940 0.140086412 -0.046694838 0.989037097
1413394943505760512.000000 -0.193462774 -4.380149841 -0.205756888 -0.019956484 0.134523645 -0.043701090 0.989745140
1413394943555760384.000000 -0.204075560 -4.391320705 -0.175176010 -0.036824752 0.123386055 -0.039533693 0.990886986
1413394943605760512.000000 -0.215414032 -4.425546646 -0.157428771 -0.052097816 0.108481407 -0.033982545 0.992150605
1413394943655760384.000000 -0.226316318 -4.444278240 -0.140460491 -0.063302457 0.089708984 -0.027132392 0.993583918
1413394943705760512.000000 -0.238942042 -4.481192589 -0.133855492 -0.071095154 0.072956122 -0.013905187 0.994700789
1413394943755760384.000000 -0.251764238 -4.505415916 -0.123923302 -0.078152910 0.059373878 -0.004044768 0.995163620
1413394943805760512.000000 -0.266396880 -4.546510220 -0.121379875 -0.082251325 0.051636551 0.010299630 0.995219767
1413394943855760384.000000 -0.282083899 -4.574913502 -0.113908634 -0.082648240 0.047884427 0.025161613 0.995109677
1413394943905760512.000000 -0.299328715 -4.606817245 -0.109388970 0.082063131 -0.045395628 -0.039513424 -0.994808316
1413394943955760384.000000 -0.322207659 -4.652192116 -0.109548323 -0.080810495 0.041002803 0.053486988 0.994448423
1413394944005760512.000000 -0.342468411 -4.681042194 -0.105934948 -0.080618717 0.037242886 0.059313390 0.994281411
1413394944055760384.000000 -0.362215221 -4.711787224 -0.106449217 0.082499303 -0.032810111 -0.058852494 -0.994310737
1413394944105760512.000000 -0.384539723 -4.751970768 -0.109578066 -0.084601484 0.029387919 0.056876324 0.994356096
1413394944155760384.000000 -0.400635004 -4.777975559 -0.111564159 -0.085595310 0.026833951 0.053809557 0.994513929
1413394944205760512.000000 -0.411536485 -4.796080112 -0.118369356 0.086385354 -0.025184317 -0.052039325 -0.994582951
1413394944255760384.000000 -0.424576998 -4.818667889 -0.122124583 0.088288657 -0.019803481 -0.053497959 -0.994460106
1413394944305760512.000000 -0.439047635 -4.849790573 -0.126299784 0.091043167 -0.013123427 -0.055100150 -0.994234860
1413394944355760384.000000 -0.440524936 -4.860762119 -0.132823929 0.092192069 -0.004045280 -0.055553712 -0.994182110
1413394944405760512.000000 -0.444479942 -4.887994289 -0.138153821 0.096618369 0.006438993 -0.055686824 -0.993741691
1413394944455760384.000000 -0.440894753 -4.904081821 -0.143724054 0.102018304 0.017624233 -0.054118384 -0.993152976
1413394944505760512.000000 -0.439791918 -4.925070286 -0.146596476 0.108570941 0.027956210 -0.054975357 -0.992173672
1413394944555760384.000000 -0.434494555 -4.929831982 -0.148664802 0.116163306 0.036386423 -0.062059622 -0.990621388
1413394944605760512.000000 -0.462303460 -4.995931149 -0.168619126 -0.129844353 -0.043513689 0.074210212 0.987795472
1413394944655760384.000000 -0.440218031 -4.960200310 -0.138567492 0.138441309 0.054884788 -0.084941968 -0.985193670
1413394944705760512.000000 -0.473305762 -5.025485992 -0.162306249 -0.155041471 -0.064252228 0.098276675 0.980905473
1413394944755760384.000000 -0.480481684 -5.036270142 -0.153676510 -0.170322627 -0.073412023 0.109999262 0.976473808
1413394944805760512.000000 -0.488285452 -5.044304848 -0.141403526 -0.187165886 -0.080984257 0.122025959 0.971349657
1413394944855760384.000000 -0.495820016 -5.048760891 -0.125028968 -0.205097139 -0.085781075 0.133251235 0.965826571
1413394944905760512.000000 -0.502910256 -5.049344063 -0.104692250 -0.224115729 -0.087585159 0.143361241 0.959973276
1413394944955760384.000000 -0.509724736 -5.045852184 -0.080258071 -0.244607583 -0.086999409 0.153103977 0.953497529
1413394945005760512.000000 -0.513147235 -5.028094292 -0.043856978 -0.266108274 -0.082966886 0.159587011 0.947013736
1413394945055760384.000000 -0.515533090 -5.005872250 -0.003197014 -0.288917989 -0.076418221 0.161489427 0.940535903
1413394945105760512.000000 -0.502171397 -4.925625324 0.075165391 -0.311414838 -0.069317982 0.161602154 0.933863282
1413394945155760384.000000 -0.516048729 -4.940102577 0.097131014 -0.335466832 -0.062754296 0.161784455 0.925931871
1413394945205760512.000000 -0.502234459 -4.862806797 0.174860716 -0.357106358 -0.055531509 0.161338180 0.918347061
1413394945255760384.000000 -0.499947548 -4.827223778 0.228953660 -0.379358411 -0.047565516 0.162238985 0.909672022
1413394945305760512.000000 -0.495342106 -4.788754463 0.285515308 -0.401379377 -0.041284520 0.161857247 0.900551200
1413394945355760384.000000 -0.458952278 -4.696940422 0.377929807 0.419930041 0.032493014 -0.158650860 -0.892991006
1413394945405760512.000000 -0.452957362 -4.656995296 0.435085535 0.442007482 0.017205818 -0.154103130 -0.883507609
1413394945455760384.000000 -0.441689253 -4.610688210 0.501876593 0.461253077 0.000797840 -0.161224738 -0.872497320
1413394945505760512.000000 -0.432136118 -4.573372841 0.563198924 0.476725042 -0.016211471 -0.173753291 -0.861556888
1413394945555760384.000000 -0.423507452 -4.527936459 0.627611041 0.491583854 -0.031753812 -0.189809978 -0.849299312
1413394945605760512.000000 -0.416507483 -4.492066383 0.684599161 0.506001532 -0.043185282 -0.202257231 -0.837370574
1413394945655760384.000000 -0.407642484 -4.450731277 0.744600177 0.520172775 -0.054213759 -0.218504086 -0.823855102
1413394945705760512.000000 -0.396689773 -4.407639027 0.805258036 0.534712434 -0.060276762 -0.235514179 -0.809309840
1413394945755760384.000000 -0.388291478 -4.365588665 0.859508634 0.549601018 -0.066237800 -0.250150084 -0.794340193
1413394945805760512.000000 -0.380799651 -4.321988583 0.910290241 0.565662265 -0.069800317 -0.262455881 -0.778634131
1413394945855760384.000000 -0.374062538 -4.278812408 0.955807209 0.582367122 -0.073961958 -0.273416877 -0.761985242
1413394945905760512.000000 -0.369176269 -4.233650208 0.999081135 0.599329472 -0.078333475 -0.284735054 -0.744038999
1413394945955760384.000000 -0.365323544 -4.188932419 1.037431240 0.617479324 -0.079981551 -0.293515503 -0.725376368
1413394946005760512.000000 -0.361585379 -4.143146038 1.070514202 0.637478530 -0.077855177 -0.297741324 -0.706335545
1413394946055760384.000000 -0.358527660 -4.097814083 1.098666191 0.658895075 -0.071170092 -0.298338115 -0.686867177
1413394946155760384.000000 -0.352677226 -4.006351471 1.141395569 0.700488091 -0.058194939 -0.298473626 -0.645634055
1413394946205760512.000000 -0.350520492 -3.962107897 1.158153057 0.720072746 -0.055023812 -0.298453361 -0.624013782
1413394946255760384.000000 -0.348968029 -3.917979479 1.172364235 0.738108516 -0.054259401 -0.300986916 -0.601380646
1413394946355760384.000000 -0.349825859 -3.832643986 1.198162079 0.769342482 -0.058146451 -0.312257618 -0.554280162
1413394946455760384.000000 -0.352504253 -3.748613834 1.211153507 0.796273887 -0.062466595 -0.326386243 -0.505487859
1413394946555760384.000000 -0.324940920 -3.672610760 1.316619396 0.821294725 -0.067665540 -0.336902469 -0.455404401
1413394946655760384.000000 -0.302686453 -3.602522612 1.346395969 0.849973679 -0.059408702 -0.332110137 -0.404621035
1413394946755760384.000000 -0.319962263 -3.541649342 1.380591393 0.879147172 -0.043606978 -0.318761259 -0.351553798
1413394946855760384.000000 -0.320728898 -3.474098682 1.389110327 0.902040124 -0.031504869 -0.312589437 -0.296004891
1413394946955760384.000000 -0.434815168 -3.471392155 1.490028143 0.920492530 -0.023537952 -0.308520108 -0.238651976
1413394947055760384.000000 -0.445094109 -3.412341833 1.516344547 0.935002983 -0.014974887 -0.304940134 -0.180434942
1413394947155760384.000000 -0.412008286 -3.305248499 1.596444368 0.942833364 -0.006601507 -0.309657931 -0.123019084
1413394947255760384.000000 -0.455594778 -3.140909672 1.806771994 0.944925845 0.000558983 -0.320153415 -0.067946337
1413394947355760384.000000 -0.432399750 -3.049034119 1.858106971 0.949022770 0.005898661 -0.314633101 -0.018086864
1413394947455760384.000000 -0.397199869 -2.947204351 1.907223463 0.951286852 0.008328152 -0.307688922 0.017650999
1413394947555760384.000000 -0.105607271 -2.860001326 1.928808570 0.948631883 0.007210986 -0.313793361 0.039742071
1413394947655760384.000000 -0.050222754 -2.739398956 1.983682871 0.938545525 0.007625150 -0.341203243 0.051522247
1413394947755760384.000000 0.123448014 -2.673388958 2.062592030 0.925571144 0.007107156 -0.374909431 0.052063368
1413394947855760384.000000 0.168088913 -2.540450573 2.116185188 0.916142285 0.004297037 -0.399086714 0.037346099
1413394947955760384.000000 0.211365700 -2.432329416 2.168372154 0.912563443 0.005082136 -0.408713460 0.012472898
1413394948055760384.000000 0.257094383 -2.286117554 2.188477993 0.909516573 0.005321956 -0.415243655 -0.018004483
1413394948155760384.000000 0.294595122 -2.133385181 2.193760395 0.903655708 0.007120516 -0.425756127 -0.045687839
1413394948255760384.000000 0.318613172 -1.974057198 2.186169147 0.907942355 0.014860331 -0.413231999 -0.068258859
1413394948355760384.000000 0.332213998 -1.805959463 2.165726185 0.925564587 0.019244280 -0.368182629 -0.086032666
1413394948455760384.000000 0.337871194 -1.629847288 2.145161629 0.946096480 0.017074924 -0.308146328 -0.098264500
1413394948555760384.000000 0.341073275 -1.447273612 2.134777546 0.962574780 0.012188074 -0.249589175 -0.104911946
1413394948655760384.000000 0.348378539 -1.259316683 2.141773224 0.971059442 0.005283441 -0.213302791 -0.107319921
1413394948755760384.000000 0.367004573 -1.067450285 2.175752640 0.975398302 0.003628371 -0.192977354 -0.106512085
1413394948855760384.000000 0.395366311 -0.871985734 2.235976219 0.970122516 0.006435259 -0.219264269 -0.103654340
1413394948955760384.000000 0.431335509 -0.671316385 2.317130566 0.957496881 0.011381775 -0.270400733 -0.099768676
1413394949055760384.000000 0.461937428 -0.464460731 2.415428400 0.937054336 0.020645320 -0.335564524 -0.094337039
1413394949155760384.000000 0.479851484 -0.249298662 2.525478363 0.914172888 0.027295481 -0.394311726 -0.089784138
1413394949255760384.000000 0.485163331 -0.023529232 2.631088018 0.897324800 0.031193342 -0.431824625 -0.085807055
1413394949355760384.000000 0.475032687 0.215176463 2.721787930 0.886893630 0.032929637 -0.453435957 -0.082044035
1413394949455760384.000000 0.451229095 0.467860579 2.791803360 0.887158036 0.032011759 -0.453408211 -0.079667576
1413394949555760384.000000 0.425720096 0.735326529 2.834472179 0.909552932 0.029582845 -0.406764537 -0.079880774
1413394949655760384.000000 0.401315570 1.015163779 2.860637426 0.937810063 0.022726962 -0.336825430 -0.080898263
1413394949755760384.000000 0.377743959 1.304035187 2.889014482 0.956691325 0.013490211 -0.279134750 -0.081507660
1413394949855760384.000000 0.354697227 1.600113392 2.930748463 0.964103281 -0.000021640 -0.252260506 -0.082882412
1413394949955760384.000000 0.333309889 1.900582552 2.989958048 0.962533295 -0.020088738 -0.254707694 -0.090830199
1413394950055760384.000000 0.318329096 2.201870918 3.064949274 0.959368527 -0.040636707 -0.258053571 -0.106626585
1413394950155760384.000000 0.307076216 2.499851942 3.154794216 0.951259494 -0.063689053 -0.273097575 -0.128323346
1413394950255760384.000000 0.294773936 2.789486408 3.256304026 0.933075249 -0.075258665 -0.318532676 -0.149143040
1413394950355760384.000000 0.283625603 3.067653656 3.358266354 0.914403796 -0.047379896 -0.367692918 -0.162551090
