1413393948055760384.000000 -0.015179362 0.044187557 -0.002018817 -0.039057359 0.027611472 -0.024564400 0.998553395
1413393948105760512.000000 -0.027783539 0.062983721 0.013808317 -0.056843460 0.041548416 -0.034375567 0.996925771
1413393948155760384.000000 -0.032373630 0.081334308 0.018884828 -0.069251969 0.053041294 -0.035954699 0.995539069
1413393948205760512.000000 -0.035488892 0.092884064 0.019697327 -0.079104550 0.065269157 -0.032311168 0.994202375
1413393948255760384.000000 -0.036446400 0.100876473 0.021965574 -0.087131500 0.077956997 -0.026313504 0.992793262
1413393948305760512.000000 -0.037236616 0.108474709 0.003556317 -0.090378322 0.091319524 -0.016104311 0.991581202
1413393948355760384.000000 -0.038947579 0.112682432 0.000634398 -0.095234714 0.105699249 -0.006986027 0.989802599
1413393948405760512.000000 -0.043903563 0.107168637 0.008446375 -0.103970751 0.120258756 -0.000358026 0.987283051
1413393948455760384.000000 -0.049174141 0.108780891 0.001198498 -0.109095439 0.130253553 0.007395149 0.985432684
1413393948505760512.000000 -0.056489222 0.114052720 -0.016619975 -0.113086157 0.134400368 0.015133926 0.984336853
1413393948555760384.000000 -0.064254649 0.108942136 -0.028874293 -0.118473776 0.128872365 0.023480998 0.984278679
1413393948605760512.000000 -0.080053382 0.104421563 -0.047326658 -0.125061914 0.114405118 0.030250655 0.985066414
1413393948655760384.000000 -0.095206790 0.099749513 -0.061855789 -0.132311583 0.092960328 0.036244627 0.986173630
1413393948705760512.000000 -0.106372029 0.092390254 -0.081871711 -0.140686646 0.068606541 0.041854132 0.986787081
1413393948755760384.000000 -0.119946562 0.085199833 -0.099634208 -0.149716556 0.045936417 0.048009615 0.986493766
1413393948805760512.000000 -0.130045027 0.077253096 -0.117356695 -0.159157619 0.024466200 0.054248352 0.985457957
1413393948855760384.000000 -0.142147943 0.069641113 -0.136247143 -0.167344257 0.008014085 0.064459398 0.983756423
1413393948905760512.000000 -0.152819097 0.065814994 -0.151539072 -0.175926179 -0.001723795 0.071443744 0.981805921
1413393948955760384.000000 -0.156689405 0.060813848 -0.163341731 -0.185921416 -0.005750580 0.080435745 0.979249835
1413393949005760512.000000 -0.157933146 0.057030592 -0.174556598 -0.197383270 0.001066136 0.085474707 0.976592481
1413393949055760384.000000 -0.157486573 0.055716887 -0.187655747 -0.210552499 0.012415352 0.086821049 0.973640442
1413393949105760512.000000 -0.152738631 0.048457764 -0.198522106 -0.225296184 0.026780782 0.087572239 0.969977081
1413393949155760384.000000 -0.148987070 0.049618024 -0.208722383 -0.239461318 0.042601943 0.086173825 0.966135383
1413393949205760512.000000 -0.146629855 0.045450270 -0.215366572 -0.253944844 0.060076516 0.085076958 0.961594939
1413393949255760384.000000 -0.144169047 0.043389518 -0.227922142 -0.266287446 0.075156465 0.085946679 0.957108021
1413393949305760512.000000 -0.138407931 0.039640009 -0.232954025 -0.279569417 0.091426872 0.084392503 0.952029407
1413393949355760384.000000 -0.134543344 0.034453280 -0.244607195 -0.291339874 0.105404288 0.084887482 0.946997941
1413393949405760512.000000 -0.133269623 0.026517108 -0.255750030 -0.302634001 0.120215036 0.085929610 0.941582203
1413393949455760384.000000 -0.124108821 0.013726968 -0.269174933 -0.313123554 0.132041529 0.089809485 0.936190665
1413393949505760512.000000 -0.124970801 -0.000601653 -0.281451225 -0.319583118 0.139142454 0.099971965 0.931939781
1413393949555760384.000000 -0.125714928 -0.016120762 -0.300556958 -0.321657419 0.133817747 0.116869949 0.930038035
1413393949605760512.000000 -0.134517744 -0.033568330 -0.320337802 -0.321721166 0.125063166 0.134459361 0.928857028
1413393949655760384.000000 -0.142528608 -0.048006967 -0.340619206 -0.319708854 0.114500120 0.150665760 0.928426623
1413393949705760512.000000 -0.151272982 -0.069835946 -0.365990341 -0.317030340 0.104973130 0.168404758 0.927422404
1413393949755760384.000000 -0.161587417 -0.083448678 -0.394053698 -0.314140677 0.098301142 0.186716422 0.925629258
1413393949805760512.000000 -0.169690818 -0.098678090 -0.423025727 -0.312716216 0.093635119 0.205104113 0.922698975
1413393949855760384.000000 -0.180590019 -0.107113615 -0.453899890 -0.310874075 0.092623904 0.224789292 0.918829679
1413393949905760512.000000 -0.188443691 -0.118599512 -0.492727727 -0.310532421 0.090348072 0.241970047 0.914799094
1413393949955760384.000000 -0.209053785 -0.127793819 -0.532128334 -0.309796929 0.090113923 0.255923599 0.911267579
1413393950005760512.000000 -0.222098529 -0.126202509 -0.574931502 -0.311605126 0.086734243 0.263343304 0.908861816
1413393950055760384.000000 -0.235526264 -0.125486657 -0.623105705 -0.318708092 0.077834211 0.257912517 0.908761919
1413393950105760512.000000 -0.243435383 -0.109887742 -0.671654403 -0.329521269 0.063427098 0.239748582 0.910995841
1413393950155760384.000000 -0.270741850 -0.093739659 -0.726337790 -0.339038968 0.047386408 0.222003251 0.912974119
1413393950205760512.000000 -0.271570295 -0.062363647 -0.780130863 -0.347358406 0.026950963 0.202773839 0.915149450
1413393950255760384.000000 -0.286583960 -0.041191429 -0.833346963 0.355430514 -0.009478459 -0.184677884 -0.916227877
1413393950305760512.000000 -0.294676512 -0.009528190 -0.885987997 -0.361353517 -0.003896783 0.171857938 0.916446030
1413393950355760384.000000 -0.307039738 0.019482508 -0.937810540 0.364127070 0.012509319 -0.167762339 -0.916029990
1413393950405760512.000000 -0.319961220 0.050293028 -0.986331284 0.365402967 0.017188281 -0.167404041 -0.915511429
1413393950455760384.000000 -0.330709249 0.083761841 -1.022923708 -0.366240114 -0.017978327 0.167918503 0.915067434
1413393950505760512.000000 -0.343438387 0.118242115 -1.063813925 0.367378443 0.013005487 -0.169092461 -0.914478898
1413393950555760384.000000 -0.356313914 0.155225366 -1.096580029 -0.369020641 -0.004683627 0.168974698 0.913919806
1413393950605760512.000000 -0.369733989 0.193812877 -1.130515814 0.371365190 -0.006366002 -0.166576415 -0.913400054
1413393950655760384.000000 -0.383600354 0.234562337 -1.156947851 -0.373947889 0.019409332 0.163441792 0.912728369
1413393950705760512.000000 -0.398914754 0.275989532 -1.185045362 0.376688480 -0.031581659 -0.159635663 -0.911934674
1413393950755760384.000000 -0.415992230 0.317853779 -1.207134247 -0.379067391 0.039979700 0.155607358 0.911315501
1413393950805760512.000000 -0.435735345 0.359295845 -1.231265664 -0.381816894 0.045911722 0.151988521 0.910498500
1413393950855760384.000000 -0.458200425 0.401269257 -1.250162482 -0.383815914 0.049993858 0.149106532 0.909919381
1413393950905760512.000000 -0.482970923 0.442343503 -1.269825101 0.386591673 -0.049996287 -0.144597381 -0.909471750
1413393950955760384.000000 -0.508368313 0.482308924 -1.283589840 -0.390810490 0.046864513 0.136688784 0.909058332
1413393951005760512.000000 -0.533948123 0.521635175 -1.300627589 -0.394659609 0.041054193 0.128929749 0.908809960
1413393951055760384.000000 -0.558224857 0.559819937 -1.312867999 -0.397396892 0.035975564 0.123760514 0.908550978
1413393951105760512.000000 -0.581383884 0.596687973 -1.326786995 -0.397615433 0.033612188 0.125495344 0.908307850
1413393951155760384.000000 -0.601731598 0.632706225 -1.337139964 -0.396584272 0.035606492 0.129365847 0.908139646
1413393951205760512.000000 -0.620510817 0.666914284 -1.347968340 -0.395771146 0.038334101 0.133635521 0.907765031
1413393951255760384.000000 -0.637434483 0.699720502 -1.355308056 -0.394956380 0.041537527 0.137557328 0.907393038
1413393951305760512.000000 -0.652834356 0.732149601 -1.364020705 -0.395137370 0.043253399 0.140846923 0.906729162
1413393951355760384.000000 -0.666121900 0.763829529 -1.371154666 -0.395520180 0.043566588 0.143763497 0.906089365
1413393951405760512.000000 -0.678205311 0.794724405 -1.378532648 -0.396397442 0.041319251 0.146533430 0.905367255
1413393951455760384.000000 -0.689341247 0.825067043 -1.384728312 -0.397345334 0.036255531 0.148873851 0.904786646
1413393951505760512.000000 -0.701158702 0.854904532 -1.389774323 -0.398064137 0.030538192 0.151120380 0.904309154
1413393951555760384.000000 -0.713508368 0.884759128 -1.392072201 -0.398975015 0.025599869 0.152647778 0.903804362
1413393951605760512.000000 -0.727386892 0.915118456 -1.391788006 -0.400438100 0.022117505 0.153056458 0.903179944
1413393951655760384.000000 -0.742342889 0.945645213 -1.388984919 0.402455151 -0.021778284 -0.152525306 -0.902381122
1413393951705760512.000000 -0.756908894 0.974737048 -1.385540843 -0.404788613 0.023193380 0.150015756 0.901722610
1413393951755760384.000000 -0.773562074 1.004253149 -1.378947496 -0.407704502 0.024763223 0.147251457 0.900822401
1413393951805760512.000000 -0.787777722 1.033600450 -1.371664405 -0.409927785 0.028100435 0.146646529 0.899813592
1413393951855760384.000000 -0.802628994 1.062849522 -1.361419916 -0.412003279 0.032324638 0.147071019 0.898653805
1413393951905760512.000000 -0.816124320 1.091584921 -1.349915624 0.414105415 -0.035231616 -0.147905797 -0.897440493
1413393951955760384.000000 -0.826286376 1.119587898 -1.338670254 -0.415941954 0.037352957 0.149472922 0.896244943
1413393952005760512.000000 -0.836419225 1.147788525 -1.324792385 -0.418072611 0.039442111 0.150317788 0.895021915
1413393952055760384.000000 -0.844102144 1.175402880 -1.310490131 0.420334846 -0.041036680 -0.151079759 -0.893761516
1413393952105760512.000000 -0.849686265 1.200860500 -1.299500465 -0.421196252 0.044001255 0.153004512 0.892886996
1413393952155760384.000000 -0.851347208 1.226607084 -1.285330534 0.423454732 -0.045158699 -0.153112024 -0.891741812
1413393952205760512.000000 -0.848387361 1.251572967 -1.273327589 -0.424509794 0.046969399 0.155814290 0.890678048
1413393952255760384.000000 -0.843732417 1.275211573 -1.260262847 -0.425360262 0.049149781 0.158514395 0.889677525
1413393952305760512.000000 -0.834619284 1.298313856 -1.251500130 -0.425155461 0.050464384 0.160355464 0.889371932
1413393952355760384.000000 -0.824641526 1.319485426 -1.239846349 -0.423266083 0.052056283 0.161051199 0.890055358
1413393952405760512.000000 -0.813909292 1.340232611 -1.227647662 -0.419997722 0.052764267 0.159722999 0.891799510
1413393952455760384.000000 -0.799924731 1.361207366 -1.218900681 -0.415879190 0.052924711 0.155540273 0.894455552
1413393952505760512.000000 -0.788436234 1.381171227 -1.205750465 -0.410090774 0.052075230 0.151378378 0.897885501
1413393952555760384.000000 -0.776550412 1.400555134 -1.192120433 -0.403254122 0.050815657 0.146721825 0.901818514
1413393952605760512.000000 -0.762727380 1.418143749 -1.182299376 -0.395669073 0.049872506 0.140873298 0.906153142
1413393952655760384.000000 -0.750087380 1.436559916 -1.167732120 -0.386744112 0.048855253 0.136057615 0.910785735
1413393952705760512.000000 -0.736756921 1.454154015 -1.153033733 0.377340078 -0.048199840 -0.131105945 -0.915479422
1413393952755760384.000000 -0.723156571 1.470269203 -1.138423085 -0.366965801 0.048063919 0.127406642 0.920213878
1413393952805760512.000000 -0.710176528 1.486283422 -1.122232556 -0.357657015 0.047848508 0.124217473 0.924317062
1413393952855760384.000000 -0.696969986 1.501867771 -1.105871320 -0.349171042 0.047651373 0.122398652 0.927807987
1413393952905760512.000000 -0.685278118 1.512725949 -1.094160199 -0.340413451 0.049489480 0.124976076 0.930618346
1413393952955760384.000000 -0.671330750 1.527357340 -1.077936411 -0.331788093 0.051377553 0.129507348 0.933008552
1413393953005760512.000000 -0.656577170 1.541964173 -1.061944366 0.324404687 -0.053197451 -0.134771004 -0.934755862
1413393953055760384.000000 -0.643641174 1.556032181 -1.045374632 -0.317810625 0.054918088 0.139356017 0.936248004
1413393953105760512.000000 -0.629401445 1.572167993 -1.029155731 -0.312653512 0.056219276 0.143527120 0.937276483
1413393953155760384.000000 -0.618107796 1.589167118 -1.012156248 0.308921069 -0.056996688 -0.146966845 -0.937933862
1413393953205760512.000000 -0.611904860 1.607146263 -0.993044972 0.305692703 -0.057953458 -0.149648249 -0.938508809
1413393953255760384.000000 -0.609475613 1.626583576 -0.972533524 0.303142160 -0.059308931 -0.152572617 -0.938780546
1413393953305760512.000000 -0.608700871 1.647494674 -0.951501429 0.299874425 -0.061234832 -0.157791451 -0.938843727
1413393953355760384.000000 -0.607252598 1.669965267 -0.931743205 0.297745377 -0.064353645 -0.161653250 -0.938655734
1413393953405760512.000000 -0.615227163 1.682618380 -0.922513306 -0.297032237 0.069813326 0.163173825 0.938228250
1413393953455760384.000000 -0.609630942 1.707901478 -0.908468485 -0.297037959 0.073915981 0.163679481 0.937824070
1413393953505760512.000000 -0.601476073 1.733290195 -0.899460256 -0.299659878 0.077851631 0.158620745 0.937540650
1413393953555760384.000000 -0.586619377 1.764720798 -0.893565118 0.304600358 -0.080348082 -0.150214076 -0.937122524
1413393953605760512.000000 -0.580974460 1.787438750 -0.892527640 -0.311471224 0.080906399 0.137201831 0.936811388
1413393953655760384.000000 -0.567447126 1.816606164 -0.890461624 -0.317117840 0.080675498 0.126327798 0.936466277
1413393953705760512.000000 -0.554589868 1.844820142 -0.889827967 -0.322449058 0.081447177 0.116512530 0.935851455
1413393953755760384.000000 -0.548453808 1.867015481 -0.891212046 -0.326813519 0.083706044 0.109136067 0.935027063
1413393953805760512.000000 -0.540097237 1.892369986 -0.890424967 -0.328672260 0.084750362 0.104530200 0.934807658
1413393953855760384.000000 -0.534755588 1.915591717 -0.889243841 -0.328395665 0.085772365 0.100624725 0.935240149
1413393953905760512.000000 -0.533938050 1.935253263 -0.888693750 0.325682014 -0.087284774 -0.098278575 -0.936298013
1413393953955760384.000000 -0.537540793 1.952629805 -0.888050914 -0.321382314 0.084654063 0.096623808 0.938195646
1413393954005760512.000000 -0.540697038 1.969276309 -0.886333466 -0.315528542 0.075868517 0.096952043 0.940896392
1413393954055760384.000000 -0.544556558 1.982255101 -0.885888398 0.308697253 -0.067689769 -0.096610084 -0.943817019
1413393954105760512.000000 -0.547844529 1.994497299 -0.885284483 0.300430983 -0.057681996 -0.098971389 -0.946899593
1413393954155760384.000000 -0.551919699 2.007240295 -0.884706497 -0.291773409 0.045312602 0.100156434 0.950149298
1413393954205760512.000000 -0.553421319 2.017470837 -0.883925498 -0.282015353 0.032399215 0.101865351 0.953436494
1413393954255760384.000000 -0.553415060 2.027521610 -0.882766664 0.271119416 -0.020101899 -0.103210635 -0.956785142
1413393954305760512.000000 -0.551552653 2.038560867 -0.880163074 -0.259651512 0.010153249 0.102914147 0.960149348
1413393954355760384.000000 -0.546673775 2.048991919 -0.876067996 -0.247653946 0.001941701 0.101591624 0.963505507
1413393954405760512.000000 -0.539953887 2.060076952 -0.869907916 -0.235260949 -0.004270942 0.098273262 0.966941833
1413393954455760384.000000 -0.532674134 2.072850466 -0.861149609 -0.222112089 -0.008424438 0.093656585 0.970476091
1413393954505760512.000000 -0.522236884 2.085201025 -0.850645721 -0.208887249 -0.011207123 0.087564640 0.973947167
1413393954555760384.000000 -0.510319531 2.098337650 -0.837882936 0.195212573 0.014423533 -0.081183501 -0.977288723
1413393954605760512.000000 -0.497735292 2.112551212 -0.822150946 -0.181840256 -0.016330771 0.075585105 0.980282843
1413393954655760384.000000 -0.482042372 2.127350330 -0.804077029 -0.169757277 -0.016831864 0.069311656 0.982901335
1413393954705760512.000000 -0.464968890 2.143372774 -0.782595038 -0.159128502 -0.018795818 0.063770793 0.985016823
1413393954755760384.000000 -0.447914034 2.160790205 -0.758352578 -0.150376722 -0.020251980 0.059513573 0.986628056
1413393954805760512.000000 -0.428301126 2.178795099 -0.731040895 -0.142696515 -0.021733077 0.056039907 0.987939775
1413393954855760384.000000 -0.407371104 2.197560072 -0.700834394 -0.136784419 -0.023016034 0.052828707 0.988923430
1413393954905760512.000000 -0.387758106 2.215072870 -0.672654569 -0.132177770 -0.023817351 0.049714625 0.989692032
1413393954955760384.000000 -0.363491118 2.235497952 -0.636437237 -0.128935754 -0.021636223 0.046473876 0.990327060
1413393955005760512.000000 -0.336653322 2.256114006 -0.597384453 -0.126606688 -0.014499294 0.043147787 0.990908086
1413393955055760384.000000 -0.307726681 2.277699232 -0.553454161 -0.124195844 -0.003001707 0.038307503 0.991513491
1413393955105760512.000000 -0.278118223 2.297647476 -0.509464979 -0.121000692 0.006962234 0.033801280 0.992052376
1413393955155760384.000000 -0.248200104 2.316868067 -0.463361531 -0.117339082 0.016099347 0.028801642 0.992543697
1413393955205760512.000000 -0.220038846 2.335309505 -0.417262733 -0.111602880 0.024301920 0.028366202 0.993050694
1413393955255760384.000000 -0.189567000 2.352606535 -0.368611038 -0.103920966 0.030185213 0.030090280 0.993671894
1413393955305760512.000000 -0.158712521 2.369446993 -0.319188297 -0.095624097 0.035618264 0.032770071 0.994240165
1413393955355760384.000000 -0.128896654 2.385212421 -0.271044463 0.086649068 -0.038204603 -0.032955911 -0.994960487
1413393955405760512.000000 -0.099588566 2.402487516 -0.221777350 -0.076915495 0.040122446 0.030807577 0.995753586
1413393955455760384.000000 -0.067264974 2.417797804 -0.172466829 -0.066040598 0.045509521 0.025078775 0.996463060
1413393955505760512.000000 -0.034087375 2.432502747 -0.123581342 -0.052797399 0.053391092 0.017780412 0.997018456
1413393955555760384.000000 -0.003193346 2.448103905 -0.075951681 -0.037744377 0.062705927 0.009134270 0.997276306
1413393955605760512.000000 0.026475772 2.461902618 -0.028322639 -0.022333773 0.072928488 -0.003684095 0.997080326
1413393955655760384.000000 0.052805297 2.475123405 0.019167952 -0.007366891 0.080986403 -0.018845530 0.996509850
1413393955705760512.000000 0.075946651 2.488982677 0.065990150 0.004192672 0.084230222 -0.037609451 0.995727479
1413393955755760384.000000 0.095475554 2.500733852 0.112395227 0.012520434 0.085033864 -0.058555901 0.994577169
1413393955805760512.000000 0.111510850 2.510877371 0.157676458 0.019099362 0.083830342 -0.078551888 0.993195534
1413393955855760384.000000 0.125026435 2.520030499 0.200692803 0.024466209 0.078615047 -0.094883919 0.992077708
1413393955905760512.000000 0.134657070 2.524765730 0.243296519 0.031701010 0.069387645 -0.102171399 0.991837442
1413393955955760384.000000 0.143753931 2.525304317 0.284453571 0.043016747 0.059156217 -0.097225174 0.992571175
1413393956005760512.000000 0.149147540 2.520983219 0.320299387 -0.055162780 -0.049144689 0.087456465 -0.993425012
1413393956055760384.000000 0.164942071 2.516780376 0.361320168 0.068034798 0.042081315 -0.076524206 0.993853331
1413393956105760512.000000 0.176239952 2.508029461 0.398651421 0.080351852 0.037600301 -0.066775240 0.993816316
1413393956155760384.000000 0.188722387 2.497327805 0.435608327 0.092676185 0.034411345 -0.060043171 0.993288398
1413393956205760512.000000 0.203686014 2.486423016 0.471775234 0.105351754 0.032983873 -0.056676608 0.992270589
1413393956255760384.000000 0.219575927 2.473488331 0.509047389 0.117886044 0.037830565 -0.057072088 0.990663707
1413393956305760512.000000 0.236538321 2.459834099 0.546223819 0.130693302 0.045449302 -0.060588263 0.988525510
1413393956355760384.000000 0.254578471 2.446789503 0.578542829 0.144889265 0.054662336 -0.064784005 0.985810459
1413393956405760512.000000 0.272755623 2.432480335 0.614517629 0.159478635 0.063520893 -0.070079394 0.982659936
1413393956455760384.000000 0.290471166 2.417794704 0.649473250 0.174681529 0.071251519 -0.076059744 0.979093730
1413393956505760512.000000 0.306854039 2.402841568 0.683715940 0.191053450 0.074670903 -0.082270071 0.975271583
1413393956555760384.000000 0.322188616 2.388227701 0.716792285 0.207977623 0.073732071 -0.088573955 0.971320570
1413393956605760512.000000 0.336275876 2.374166965 0.736906528 0.225512117 0.070371740 -0.094879754 0.967052162
1413393956655760384.000000 0.349728495 2.358592033 0.768668175 0.243346512 0.064315923 -0.102408819 0.962371290
1413393956705760512.000000 0.361783504 2.343022585 0.798821807 0.260563165 0.056208238 -0.110221706 0.957496107
1413393956755760384.000000 0.372963250 2.328997135 0.820431471 0.277352363 0.047086697 -0.118208081 0.952305317
1413393956805760512.000000 0.384520054 2.313202381 0.849678516 0.294566244 0.040045969 -0.125275522 0.946537495
1413393956855760384.000000 0.396519721 2.297125578 0.878677130 0.312047899 0.033795353 -0.129722700 0.940561533
1413393956905760512.000000 0.409148127 2.281086445 0.906950891 0.329882234 0.029260194 -0.132961437 0.934153557
1413393956955760384.000000 0.420838714 2.267771244 0.922656238 0.347515672 0.025618548 -0.135288209 0.927509427
1413393957005760512.000000 0.433949500 2.251686811 0.952331543 0.363883525 0.023212731 -0.139647126 0.920624077
1413393957055760384.000000 0.447477907 2.235535860 0.982495070 0.380125403 0.020714082 -0.144890711 0.913281024
1413393957105760512.000000 0.460032165 2.223105431 1.001047134 0.395393372 0.020027295 -0.153975859 0.905292511
1413393957155760384.000000 0.474872321 2.206410646 1.032498121 0.410893500 0.020116150 -0.163602561 0.896658301
1413393957205760512.000000 0.490474313 2.188640594 1.064612508 0.427477211 0.020763885 -0.172679126 0.887138188
1413393957255760384.000000 0.506428778 2.170593977 1.096996069 0.444658399 0.020860823 -0.181673229 0.876834452
1413393957305760512.000000 0.517709076 2.160580635 1.110263824 0.461979628 0.020387962 -0.190332562 0.865986526
1413393957355760384.000000 0.534617782 2.141970873 1.142481565 0.479548842 0.020680096 -0.198351189 0.854553759
1413393957405760512.000000 0.551549494 2.122967958 1.175365686 0.496177882 0.021254215 -0.205742657 0.843223453
1413393957455760384.000000 0.566156089 2.108525276 1.198324680 0.512834013 0.023447322 -0.211570099 0.831678867
1413393957505760512.000000 0.582015753 2.088456631 1.231846333 0.528249502 0.025999136 -0.217103913 0.820452631
1413393957555760384.000000 0.595714629 2.068410635 1.266269445 0.543533862 0.028243732 -0.221579507 0.809120357
1413393957605760512.000000 0.605508447 2.049539328 1.299397707 0.558933973 0.031114282 -0.225573763 0.797333777
1413393957655760384.000000 0.609875619 2.039975166 1.321730018 0.575193167 0.035380267 -0.227380008 0.784983754
1413393957705760512.000000 0.615853310 2.021038532 1.357992530 0.591593504 0.042027831 -0.228730842 0.771966994
1413393957755760384.000000 0.618910670 2.002777100 1.395438790 0.607401073 0.047287405 -0.231236398 0.758523285
1413393957805760512.000000 0.616490841 1.995583892 1.421912432 0.621008635 0.053743962 -0.237712786 0.744951308
1413393957855760384.000000 0.614758372 1.980048776 1.459656715 0.633015037 0.058925390 -0.246987894 0.731311679
1413393957905760512.000000 0.611171901 1.973743916 1.489321709 0.642662346 0.063726991 -0.258412510 0.718433738
1413393957955760384.000000 0.608602285 1.962864876 1.524208307 0.650349081 0.068133026 -0.272315264 0.705867171
1413393958005760512.000000 0.606324911 1.954665780 1.555563688 0.655751169 0.069497913 -0.286296815 0.695122004
1413393958055760384.000000 0.604244947 1.957654119 1.573557377 0.659904122 0.068654858 -0.298599333 0.686040521
1413393958105760512.000000 0.607561350 1.950593114 1.597862720 0.664147258 0.066171214 -0.306538314 0.678648770
1413393958155760384.000000 0.613447428 1.943061471 1.617673993 0.668508172 0.061852451 -0.311003953 0.672716677
1413393958205760512.000000 0.621917546 1.933437228 1.632971406 0.672348619 0.058647420 -0.313389331 0.668053210
1413393958255760384.000000 0.635549188 1.936041236 1.635433793 0.677292526 0.053430736 -0.310892761 0.664654553
1413393958305760512.000000 0.647486567 1.924306035 1.642755032 0.681707263 0.045315456 -0.307059407 0.662522674
1413393958355760384.000000 0.661391914 1.921501160 1.641292930 0.685874343 0.035609968 -0.300980955 0.661603272
1413393958405760512.000000 0.672981262 1.910016298 1.645092130 0.688206255 0.026468197 -0.297542781 0.661165595
1413393958455760384.000000 0.682160139 1.898340940 1.649285316 0.689340889 0.019452514 -0.295862138 0.660981357
1413393958505760512.000000 0.688037038 1.898543954 1.643595219 0.688581824 0.012232723 -0.296973497 0.661447108
1413393958555760384.000000 0.691907883 1.887033582 1.649187326 0.686879337 0.004876015 -0.300333232 0.661795259
1413393958605760512.000000 0.692796826 1.875462890 1.656095147 0.684525013 -0.001890572 -0.304604292 0.662297726
1413393958655760384.000000 0.694804549 1.877831817 1.660544872 0.681893051 -0.006928586 -0.308761239 0.663053811
1413393958705760512.000000 0.690390587 1.866096139 1.668983817 0.679633975 -0.010449530 -0.312101752 0.663762748
1413393958755760384.000000 0.687184334 1.852470279 1.673938870 0.679067492 -0.009655122 -0.311265916 0.664746404
1413393958805760512.000000 0.680043399 1.838241935 1.683104396 0.679839075 -0.004618339 -0.307312936 0.665850103
1413393958855760384.000000 0.671161771 1.822838426 1.692809701 0.681126237 0.002002842 -0.301989228 0.666982412
1413393958905760512.000000 0.662821531 1.802465320 1.698478222 0.682142615 0.008539406 -0.297285438 0.668004453
1413393958955760384.000000 0.648420393 1.785408020 1.709992170 0.683129132 0.013188102 -0.292210490 0.669159055
1413393959005760512.000000 0.631832361 1.767689109 1.721999645 0.684646904 0.015980994 -0.285684258 0.670363963
1413393959055760384.000000 0.615793407 1.737957358 1.730120182 0.686707020 0.015437945 -0.276378393 0.672168314
1413393959105760512.000000 0.596528113 1.720682383 1.742970467 0.689707160 0.013789925 -0.265670210 0.673448741
1413393959155760384.000000 0.579598546 1.700171113 1.753814340 0.692551613 0.013788763 -0.255297571 0.674540818
1413393959205760512.000000 0.562996507 1.684152722 1.767270327 0.694157541 0.017264184 -0.248813778 0.675232589
1413393959255760384.000000 0.548112869 1.668566704 1.780922174 0.693404138 0.023962459 -0.247974262 0.676110446
1413393959305760512.000000 0.536279202 1.656866550 1.794089317 0.691633463 0.027168831 -0.251068205 0.676660776
1413393959355760384.000000 0.522879958 1.643966198 1.809096456 0.688600302 0.028039621 -0.256769210 0.677578866
1413393959405760512.000000 0.511070788 1.631752729 1.823942661 0.685864031 0.028507890 -0.262111098 0.678288758
1413393959455760384.000000 0.500375509 1.615406036 1.837128162 0.683510125 0.028019544 -0.266536146 0.678960562
1413393959505760512.000000 0.491690546 1.604537368 1.850743890 0.682061076 0.030739142 -0.268622816 0.679477513
1413393959555760384.000000 0.484998137 1.593178153 1.862843156 0.682012081 0.033780999 -0.268327057 0.679499149
1413393959605760512.000000 0.480099320 1.583137274 1.874145746 0.684690416 0.043825634 -0.260998607 0.679086208
1413393959655760384.000000 0.476121455 1.573653817 1.884128809 0.688545346 0.057520919 -0.250433832 0.678144276
1413393959705760512.000000 0.473570406 1.567536592 1.893676758 0.692014337 0.067572668 -0.240418062 0.677310407
1413393959755760384.000000 0.471314251 1.564567089 1.902820110 0.694195271 0.075673088 -0.233186007 0.676750243
1413393959805760512.000000 0.465348333 1.563883662 1.912749887 0.693237722 0.075830176 -0.234739691 0.677176952
1413393959855760384.000000 0.460773349 1.567588806 1.922338605 0.689757526 0.066280574 -0.243585870 0.678607047
1413393959905760512.000000 0.457051396 1.574098110 1.931319237 0.685315728 0.056800514 -0.254142940 0.680093706
1413393959955760384.000000 0.454463631 1.582702756 1.939033270 0.680557787 0.047360454 -0.265530974 0.681242645
1413393960005760512.000000 0.448935986 1.590924740 1.949038982 0.676584661 0.037995905 -0.274598271 0.682191551
1413393960055760384.000000 0.447598398 1.601374388 1.954957128 0.672823906 0.030016523 -0.282879740 0.682924747
1413393960105760512.000000 0.444490731 1.610426784 1.960922360 0.669641674 0.023721375 -0.289857417 0.683374107
1413393960155760384.000000 0.444245905 1.620124340 1.964835405 0.666300535 0.016505580 -0.297193736 0.683701098
1413393960205760512.000000 0.444010228 1.628720284 1.967990875 0.662698269 0.009059508 -0.304389328 0.684175551
1413393960255760384.000000 0.438969046 1.635134339 1.971630096 0.658443868 -0.000391651 -0.313278675 0.684330404
1413393960305760512.000000 0.438232929 1.639728308 1.973105788 0.655717552 -0.006398662 -0.318856090 0.684342325
1413393960355760384.000000 0.438113868 1.641369343 1.973306179 0.655287087 -0.008118263 -0.320222229 0.684098482
1413393960405760512.000000 0.437522233 1.639445066 1.972820520 0.658913255 -0.002642523 -0.315974653 0.682632029
1413393960455760384.000000 0.438049674 1.635323524 1.970119357 0.664511919 0.004454822 -0.310406625 0.679743946
1413393960505760512.000000 0.434709340 1.627665639 1.968240976 0.671641648 0.011788223 -0.305088818 0.675040305
1413393960555760384.000000 0.428530425 1.620983601 1.966317773 0.679263294 0.016745634 -0.302831709 0.668291867
1413393960605760512.000000 0.416963935 1.613935471 1.965610862 0.688315928 0.020606009 -0.301706582 0.659370720
1413393960655760384.000000 0.399605691 1.605431795 1.966739774 0.698052406 0.023165302 -0.301864654 0.648894489
1413393960705760512.000000 0.376364589 1.598745823 1.969469428 0.707873225 0.024228685 -0.304044604 0.637091458
1413393960755760384.000000 0.348231852 1.592265248 1.973657846 0.717433453 0.023818471 -0.307833821 0.624468029
1413393960805760512.000000 0.315120339 1.584314704 1.980790615 0.727117896 0.021847289 -0.312204510 0.611024320
1413393960855760384.000000 0.280571461 1.578435540 1.987150788 0.733294427 0.016391205 -0.320561111 0.599375784
1413393960905760512.000000 0.247871161 1.569979310 1.992381096 0.737069905 0.008639603 -0.330887437 0.589208722
1413393960955760384.000000 0.215417683 1.562719107 1.996721745 0.741166711 -0.000539580 -0.337099582 0.580547631
1413393961005760512.000000 0.185640991 1.553185582 1.998773575 0.743955553 -0.008975003 -0.342387140 0.573777676
1413393961055760384.000000 0.163546681 1.538489103 1.997731924 0.746995747 -0.012415490 -0.345178187 0.568062782
1413393961105760512.000000 0.140240788 1.525070786 1.996453762 0.751162171 -0.009253541 -0.343106657 0.563868523
1413393961155760384.000000 0.119980216 1.509664774 1.993503690 0.755505264 -0.003159220 -0.338386655 0.560978115
1413393961205760512.000000 0.111190915 1.489272952 1.984664202 0.761365712 0.003420249 -0.328441709 0.558960378
1413393961255760384.000000 0.100080848 1.471872330 1.977564573 0.771298647 0.011475455 -0.305791229 0.558084607
1413393961305760512.000000 0.092270017 1.454451561 1.969492197 0.781639099 0.019374173 -0.279800802 0.557114363
1413393961355760384.000000 0.099722564 1.440444589 1.956318378 0.791932702 0.027035778 -0.251442790 0.555777133
1413393961405760512.000000 0.098702788 1.425460815 1.949072838 0.799348176 0.036415409 -0.229513332 0.554111898
1413393961455760384.000000 0.103081763 1.412466407 1.942783713 0.802590251 0.043977577 -0.219157308 0.553068817
1413393961505760512.000000 0.120532453 1.403961301 1.933798671 0.800642848 0.046424922 -0.224909112 0.553382099
1413393961555760384.000000 0.132071435 1.398929954 1.931966066 0.795301259 0.048395347 -0.239766285 0.554676473
1413393961605760512.000000 0.150022447 1.399101853 1.929590225 0.789338768 0.045688033 -0.256750703 0.555820227
1413393961655760384.000000 0.167633116 1.401950359 1.929438114 0.781153917 0.040567990 -0.278258324 0.557427347
1413393961705760512.000000 0.203777790 1.416541338 1.923611879 0.776349664 0.037906311 -0.290665746 0.557994306
1413393961755760384.000000 0.234861970 1.421556950 1.917505503 0.774328709 0.039485570 -0.295508832 0.558149159
1413393961805760512.000000 0.271010816 1.429855108 1.909878254 0.771731853 0.036793049 -0.301324099 0.558820188
1413393961855760384.000000 0.309472263 1.438700795 1.900323868 0.769569695 0.034178037 -0.306405723 0.559204698
1413393961905760512.000000 0.353402615 1.459680438 1.890122890 0.767039299 0.030482920 -0.312012762 0.559794247
1413393961955760384.000000 0.397012293 1.470409036 1.876897454 0.765063584 0.027381927 -0.317040712 0.559833169
1413393962005760512.000000 0.442482412 1.481557012 1.862023354 0.762804329 0.023617089 -0.322308242 0.560079634
1413393962055760384.000000 0.497100353 1.506359935 1.846229076 0.761111677 0.019340076 -0.326347500 0.560207367
1413393962105760512.000000 0.549446464 1.516790867 1.825833321 0.759279430 0.016168557 -0.331258684 0.559911668
1413393962155760384.000000 0.603924215 1.526021957 1.802921534 0.757296920 0.011584290 -0.335734725 0.560044169
1413393962205760512.000000 0.662786305 1.544117689 1.779884219 0.756043732 0.007921699 -0.339173168 0.559729159
1413393962255760384.000000 0.722207487 1.551290154 1.752319813 0.755032003 0.005354813 -0.342268109 0.559241116
1413393962305760512.000000 0.782383800 1.556921721 1.723123670 0.753445864 0.002249197 -0.345907539 0.559162080
1413393962355760384.000000 0.840608537 1.569304585 1.696121693 0.750757992 -0.001569930 -0.351856709 0.559067905
1413393962405760512.000000 0.895709693 1.572862506 1.667132139 0.747059703 -0.006373576 -0.359549105 0.559093654
1413393962455760384.000000 0.944741786 1.578676105 1.641333580 0.741015553 -0.013211143 -0.369658172 0.560423315
1413393962505760512.000000 0.988513827 1.579137444 1.615821958 0.734031677 -0.020037977 -0.379070550 0.563117743
1413393962555760384.000000 1.026785970 1.577622533 1.592287898 -0.726243675 0.025755350 0.386659503 -0.567803979
1413393962605760512.000000 1.059265256 1.575242162 1.570571184 0.718774259 -0.027761249 -0.391002655 0.574203730
1413393962655760384.000000 1.088371515 1.566814065 1.548118114 0.711268783 -0.024552375 -0.392495781 0.582615733
1413393962705760512.000000 1.114582539 1.554134607 1.524930120 0.703874111 -0.017026020 -0.390731335 0.592959106
1413393962755760384.000000 1.138710499 1.540529370 1.501331806 0.697063208 -0.005848319 -0.384822160 0.604963362
1413393962805760512.000000 1.159537077 1.521237016 1.475961924 -0.689658761 -0.008801155 0.377244174 -0.618045449
1413393962855760384.000000 1.178341866 1.499969721 1.448554277 0.680657446 0.023948330 -0.369120091 0.632362485
1413393962905760512.000000 1.193085194 1.476813793 1.420244694 0.671161056 0.039899290 -0.359684408 0.646976054
1413393962955760384.000000 1.204706311 1.452162981 1.389542460 0.660112798 0.053459223 -0.349977195 0.662502229
1413393963005760512.000000 1.211255789 1.427733302 1.358859181 0.647887886 0.063697807 -0.340134323 0.678596079
1413393963055760384.000000 1.214005828 1.402773619 1.325522304 0.635194659 0.071808301 -0.329494894 0.694841325
1413393963105760512.000000 1.213402867 1.376389742 1.288934350 0.621789277 0.080317505 -0.318543613 0.710955143
1413393963155760384.000000 1.208546638 1.351371408 1.251969934 0.608981133 0.085399374 -0.306005895 0.726780176
1413393963205760512.000000 1.198836088 1.326772809 1.213311315 0.597475111 0.086091943 -0.290780902 0.742332935
1413393963255760384.000000 1.186426878 1.302148700 1.170513272 0.586450398 0.085758604 -0.273750037 0.757484257
1413393963305760512.000000 1.170236111 1.279157996 1.128122091 0.574765563 0.084277347 -0.258895278 0.771696329
1413393963355760384.000000 1.150866628 1.256513715 1.085054636 0.561821103 0.083204247 -0.245878160 0.785479486
1413393963405760512.000000 1.128143430 1.234873414 1.041484237 0.547821164 0.081405528 -0.235695124 0.798569381
1413393963455760384.000000 1.102891803 1.214272738 0.997488141 0.532739937 0.080004111 -0.227746025 0.811122239
1413393963505760512.000000 1.075005531 1.194436312 0.952958882 0.518638432 0.078227282 -0.218914911 0.822782516
1413393963555760384.000000 1.044677734 1.175169110 0.908294261 0.504924357 0.076642796 -0.210960522 0.833470404
1413393963605760512.000000 1.012386084 1.156572104 0.863411546 0.491746545 0.076759137 -0.202758133 0.843316436
1413393963655760384.000000 0.977636695 1.138993502 0.818220615 0.478789777 0.077914424 -0.195894092 0.852241278
1413393963705760512.000000 0.937495112 1.124735713 0.769588590 0.465838522 0.078553371 -0.189131856 0.860844374
1413393963755760384.000000 0.897944629 1.108626842 0.722854078 0.452598363 0.080503963 -0.184309766 0.868736923
1413393963805760512.000000 0.856584847 1.093635559 0.675272107 0.438950837 0.082519069 -0.180719465 0.876272380
1413393963855760384.000000 0.812078118 1.080042124 0.627566695 0.425045073 0.082782842 -0.178253949 0.883577526
1413393963905760512.000000 0.765120685 1.067788601 0.579269230 0.410766184 0.082047373 -0.176467076 0.890729368
1413393963955760384.000000 0.715267956 1.056637287 0.530963361 0.395814300 0.080126166 -0.175612748 0.897814631
1413393964005760512.000000 0.662768483 1.045867801 0.482164145 0.381292760 0.077431209 -0.174341321 0.904558182
1413393964055760384.000000 0.608991027 1.035050988 0.432685703 0.367003351 0.075623989 -0.171719328 0.911099374
1413393964105760512.000000 0.553044021 1.024361730 0.382365614 0.353271484 0.074405119 -0.167211518 0.917443991
1413393964155760384.000000 0.494174898 1.013144016 0.332250923 0.340874374 0.071978346 -0.159501985 0.923679054
1413393964205760512.000000 0.434239209 1.001049757 0.281300485 0.329381526 0.069860943 -0.149595559 0.929649651
1413393964255760384.000000 0.381703854 0.977805972 0.223220184 0.318377525 0.067504771 -0.139539436 0.935204625
1413393964305760512.000000 0.320657581 0.966931343 0.170823634 0.307393909 0.062678732 -0.128285587 0.940809846
1413393964355760384.000000 0.253073275 0.968101084 0.123591259 0.295721233 0.057958309 -0.118341647 0.946142197
1413393964405760512.000000 0.202486262 0.947139204 0.063717186 0.284827590 0.055175122 -0.109717928 0.950679183
1413393964455760384.000000 0.144394815 0.938659489 0.008727357 0.273821414 0.052304037 -0.101056226 0.955025613
1413393964505760512.000000 0.087765269 0.930108130 -0.045566663 0.263011545 0.049386881 -0.092964247 0.959032595
1413393964555760384.000000 0.031826608 0.922051847 -0.100267105 0.252864331 0.047987968 -0.083387710 0.962706268
1413393964605760512.000000 -0.034493946 0.917953432 -0.147581175 0.243347242 0.045934662 -0.073340535 0.966071129
1413393964655760384.000000 -0.089606963 0.913587451 -0.198712751 0.234148547 0.044917785 -0.063149162 0.969107389
1413393964705760512.000000 -0.141545296 0.911939979 -0.249828249 0.224186942 0.045958616 -0.054391079 0.971941113
1413393964755760384.000000 -0.192085579 0.910841405 -0.299473047 0.214693695 0.044144034 -0.045018058 0.974644184
1413393964805760512.000000 -0.241976365 0.912405133 -0.347462326 0.205092922 0.040105179 -0.035916977 0.977260709
1413393964855760384.000000 -0.289212734 0.917668819 -0.395789653 0.195078567 0.034494743 -0.029040763 0.979750574
1413393964905760512.000000 -0.334202498 0.924855828 -0.441958249 0.184304148 0.026003769 -0.021743145 0.982284606
1413393964955760384.000000 -0.378406495 0.935125053 -0.486867577 0.174429402 0.013496333 -0.013618169 0.984483004
1413393965005760512.000000 -0.420655847 0.948023796 -0.530664265 -0.165902585 0.000683763 0.001813159 -0.986140251
1413393965055760384.000000 -0.459367633 0.962930024 -0.571790874 -0.157656401 0.014492626 -0.011592218 -0.987319648
1413393965105760512.000000 -0.495374113 0.980794013 -0.609506965 -0.149932832 0.028887104 -0.026380215 -0.987921953
1413393965155760384.000000 -0.527836263 1.003225565 -0.643404841 -0.141493544 0.040996347 -0.040108640 -0.988276362
1413393965205760512.000000 -0.555345654 1.029438019 -0.670865119 -0.131501958 0.051739033 -0.049304575 -0.988736331
1413393965255760384.000000 -0.577993989 1.060210466 -0.693023622 -0.119562656 0.063573480 -0.051464368 -0.989451706
1413393965305760512.000000 -0.595897317 1.095197797 -0.711942196 -0.107511133 0.073007338 -0.047674630 -0.990372896
1413393965355760384.000000 -0.609237313 1.132684231 -0.721991003 -0.094573863 0.080420755 -0.035904363 -0.991614461
1413393965405760512.000000 -0.616018832 1.174337864 -0.729079425 -0.081032239 0.082590945 -0.015901644 -0.993156433
1413393965455760384.000000 -0.616855741 1.217383623 -0.731617749 -0.068022437 0.080546036 0.008673912 -0.994389296
1413393965505760512.000000 -0.612022519 1.260678291 -0.727950990 -0.055161677 0.072409213 0.039332759 -0.995071352
1413393965555760384.000000 -0.603611946 1.301435947 -0.719659626 -0.043343827 0.063140243 0.070722975 -0.994551599
1413393965605760512.000000 -0.592201412 1.337994695 -0.707689166 -0.034758206 0.052911386 0.095064357 -0.993456125
1413393965655760384.000000 -0.576826274 1.370370150 -0.692072213 -0.028751746 0.043074504 0.113692120 -0.992165327
1413393965705760512.000000 -0.558747828 1.396065235 -0.674069881 -0.027016830 0.031778999 0.120434113 -0.991844654
1413393965755760384.000000 -0.538366437 1.415729880 -0.652627707 -0.029926842 0.020282891 0.113804735 -0.992845178
1413393965805760512.000000 -0.515946686 1.430747628 -0.629532337 -0.034608837 0.003939691 0.104080841 -0.993958771
1413393965855760384.000000 -0.491947383 1.441374302 -0.604028523 -0.039819650 -0.014454857 0.093503132 -0.994717419
1413393965905760512.000000 -0.471308738 1.449355125 -0.576573789 -0.042445850 -0.027276564 0.088465303 -0.994800627
1413393965955760384.000000 -0.451764375 1.454334378 -0.546348155 -0.041467607 -0.036961988 0.091879778 -0.994219482
1413393966005760512.000000 -0.434853315 1.456637502 -0.515479684 -0.039280042 -0.043769974 0.098103687 -0.993436933
1413393966055760384.000000 -0.417981267 1.454731703 -0.483841956 -0.037387863 -0.047497697 0.103237309 -0.992818296
1413393966105760512.000000 -0.400097072 1.448891163 -0.453129768 -0.038807247 -0.048868500 0.100558773 -0.992972195
1413393966155760384.000000 -0.380995959 1.439058185 -0.423237801 -0.040738203 -0.047423732 0.095037408 -0.993508637
1413393966205760512.000000 -0.358609438 1.425233364 -0.394751102 -0.041982763 -0.046863325 0.091242723 -0.993839085
1413393966255760384.000000 -0.333065718 1.407366991 -0.369027972 -0.043020550 -0.045599453 0.088952795 -0.994061053
1413393966305760512.000000 -0.304399341 1.386305451 -0.343577206 -0.040944599 -0.045224827 0.094140075 -0.993688107
1413393966355760384.000000 -0.272363096 1.362054229 -0.318745583 -0.038174130 -0.048528805 0.102533765 -0.992811441
1413393966405760512.000000 -0.236404747 1.333074570 -0.298277915 -0.035737175 -0.057428196 0.111699112 -0.991437435
1413393966455760384.000000 -0.199557289 1.299924731 -0.278371453 -0.035841316 -0.068048693 0.114581905 -0.990432143
1413393966505760512.000000 -0.161859602 1.262313366 -0.261819661 -0.038606200 -0.080664553 0.111569509 -0.989724755
1413393966555760384.000000 -0.126623064 1.222014904 -0.244971216 -0.043394852 -0.093523107 0.104892008 -0.989124894
1413393966605760512.000000 -0.094728529 1.178780198 -0.229680344 -0.047788586 -0.104625836 0.098303676 -0.988486767
1413393966655760384.000000 -0.067426398 1.133438587 -0.215577021 -0.051319927 -0.113243937 0.092343152 -0.987934649
1413393966705760512.000000 -0.043813683 1.085854411 -0.201909751 -0.054182176 -0.120569550 0.087089382 -0.987391949
1413393966755760384.000000 -0.024274148 1.035165906 -0.189928979 -0.056220703 -0.125906900 0.082632594 -0.986994743
1413393966805760512.000000 -0.008890606 0.983882725 -0.181958213 -0.057507936 -0.129496679 0.079917341 -0.986679614
1413393966855760384.000000 0.003646795 0.930109262 -0.175259188 -0.058731247 -0.128127575 0.075811610 -0.987110257
1413393966905760512.000000 0.010317734 0.874876559 -0.172076032 -0.060317907 -0.119672120 0.069386989 -0.988547385
1413393966955760384.000000 0.014803845 0.819839656 -0.170523077 -0.062691875 -0.108973064 0.058536287 -0.990337372
1413393967005760512.000000 0.014423380 0.765188396 -0.167310268 -0.064221136 -0.095536798 0.044533119 -0.992353380
1413393967055760384.000000 0.011660573 0.709256113 -0.163834736 -0.064610302 -0.084372923 0.031696621 -0.993832052
1413393967105760512.000000 0.006636738 0.653743684 -0.162023142 -0.064008668 -0.075451292 0.021079689 -0.994869709
1413393967155760384.000000 -0.000541709 0.598861098 -0.160120651 -0.061639380 -0.069566429 0.013494413 -0.995579720
1413393967205760512.000000 -0.008993576 0.544522822 -0.157457799 -0.058693558 -0.065394111 0.006773233 -0.996108890
1413393967255760384.000000 -0.017917136 0.491867065 -0.155224413 -0.053389147 -0.065814205 0.002401141 -0.996399701
1413393967305760512.000000 -0.028559709 0.442069709 -0.154323757 -0.046465944 -0.067071915 -0.001437150 -0.996664524
1413393967355760384.000000 -0.040764786 0.393172204 -0.150293052 -0.036824483 -0.070257738 -0.003494882 -0.996842861
1413393967405760512.000000 -0.054923113 0.346849114 -0.146736011 -0.025598535 -0.074629858 -0.006585714 -0.996860921
1413393967455760384.000000 -0.071779363 0.302191347 -0.143622160 -0.013472795 -0.079390928 -0.012044799 -0.996679783
1413393967505760512.000000 -0.090149768 0.259759039 -0.140356839 -0.001776270 -0.082536280 -0.020208050 -0.996381581
1413393967555760384.000000 -0.108799383 0.219264731 -0.139503717 0.012083444 -0.083939709 -0.026155943 -0.996054292
1413393967605760512.000000 -0.127540365 0.180454597 -0.140379921 0.025562858 -0.083605841 -0.034270823 -0.995581269
1413393967655760384.000000 -0.145837367 0.143370330 -0.143388733 0.039701998 -0.082646303 -0.041832391 -0.994908750
1413393967705760512.000000 -0.162718445 0.108089313 -0.147855625 0.055730328 -0.081860863 -0.046785045 -0.993984044
1413393967755760384.000000 -0.179328263 0.074208573 -0.155343473 0.071547605 -0.080202930 -0.052035742 -0.992844760
1413393967805760512.000000 -0.194702268 0.041491445 -0.165224493 0.087202199 -0.078396663 -0.056946158 -0.991467059
1413393967855760384.000000 -0.207908034 0.009295884 -0.177979156 0.101899743 -0.074318469 -0.061762337 -0.990090251
1413393967905760512.000000 -0.219186172 -0.022326110 -0.193306655 0.114519648 -0.063179560 -0.068029031 -0.989073157
1413393967955760384.000000 -0.227094859 -0.051760983 -0.209553272 0.124866255 -0.049046844 -0.073795296 -0.988209128
1413393968005760512.000000 -0.231092975 -0.079948373 -0.226681083 0.133107707 -0.034203906 -0.079623446 -0.987305760
1413393968055760384.000000 -0.229013741 -0.106248997 -0.245183736 0.141779557 -0.025532724 -0.080523670 -0.986287296
1413393968105760512.000000 -0.221875936 -0.130938157 -0.264243215 0.148574218 -0.021050736 -0.081373394 -0.985322833
1413393968155760384.000000 -0.210464731 -0.154852331 -0.283941358 0.153451741 -0.020120105 -0.083029896 -0.984456122
1413393968205760512.000000 -0.197078988 -0.177201033 -0.302545965 0.156262636 -0.020676065 -0.087709747 -0.983596265
1413393968255760384.000000 -0.183110416 -0.199749649 -0.321064740 0.157090664 -0.020038797 -0.093373217 -0.982955992
1413393968305760512.000000 -0.170116931 -0.219599873 -0.336558223 0.157851294 -0.017755754 -0.095744580 -0.982649863
1413393968355760384.000000 -0.157932937 -0.237788394 -0.348668993 0.161170483 -0.013537590 -0.090017304 -0.982719600
1413393968405760512.000000 -0.146676555 -0.255092740 -0.359649599 0.165349409 -0.008733978 -0.079638846 -0.982975543
1413393968455760384.000000 -0.136766076 -0.270758897 -0.366660953 0.169027805 -0.005823882 -0.069411092 -0.983146966
1413393968505760512.000000 -0.127433851 -0.286374807 -0.371507972 0.171913534 -0.008541455 -0.059581440 -0.983271480
1413393968555760384.000000 -0.119620159 -0.301463693 -0.372510612 0.174053133 -0.012433745 -0.051827196 -0.983292937
1413393968605760512.000000 -0.113735676 -0.316064239 -0.369140983 0.176112741 -0.013756441 -0.046239302 -0.983187199
1413393968655760384.000000 -0.110043049 -0.331941932 -0.364403695 0.178266600 -0.013553947 -0.043976471 -0.982905626
1413393968705760512.000000 -0.107360505 -0.347685337 -0.356233269 0.180615276 -0.012182847 -0.045565270 -0.982422292
1413393968755760384.000000 -0.106236711 -0.364526480 -0.345344216 0.183500633 -0.011427159 -0.047980696 -0.981781483
1413393968805760512.000000 -0.106220581 -0.379640073 -0.330230087 0.187899470 -0.015397257 -0.050574679 -0.980764449
1413393968855760384.000000 -0.106751680 -0.395837992 -0.314385235 0.193992019 -0.023686027 -0.053191092 -0.979273677
1413393968905760512.000000 -0.108814612 -0.412456453 -0.296415448 0.201343924 -0.035182305 -0.057545815 -0.977195680
1413393968955760384.000000 -0.113594197 -0.427916437 -0.275446236 0.208331034 -0.047138210 -0.066592544 -0.974649489
1413393969005760512.000000 -0.119940840 -0.444945455 -0.253840744 0.216003507 -0.057549667 -0.077877544 -0.971578956
1413393969055760384.000000 -0.128573865 -0.461801291 -0.232459873 0.225507855 -0.067046583 -0.087716237 -0.967965364
1413393969105760512.000000 -0.138203904 -0.478033543 -0.210094750 0.236749575 -0.074999042 -0.095545843 -0.963948071
1413393969155760384.000000 -0.148206443 -0.493953586 -0.188776761 0.250710964 -0.080188401 -0.099114574 -0.959630251
1413393969205760512.000000 -0.158244997 -0.509481430 -0.169311434 0.265622228 -0.081919864 -0.102214724 -0.955136716
1413393969255760384.000000 -0.167470470 -0.524768889 -0.152183473 0.280861974 -0.083238326 -0.105527751 -0.950290442
1413393969305760512.000000 -0.176990822 -0.540853500 -0.135293365 0.295395792 -0.080943748 -0.111509703 -0.945386231
1413393969355760384.000000 -0.185704663 -0.557117760 -0.119858183 0.308677822 -0.079422213 -0.119203918 -0.940319359
1413393969405760512.000000 -0.194267765 -0.573734999 -0.105110221 0.320155740 -0.078911260 -0.130057573 -0.935071349
1413393969455760384.000000 -0.202709988 -0.588670492 -0.091056123 0.329376161 -0.081168480 -0.144018933 -0.929613709
1413393969505760512.000000 -0.211686671 -0.605729342 -0.079880714 0.336246580 -0.085893311 -0.161422983 -0.923852384
1413393969555760384.000000 -0.220208466 -0.623019397 -0.070777088 0.344560355 -0.089464039 -0.175553307 -0.917853713
1413393969605760512.000000 -0.228890985 -0.638438582 -0.062543795 0.352216184 -0.088487208 -0.189437091 -0.912264943
1413393969655760384.000000 -0.237853155 -0.652384460 -0.057677388 0.361421585 -0.086931854 -0.200513065 -0.906428039
1413393969705760512.000000 -0.245466918 -0.662470877 -0.056542486 0.370345414 -0.084011629 -0.209383234 -0.901079953
1413393969755760384.000000 -0.250829041 -0.670772851 -0.057429418 0.377514660 -0.080722727 -0.217626527 -0.896440387
1413393969805760512.000000 -0.251877248 -0.677325547 -0.065135568 0.383350343 -0.078174062 -0.224861994 -0.892394722
1413393969855760384.000000 -0.251242995 -0.682774961 -0.077990144 0.388503045 -0.077090047 -0.229950726 -0.888957381
1413393969905760512.000000 -0.247601211 -0.683553934 -0.092434675 0.393778741 -0.076540373 -0.231580228 -0.886256516
1413393969955760384.000000 -0.240650892 -0.683732092 -0.112613410 0.400594682 -0.075328976 -0.227527604 -0.884353220
1413393970005760512.000000 -0.231514379 -0.683217227 -0.136447310 0.407830864 -0.068810306 -0.219717890 -0.883551478
1413393970055760384.000000 -0.220511749 -0.680045128 -0.163833112 0.416664839 -0.059800845 -0.204927102 -0.883639693
1413393970105760512.000000 -0.208972648 -0.675496459 -0.191753983 0.424571335 -0.048128497 -0.190477535 -0.883821964
1413393970155760384.000000 -0.198171124 -0.672504902 -0.219826311 0.430408478 -0.037681825 -0.179429233 -0.883817792
1413393970205760512.000000 -0.188282490 -0.668737769 -0.246325046 0.433725506 -0.029255632 -0.172614351 -0.883872569
1413393970255760384.000000 -0.180293754 -0.662892580 -0.270142317 0.435519636 -0.024266778 -0.168479249 -0.883939207
1413393970305760512.000000 -0.174861163 -0.656560898 -0.289529443 0.436287403 -0.021521555 -0.165961996 -0.884107888
1413393970355760384.000000 -0.171048671 -0.649392843 -0.305476189 0.436132401 -0.019497301 -0.165144429 -0.884384453
1413393970405760512.000000 -0.167483449 -0.642880440 -0.320189565 0.435901195 -0.018092940 -0.163889498 -0.884761631
1413393970455760384.000000 -0.161874920 -0.634967566 -0.332686812 0.435806483 -0.018376956 -0.161773369 -0.885191798
1413393970505760512.000000 -0.154741645 -0.625410557 -0.344656527 0.436556250 -0.023322769 -0.157845274 -0.885414958
1413393970555760384.000000 -0.145767435 -0.613697112 -0.354726821 0.436979085 -0.030401297 -0.154243693 -0.885626376
1413393970605760512.000000 -0.136773735 -0.603884101 -0.363444984 0.437892288 -0.035626978 -0.149043426 -0.885870814
1413393970655760384.000000 -0.127962768 -0.591381669 -0.369733542 0.440160871 -0.040910002 -0.141430810 -0.885766387
1413393970705760512.000000 -0.121506028 -0.579289258 -0.372935414 0.443314970 -0.043987431 -0.132173538 -0.885475636
1413393970755760384.000000 -0.117955945 -0.569163442 -0.373452008 0.448200136 -0.042299427 -0.120052129 -0.884824812
1413393970805760512.000000 -0.116420344 -0.560370207 -0.371730208 0.453533143 -0.036150187 -0.106635496 -0.884098291
1413393970855760384.000000 -0.117004119 -0.554765284 -0.366992205 0.458619177 -0.028633082 -0.095266320 -0.883047521
1413393970905760512.000000 -0.118725240 -0.551214159 -0.357469916 0.462580293 -0.022612862 -0.086077690 -0.882099092
1413393970955760384.000000 -0.117740721 -0.552172840 -0.344420940 0.464796960 -0.020314340 -0.080845796 -0.881484628
1413393971005760512.000000 -0.114876114 -0.555512249 -0.328366816 0.464816034 -0.022387212 -0.080304973 -0.881473780
1413393971055760384.000000 -0.109930828 -0.563382983 -0.309581667 0.461796284 -0.030800527 -0.085855827 -0.882283628
1413393971105760512.000000 -0.101902440 -0.573245347 -0.287313461 0.457477123 -0.042947859 -0.093396224 -0.883259475
1413393971155760384.000000 -0.090017103 -0.586989760 -0.265966356 0.454336733 -0.059316095 -0.095391929 -0.883719563
1413393971205760512.000000 -0.074303523 -0.604212344 -0.244703352 0.451004833 -0.078561425 -0.096330434 -0.883823097
1413393971255760384.000000 -0.054967254 -0.625393629 -0.224499166 0.448645771 -0.096394740 -0.094451778 -0.883461297
1413393971305760512.000000 -0.033508703 -0.650764704 -0.204545230 0.447139055 -0.113945827 -0.089921065 -0.882608235
1413393971355760384.000000 -0.013210118 -0.683262646 -0.186077744 0.446298063 -0.128608152 -0.084782176 -0.881527126
1413393971405760512.000000 0.001089454 -0.720022500 -0.168280363 0.445393741 -0.138879538 -0.081579044 -0.880728066
1413393971455760384.000000 0.011365429 -0.759542465 -0.149637043 0.442427784 -0.141335398 -0.085330829 -0.881476402
1413393971505760512.000000 0.016186021 -0.801972806 -0.129096329 0.437655658 -0.135871410 -0.095916167 -0.883626997
1413393971555760384.000000 0.016524233 -0.849521756 -0.110142261 0.431048483 -0.126252905 -0.112865806 -0.886295021
1413393971605760512.000000 0.013570711 -0.900720000 -0.090637982 0.421465427 -0.119738959 -0.137116998 -0.888385296
1413393971655760384.000000 0.010951892 -0.953774452 -0.076592445 0.410599619 -0.116562769 -0.163570926 -0.889418781
1413393971705760512.000000 0.010077611 -1.008782506 -0.064993113 0.400725186 -0.119186789 -0.189021438 -0.888529599
1413393971755760384.000000 0.008531928 -1.062278509 -0.056842327 0.391119659 -0.124640509 -0.214557230 -0.886259258
1413393971805760512.000000 0.005773276 -1.112804055 -0.054468960 0.383723527 -0.128974795 -0.235805094 -0.883469164
1413393971855760384.000000 0.003111750 -1.160619497 -0.058541745 0.379148602 -0.131009832 -0.251485795 -0.880816460
1413393971905760512.000000 0.001121789 -1.206414223 -0.067572385 0.379498333 -0.128985912 -0.256987602 -0.879375398
1413393971955760384.000000 -0.001649022 -1.246875763 -0.082300067 0.384059578 -0.121962652 -0.254340976 -0.879166722
1413393972005760512.000000 -0.006764323 -1.285001278 -0.103546679 0.390312970 -0.114105403 -0.248331219 -0.879185617
1413393972055760384.000000 -0.011531591 -1.320868373 -0.126532972 0.397382438 -0.104781680 -0.239589661 -0.879604936
1413393972105760512.000000 -0.016754627 -1.356325030 -0.151262641 0.401979327 -0.096828319 -0.236132994 -0.879362404
1413393972155760384.000000 -0.027275026 -1.389567137 -0.177507341 0.403164923 -0.087160647 -0.239122018 -0.879023194
1413393972205760512.000000 -0.043731034 -1.420937896 -0.204552114 0.403035492 -0.076164290 -0.243458390 -0.878913820
1413393972255760384.000000 -0.065536946 -1.449460864 -0.230520934 0.404003382 -0.065087415 -0.244270161 -0.879134297
1413393972305760512.000000 -0.088603646 -1.473492861 -0.257339776 0.410623133 -0.056159936 -0.232432559 -0.879891992
1413393972355760384.000000 -0.110303849 -1.495790958 -0.285955489 0.418980509 -0.051220488 -0.214309022 -0.880853832
1413393972405760512.000000 -0.132022142 -1.517044425 -0.314556599 0.425940663 -0.046296366 -0.198007613 -0.881603241
1413393972455760384.000000 -0.150229782 -1.536862969 -0.343122125 0.431995720 -0.042382769 -0.182526022 -0.882194817
1413393972505760512.000000 -0.169588655 -1.557320952 -0.370089889 0.435546160 -0.033579439 -0.172055751 -0.882931948
1413393972555760384.000000 -0.187944263 -1.575931549 -0.396315694 0.437087178 -0.021025477 -0.167744279 -0.883388162
1413393972605760512.000000 -0.205349386 -1.597231865 -0.420613587 0.437942654 -0.011451616 -0.165587068 -0.883547425
1413393972655760384.000000 -0.221955657 -1.616021872 -0.443584681 0.438650727 -0.006635707 -0.164848074 -0.883383691
1413393972705760512.000000 -0.235062569 -1.634864807 -0.461293817 0.439773917 -0.004473274 -0.163624063 -0.883066297
1413393972755760384.000000 -0.247738510 -1.655776024 -0.479767799 0.440909684 -0.003717011 -0.162895054 -0.882638156
1413393972805760512.000000 -0.259359032 -1.670752645 -0.494010985 0.442684531 -0.005690631 -0.161134720 -0.882062197
1413393972855760384.000000 -0.268778443 -1.687110662 -0.506305873 0.444794744 -0.007930330 -0.159786209 -0.881228209
1413393972905760512.000000 -0.277113944 -1.703206301 -0.516039193 0.447061896 -0.008870937 -0.157526001 -0.880478621
1413393972955760384.000000 -0.285859227 -1.719366789 -0.523573697 0.450218230 -0.009918951 -0.154711783 -0.879357457
1413393973005760512.000000 -0.292918146 -1.733761311 -0.526778936 0.453319520 -0.010046774 -0.150774285 -0.878446221
1413393973055760384.000000 -0.299136937 -1.745616555 -0.527833045 0.455728322 -0.013988329 -0.146417782 -0.877882659
1413393973105760512.000000 -0.304254562 -1.759999275 -0.526327848 0.457787752 -0.020070460 -0.142571643 -0.877326012
1413393973155760384.000000 -0.307686955 -1.778554201 -0.523735762 0.459280759 -0.028226780 -0.138409108 -0.876987696
1413393973205760512.000000 -0.310383826 -1.797707677 -0.519034863 0.460338771 -0.037830409 -0.133574665 -0.876820922
1413393973255760384.000000 -0.312078059 -1.817874789 -0.511626244 0.461614966 -0.049694948 -0.127707437 -0.876431942
1413393973305760512.000000 -0.313990057 -1.837966084 -0.501540720 0.462502718 -0.063548699 -0.121574454 -0.875940919
1413393973355760384.000000 -0.314678371 -1.858873844 -0.491330206 0.462948114 -0.076254979 -0.116147362 -0.875427961
1413393973405760512.000000 -0.315992564 -1.886067152 -0.479712903 0.462845325 -0.089284860 -0.110903546 -0.874930203
1413393973455760384.000000 -0.316422760 -1.917823553 -0.469566047 0.462523520 -0.100110069 -0.105354838 -0.874614418
1413393973505760512.000000 -0.318061352 -1.949437857 -0.458661616 0.462904394 -0.110726863 -0.098981515 -0.873877466
1413393973555760384.000000 -0.321245134 -1.985697269 -0.447456062 0.462361604 -0.118207760 -0.095865525 -0.873532236
1413393973605760512.000000 -0.323779136 -2.028240204 -0.438970685 0.460536480 -0.123749353 -0.095866919 -0.873728633
1413393973655760384.000000 -0.327644706 -2.068041563 -0.429486454 0.455844283 -0.129212826 -0.102972709 -0.874589443
1413393973705760512.000000 -0.332758456 -2.118450880 -0.422007620 0.447776347 -0.130847126 -0.119110391 -0.876463413
1413393973755760384.000000 -0.341223747 -2.171993732 -0.414458692 0.437118053 -0.129316866 -0.141276211 -0.878775299
1413393973805760512.000000 -0.349851549 -2.223156214 -0.410659671 0.425237834 -0.126247853 -0.166183740 -0.880691350
1413393973855760384.000000 -0.360042870 -2.271681309 -0.409076214 0.410936117 -0.122879773 -0.196504772 -0.881713033
1413393973905760512.000000 -0.372153223 -2.320091724 -0.408647299 0.395776153 -0.119793706 -0.227117226 -0.881719053
1413393973955760384.000000 -0.382718444 -2.370477438 -0.416072249 0.382237136 -0.110944733 -0.254901439 -0.881255567
1413393974005760512.000000 -0.397866011 -2.413305044 -0.429705322 0.370946378 -0.090350807 -0.276905805 -0.881792903
1413393974055760384.000000 -0.410766304 -2.454107046 -0.448636711 0.362350941 -0.063764289 -0.295129210 -0.881779253
1413393974105760512.000000 -0.427073598 -2.487254143 -0.470577061 0.355052143 -0.032950975 -0.309546947 -0.881494761
1413393974155760384.000000 -0.440235853 -2.513249159 -0.495995641 0.350395411 -0.001193278 -0.319012016 -0.880598128
1413393974205760512.000000 -0.456187785 -2.529170990 -0.527179778 0.350607008 0.031577237 -0.316488147 -0.880859196
1413393974255760384.000000 -0.468135238 -2.535331964 -0.555982292 0.355611533 0.063006639 -0.302417099 -0.882107973
1413393974305760512.000000 -0.476971686 -2.527746201 -0.582761168 0.362825751 0.089411050 -0.283761740 -0.883086920
1413393974355760384.000000 -0.481074452 -2.511403084 -0.608801246 0.369261563 0.110973954 -0.265753001 -0.883575737
1413393974405760512.000000 -0.480992913 -2.482120752 -0.630698740 0.375709355 0.128102332 -0.247468412 -0.883850515
1413393974455760384.000000 -0.474671364 -2.442564964 -0.645223320 0.382890433 0.139895499 -0.225661084 -0.884817123
1413393974505760512.000000 -0.463254154 -2.397037268 -0.655648589 0.390067011 0.145900026 -0.201323390 -0.886583269
1413393974555760384.000000 -0.445274711 -2.344410419 -0.658874333 0.397365242 0.145159483 -0.175823554 -0.888884604
1413393974605760512.000000 -0.422602594 -2.284905195 -0.652718127 0.403934091 0.136442885 -0.152783543 -0.891559184
1413393974655760384.000000 -0.377397835 -2.232734919 -0.642720520 0.410085380 0.120508738 -0.130984873 -0.894511402
1413393974705760512.000000 -0.336326838 -2.175300598 -0.621303141 0.415748090 0.098454721 -0.110439599 -0.897364616
1413393974755760384.000000 -0.284574449 -2.118308306 -0.589105606 0.420063049 0.074932218 -0.094367661 -0.899459243
1413393974805760512.000000 -0.237869188 -2.064487219 -0.555475712 0.423434675 0.052132010 -0.081092119 -0.900782704
1413393974855760384.000000 -0.192346543 -2.012787342 -0.513499141 0.424225330 0.027096834 -0.077271916 -0.901846886
1413393974905760512.000000 -0.146925524 -1.962337613 -0.466853142 0.422756642 0.002782582 -0.080953993 -0.902615964
1413393974955760384.000000 -0.103091598 -1.915288687 -0.416354179 0.421471596 -0.019477149 -0.085524634 -0.902589560
1413393975005760512.000000 -0.069891676 -1.871950388 -0.364284754 0.419446468 -0.040332347 -0.091471165 -0.902258873
1413393975055760384.000000 -0.035618916 -1.829159498 -0.304385900 0.417151302 -0.056794237 -0.099520646 -0.901584685
1413393975105760512.000000 -0.005946919 -1.795545578 -0.244632542 0.415085077 -0.069967933 -0.107237861 -0.900726914
1413393975155760384.000000 0.022469983 -1.766960621 -0.184560895 0.411946237 -0.079776399 -0.117068328 -0.900128365
1413393975205760512.000000 0.044762895 -1.748735309 -0.128927857 0.409632862 -0.084068954 -0.124978445 -0.899729848
1413393975255760384.000000 0.069352493 -1.723554730 -0.070923120 0.407457083 -0.085640088 -0.132459283 -0.899499357
1413393975305760512.000000 0.093874410 -1.705517411 -0.014909685 0.405764520 -0.085315809 -0.137583941 -0.899526060
1413393975355760384.000000 0.116281323 -1.687379360 0.036823153 0.406939268 -0.086245142 -0.135034978 -0.899292946
1413393975405760512.000000 0.140925005 -1.674664974 0.088161737 0.408947200 -0.088070080 -0.130348533 -0.898896635
1413393975455760384.000000 0.166561261 -1.662678242 0.137803227 0.411614180 -0.089397550 -0.122393407 -0.898666680
1413393975505760512.000000 0.193330899 -1.652452707 0.187330723 0.413675010 -0.092067875 -0.115774013 -0.898327887
1413393975555760384.000000 0.218954042 -1.642031550 0.236438856 0.415628344 -0.094164453 -0.109703317 -0.897970736
1413393975605760512.000000 0.243183762 -1.636655211 0.282558799 0.416532815 -0.096519120 -0.105948575 -0.897752464
1413393975655760384.000000 0.265551984 -1.633690119 0.330890894 0.416301727 -0.098901637 -0.105438717 -0.897660375
1413393975705760512.000000 0.289951861 -1.635361433 0.377390414 0.413700938 -0.101575240 -0.112186506 -0.897746265
1413393975755760384.000000 0.312107176 -1.639362097 0.420538455 0.410559267 -0.104188509 -0.121665366 -0.897654414
1413393975805760512.000000 0.333915234 -1.645312786 0.465433031 0.408110827 -0.106331393 -0.131234452 -0.897171557
1413393975855760384.000000 0.356786132 -1.650960207 0.506045699 0.405932188 -0.111215025 -0.140803322 -0.896116495
1413393975905760512.000000 0.380915701 -1.656764269 0.548210621 0.404207945 -0.115788490 -0.150931209 -0.894666910
1413393975955760384.000000 0.401534796 -1.663347960 0.586050630 0.404430032 -0.115003578 -0.156580552 -0.893696368
1413393976005760512.000000 0.421519011 -1.672055364 0.619456530 0.405944645 -0.110104762 -0.160751253 -0.892885804
1413393976055760384.000000 0.437425554 -1.675755262 0.648959279 0.408748358 -0.102163091 -0.161957145 -0.892332613
1413393976105760512.000000 0.453127325 -1.684317946 0.678454101 0.411675245 -0.094475500 -0.162887812 -0.891664505
1413393976155760384.000000 0.463238716 -1.689967632 0.709561110 0.413970292 -0.089868009 -0.164206937 -0.890835822
1413393976205760512.000000 0.470742404 -1.690613270 0.741051555 0.415072680 -0.086498387 -0.167942300 -0.889959633
1413393976255760384.000000 0.474369764 -1.693234205 0.773282766 0.414987713 -0.086598814 -0.172646970 -0.889088869
1413393976305760512.000000 0.477430165 -1.688953161 0.807612658 0.414506376 -0.089436948 -0.177664340 -0.888043344
1413393976355760384.000000 0.478164405 -1.686875582 0.841264486 0.413904727 -0.095762536 -0.181397513 -0.886908948
1413393976405760512.000000 0.480230570 -1.686653852 0.869827211 0.412683696 -0.102180071 -0.183261722 -0.886378407
1413393976455760384.000000 0.481173307 -1.689898491 0.894351482 0.409208119 -0.106701441 -0.185124665 -0.887069643
1413393976505760512.000000 0.481640875 -1.690570831 0.915903270 0.403765410 -0.106227666 -0.187232614 -0.889175534
1413393976555760384.000000 0.485451877 -1.690646887 0.932090342 0.397716045 -0.103480339 -0.187065557 -0.892255783
1413393976605760512.000000 0.490357012 -1.689437866 0.948928237 0.391778290 -0.099136353 -0.186807752 -0.895424247
1413393976655760384.000000 0.490612328 -1.691676855 0.962365627 0.385949731 -0.095634051 -0.186356008 -0.898425579
1413393976705760512.000000 0.489006698 -1.693078279 0.975892246 0.379313886 -0.095803797 -0.188049585 -0.900877357
1413393976755760384.000000 0.484721988 -1.693012238 0.987779021 0.373075098 -0.095686257 -0.189541414 -0.903179526
1413393976805760512.000000 0.476176172 -1.691549659 1.001388431 0.367433190 -0.093601517 -0.192001626 -0.905188918
1413393976855760384.000000 0.464397699 -1.685961723 1.009405613 0.362900764 -0.086422779 -0.193842560 -0.907336414
1413393976905760512.000000 0.451608300 -1.678839564 1.015377879 0.359543890 -0.074042961 -0.194397658 -0.909645796
1413393976955760384.000000 0.438255191 -1.668191314 1.020885944 0.357567817 -0.062420003 -0.193931594 -0.911394298
1413393977005760512.000000 0.426029444 -1.655551910 1.025437832 0.357952744 -0.049381692 -0.189010814 -0.913075209
1413393977055760384.000000 0.414553881 -1.641397119 1.028717995 0.360674173 -0.039765991 -0.180829778 -0.914129913
1413393977105760512.000000 0.407427967 -1.626479626 1.028493881 0.364165395 -0.032962393 -0.171876341 -0.914743483
1413393977155760384.000000 0.404061973 -1.606118798 1.030548096 0.367078096 -0.031737179 -0.163462415 -0.915164709
1413393977205760512.000000 0.406257927 -1.584197044 1.032202005 0.370576739 -0.032668374 -0.155075371 -0.915181637
1413393977255760384.000000 0.412766278 -1.561687708 1.033529282 0.373150587 -0.036094137 -0.148853093 -0.915040314
1413393977305760512.000000 0.423573285 -1.537937880 1.034642935 0.375291616 -0.040357407 -0.143460110 -0.914847910
1413393977355760384.000000 0.436394602 -1.513083935 1.036166549 0.377519250 -0.043435588 -0.139693871 -0.914373159
1413393977405760512.000000 0.453784645 -1.488901377 1.035127401 0.380029291 -0.045967866 -0.136148244 -0.913744211
1413393977455760384.000000 0.473551214 -1.468882561 1.031780481 0.381670684 -0.047411598 -0.134888858 -0.913172901
1413393977505760512.000000 0.493210971 -1.444484949 1.033232093 0.384400696 -0.046714544 -0.131934777 -0.912495017
1413393977555760384.000000 0.514201820 -1.424208403 1.033905149 0.386488885 -0.045992374 -0.131125033 -0.911766052
1413393977605760512.000000 0.530707479 -1.402054310 1.034953713 0.388230532 -0.045232344 -0.131007269 -0.911080837
1413393977655760384.000000 0.547322214 -1.379515171 1.037852526 0.389795810 -0.044789750 -0.131064773 -0.910425782
1413393977705760512.000000 0.561074734 -1.361887932 1.044961572 0.391627848 -0.044395052 -0.130967021 -0.909672678
1413393977755760384.000000 0.574001670 -1.341348648 1.052439213 0.393057734 -0.044027958 -0.132235691 -0.908889949
1413393977805760512.000000 0.586275041 -1.328552008 1.062233448 0.394513756 -0.044727344 -0.133221984 -0.908080578
1413393977855760384.000000 0.591922045 -1.311597586 1.073834062 0.396100104 -0.044989731 -0.133271575 -0.907369435
1413393977905760512.000000 0.604288697 -1.296130419 1.087224841 0.397803396 -0.045670323 -0.133887038 -0.906499267
1413393977955760384.000000 0.613164663 -1.279563308 1.101603270 0.399407804 -0.045896355 -0.135373473 -0.905561149
1413393978005760512.000000 0.623466432 -1.263127923 1.115905404 0.400675923 -0.046168253 -0.137945160 -0.904598534
1413393978055760384.000000 0.636964381 -1.247447491 1.127086163 0.401832312 -0.046575237 -0.141710222 -0.903482080
1413393978105760512.000000 0.651810884 -1.233144999 1.140734315 0.402663499 -0.047404375 -0.145950615 -0.902393162
1413393978155760384.000000 0.670665503 -1.420085907 1.104442835 0.399969369 -0.050137356 -0.149371877 -0.902883649
1413393978205760512.000000 0.682429910 -1.610212684 1.074327350 0.398002833 -0.052957334 -0.153312534 -0.902931094
1413393978255760384.000000 0.696108580 -1.653428555 1.087096095 0.399875879 -0.056166608 -0.157972902 -0.901104450
1413393978305760512.000000 0.714281321 -1.701921701 1.103093863 0.402874351 -0.059514958 -0.162297636 -0.898782372
1413393978355760384.000000 0.729642630 -1.755912781 1.114107609 0.407060057 -0.065483004 -0.167534709 -0.895514548
1413393978405760512.000000 0.745125651 -1.812423944 1.121589541 0.412393004 -0.069886260 -0.172397450 -0.891811192
1413393978455760384.000000 0.763816714 -1.871485472 1.131571531 0.419156343 -0.076273657 -0.177734926 -0.887074172
1413393978505760512.000000 0.780692101 -1.934852600 1.139812350 0.426966578 -0.081533581 -0.183300167 -0.881732941
1413393978555760384.000000 0.796810448 -2.004074335 1.145184398 0.436711371 -0.086797394 -0.187425062 -0.875569105
1413393978605760512.000000 0.812923193 -2.077220440 1.150493741 0.447409958 -0.087987699 -0.193393171 -0.868724167
1413393978655760384.000000 0.828248262 -2.155427456 1.153451204 0.458645344 -0.088671960 -0.199324906 -0.861424029
1413393978705760512.000000 0.844678044 -2.235305071 1.156875372 0.470077097 -0.087026522 -0.206042022 -0.853815377
1413393978755760384.000000 0.859075785 -2.321402073 1.158515215 0.481763691 -0.084310152 -0.213850230 -0.845614374
1413393978805760512.000000 0.873933673 -2.411526680 1.159494758 0.492675722 -0.082152158 -0.221402481 -0.837557614
1413393978855760384.000000 0.889343262 -2.505416870 1.159508705 0.504143238 -0.081595749 -0.229080051 -0.828676164
1413393978905760512.000000 0.905378342 -2.602871895 1.158752441 0.516066790 -0.081865951 -0.235187322 -0.819548666
1413393978955760384.000000 0.921865821 -2.703734398 1.157512307 0.527521074 -0.083221555 -0.241611555 -0.810197294
1413393979005760512.000000 0.938359559 -2.808156729 1.155837178 0.538320959 -0.085141733 -0.249476224 -0.800451815
1413393979055760384.000000 0.954766214 -2.916002989 1.153506160 0.549471021 -0.086984307 -0.256609648 -0.790358722
1413393979105760512.000000 0.971365333 -3.027170658 1.150507212 0.560691953 -0.089527175 -0.263745964 -0.779774070
1413393979155760384.000000 0.985276699 -3.070042610 1.122697830 0.572906792 -0.090362541 -0.269956648 -0.768593431
1413393979205760512.000000 0.976193786 -3.251630783 1.145916820 0.586228490 -0.090183340 -0.274206787 -0.756976783
1413393979255760384.000000 1.042824507 -3.397114038 1.147749066 0.598932683 -0.090280578 -0.278961658 -0.745190918
1413393979305760512.000000 0.913802803 -3.938967705 1.398946762 0.612049758 -0.092736386 -0.283758342 -0.732308924
1413393979355760384.000000 0.912678778 -4.098810196 1.426150203 0.623540938 -0.095239617 -0.289489210 -0.719945967
1413393979405760512.000000 0.909623027 -4.271225452 1.459092379 0.634458363 -0.097967885 -0.296113670 -0.707235157
1413393979455760384.000000 0.904031873 -4.448986530 1.495356560 0.645244777 -0.101083808 -0.302245200 -0.694326460
1413393979505760512.000000 0.896370411 -4.632021904 1.534788847 0.655076027 -0.104819208 -0.309189439 -0.681388497
1413393979555760384.000000 0.887243390 -4.819479465 1.576759100 0.664999962 -0.108073220 -0.315909892 -0.668053985
1413393979605760512.000000 0.876946092 -5.010729790 1.621115685 0.675290406 -0.109627977 -0.321782738 -0.654538393
1413393979655760384.000000 0.866224289 -5.206611156 1.667537689 0.686411142 -0.108949542 -0.325531453 -0.641092122
1413393979705760512.000000 0.856925488 -5.407073975 1.715245724 0.698195815 -0.107481703 -0.327694982 -0.627364635
1413393979755760384.000000 0.813578606 -5.661287308 1.769504547 0.709376752 -0.104927450 -0.329524696 -0.614156604
1413393979805760512.000000 0.805401087 -5.874904633 1.820578098 0.721263647 -0.099443741 -0.329504222 -0.601096213
1413393979855760384.000000 0.799237013 -6.092817783 1.873756409 0.732334316 -0.092416540 -0.330840915 -0.587954164
1413393979905760512.000000 0.795149803 -6.314628124 1.929509640 0.742400825 -0.085960127 -0.333110631 -0.574881911
1413393979955760384.000000 0.792921782 -6.540099144 1.988442898 0.751764834 -0.079642214 -0.336231977 -0.561653614
1413393980005760512.000000 0.792603970 -6.768867016 2.050976276 0.760456979 -0.074402511 -0.340138942 -0.548156023
1413393980055760384.000000 0.793541431 -7.000747681 2.117691994 0.768468082 -0.065675549 -0.344973534 -0.534917533
1413393980105760512.000000 0.796342134 -7.235064030 2.188555717 0.775911093 -0.055033121 -0.349864244 -0.522042572
1413393980155760384.000000 0.801273584 -7.470854282 2.263936996 0.783281744 -0.042353872 -0.353338748 -0.509733021
1413393980205760512.000000 0.807969093 -7.707477093 2.344425201 0.789078534 -0.029184988 -0.358095586 -0.498267919
1413393980255760384.000000 0.816885948 -7.944287300 2.430313110 0.793769300 -0.017803468 -0.361902416 -0.488508075
1413393980305760512.000000 0.828015804 -8.180805206 2.521672249 0.797306418 -0.008935934 -0.365198106 -0.480471700
1413393980355760384.000000 0.841559887 -8.416538239 2.618696213 0.800055802 -0.002702360 -0.367394149 -0.474262655
1413393980405760512.000000 0.857506752 -8.650578499 2.720971107 0.803107798 0.001123947 -0.366581708 -0.469717503
1413393980455760384.000000 0.876053333 -8.883010864 2.828865051 0.806099057 0.001647203 -0.364376873 -0.466295153
1413393980505760512.000000 0.896896839 -9.114080429 2.942838669 0.810150445 0.000090282 -0.358406842 -0.463897526
1413393980555760384.000000 0.920157909 -9.344030380 3.062810898 0.814551830 -0.004262912 -0.350197256 -0.462438196
1413393980605760512.000000 0.945631504 -9.573173523 3.189035416 0.819300294 -0.008495488 -0.340250880 -0.461415529
1413393980655760384.000000 0.973115921 -9.801650047 3.321862221 0.822879255 -0.011517427 -0.332044333 -0.460959613
1413393980705760512.000000 1.002706528 -10.029882431 3.461764336 0.824830830 -0.014276860 -0.327016443 -0.460988700
1413393980755760384.000000 1.034649849 -10.258261681 3.608789444 0.824910343 -0.014314051 -0.326635331 -0.461115479
1413393980805760512.000000 1.068803310 -10.486862183 3.763198853 0.822809398 -0.014344954 -0.331227779 -0.461592048
1413393980855760384.000000 1.105290890 -10.716091156 3.924926758 0.819720507 -0.014870815 -0.338155150 -0.462047994
1413393980905760512.000000 1.143984318 -10.945259094 4.093445778 0.815395832 -0.015029161 -0.347970992 -0.462406754
1413393980955760384.000000 1.185685635 -11.174380302 4.267874718 0.811437070 -0.018325426 -0.356563807 -0.462705433
1413393981005760512.000000 1.229778767 -11.403415680 4.447591782 0.807781279 -0.023735251 -0.364691466 -0.462521732
1413393981055760384.000000 1.276983738 -11.632129669 4.631748199 0.805325210 -0.030378478 -0.369548261 -0.462560892
1413393981105760512.000000 1.327343941 -11.861116409 4.819868088 0.803825974 -0.038054034 -0.372293532 -0.462399453
1413393981155760384.000000 1.382187843 -12.090478897 5.011016846 0.804148316 -0.045710549 -0.371166319 -0.462051541
1413393981205760512.000000 1.441456318 -12.320707321 5.205099106 0.804881930 -0.053354118 -0.368818134 -0.461835086
1413393981255760384.000000 1.505431175 -12.551855087 5.401557922 0.804817140 -0.058116172 -0.367731899 -0.462239295
1413393981305760512.000000 1.573637962 -12.784244537 5.600581169 0.803968251 -0.059971567 -0.368045866 -0.463228643
1413393981355760384.000000 1.644274712 -13.018355370 5.803425789 0.802400470 -0.061089501 -0.370075703 -0.464182615
1413393981405760512.000000 1.716504097 -13.254270554 6.010540009 0.801061332 -0.059022997 -0.371345341 -0.465746373
1413393981455760384.000000 1.789369583 -13.492226601 6.222433090 0.800882518 -0.053656910 -0.370405048 -0.467448711
1413393981505760512.000000 1.862108231 -13.731729507 6.439401627 0.801503479 -0.047253489 -0.367548138 -0.469326943
1413393981555760384.000000 1.933736324 -13.972584724 6.662348747 0.802554548 -0.039682172 -0.363443375 -0.471423924
1413393981605760512.000000 2.004154682 -14.214490891 6.891788483 0.803232491 -0.034378354 -0.359976113 -0.473342329
1413393981655760384.000000 2.073463440 -14.456729889 7.127779961 0.803402245 -0.029846793 -0.357813865 -0.474998116
1413393981705760512.000000 2.142205238 -14.699237823 7.370368958 0.803434134 -0.026188208 -0.355780095 -0.476684898
1413393981755760384.000000 2.210510254 -14.942073822 7.619676590 0.803958952 -0.022266237 -0.352849454 -0.478175223
1413393981805760512.000000 2.278667450 -15.184922218 7.875818253 0.805020928 -0.019967794 -0.348447293 -0.479715735
1413393981855760384.000000 2.346915245 -15.428052902 8.139192581 0.805308104 -0.016939074 -0.343309522 -0.483043075
1413393981905760512.000000 2.415435791 -15.671067238 8.409976959 0.804996014 -0.014818615 -0.337157130 -0.487941474
1413393981955760384.000000 2.485878944 -15.913935661 8.687707901 0.803882957 -0.013764071 -0.330156714 -0.494549721
1413393982005760512.000000 2.559012413 -16.157688141 8.972673416 0.801701128 -0.014456377 -0.323180497 -0.502614021
1413393982055760384.000000 2.634734631 -16.402526855 9.265102386 0.797870874 -0.015015812 -0.317726403 -0.512080610
1413393982105760512.000000 2.713490009 -16.648128510 9.564754486 0.792916775 -0.016359149 -0.311380655 -0.523505032
1413393982155760384.000000 2.795082569 -16.894975662 9.871818542 0.786946177 -0.018746896 -0.304770529 -0.536170900
1413393982205760512.000000 2.879516602 -17.143337250 10.186348915 0.779099405 -0.021274114 -0.299570233 -0.550281107
1413393982255760384.000000 2.967057228 -17.393693924 10.508251190 0.769862890 -0.024655709 -0.293777078 -0.566037476
1413393982305760512.000000 3.057349205 -17.646341324 10.837297440 0.759537399 -0.027410448 -0.287717521 -0.582726538
1413393982355760384.000000 3.149946213 -17.902383804 11.173879623 0.746839821 -0.028567437 -0.283821702 -0.600715756
1413393982405760512.000000 3.245376110 -18.162132263 11.517398834 0.732981145 -0.028475692 -0.279437363 -0.619550288
1413393982455760384.000000 3.342644691 -18.426109314 11.868318558 0.718024731 -0.028107198 -0.274400294 -0.639026642
1413393982505760512.000000 3.441832542 -18.694869995 12.226450920 0.701830924 -0.027451947 -0.268717438 -0.659143925
1413393982555760384.000000 3.543444157 -18.967763901 12.591040611 0.684365928 -0.027612861 -0.262233764 -0.679789960
1413393982605760512.000000 3.647070646 -19.244935989 12.961873055 0.666108668 -0.027388481 -0.253877401 -0.700781941
1413393982655760384.000000 3.751916885 -19.526582718 13.339090347 0.647101998 -0.027050748 -0.243674412 -0.721907198
1413393982705760512.000000 3.857704639 -19.813270569 13.722453117 0.627462029 -0.025863156 -0.232132986 -0.742789865
1413393982755760384.000000 3.964963436 -20.105392456 14.111953735 0.606561244 -0.024827069 -0.218908504 -0.763902009
1413393982805760512.000000 4.073494911 -20.403274536 14.506933212 0.585589528 -0.023743553 -0.204232201 -0.784098506
1413393982855760384.000000 4.183109283 -20.707395554 14.907380104 0.564046979 -0.023434203 -0.188810885 -0.803524911
1413393982905760512.000000 4.293226719 -21.018814087 15.313358307 0.541521668 -0.022612376 -0.172923386 -0.822399259
1413393982955760384.000000 4.403120041 -21.337823868 15.724588394 0.518362582 -0.021543784 -0.158819616 -0.840007424
1413393983005760512.000000 4.512781620 -21.664785385 16.140888214 0.494664222 -0.021116739 -0.145759597 -0.856513619
1413393983055760384.000000 4.622549057 -21.999855042 16.561851501 0.470697522 -0.020063480 -0.131872594 -0.872153044
1413393983105760512.000000 4.732629299 -22.343414307 16.987131119 0.447054654 -0.019586129 -0.117299043 -0.886566103
1413393983155760384.000000 4.842611790 -22.695323944 17.416469574 0.423698097 -0.017950261 -0.101816893 -0.899883926
1413393983205760512.000000 4.952021599 -23.056186676 17.849706650 0.400340468 -0.016527155 -0.086195387 -0.912153900
1413393983255760384.000000 5.060943604 -23.426342010 18.286453247 0.377146304 -0.016034756 -0.070393704 -0.923335433
1413393983305760512.000000 5.169092655 -23.806146622 18.726505280 0.353352070 -0.015185119 -0.055266581 -0.933733046
1413393983355760384.000000 5.276917934 -24.195755005 19.169322968 0.330277145 -0.016242566 -0.038992126 -0.942938447
1413393983405760512.000000 5.384282589 -24.595695496 19.614549637 0.306953520 -0.018921291 -0.023154255 -0.951254725
1413393983455760384.000000 5.490774155 -25.006238937 20.061882019 0.283196837 -0.022318685 -0.008815832 -0.958761632
1413393983505760512.000000 5.596918583 -25.427703857 20.510498047 0.259641349 -0.028149642 0.005423498 -0.965279579
