1403638172195097088.000000 -0.559141755 6.304725170 1.159101129 0.132936761 0.823754072 0.101964630 0.541627526
1403638172445096960.000000 -0.584309161 6.579400539 1.263927460 0.130243197 0.823908269 0.101034120 0.542221367
1403638175295097088.000000 -0.069643877 0.181736588 -0.073373124 -0.002612307 -0.003709076 -0.001450677 0.999988735
1403638175345096960.000000 -0.003893483 0.010530397 -0.011498698 -0.012138364 -0.010927771 -0.001835683 0.999864995
1403638175395097088.000000 -0.004471566 0.017676134 -0.014506953 -0.012851520 -0.017378651 -0.003592025 0.999759972
1403638175445096960.000000 -0.004103147 0.021835325 -0.018482096 -0.015826844 -0.023639565 -0.007005239 0.999570727
1403638175495097088.000000 -0.004311007 0.027383676 -0.020556029 -0.017563907 -0.030917803 -0.009080498 0.999326408
1403638175545096960.000000 -0.004198975 0.028617969 -0.023725238 -0.023893550 -0.038909204 -0.012791584 0.998875201
1403638175595097088.000000 -0.217245266 0.695334136 -0.258114874 -0.010158382 -0.038222224 -0.011418324 0.999152482
1403638175645096960.000000 -0.215631187 0.699955642 -0.258387625 -0.011817123 -0.049350627 -0.010968913 0.998651385
1403638175695097088.000000 -0.068907402 0.208154947 -0.095635198 -0.031450592 -0.062798262 -0.015140224 0.997415721
1403638175745096960.000000 -0.067324355 0.212256193 -0.097119212 -0.031841252 -0.068747386 -0.014052819 0.997026801
1403638175795097088.000000 -0.066677198 0.215298727 -0.100685656 -0.034833875 -0.072939947 -0.016415780 0.996592700
1403638175845096960.000000 -0.275182039 1.078999400 -0.344894230 -0.010264377 -0.062719807 -0.012896380 0.997895062
1403638175895097088.000000 -0.276186079 1.082377315 -0.345924556 -0.012452140 -0.062850811 -0.014765376 0.997835994
1403638175945096960.000000 -0.275195062 1.085649252 -0.347361773 -0.015013783 -0.063775696 -0.018254558 0.997684360
1403638175995097088.000000 -0.274132252 1.088345408 -0.348364830 -0.018484330 -0.061274406 -0.024496375 0.997649133
1403638176045096960.000000 -0.274762720 1.091638803 -0.349749684 -0.020320099 -0.053300101 -0.027113127 0.998003602
1403638176095097088.000000 -0.334841788 1.426491380 -0.327544957 -0.014778155 -0.040755283 -0.032792509 0.998521566
1403638176145096960.000000 -0.335930467 1.428349972 -0.326368332 -0.017436482 -0.026828939 -0.034720100 0.998884737
1403638176195097088.000000 -0.274207115 1.099969864 -0.351810873 -0.025156550 -0.014497617 -0.034155160 0.998994708
1403638176245096960.000000 -0.275135309 1.101498008 -0.352603137 -0.026419632 -0.001962687 -0.030898515 0.999171436
1403638176295097088.000000 -0.337606311 1.436050296 -0.330221713 -0.019615965 0.011438098 -0.028302327 0.999341488
1403638176345096960.000000 -0.352735281 1.716834664 -0.248526990 -0.011018090 0.016579835 -0.025032723 0.999488413
1403638176395097088.000000 -0.351592273 1.720233202 -0.248166993 -0.011511029 0.019186670 -0.024872696 0.999440253
1403638176445096960.000000 -0.349249333 1.722974300 -0.247920841 -0.013068375 0.017051451 -0.026195180 0.999426007
1403638176495097088.000000 -0.350291252 1.725529552 -0.247079119 -0.014774437 0.018958379 -0.026531551 0.999359012
1403638176545096960.000000 -0.349983603 1.726025343 -0.248236835 -0.018557204 0.018920619 -0.027935298 0.999258399
1403638176595097088.000000 -0.341075540 1.953979850 -0.173688710 -0.014358036 0.018761655 -0.026349762 0.999373555
1403638176645096960.000000 -0.340827256 1.954709411 -0.175122216 -0.018120352 0.018333860 -0.027147796 0.999299109
1403638176695097088.000000 -0.340971828 1.952828646 -0.173730791 -0.023771286 0.017918488 -0.026961220 0.999193132
1403638176745096960.000000 -0.340709567 1.953184724 -0.174774140 -0.026234375 0.018797275 -0.028688064 0.999067247
1403638176795097088.000000 -0.340616137 1.954734325 -0.177618548 -0.027113700 0.020719161 -0.029369731 0.998986006
1403638176845096960.000000 -0.291597307 2.136558294 -0.107842997 -0.014575605 0.016726997 -0.022372270 0.999503553
1403638176895097088.000000 -0.286882967 2.139154673 -0.106508151 -0.013675258 0.010213947 -0.020507637 0.999644041
1403638176945096960.000000 -0.287903309 2.140480995 -0.106424384 -0.015005090 0.013334775 -0.020609442 0.999586105
1403638176995097088.000000 -0.286472648 2.138561249 -0.106534198 -0.019362407 0.012348312 -0.023475586 0.999460638
1403638177045096960.000000 -0.287075222 2.145367384 -0.105830505 -0.014704851 0.012381233 -0.021636013 0.999581158
1403638177095097088.000000 -0.232186019 2.273486614 -0.043753535 -0.016541056 0.012936367 -0.023700103 0.999498546
1403638177145096960.000000 -0.231446132 2.273999929 -0.043097880 -0.018510941 0.012993591 -0.025538519 0.999418020
1403638177195097088.000000 -0.230487019 2.274621248 -0.042317919 -0.020581335 0.012571129 -0.027805081 0.999322414
1403638177245096960.000000 -0.232089803 2.275069237 -0.042597808 -0.022505691 0.014735374 -0.027968209 0.999246836
1403638177295097088.000000 -0.231284499 2.274459600 -0.041179936 -0.024674112 0.014244277 -0.029305821 0.999164462
1403638177345096960.000000 -0.208564132 2.371084452 0.044127639 -0.020215463 0.012814552 -0.028835911 0.999297619
1403638177395097088.000000 -0.207698897 2.385201216 0.064306438 -0.020554051 0.012671514 -0.028666526 0.999297440
1403638177445096960.000000 -0.209366038 2.385460377 0.066673115 0.021955714 -0.011201041 0.027840767 -0.999308467
1403638177495097088.000000 -0.165940374 2.257106781 0.013608297 -0.031305630 0.006345288 -0.025430359 0.999166191
1403638177545096960.000000 -0.210382670 2.416409969 0.129277408 -0.018021749 0.012209578 -0.016615355 0.999624968
1403638177595097088.000000 -0.164630175 2.251781464 0.043581415 -0.028367616 0.006025522 -0.009847795 0.999530911
1403638177645096960.000000 -0.163530454 2.248847723 0.062461991 -0.028089745 0.006062143 -0.004763159 0.999575675
1403638177695097088.000000 -0.165522754 2.247230291 0.069337226 0.027626364 -0.005638976 -0.002055896 -0.999600351
1403638177745096960.000000 -0.224269837 2.443707943 0.225920990 -0.011589257 0.013765649 0.011230449 0.999775052
1403638177795097088.000000 -0.226318568 2.442148209 0.233741164 0.012265063 -0.016993813 -0.017186284 -0.999632657
1403638177845096960.000000 -0.190414935 2.290722370 0.175715864 -0.024991233 0.017118849 0.019903906 0.999342978
1403638177895097088.000000 -0.191647947 2.289828539 0.184227780 0.026281420 -0.022663420 -0.023120686 -0.999130189
1403638177945096960.000000 -0.184320807 2.294133663 0.217049927 -0.027599493 0.027353952 0.024865655 0.998935342
1403638177995097088.000000 -0.183891803 2.293999195 0.224551141 0.029726721 -0.031096853 -0.025415339 -0.998750985
1403638178045096960.000000 -0.242414340 2.496018410 0.371836632 -0.016348707 0.041714188 0.027026294 0.998630166
1403638178095097088.000000 -0.175253406 2.295906782 0.263298005 -0.039404470 0.035725862 0.021851191 0.998345375
1403638178145096960.000000 -0.171960235 2.297202587 0.268633515 0.046125092 -0.036601909 -0.021595538 -0.998031318
1403638178195097088.000000 -0.223975211 2.502742529 0.415433317 -0.036188200 0.045410555 0.027074551 0.997945547
1403638178245096960.000000 -0.219994724 2.504576445 0.418614030 -0.044556897 0.047427498 0.030355278 0.997418642
1403638178295097088.000000 -0.205250353 2.509364128 0.433590651 -0.054245602 0.048124392 0.033762716 0.996795654
1403638178345096960.000000 -0.199516907 2.511514425 0.434943944 -0.064418145 0.049329046 0.038286477 0.995967448
1403638178395097088.000000 -0.207000479 2.602488041 0.466506451 -0.069531821 0.052843958 0.043191634 0.995242357
1403638178445096960.000000 -0.202512667 2.604494810 0.466747105 -0.081269652 0.051274996 0.049747102 0.994128466
1403638178495097088.000000 -0.163210213 2.528908730 0.455912650 -0.100682110 0.044674557 0.054287914 0.992431462
1403638178545096960.000000 -0.160791159 2.531004190 0.456386209 0.113445371 -0.040137362 -0.060957912 -0.990859866
1403638178595097088.000000 -0.195171595 2.676892757 0.482435971 -0.115537778 0.040384047 0.069539964 0.990042627
1403638178645096960.000000 -0.194173083 2.679207087 0.482843161 -0.127548546 0.037080649 0.076685995 0.988167882
1403638178695097088.000000 -0.104206882 2.421197891 0.396306545 -0.162841365 0.025270758 0.078288309 0.983216703
1403638178745096960.000000 -0.104162306 2.423930168 0.396662831 -0.175034255 0.024654573 0.083883263 0.980672598
1403638178795097088.000000 -0.170386881 2.658249140 0.499093801 -0.168287247 0.030261761 0.092286490 0.980941892
1403638178845096960.000000 -0.171407104 2.661521196 0.500001371 -0.180025831 0.026698984 0.095952556 0.978606701
1403638178895097088.000000 -0.123151749 2.510383368 0.417367905 -0.204271182 0.017318565 0.095477216 0.974093199
1403638178945096960.000000 -0.124554411 2.514300346 0.419413805 0.213007227 -0.012911814 -0.098126680 -0.972024918
1403638178995097088.000000 -0.234693840 2.862248421 0.491049916 -0.195006073 0.019037748 0.105465263 0.974929392
1403638179045096960.000000 -0.236623019 2.866387844 0.494501889 -0.201804206 0.013341120 0.106122650 0.973568261
1403638179095097088.000000 -0.187701881 2.769228458 0.537071764 -0.216467842 0.003164503 0.105058260 0.970615566
1403638179145096960.000000 -0.190095186 2.774416924 0.542093515 -0.222803742 -0.001227787 0.104879424 0.969204545
1403638179195097088.000000 -0.276091039 2.975126028 0.499851078 -0.217419595 0.002840622 0.105173782 0.970391273
1403638179245096960.000000 -0.278367966 2.980815887 0.506867230 -0.224407688 -0.001193431 0.104011595 0.968927979
1403638179295097088.000000 -0.221062839 2.880981207 0.584631503 -0.242122263 -0.012087323 0.103184901 0.964667618
1403638179345096960.000000 -0.223365545 2.887939930 0.593607903 -0.250283629 -0.014586647 0.103363790 0.962528586
1403638179395097088.000000 -0.322506130 3.103540421 0.525316358 -0.244963437 -0.004338256 0.106737554 0.963629186
1403638179445096960.000000 -0.323977947 3.111104012 0.536445975 -0.253929645 0.000867261 0.110641450 0.960873306
1403638179495097088.000000 -0.344018221 3.172212362 0.544816256 -0.261934131 0.008833512 0.114757232 0.958197951
1403638179545096960.000000 -0.345345438 3.180416584 0.557564199 -0.272614092 0.014237116 0.119027682 0.954626262
1403638179595097088.000000 -0.367018282 3.243685961 0.566960692 -0.282205045 0.019096153 0.122966871 0.951249063
1403638179645096960.000000 -0.378627390 3.279865980 0.577607334 -0.292413771 0.021876024 0.128010035 0.947432876
1403638179695097088.000000 -0.378811270 3.288571358 0.590600729 -0.304435164 0.024294218 0.131463930 0.943104625
1403638179745096960.000000 -0.268839836 3.060445786 0.667170942 -0.332214773 0.018043460 0.132570341 0.933666408
1403638179795097088.000000 -0.267646194 3.068967581 0.679626048 -0.344087571 0.018323207 0.136460632 0.928787708
1403638179845096960.000000 -0.359937549 3.329314947 0.685651720 -0.343452662 0.024148393 0.142580017 0.927969873
1403638179895097088.000000 -0.357043386 3.338537693 0.698213756 -0.354656309 0.022380231 0.147263020 0.923055589
1403638179945096960.000000 -0.308276206 3.253425598 0.693684518 -0.370517910 0.016248295 0.150994018 0.916325986
1403638179995097088.000000 -0.305253208 3.264074087 0.704436839 0.378768325 -0.011256890 -0.155691609 -0.912232459
1403638180045096960.000000 -0.424563408 3.574841976 0.628680110 -0.369810760 0.015724242 0.162148967 0.914713383
1403638180095097088.000000 -0.419924289 3.585422277 0.640586615 -0.375760019 0.013807004 0.166330844 0.911563456
1403638180145096960.000000 -0.363039315 3.558043957 0.704182625 -0.385078400 0.009743135 0.169836685 0.907069564
1403638180195097088.000000 -0.357849151 3.569022179 0.715725541 -0.389958322 0.008792439 0.170197114 0.904924452
1403638180245096960.000000 -0.424700707 3.732308626 0.647814035 -0.386162877 0.012768449 0.170933843 0.906364620
1403638180295097088.000000 -0.420551836 3.743653774 0.659473419 -0.388823569 0.010726180 0.172521532 0.904951692
1403638180345096960.000000 -0.414182693 3.781564951 0.676187754 -0.390568227 0.009646823 0.174240455 0.903882563
1403638180395097088.000000 -0.410969973 3.793728828 0.688277483 -0.392983109 0.007774688 0.173438430 0.903007746
1403638180445096960.000000 -0.335099995 3.708572388 0.782486916 -0.402139008 -0.000077635 0.172658354 0.899151504
1403638180495097088.000000 -0.332856596 3.721644402 0.795159101 -0.404171735 -0.000763430 0.170448616 0.898661196
1403638180545096960.000000 -0.463766009 4.024414539 0.672892570 -0.392103404 0.008073826 0.167552322 0.904497683
1403638180595097088.000000 -0.461618930 4.037624359 0.686232805 -0.393190265 0.006364392 0.166232094 0.904283047
1403638180645096960.000000 -0.457340091 4.086242676 0.715057850 -0.394072264 0.002922196 0.164413244 0.904249370
1403638180695097088.000000 -0.453677416 4.100085258 0.728814363 -0.394167662 -0.000074184 0.164092600 0.904270709
1403638180745096960.000000 -0.385139108 4.024644852 0.832729459 -0.399985343 -0.010312201 0.164219797 0.901630342
1403638180795097088.000000 -0.379757702 4.039580822 0.846655488 -0.399131507 -0.012753018 0.165343195 0.901772201
1403638180845096960.000000 -0.456069171 4.280614853 0.758510590 -0.388987243 -0.007094096 0.165516034 0.906224668
1403638180895097088.000000 -0.354595959 4.201222897 0.852802753 -0.391239375 -0.010777994 0.166668996 0.905006707
1403638180945096960.000000 -0.444096237 4.383486748 0.783598304 -0.385721445 -0.005932233 0.166328788 0.907479227
1403638180995097088.000000 -0.436292648 4.399320602 0.798854470 -0.385081768 -0.004548817 0.167045176 0.907627344
1403638181045096960.000000 -0.433828920 4.489864349 0.813216090 -0.382688522 -0.001545689 0.167334124 0.908595860
1403638181095097088.000000 -0.426398307 4.507306099 0.831089735 -0.382160068 -0.001162527 0.167694598 0.908752382
1403638181145096960.000000 -0.362496853 4.544023514 0.938477874 -0.384599358 -0.002321709 0.169566825 0.907372653
1403638181195097088.000000 -0.355565488 4.562745571 0.958039045 -0.384597987 0.000713851 0.169235274 0.907437801
1403638181245096960.000000 -0.343144894 4.634821892 0.964262605 -0.384864211 0.005401134 0.169982150 0.907169521
1403638181295097088.000000 -0.336959034 4.655490875 0.985257268 -0.386802614 0.011923796 0.172108859 0.905880868
1403638181345096960.000000 -0.308885694 4.753126144 1.080451608 -0.390888214 0.017000630 0.174104363 0.903662086
1403638181395097088.000000 -0.303890586 4.775072575 1.101981521 -0.395893008 0.022036808 0.177953646 0.900619566
1403638181445096960.000000 -0.433981925 4.950844765 0.963598967 -0.392248362 0.033990391 0.183835059 0.900661230
1403638181495097088.000000 -0.429496586 4.974205971 0.984748960 -0.400532842 0.039735243 0.188262999 0.895852447
1403638181545096960.000000 -0.287736714 4.934489250 1.167976260 -0.419466764 0.041755531 0.191653892 0.886325538
1403638181595097088.000000 -0.284011960 4.959122658 1.187484145 -0.430996597 0.048981816 0.192456469 0.880229175
1403638181645096960.000000 -0.460652709 5.196344376 1.022210360 -0.430080682 0.061364435 0.194372967 0.879479527
1403638181695097088.000000 -0.455588996 5.219882488 1.039836168 -0.442520797 0.058697306 0.194609463 0.873416901
1403638181745096960.000000 -0.474331617 5.317589760 1.036446810 -0.452576756 0.056101821 0.196234629 0.868054628
1403638181795097088.000000 -0.466931939 5.341717243 1.052424669 -0.465070337 0.051469725 0.196842134 0.861576259
1403638181845096960.000000 -0.482148230 5.436424732 1.039798737 -0.475392014 0.046450049 0.197835460 0.855982482
1403638181895097088.000000 -0.473197401 5.458882332 1.052029610 0.487127721 -0.039281420 -0.198488802 -0.849568009
1403638181945096960.000000 -0.429866195 5.497061253 1.094948769 -0.498095751 0.032606285 0.202175498 0.842592716
1403638181995097088.000000 -0.420123339 5.518303394 1.106275320 0.505787194 -0.027458144 -0.205780759 -0.837305009
1403638182045096960.000000 -0.397932649 5.581727028 1.121855259 -0.511495352 0.021776114 0.210957393 0.832703650
1403638182095097088.000000 -0.386809409 5.601576328 1.132012129 0.516755700 -0.017667929 -0.214982063 -0.828513265
1403638182145096960.000000 -0.358073473 5.665360451 1.148935318 -0.521189928 0.013552745 0.218689859 0.824834645
1403638182195097088.000000 -0.345906377 5.685404778 1.160020113 -0.524911880 0.010645090 0.222007915 0.821624517
1403638182245096960.000000 -0.261988759 6.050337791 1.350667477 -0.523894072 0.012794927 0.228143409 0.820561945
1403638182295097088.000000 -0.250565290 6.070897102 1.362759352 -0.525061071 0.011439508 0.233267292 0.818392575
1403638182345096960.000000 -0.387278676 5.753459930 1.063600063 -0.520998418 0.014956842 0.238281325 0.819487035
1403638182395097088.000000 -0.219896078 6.023876667 1.433216333 -0.525989532 0.010791488 0.241686031 0.815356672
1403638182445096960.000000 -0.208112597 6.046102524 1.443844318 0.528073430 -0.006641330 -0.240139231 -0.814510643
1403638182495097088.000000 -0.323435426 5.881859303 1.121460199 -0.524729729 0.003580251 0.238683090 0.817114592
1403638182545096960.000000 -0.308999062 5.905139446 1.132554293 -0.526979387 -0.002286561 0.234311819 0.816936672
1403638182595097088.000000 -0.127887249 6.338230133 1.465557814 -0.533592403 -0.011273992 0.229033753 0.814061165
1403638182645096960.000000 -0.111442924 6.363206863 1.477537155 0.534188926 0.014654559 -0.227132365 -0.814148903
1403638182695097088.000000 -0.124697328 6.170091629 1.344926834 -0.535764694 -0.019133018 0.225590393 0.813448906
1403638182745096960.000000 -0.107157230 6.195400715 1.357816696 0.535342515 0.019256903 -0.225673124 -0.813701034
1403638182795097088.000000 -0.386868715 6.584181309 0.927837133 -0.521955669 -0.005803327 0.222833529 0.823330939
1403638182845096960.000000 -0.368740439 6.609412193 0.942729950 0.521953464 0.005120213 -0.222114757 -0.823531091
1403638182895097088.000000 -0.003438473 6.436384201 1.430529594 -0.534525871 -0.015572673 0.223107994 0.815022945
1403638182945096960.000000 0.013232470 6.463178158 1.447824955 -0.534834743 -0.012919039 0.221970782 0.815177262
1403638182995097088.000000 0.057193279 6.495861530 1.505870819 -0.536922872 -0.009882633 0.219281182 0.814574718
1403638183045096960.000000 0.106628776 6.662899017 1.556473732 -0.536922872 -0.005361065 0.216844857 0.815268934
1403638183095097088.000000 -0.327418208 7.011756897 0.908596992 -0.521396995 0.013374822 0.210349649 0.826873302
1403638183145096960.000000 -0.310576081 7.039659023 0.929066658 -0.523436964 0.013515284 0.205780163 0.826731920
1403638183195097088.000000 -0.298401117 7.088555813 0.943347931 -0.523919642 0.014048944 0.203846604 0.826896310
1403638183245096960.000000 -0.282416701 7.117007256 0.965784073 -0.524789751 0.009547855 0.202175185 0.826819062
1403638183295097088.000000 -0.273015976 7.162966728 0.984107018 -0.524680257 0.005822999 0.202812135 0.826767147
1403638183345096960.000000 -0.258577347 7.190281391 1.008345127 -0.524146855 0.000921671 0.205796719 0.826387942
1403638183395097088.000000 -0.239862204 7.265079021 1.028057098 -0.523125172 -0.003453592 0.208750278 0.826287746
1403638183445096960.000000 -0.224622607 7.295543194 1.054848671 0.523191929 0.009201197 -0.210437715 -0.825773299
1403638183495097088.000000 -0.209174395 7.326133728 1.085099220 0.523756742 0.013738182 -0.211161643 -0.825167239
1403638183545096960.000000 -0.301276565 7.661891937 0.937940598 -0.519560754 -0.013605118 0.209754333 0.828175545
1403638183595097088.000000 -0.288254023 7.708367348 0.965788841 -0.519856453 -0.014790745 0.210893497 0.827680230
1403638183645096960.000000 -0.270398736 7.739480019 1.002103329 -0.520984411 -0.012753461 0.210248426 0.827168763
1403638183695097088.000000 -0.255121946 7.800079346 1.032391548 -0.523337066 -0.009858307 0.205278859 0.826971412
1403638183745096960.000000 -0.240502238 7.829326153 1.061014652 -0.525030494 -0.003386574 0.202823564 0.826555610
1403638183795097088.000000 -0.213477135 7.897333622 1.097944736 -0.528080285 -0.000364874 0.198092937 0.825766444
1403638183845096960.000000 -0.194016337 7.929089546 1.128330708 -0.530487657 0.004348344 0.193229824 0.825364351
1403638183895097088.000000 -0.181575418 8.046479225 1.120818138 -0.531465590 0.007893015 0.190920845 0.825246215
1403638183945096960.000000 -0.246551871 8.255668640 1.023442745 -0.528886795 0.012369531 0.189222291 0.827236831
1403638183995097088.000000 -0.222119570 8.288373947 1.053277969 0.529682577 -0.011500753 -0.189834550 -0.826599658
1403638184045096960.000000 -0.182266712 8.354055405 1.096608162 -0.529723287 0.010344019 0.192084134 0.826068938
1403638184095097088.000000 -0.154962182 8.385366440 1.128180981 -0.529569089 0.006197246 0.195067495 0.825510085
1403638184145096960.000000 -0.123054147 8.452393532 1.152700424 -0.529432476 0.000824119 0.197775885 0.824975908
1403638184195097088.000000 -0.096253633 8.483036041 1.186339378 -0.528780341 -0.003119674 0.202539325 0.824232697
1403638184245096960.000000 -0.147098660 8.669390678 1.098399162 -0.525943696 -0.004227826 0.204120785 0.825651288
1403638184295097088.000000 -0.121503234 8.700594902 1.133265972 -0.526515901 -0.005524844 0.205669135 0.824894369
1403638184345096960.000000 0.009223938 8.653733253 1.325117111 -0.530809283 -0.008093771 0.205530494 0.822151661
1403638184395097088.000000 0.034821272 8.688761711 1.363612175 -0.532057703 -0.005169680 0.204635203 0.821591318
1403638184445096960.000000 -0.090428591 8.942010880 1.169424057 -0.528652191 0.000708601 0.201408669 0.824597478
1403638184495097088.000000 -0.059923530 8.990453720 1.215939999 -0.530416489 0.001996421 0.199095324 0.824023962
1403638184545096960.000000 -0.030024290 9.048830986 1.261393070 -0.531421602 0.003307120 0.198890880 0.823421240
1403638184595097088.000000 -0.156669140 9.243680954 1.088425159 -0.527818263 0.007786887 0.196628183 0.826247334
1403638184645096960.000000 -0.130796194 9.279946327 1.128484249 0.528534174 -0.009314716 -0.196679413 -0.825761557
1403638184695097088.000000 -0.094906449 9.343044281 1.180102825 -0.529469073 0.008080872 0.196540311 0.825208545
1403638184745096960.000000 -0.067986727 9.378816605 1.222451687 -0.529801250 0.009119818 0.198173597 0.824593723
1403638184795097088.000000 -0.029263020 9.441793442 1.280917168 -0.530449212 0.009277935 0.198173061 0.824175358
1403638184845096960.000000 -0.002499342 9.476697922 1.323170662 -0.531346858 0.008053329 0.199121222 0.823381126
1403638184895097088.000000 0.036851883 9.538236618 1.376751423 -0.533156872 0.007024412 0.197829455 0.822531462
1403638184945096960.000000 0.065944433 9.574720383 1.420906067 -0.534483075 0.008436900 0.196526840 0.821969569
1403638184995097088.000000 0.107504368 9.635597229 1.478590488 -0.534950078 0.008554846 0.197517648 0.821426868
1403638185045096960.000000 0.138230562 9.674065590 1.524808884 -0.535209358 0.008718410 0.198668778 0.820978522
1403638185095097088.000000 0.327497482 9.608089447 1.787141800 -0.541226983 0.003282678 0.200026065 0.816732645
1403638185145096960.000000 0.355166674 9.673469543 1.806963921 -0.540977478 0.001721744 0.200106919 0.816882908
1403638185195097088.000000 0.144383192 9.914402008 1.533946514 -0.534852326 0.006311035 0.196240768 0.821816742
1403638185245096960.000000 0.183734179 9.964448929 1.586402893 -0.536249042 0.003127727 0.193777859 0.821509182
1403638185295097088.000000 0.215906143 10.000606537 1.632174969 -0.537219644 0.002369134 0.192339122 0.821215689
1403638185345096960.000000 0.269828320 10.078298569 1.699255466 -0.538711786 0.000892737 0.190247133 0.820728302
1403638185395097088.000000 0.303678989 10.114664078 1.747952938 -0.539258897 0.001306456 0.186940908 0.821128070
1403638185445096960.000000 0.245845318 10.214073181 1.681005001 -0.536323905 0.004144160 0.182106778 0.824121773
1403638185495097088.000000 0.281188250 10.249273300 1.731429100 -0.534500062 0.005106223 0.176937521 0.826424062
1403638185545096960.000000 0.346176982 10.332437515 1.810163021 -0.531243920 0.005504261 0.172380954 0.829478383
1403638185595097088.000000 0.382991433 10.368130684 1.860623360 0.526796758 -0.006743486 -0.168650687 -0.833064616
1403638185645096960.000000 0.446446300 10.442344666 1.943410873 -0.522908747 0.006908673 0.164494753 0.836337328
1403638185695097088.000000 0.484732628 10.476540565 1.996793270 -0.518325925 0.009762213 0.163485885 0.839354157
1403638185745096960.000000 0.550605893 10.548262596 2.083449841 -0.513383210 0.012983860 0.164461985 0.842152894
1403638185795097088.000000 0.589958549 10.581984520 2.138744354 -0.507560968 0.015516766 0.169920906 0.844551980
1403638185845096960.000000 0.438861847 10.637869835 1.971973419 -0.496414602 0.022282230 0.179521352 0.849027753
1403638185895097088.000000 0.479227543 10.672829628 2.030593395 -0.490169346 0.024344632 0.188941836 0.850554228
1403638185945096960.000000 0.770157576 10.785476685 2.383688927 -0.488674402 0.022971010 0.199798957 0.848970056
1403638185995097088.000000 0.810113907 10.824373245 2.444815159 -0.485790551 0.023419868 0.203707859 0.849683583
1403638186045096960.000000 0.656841040 10.868931770 2.268333912 -0.480857700 0.023115583 0.201851204 0.852934718
1403638186095097088.000000 0.694915533 10.909259796 2.328282356 -0.481235176 0.019140201 0.200070858 0.853239775
1403638186145096960.000000 0.761696100 10.987265587 2.419547081 -0.482675314 0.016178111 0.196816713 0.853244483
1403638186195097088.000000 0.812422514 11.047707558 2.503287315 -0.484253675 0.012692994 0.193372011 0.853196681
1403638186245096960.000000 0.852834940 11.092463493 2.565940857 -0.485255599 0.010892062 0.192278907 0.852899313
1403638186295097088.000000 0.609666348 11.065564156 2.314775467 -0.482279181 0.012781989 0.188559234 0.855388165
1403638186345096960.000000 0.652888536 11.110169411 2.375512123 -0.483690619 0.010700481 0.187005132 0.854960859
1403638186395097088.000000 0.724077940 11.191343307 2.461241722 -0.484642208 0.009391228 0.186741486 0.854494810
1403638186445096960.000000 0.769888401 11.237257004 2.521678925 -0.485612839 0.009173259 0.186345160 0.854032516
1403638186495097088.000000 0.828716993 11.306182861 2.588274479 -0.487067670 0.009621616 0.185504511 0.853381932
1403638186545096960.000000 0.895764828 11.371285439 2.668823719 -0.488711834 0.007360408 0.184383154 0.852707207
1403638186595097088.000000 0.944252014 11.419930458 2.729672909 0.490334332 -0.006049847 -0.183252856 -0.852029383
1403638186645096960.000000 0.763595104 11.393569946 2.553370476 -0.488597035 0.006733983 0.181024745 0.853497326
1403638186695097088.000000 0.812046051 11.444200516 2.617453575 0.490914732 -0.004736815 -0.178084567 -0.852799058
1403638186745096960.000000 0.803221941 11.485429764 2.626561165 -0.491396159 0.003462503 0.173727334 0.853426456
1403638186795097088.000000 0.851373196 11.536453247 2.694112778 -0.491697639 0.001217937 0.169229999 0.854162335
1403638186845096960.000000 1.209317923 11.736325264 3.098738670 -0.494705111 -0.004608843 0.166062877 0.853035033
1403638186895097088.000000 1.255658388 11.787761688 3.167752266 -0.491863042 -0.007867929 0.162635222 0.855311990
1403638186945096960.000000 0.873873115 11.663906097 2.790385246 -0.481052279 -0.003112684 0.157904133 0.862348735
1403638186995097088.000000 0.919641376 11.710814476 2.858782291 0.474144787 0.004129608 -0.155625582 -0.866573930
1403638187045096960.000000 1.429253221 11.984145164 3.434621811 -0.470623136 -0.005868872 0.157435298 0.868155301
1403638187095097088.000000 1.478588581 12.032587051 3.505526543 -0.460045159 -0.001556671 0.155718833 0.874132574
1403638187145096960.000000 1.491731644 12.055885315 3.531227112 -0.448489606 0.004411633 0.152587891 0.880655825
1403638187195097088.000000 1.544837356 12.104422569 3.603353024 -0.436206728 0.009763983 0.150000647 0.887202501
1403638187245096960.000000 1.354284763 12.051955223 3.422535896 -0.419519186 0.019590840 0.144557953 0.895948052
1403638187295097088.000000 1.411360621 12.099606514 3.494337082 -0.407879800 0.024825770 0.138812229 0.902080417
1403638187345096960.000000 1.169936419 11.869993210 3.248425961 -0.397109717 0.029453848 0.133580551 0.907520056
1403638187395097088.000000 1.229662657 11.916857719 3.319293737 -0.387704164 0.034021538 0.128472954 0.912152827
1403638187445096960.000000 1.607967257 12.252458572 3.729633331 -0.379519969 0.035978448 0.123930477 0.916139424
1403638187495097088.000000 1.678997159 12.292010307 3.813970804 -0.372368664 0.036731888 0.121484384 0.919366062
1403638187545096960.000000 1.735831022 12.335103989 3.879536152 -0.366620362 0.034870163 0.119696841 0.921979606
1403638187595097088.000000 1.745267153 12.284749985 3.872957945 -0.361659825 0.031022478 0.119722173 0.924070597
1403638187645096960.000000 1.800696969 12.326479912 3.938129902 -0.357872605 0.026091741 0.120728329 0.925565362
1403638187695097088.000000 1.884027243 12.383933067 4.035731316 -0.355755985 0.022077508 0.120238431 0.926549017
1403638187745096960.000000 1.936783910 12.424733162 4.100363731 -0.354982555 0.018675685 0.118777849 0.927108705
1403638187795097088.000000 1.310670018 12.326069832 3.453115225 -0.340073079 0.026769234 0.112243019 0.933292747
1403638187845096960.000000 1.364091635 12.363597870 3.519684792 -0.341148049 0.025694003 0.109780163 0.933223605
1403638187895097088.000000 1.417243242 12.400989532 3.587248087 -0.343404770 0.023421146 0.105287299 0.932973385
1403638187945096960.000000 1.878448725 12.346340179 4.092524529 -0.360477775 0.013580883 0.106849842 0.926528215
1403638187995097088.000000 1.929419994 12.385228157 4.161404610 -0.363638163 0.014737567 0.102456644 0.925771475
1403638188045096960.000000 1.980111957 12.423378944 4.231331825 -0.366664976 0.015974319 0.098533705 0.924982607
1403638188095097088.000000 2.030307055 12.460804939 4.302400589 -0.369890094 0.016580103 0.094481528 0.924110293
1403638188145096960.000000 1.455833197 12.374378204 3.703023434 -0.358377963 0.029498840 0.085552953 0.929180205
1403638188195097088.000000 1.508424282 12.406009674 3.776874781 -0.360767901 0.032516506 0.083817460 0.928312361
1403638188245096960.000000 1.556725979 12.424379349 3.852787733 -0.362295389 0.038499925 0.084368408 0.927438319
1403638188295097088.000000 1.605504036 12.450472832 3.925241232 -0.362480611 0.048536606 0.086844675 0.926666141
1403638188345096960.000000 1.736720562 12.528367996 4.059552193 -0.362233102 0.057604708 0.089863092 0.925955474
1403638188395097088.000000 1.780341387 12.547939301 4.128081322 -0.363064706 0.067252949 0.091108538 0.924856901
1403638188445096960.000000 1.720247269 12.479947090 4.125191689 -0.363812387 0.076594681 0.092690080 0.923678756
1403638188495097088.000000 1.758860707 12.493915558 4.188921928 -0.363963515 0.083081678 0.094865710 0.922837257
1403638188545096960.000000 1.807212234 12.514363289 4.211551666 -0.364592940 0.087491125 0.095928140 0.922071099
1403638188595097088.000000 1.841306210 12.522166252 4.269260406 -0.363906622 0.089616798 0.097259499 0.921998620
1403638188645096960.000000 1.644941330 12.411075592 4.145020008 -0.358646959 0.092788577 0.095872000 0.923889220
1403638188695097088.000000 1.677912951 12.411633492 4.194797039 -0.356072575 0.090024769 0.096490897 0.925093174
1403638188745096960.000000 1.744758487 12.380577087 4.227817535 -0.356500655 0.082318738 0.099015929 0.925379276
1403638188795097088.000000 1.775130391 12.375350952 4.269790649 -0.353539705 0.075341418 0.099484898 0.927057803
1403638188845096960.000000 1.815854788 12.355882645 4.319366455 -0.350441962 0.070025705 0.100381263 0.928552926
1403638188895097088.000000 1.845470786 12.346403122 4.351351738 -0.347781986 0.065892622 0.100944407 0.929793596
1403638188945096960.000000 1.709743619 12.275045395 4.251277447 -0.338011652 0.067243353 0.099754140 0.933421493
1403638188995097088.000000 1.739337802 12.261659622 4.275564671 -0.336041421 0.063599080 0.099600762 0.934404194
1403638189045096960.000000 1.811419010 12.253099442 4.312894821 -0.335609257 0.059330709 0.101209775 0.934667289
1403638189095097088.000000 1.839674473 12.236770630 4.331549644 -0.331127614 0.058801044 0.100976534 0.936323047
1403638189145096960.000000 1.848732114 12.200930595 4.322306156 -0.325556695 0.058055490 0.100023322 0.938423097
1403638189195097088.000000 1.872329593 12.182045937 4.337502480 -0.318396002 0.057538301 0.099856444 0.940926135
1403638189245096960.000000 1.808605671 12.072458267 4.280407906 -0.304002047 0.060444821 0.097144783 0.945775986
1403638189295097088.000000 1.827120543 12.052513123 4.292238235 -0.295258135 0.057879608 0.095834218 0.948835313
1403638189345096960.000000 1.902923346 12.079145432 4.339131355 -0.292726845 0.048124269 0.096560635 0.950090110
1403638189395097088.000000 1.917626739 12.059509277 4.349928856 -0.284921378 0.039023381 0.095839165 0.952949047
1403638189445096960.000000 1.897917509 12.013240814 4.336548805 -0.277516395 0.029718384 0.095413640 0.955509186
1403638189495097088.000000 1.912027717 11.994495392 4.345573902 -0.271265596 0.021163750 0.095046572 0.957566381
1403638189545096960.000000 1.907697201 11.954433441 4.344756603 -0.265838712 0.014888877 0.095327027 0.959177256
1403638189595097088.000000 1.924595118 11.937201500 4.352563858 -0.261714429 0.010687939 0.095117517 0.960387468
1403638189645096960.000000 1.886299610 11.755982399 4.266943932 -0.247602895 0.014099128 0.092454836 0.964337230
1403638189695097088.000000 1.904092312 11.740762711 4.275434017 -0.244270846 0.009069896 0.094536588 0.965045273
1403638189745096960.000000 1.957939744 11.855628967 4.368130207 -0.252130270 -0.003028088 0.100760728 0.962428451
1403638189795097088.000000 1.973753452 11.843597412 4.379335403 -0.250511378 -0.007182536 0.102763124 0.962617397
1403638189845096960.000000 1.979121447 11.770065308 4.368874550 -0.249761045 -0.011785898 0.104004204 0.962633729
1403638189895097088.000000 1.992581964 11.761031151 4.383357525 -0.249882057 -0.016730074 0.103958465 0.962534010
1403638189945096960.000000 1.953332901 11.543294907 4.263614178 -0.236500069 -0.010985271 0.100741431 0.966332376
1403638189995097088.000000 1.965713024 11.536808968 4.281450272 -0.237778619 -0.010853720 0.100012399 0.966095805
1403638190045096960.000000 2.022730350 11.696316719 4.420617104 -0.253202140 -0.016247647 0.102036625 0.961880088
1403638190095097088.000000 2.033250332 11.692588806 4.441587925 0.254706293 0.011084239 -0.100629531 -0.961704493
1403638190145096960.000000 2.038044930 11.656785011 4.461563110 -0.251009881 -0.000590109 0.095315345 0.963280201
1403638190195097088.000000 2.033780575 11.551125526 4.429648876 -0.249155566 0.008577479 0.091785327 0.964066088
1403638190245096960.000000 2.058481216 11.535846710 4.481473923 -0.256679058 0.012998518 0.086559333 0.962525070
1403638190295097088.000000 2.067576170 11.481040001 4.481164932 -0.259402066 0.018341660 0.076763719 0.962539077
1403638190345096960.000000 2.074695349 11.476862907 4.506546974 0.260857821 -0.022185292 -0.067157976 -0.962782860
1403638190395097088.000000 2.004837751 11.292505264 4.354414463 -0.249165207 0.034185458 0.055817023 0.966246665
1403638190445096960.000000 2.010979176 11.286801338 4.381845474 -0.248679757 0.034676619 0.047274239 0.966809750
1403638190495097088.000000 2.096525192 11.424578667 4.596577644 -0.258973777 0.025924599 0.043887798 0.964538455
1403638190545096960.000000 2.100374460 11.415897369 4.625040531 -0.255804867 0.025231626 0.043300431 0.965428591
1403638190595097088.000000 2.097329378 11.365527153 4.626243591 -0.252369404 0.023612769 0.043401130 0.966368735
1403638190645096960.000000 2.101045609 11.353628159 4.655341148 -0.249701947 0.022925299 0.044046283 0.967048824
1403638190695097088.000000 2.082398891 11.276409149 4.634090424 -0.245990142 0.023517204 0.045989543 0.967895031
1403638190745096960.000000 2.087654114 11.260364532 4.662249088 -0.243865222 0.023526447 0.046340577 0.968415678
1403638190795097088.000000 1.986799359 10.999431610 4.465930939 -0.225472197 0.033982266 0.049462639 0.972399592
1403638190845096960.000000 1.993560910 10.979950905 4.492037773 -0.222426325 0.033499401 0.054881006 0.972827017
1403638190895097088.000000 2.095455408 10.854433060 4.743865967 -0.234138131 0.027694402 0.062030185 0.969827116
1403638190945096960.000000 2.105764389 10.834181786 4.768534660 -0.233125404 0.026382994 0.063615546 0.970004916
1403638190995097088.000000 2.109141827 11.072294235 4.745455742 -0.232513651 0.024582326 0.065754779 0.970056474
1403638191045096960.000000 2.121308804 11.051308632 4.767436981 -0.232318237 0.027684240 0.066230752 0.969987333
1403638191095097088.000000 2.108810425 10.969178200 4.746218204 -0.231987670 0.030864781 0.066714212 0.969937265
1403638191145096960.000000 2.121976852 10.947587967 4.765810966 -0.232269362 0.028592760 0.067633919 0.969875813
1403638191195097088.000000 2.017799377 10.626227379 4.519423485 -0.213173956 0.033733636 0.066054292 0.974194944
1403638191245096960.000000 2.032816648 10.603070259 4.535095215 -0.213616967 0.026933733 0.067757897 0.974192619
1403638191295097088.000000 2.194177151 10.578739166 4.867639542 -0.232344076 0.011826932 0.074368678 0.969714224
1403638191345096960.000000 2.210671425 10.556060791 4.883192062 -0.233302936 0.006570740 0.074149221 0.969550669
1403638191395097088.000000 2.057409763 10.431592941 4.518801212 -0.213501424 0.012326574 0.070378140 0.974326551
1403638191445096960.000000 2.072924137 10.407845497 4.534075737 -0.214579314 0.009738422 0.071059808 0.974069536
1403638191495097088.000000 2.257844448 10.419653893 4.913953781 -0.236565411 -0.001038706 0.076316617 0.968613267
1403638191545096960.000000 2.271533966 10.397092819 4.931956291 -0.238083780 -0.001734725 0.075960577 0.968268156
1403638191595097088.000000 2.284324408 10.320849419 4.937413692 -0.239537552 -0.002126301 0.074831627 0.967996657
1403638191645096960.000000 2.295754194 10.298665047 4.957030773 -0.241163552 -0.002694612 0.074176550 0.967641890
1403638191695097088.000000 2.205035210 10.280046463 4.702776909 -0.228853300 0.001062297 0.068427220 0.971052468
1403638191745096960.000000 2.214852333 10.257745743 4.723671913 -0.231252655 -0.000478233 0.065345943 0.970696628
1403638191795097088.000000 2.102057695 10.053066254 4.556149006 -0.222193688 0.005668228 0.060703546 0.973094523
1403638191845096960.000000 2.110875845 10.029608727 4.578842163 -0.223974451 0.003884259 0.059024423 0.972798288
1403638191895097088.000000 2.351184368 10.099486351 5.073329926 -0.250553340 -0.008955971 0.063305788 0.965989292
1403638191945096960.000000 2.360128880 10.076034546 5.099722385 -0.251354456 -0.009399625 0.063966878 0.965733349
1403638191995097088.000000 2.339766502 9.925694466 5.102109432 -0.250217706 -0.007077483 0.064752311 0.965996027
1403638192045096960.000000 2.351616383 9.901074409 5.129579067 -0.251590103 -0.007036859 0.063259698 0.965738654
1403638192095097088.000000 2.383487463 9.881475449 5.165261269 -0.253310502 -0.009338430 0.063130938 0.965277731
1403638192145096960.000000 2.399944782 9.855372429 5.193710327 -0.253335685 -0.008499335 0.064612292 0.965180874
1403638192195097088.000000 2.137553453 9.666534424 4.662831783 -0.223994538 0.007967131 0.060664415 0.972667933
1403638192245096960.000000 2.159706831 9.637101173 4.689064980 -0.224279478 0.010604113 0.061251886 0.972540200
1403638192295097088.000000 2.282467365 9.638848305 4.895261765 -0.232117414 0.011629979 0.064368255 0.970485985
1403638192345096960.000000 2.309106588 9.608993530 4.922842503 -0.232252166 0.016033614 0.064889304 0.970356286
1403638192395097088.000000 2.214018106 9.465677261 4.722234726 -0.222314149 0.023945890 0.063900344 0.972584128
1403638192445096960.000000 2.242951393 9.433483124 4.748090267 -0.222680435 0.025102038 0.064503476 0.972431362
1403638192495097088.000000 2.261990309 9.365640640 4.748381138 -0.221620023 0.028326185 0.064625695 0.972576857
1403638192545096960.000000 2.292587519 9.332325935 4.772594929 -0.222681120 0.030325895 0.064139858 0.972306311
1403638192595097088.000000 2.312292814 9.265993118 4.768436432 -0.222106084 0.034826338 0.063640475 0.972319901
1403638192645096960.000000 2.343231201 9.232233047 4.792337894 -0.223661020 0.041163933 0.062054981 0.971818209
1403638192695097088.000000 2.361057758 9.165242195 4.783963203 -0.222612381 0.047338340 0.063879631 0.971659541
1403638192745096960.000000 2.388871193 9.129727364 4.807571411 -0.223923936 0.052701056 0.063143894 0.971130073
1403638192795097088.000000 2.422133446 9.065244675 4.831284523 -0.224080086 0.058432255 0.064443760 0.970680594
1403638192845096960.000000 2.446379662 9.027997971 4.853700161 -0.224205658 0.063111581 0.065857746 0.970263660
1403638192895097088.000000 2.506970882 8.963074684 4.926708221 -0.226116583 0.069163337 0.068573527 0.969218969
1403638192945096960.000000 2.528760433 8.923964500 4.948504925 -0.224327818 0.079754256 0.073683701 0.968445659
1403638192995097088.000000 2.463044167 8.849959373 4.803918362 -0.215562761 0.092083715 0.077341072 0.969057083
1403638193045096960.000000 2.534897327 8.798276901 4.911777973 -0.216447964 0.095386118 0.082490824 0.968115270
1403638193095097088.000000 2.552310944 8.757565498 4.925370216 0.213270709 -0.094893739 -0.083423123 -0.968788624
1403638193145096960.000000 2.493886232 8.687547684 4.781204700 -0.203485757 0.091874883 0.080992274 0.971387148
1403638193195097088.000000 2.511783361 8.646806717 4.789677143 -0.200826094 0.084549308 0.078574635 0.972803354
1403638193245096960.000000 2.515547991 8.579589844 4.746758461 -0.197267115 0.078797288 0.074937731 0.974300265
1403638193295097088.000000 2.534532070 8.538444519 4.748131275 -0.195147678 0.073353998 0.072202243 0.975358129
1403638193345096960.000000 2.541486025 8.471078873 4.695775986 -0.193215087 0.068609267 0.066995770 0.976459086
1403638193395097088.000000 2.563068390 8.430648804 4.692548275 -0.192736119 0.066390537 0.062098607 0.977030635
1403638193445096960.000000 2.572250843 8.363695145 4.633866310 -0.191475809 0.065712996 0.057719093 0.977592647
1403638193495097088.000000 2.592414379 8.322970390 4.627468109 -0.190811068 0.066199422 0.055618059 0.977811515
1403638193545096960.000000 2.598932028 8.255412102 4.565957069 -0.188709468 0.066713713 0.054021072 0.978273869
1403638193595097088.000000 2.615036964 8.213653564 4.558122635 -0.188242421 0.064093970 0.053895336 0.978545904
1403638193645096960.000000 2.627345562 8.172061920 4.550370216 0.187970445 -0.059079677 -0.054470249 -0.978881955
1403638193695097088.000000 2.638755798 8.130236626 4.543627739 0.187656075 -0.051675595 -0.056007050 -0.979274273
1403638193745096960.000000 2.648552418 8.088582039 4.537892342 0.186603859 -0.044844225 -0.059291095 -0.979618669
1403638193795097088.000000 2.656965256 8.047187805 4.533027649 0.186682463 -0.038734179 -0.060869798 -0.979767501
1403638193845096960.000000 2.683040142 8.057132721 4.629561424 0.190397948 -0.033248648 -0.061687939 -0.979202628
1403638193895097088.000000 2.671297312 7.965803146 4.527132034 0.188021347 -0.031012857 -0.062851235 -0.979661167
1403638193945096960.000000 2.677496672 7.925812721 4.526461601 0.189025536 -0.027666021 -0.063259050 -0.979541898
1403638193995097088.000000 2.711433887 7.962084770 4.673330784 0.193585426 -0.024428722 -0.065944321 -0.978559792
1403638194045096960.000000 2.609281540 7.700732231 4.195989609 -0.182215631 0.028835000 0.063687719 0.980770051
1403638194095097088.000000 2.605413914 7.643682480 4.166809559 -0.183699429 0.032370981 0.062151790 0.980481386
1403638194145096960.000000 2.600339174 7.586979389 4.138487339 -0.184503108 0.036882479 0.061830938 0.980191469
1403638194195097088.000000 2.593625069 7.530412674 4.110215664 -0.185729846 0.041409653 0.060597099 0.979856014
1403638194245096960.000000 2.585268736 7.474015236 4.081896305 -0.186550349 0.045514453 0.060407836 0.979529679
1403638194295097088.000000 2.574932337 7.417331696 4.053579330 -0.187009588 0.046550028 0.060349364 0.979396999
1403638194345096960.000000 2.563341379 7.360823631 4.024857998 -0.186879724 0.043343011 0.062160812 0.979455709
1403638194395097088.000000 2.552611828 7.304191113 3.994883537 -0.187015325 0.039844900 0.063574441 0.979487598
1403638194445096960.000000 2.542258501 7.247500420 3.963667870 -0.186858669 0.036303591 0.065607689 0.979521096
1403638194495097088.000000 2.533117533 7.191510201 3.931679249 -0.186847284 0.032634638 0.067619719 0.979515553
1403638194545096960.000000 2.525628805 7.135644913 3.898470402 -0.187628642 0.029085033 0.067367353 0.979495406
1403638194595097088.000000 2.518427134 7.079781532 3.864225626 -0.187790677 0.025833631 0.068582080 0.979471207
1403638194645096960.000000 2.512184620 7.024411678 3.829937696 -0.188155875 0.021172719 0.069310740 0.979461670
1403638194695097088.000000 2.506242752 6.969823360 3.796703339 -0.188371330 0.015632527 0.070460923 0.979442298
1403638194745096960.000000 2.500283003 6.916143894 3.764069080 -0.188938677 0.011789397 0.071027547 0.979345858
1403638194795097088.000000 2.492589951 6.863144398 3.732322693 -0.189667791 0.008070527 0.070927173 0.979249895
1403638194845096960.000000 2.483523846 6.811592102 3.702553272 -0.190060690 0.004586129 0.071807921 0.979132056
1403638194895097088.000000 2.473616123 6.761367321 3.672859907 -0.191109732 0.002182540 0.071163222 0.978983223
1403638194945096960.000000 2.462473392 6.711318493 3.644745827 -0.191773519 0.000403544 0.070552707 0.978899956
1403638194995097088.000000 2.450590611 6.663318157 3.618624687 -0.191863313 -0.000887835 0.071345329 0.978824556
1403638195045096960.000000 2.436808109 6.616539478 3.594829798 -0.192397967 -0.002243049 0.071098760 0.978735447
1403638195095097088.000000 2.423452377 6.569170952 3.571980476 -0.192438826 -0.002998105 0.071054153 0.978728592
1403638195145096960.000000 2.408643484 6.522572517 3.550800800 -0.192741871 -0.005228785 0.071152389 0.978652477
1403638195195097088.000000 2.392931223 6.477796078 3.529811859 -0.192149043 -0.009409525 0.073734388 0.978546619
1403638195245096960.000000 2.376268387 6.434264183 3.511080742 -0.191629782 -0.016996259 0.075738505 0.978393018
1403638195295097088.000000 2.359064579 6.391789913 3.493975639 -0.190815002 -0.024470823 0.078365088 0.978186965
1403638195345096960.000000 2.341956615 6.349134445 3.480021954 -0.190505832 -0.029448608 0.079922691 0.977984011
1403638195395097088.000000 2.326325655 6.309862137 3.469730854 -0.190783784 -0.029134726 0.079457879 0.977977157
1403638195445096960.000000 2.311737299 6.272480965 3.460609913 -0.191397756 -0.023080049 0.078935966 0.978061020
1403638195495097088.000000 2.297459841 6.236693859 3.453314781 -0.192176640 -0.012715289 0.076972201 0.978254497
1403638195545096960.000000 2.284393549 6.200102329 3.445114613 -0.192452893 -0.003592221 0.076433130 0.978318512
1403638195595097088.000000 2.269336700 6.163149834 3.438727856 -0.193483442 0.004814225 0.073798001 0.978312314
1403638195645096960.000000 2.252809525 6.129549980 3.433705807 -0.193570942 0.009351795 0.073186152 0.978308082
1403638195695097088.000000 2.240112782 6.098503590 3.429280996 -0.193684116 0.009760095 0.072586223 0.978326380
1403638195745096960.000000 2.229277849 6.066025257 3.424159288 -0.193358272 0.008940717 0.073584490 0.978324056
1403638195795097088.000000 2.217880487 6.032845020 3.419428825 -0.192976564 0.006585504 0.074226812 0.978369594
1403638195845096960.000000 2.206287384 6.001276970 3.413544178 -0.192813143 0.002942658 0.075021036 0.978358984
1403638195895097088.000000 2.196044445 5.969581604 3.406080246 -0.192650586 -0.002196320 0.074837692 0.978407025
1403638195945096960.000000 2.190817595 5.941477299 3.404493093 -0.192192167 -0.006536746 0.076035514 0.978385448
1403638195995097088.000000 2.187208891 5.911676884 3.396923780 -0.192041352 -0.010248916 0.076576449 0.978341043
1403638196045096960.000000 2.183573484 5.885844707 3.391734838 -0.191906527 -0.011295197 0.076826900 0.978336334
1403638196095097088.000000 2.205548525 5.830211639 3.458885431 0.194178775 0.011250803 -0.075673409 -0.977978349
1403638196145096960.000000 2.210526943 5.808643818 3.458021879 0.194803312 0.008255296 -0.074416555 -0.977980494
1403638196195097088.000000 2.198433399 5.818161011 3.388044357 -0.193037286 -0.001737775 0.073808059 0.978409946
1403638196245096960.000000 2.205203772 5.793450356 3.386968374 -0.193663999 0.003790316 0.072385855 0.978386581
1403638196295097088.000000 2.211407661 5.769611359 3.385473013 -0.193962261 0.007430968 0.071761988 0.978352547
1403638196345096960.000000 2.219868422 5.744804859 3.383721352 -0.194864854 0.010608570 0.069909662 0.978277981
1403638196395097088.000000 2.226074696 5.721452713 3.382586718 -0.194228113 0.010416167 0.071827926 0.978267789
1403638196445096960.000000 2.251318216 5.663998604 3.453286886 0.196417376 -0.009394917 -0.071393587 -0.977872670
1403638196495097088.000000 2.233489037 5.673240662 3.387220621 -0.194585651 0.009344195 0.072759651 0.978138626
1403638196545096960.000000 2.234005213 5.649126053 3.394105911 -0.194465324 0.007531111 0.074733846 0.978029370
1403638196595097088.000000 2.235738516 5.628458023 3.399037600 -0.194322839 0.003323898 0.076098152 0.977975845
1403638196645096960.000000 2.235773325 5.607406139 3.407702684 -0.194485083 -0.003063387 0.077357545 0.977845609
1403638196695097088.000000 2.236830950 5.589399815 3.422703266 -0.193944797 -0.008280663 0.080085941 0.977702975
1403638196745096960.000000 2.236545086 5.573993206 3.435055017 -0.194148928 -0.011418203 0.080877148 0.977565765
1403638196795097088.000000 2.236803055 5.555280209 3.447983265 -0.194748059 -0.012636174 0.080431923 0.977468312
1403638196845096960.000000 2.235527039 5.540976048 3.462867022 -0.194582388 -0.012687784 0.081246421 0.977433264
1403638196895097088.000000 2.235613585 5.532039642 3.333853722 -0.190786481 -0.007842014 0.076841593 0.978587985
1403638196945096960.000000 2.235874891 5.523238182 3.350946188 -0.190858781 -0.003636220 0.076008894 0.978663564
1403638196995097088.000000 2.238703966 5.511953831 3.369324446 -0.191313282 0.001853033 0.074570671 0.978690505
1403638197045096960.000000 2.242788315 5.505839348 3.382007837 -0.191662222 0.005805349 0.074030764 0.978647768
1403638197095097088.000000 2.263812780 5.408815384 3.635992765 0.199876860 -0.008240530 -0.075433664 -0.976878285
1403638197145096960.000000 2.273055315 5.401991844 3.653431654 0.200440750 -0.010266765 -0.074307159 -0.976829886
1403638197195097088.000000 2.284414768 5.393059254 3.670654774 0.201451004 -0.010783875 -0.072063223 -0.976784587
1403638197245096960.000000 2.297421217 5.384233475 3.685698748 0.202294484 -0.012437576 -0.069625981 -0.976767421
1403638197295097088.000000 2.312728643 5.372798920 3.699562788 0.204696134 -0.015521203 -0.063518420 -0.976639152
1403638197345096960.000000 2.332183838 5.360991955 3.711183310 0.207006365 -0.018262763 -0.057808757 -0.976459444
1403638197395097088.000000 2.349064827 5.348114967 3.725495815 0.208700210 -0.020434542 -0.053721808 -0.976289213
1403638197445096960.000000 2.367953062 5.336118698 3.739665508 0.210169166 -0.022720162 -0.050687429 -0.976085842
1403638197495097088.000000 2.388947487 5.324475765 3.755595684 0.210334510 -0.024353961 -0.049758568 -0.976058602
1403638197545096960.000000 2.409195185 5.313338280 3.773033142 0.209730193 -0.026177060 -0.051162802 -0.976068854
1403638197595097088.000000 2.432893276 5.302134991 3.790282488 0.209851593 -0.026711471 -0.050757904 -0.976049423
1403638197645096960.000000 2.454258204 5.284470081 3.806354761 0.210126117 -0.027507227 -0.050312936 -0.975991368
1403638197695097088.000000 2.478018284 5.269700050 3.819213867 0.210040048 -0.027189495 -0.050477523 -0.976010263
1403638197745096960.000000 2.501405716 5.252624035 3.830714464 0.209953085 -0.026607839 -0.050083045 -0.976065338
1403638197795097088.000000 2.521786213 5.233342171 3.845944166 0.209700540 -0.027333329 -0.050928667 -0.976055801
1403638197845096960.000000 2.545718193 5.216646671 3.865008354 0.208709359 -0.029768528 -0.053151350 -0.976078510
1403638197895097088.000000 2.566195726 5.196230888 3.880311966 0.207507417 -0.033516753 -0.055614926 -0.976075947
1403638197945096960.000000 2.585334778 5.179809093 3.895877361 0.206660762 -0.041121189 -0.056558125 -0.975910664
1403638197995097088.000000 2.603118420 5.167372704 3.915889263 0.206254095 -0.049340352 -0.057091497 -0.975584686
1403638198045096960.000000 2.643534660 5.147824287 3.990169287 0.207229048 -0.053654794 -0.058045451 -0.975093842
1403638198095097088.000000 2.616245031 5.128727913 3.951141596 0.205715448 -0.053613368 -0.058418427 -0.975394309
1403638198145096960.000000 2.610302448 5.103220940 3.963536978 0.205093518 -0.051651128 -0.060592830 -0.975498497
1403638198195097088.000000 2.603662491 5.080491066 3.983689308 0.204714179 -0.048718635 -0.061871897 -0.975648761
1403638198245096960.000000 2.592770815 5.051816940 3.994808912 0.204842404 -0.045453716 -0.062329754 -0.975750268
1403638198295097088.000000 2.577948093 5.026502609 4.010609627 0.205072343 -0.043100029 -0.061946079 -0.975833178
1403638198345096960.000000 2.562378168 5.001839638 4.027033329 0.205334038 -0.041413985 -0.061448999 -0.975882590
1403638198395097088.000000 2.546269178 4.976271629 4.043812752 0.205963820 -0.036775485 -0.060048509 -0.976022899
1403638198445096960.000000 2.529730320 4.955009937 4.062327385 0.207339510 -0.033134453 -0.056886468 -0.976051450
1403638198495097088.000000 2.513143778 4.929361343 4.078799248 0.208799377 -0.031487077 -0.053522639 -0.975984991
1403638198545096960.000000 2.495991230 4.903298378 4.097886086 0.210767463 -0.028545495 -0.047760557 -0.975951433
1403638198595097088.000000 2.479852200 4.875131130 4.110947132 0.214645132 -0.027990235 -0.038214102 -0.975542784
1403638198645096960.000000 2.459086895 4.848127842 4.126416683 0.218601316 -0.028609293 -0.027895212 -0.974995852
1403638198695097088.000000 2.442041636 4.817372799 4.140934944 0.222046405 -0.029246308 -0.018236166 -0.974426806
1403638198745096960.000000 2.430327892 4.786716461 4.157708645 0.225277111 -0.030189408 -0.009097224 -0.973784447
1403638198795097088.000000 2.418203592 4.751671791 4.173287392 0.227302521 -0.032429427 -0.003323760 -0.973278463
1403638198845096960.000000 2.408624172 4.709853172 4.184121132 0.227907822 -0.033282731 -0.000270594 -0.973113656
1403638198895097088.000000 2.400886536 4.666151524 4.197994709 0.228168339 -0.033401705 0.000327300 -0.973048508
1403638198945096960.000000 2.395781517 4.617945194 4.213087559 0.227948651 -0.032332286 -0.000385184 -0.973136127
1403638198995097088.000000 2.394227982 4.564968109 4.226406097 0.227366596 -0.031484809 -0.002609040 -0.973296702
1403638199045096960.000000 2.392684698 4.514193058 4.239514351 0.226839170 -0.031017333 -0.004343243 -0.973428547
1403638199095097088.000000 2.427528620 4.454621792 4.306160927 0.227471188 -0.029521901 -0.007054643 -0.973311663
1403638199145096960.000000 2.401783228 4.394020081 4.260802269 0.226384193 -0.031061582 -0.007985551 -0.973509967
1403638199195097088.000000 2.408038378 4.330213070 4.270538807 0.225710049 -0.032259773 -0.010375672 -0.973604977
1403638199245096960.000000 2.418943167 4.261400700 4.280957222 0.224977851 -0.035104152 -0.012474221 -0.973651409
1403638199295097088.000000 2.430755377 4.189709663 4.290697575 0.225022465 -0.038423583 -0.012446392 -0.973516166
1403638199345096960.000000 2.443639994 4.115439892 4.301049709 0.224981397 -0.040157054 -0.013220009 -0.973445475
1403638199395097088.000000 2.456206799 4.038505077 4.310468197 0.226485491 -0.040162418 -0.010376689 -0.973130882
1403638199445096960.000000 2.471071720 3.959222794 4.318570137 0.227714658 -0.038734082 -0.008455543 -0.972920477
1403638199495097088.000000 2.485608578 3.875425816 4.323328018 0.229313359 -0.035820231 -0.006604506 -0.972670913
1403638199545096960.000000 2.503947735 3.790295839 4.332973480 0.229859963 -0.031613879 -0.003969064 -0.972702026
1403638199595097088.000000 2.520874023 3.700199842 4.338497162 0.227988765 -0.029694241 -0.003080098 -0.973205984
1403638199645096960.000000 2.535659313 3.606609821 4.342535019 0.224204123 -0.028419809 -0.002466344 -0.974124610
1403638199695097088.000000 2.556233644 3.508465528 4.347558975 0.218105689 -0.029077739 -0.004778548 -0.975480199
1403638199745096960.000000 2.600487947 3.408379078 4.392828941 0.212311506 -0.028374925 -0.009735545 -0.976741493
1403638199795097088.000000 2.592386961 3.308678627 4.349098206 0.203915149 -0.027854118 -0.017832348 -0.978429794
1403638199845096960.000000 2.609428406 3.208068371 4.351760387 0.197912872 -0.027019411 -0.023539558 -0.979564369
1403638199895097088.000000 2.550972700 3.203988552 4.132764816 -0.184986249 0.025575748 0.027192237 0.982031882
1403638199945096960.000000 2.566556215 3.096618891 4.133729458 -0.180772483 0.024900381 0.030475313 0.982737303
1403638199995097088.000000 2.578339815 2.990006208 4.132329464 -0.176662341 0.025129287 0.031569570 0.983444154
1403638200045096960.000000 2.587691545 2.880369425 4.132193089 -0.171789095 0.025354104 0.031834062 0.984292865
1403638200095097088.000000 2.598293304 2.778816700 4.137789726 -0.167681172 0.024495039 0.027467387 0.985154152
1403638200145096960.000000 2.725824833 2.568066359 4.441916943 0.171704337 -0.024733221 -0.022722851 -0.984575868
1403638200195097088.000000 2.737986565 2.459688187 4.446478367 0.166499346 -0.028103212 -0.015431169 -0.985520244
1403638200245096960.000000 2.760366440 2.343312025 4.473153114 0.159453526 -0.033570364 -0.011358600 -0.986569166
1403638200295097088.000000 2.649995565 2.329441547 4.148757458 -0.142510608 0.038680267 0.004613139 0.989026487
1403638200345096960.000000 2.665145159 2.215866566 4.148697853 -0.133798316 0.042851891 0.001401687 0.990080655
1403638200395097088.000000 2.683129549 2.101835489 4.150071621 -0.126443371 0.045939978 -0.004052995 0.990901232
1403638200445096960.000000 2.701879263 1.987456918 4.149556160 -0.120506026 0.045032393 -0.011012183 0.991629541
1403638200495097088.000000 2.856926203 1.766793728 4.511251926 0.125879824 -0.043348316 0.016649218 -0.990958095
1403638200545096960.000000 2.742712975 1.753262162 4.143869877 -0.111321680 0.043515097 -0.024345076 0.992532790
1403638200595097088.000000 2.764364004 1.634549499 4.136215687 -0.105548494 0.041990731 -0.029261436 0.993096173
1403638200645096960.000000 2.920572996 1.412953138 4.484567165 0.109669417 -0.040170092 0.035102222 -0.992535591
1403638200695097088.000000 2.812047958 1.389302492 4.121775627 -0.094799981 0.040453240 -0.044389497 0.993683159
1403638200745096960.000000 2.835728168 1.256499887 4.118783951 -0.089441478 0.037953626 -0.048662450 0.994078338
1403638200795097088.000000 2.859191179 1.127643347 4.111632347 -0.084535748 0.035271652 -0.051514503 0.994462669
1403638200845096960.000000 3.014867783 0.897901952 4.464771748 0.089759782 -0.031365830 0.051014546 -0.994161427
1403638200895097088.000000 2.902421951 0.864057422 4.097080708 -0.076015405 0.030497609 -0.050975133 0.995335698
1403638200945096960.000000 2.921253443 0.728912473 4.090974808 -0.070405260 0.030286577 -0.044049349 0.996085167
1403638200995097088.000000 2.932898521 0.595441401 4.084323883 -0.065739341 0.030782105 -0.037510842 0.996656299
1403638201045096960.000000 3.085582495 0.357249528 4.455890179 0.071017429 -0.030156663 0.028685633 -0.996606410
1403638201095097088.000000 2.955225945 0.322036922 4.073802471 -0.058973737 0.032223921 -0.026227945 0.997394562
1403638201145096960.000000 2.960595846 0.179292977 4.071623325 -0.057520714 0.031291749 -0.023159254 0.997584999
1403638201195097088.000000 2.969392061 0.039921220 4.067512989 -0.056750812 0.032785092 -0.019876348 0.997651994
1403638201245096960.000000 2.976089478 -0.099642105 4.063853741 -0.056056403 0.034407694 -0.016351020 0.997700632
1403638201295097088.000000 2.981089592 -0.239201486 4.060494423 -0.057025522 0.033345580 -0.015984552 0.997687638
1403638201345096960.000000 3.127856493 -0.462051719 4.359299183 0.065724947 -0.029983904 0.014912235 -0.997275770
1403638201395097088.000000 2.986406088 -0.518793046 4.054772854 -0.059544701 0.032551307 -0.017444061 0.997542322
1403638201445096960.000000 2.986163855 -0.658602774 4.052331448 -0.060585875 0.033457186 -0.016739715 0.997461736
1403638201495097088.000000 2.993459940 -0.789896131 4.054376602 -0.061482619 0.034454577 -0.015883675 0.997386813
1403638201545096960.000000 3.145844698 -1.011690617 4.371965408 0.070768669 -0.033141296 0.015632324 -0.996819556
1403638201595097088.000000 3.142254353 -1.151499152 4.373436451 0.072551198 -0.034335285 0.016585488 -0.996635497
1403638201645096960.000000 3.136590242 -1.291524529 4.375092030 0.072978303 -0.036139742 0.015655875 -0.996555626
1403638201695097088.000000 3.122050285 -1.445262671 4.457740784 0.075276822 -0.038149875 0.014085755 -0.996333122
1403638201745096960.000000 3.111598253 -1.585549593 4.460347176 0.076061293 -0.038201038 0.013366017 -0.996281505
1403638201795097088.000000 3.097012997 -1.721720219 4.468983173 0.077459276 -0.038119238 0.014536430 -0.996160507
1403638201845096960.000000 3.089854240 -1.870173216 4.501809597 0.077112578 -0.039320912 0.011498804 -0.996180356
1403638201895097088.000000 3.074115753 -2.010984659 4.504313469 0.077605553 -0.037848145 0.012254225 -0.996190131
1403638201945096960.000000 3.058153868 -2.152451277 4.505451202 0.075773768 -0.037408043 0.012482057 -0.996344984
1403638201995097088.000000 3.042685986 -2.294558764 4.504989624 0.072158717 -0.036948953 0.013629483 -0.996615350
1403638202045096960.000000 3.027496576 -2.437025547 4.502238274 0.067670025 -0.036747891 0.013201314 -0.996943414
1403638202095097088.000000 3.012121201 -2.579627991 4.498080730 0.062382784 -0.035218295 0.009766220 -0.997382998
1403638202145096960.000000 2.998380899 -2.722182989 4.492863655 0.057489552 -0.031772316 0.006912027 -0.997816503
1403638202195097088.000000 2.985378981 -2.864492893 4.485633850 0.053021021 -0.029308846 0.003361087 -0.998157561
1403638202245096960.000000 2.973277330 -3.006188393 4.476418495 0.049223337 -0.025566589 0.000545615 -0.998460412
1403638202295097088.000000 2.962890625 -3.147049665 4.466736794 0.046480432 -0.021154406 0.000072363 -0.998695195
1403638202345096960.000000 2.954767704 -3.286940575 4.457120895 0.043511223 -0.020650279 -0.002409983 -0.998836577
1403638202395097088.000000 2.944450855 -3.403550386 4.328910351 0.040753536 -0.017365286 -0.000237720 -0.999018371
1403638202445096960.000000 2.936522245 -3.559020758 4.423060894 0.040882133 -0.018339058 -0.001552169 -0.998994470
1403638202495097088.000000 2.926274300 -3.695641279 4.415560722 0.040142927 -0.017748637 -0.001187579 -0.999035656
1403638202545096960.000000 2.914391518 -3.831253767 4.409161091 0.038748860 -0.016921543 -0.003392030 -0.999099970
1403638202595097088.000000 2.901279688 -3.965388298 4.403889179 0.037858613 -0.016504133 -0.005126766 -0.999133706
1403638202645096960.000000 2.886572838 -4.098091125 4.399374962 0.037742365 -0.014505560 -0.005487531 -0.999167204
1403638202695097088.000000 2.871294737 -4.229449749 4.395850182 0.037783716 -0.014335834 -0.006042821 -0.999164820
1403638202745096960.000000 2.855185509 -4.359321117 4.393295288 0.038154092 -0.014515190 -0.005766293 -0.999149799
1403638202795097088.000000 2.837958574 -4.487672806 4.391301632 0.038948782 -0.015332139 -0.004996874 -0.999111116
1403638202845096960.000000 2.820549965 -4.614874363 4.389799118 0.039512724 -0.016568068 -0.004543912 -0.999071419
1403638202895097088.000000 2.804839134 -4.744837284 4.405423164 0.040541820 -0.017672401 -0.003516331 -0.999015391
1403638202945096960.000000 2.765110731 -4.865367889 4.375888348 0.040496215 -0.017920626 -0.004760816 -0.999007702
1403638202995097088.000000 2.730416536 -5.027973175 4.360155582 0.040597461 -0.019162817 -0.005409676 -0.998977184
1403638203045096960.000000 2.713675022 -5.167816162 4.348278046 0.040534783 -0.020312335 -0.006338398 -0.998951554
1403638203095097088.000000 2.702962160 -5.309079647 4.327793121 0.040783130 -0.020342065 -0.006198638 -0.998941779
1403638203145096960.000000 2.694749832 -5.433110237 4.315217972 0.041777700 -0.022003025 -0.004901144 -0.998872638
1403638203195097088.000000 2.682843208 -5.563020229 4.297401428 0.042755794 -0.025213525 -0.002833556 -0.998763382
1403638203245096960.000000 2.673159361 -5.684089661 4.288427353 0.043595083 -0.027856659 -0.001023031 -0.998660326
1403638203295097088.000000 2.664895296 -5.804368019 4.278612137 0.043186773 -0.030400418 -0.002072348 -0.998602271
1403638203345096960.000000 2.656648397 -5.923820972 4.267743111 0.043044474 -0.030770177 -0.002936903 -0.998594940
1403638203395097088.000000 2.647401571 -6.042181015 4.256587505 0.042509906 -0.032624662 -0.003749283 -0.998556256
1403638203445096960.000000 2.636370659 -6.159550190 4.245531082 0.042089812 -0.033610802 -0.005025852 -0.998535693
1403638203495097088.000000 2.623538733 -6.275948524 4.234820366 0.042089652 -0.032605864 -0.005785285 -0.998564899
1403638203545096960.000000 2.610789061 -6.399832249 4.227865696 0.041751862 -0.032340117 -0.006952197 -0.998580337
1403638203595097088.000000 2.596653223 -6.517980576 4.220283508 0.041192699 -0.031991348 -0.009154854 -0.998597026
1403638203645096960.000000 2.580945492 -6.630347252 4.210701466 0.041548811 -0.029617971 -0.008492170 -0.998661339
1403638203695097088.000000 2.566019773 -6.739310741 4.196515083 0.041139752 -0.030041816 -0.009507843 -0.998656392
1403638203745096960.000000 2.555324078 -6.850870132 4.182232857 0.041295871 -0.030612843 -0.009479409 -0.998632908
1403638203795097088.000000 2.545999289 -6.961211205 4.166766644 0.042061146 -0.030455854 -0.007730615 -0.998620808
1403638203845096960.000000 2.537963390 -7.070482731 4.150577545 0.041732222 -0.030818997 -0.007921932 -0.998622060
1403638203895097088.000000 2.531160593 -7.178668499 4.132869720 0.042031750 -0.031342950 -0.006727258 -0.998601913
1403638203945096960.000000 2.524970531 -7.285838127 4.114276886 0.041454896 -0.030328354 -0.007108813 -0.998654723
1403638203995097088.000000 2.520237684 -7.392032146 4.094577789 0.040867005 -0.030392909 -0.007524521 -0.998673856
1403638204045096960.000000 2.516416550 -7.497506142 4.073547840 0.039946113 -0.028243497 -0.008423097 -0.998767078
1403638204095097088.000000 2.514302969 -7.602137089 4.050933361 0.039587613 -0.026502613 -0.008368449 -0.998829544
1403638204145096960.000000 2.513693571 -7.705890656 4.027678013 0.038144547 -0.023889722 -0.010508087 -0.998931408
1403638204195097088.000000 2.514887810 -7.808488846 4.003549576 0.036866114 -0.021788737 -0.013660179 -0.998989344
1403638204245096960.000000 2.517438412 -7.909926414 3.979071856 0.035361264 -0.018848447 -0.017559055 -0.999042630
1403638204295097088.000000 2.516735792 -8.013808250 3.968745947 0.033207975 -0.015013803 -0.023786580 -0.999052644
1403638204345096960.000000 2.520856142 -8.114085197 3.950022459 0.030927600 -0.010850210 -0.031297062 -0.998972595
1403638204395097088.000000 2.521140337 -8.208082199 3.919845104 0.029446771 -0.006264228 -0.036721036 -0.998872042
1403638204445096960.000000 2.523044109 -8.300789833 3.892537117 0.028790189 -0.004189650 -0.040735807 -0.998746395
1403638204495097088.000000 2.520927906 -8.389913559 3.860863924 0.028747043 -0.003248523 -0.042786196 -0.998665333
1403638204545096960.000000 2.523478746 -8.478836060 3.839987040 0.028906567 -0.003817347 -0.044013776 -0.998605430
1403638204595097088.000000 2.525387526 -8.565618515 3.820726871 0.027818102 -0.006390436 -0.044303603 -0.998610318
1403638204645096960.000000 2.525426388 -8.650202751 3.802856922 0.026122475 -0.006771315 -0.042641204 -0.998725951
1403638204695097088.000000 2.524048805 -8.732727051 3.786162853 0.023667520 -0.007169208 -0.038257215 -0.998961926
1403638204745096960.000000 2.521310806 -8.813142776 3.770553589 0.020508274 -0.007261474 -0.031263519 -0.999274433
1403638204795097088.000000 2.517339468 -8.891879082 3.756248713 0.016323008 -0.007532144 -0.022780456 -0.999578834
1403638204845096960.000000 2.512079239 -8.969284058 3.742797375 0.011403022 -0.009285984 -0.010997918 -0.999831378
1403638204895097088.000000 2.510202169 -9.047458649 3.725697279 0.004371494 -0.011646181 0.001407693 -0.999921679
1403638204945096960.000000 2.501549482 -9.123926163 3.714519024 -0.005624373 -0.012431876 0.011960988 -0.999835432
1403638204995097088.000000 2.491690874 -9.200611115 3.704098463 -0.017814780 -0.013375192 0.022015156 -0.999509454
1403638205045096960.000000 2.509086132 -9.242009163 3.735463381 -0.031416468 -0.014868667 0.033073239 -0.998848379
1403638205095097088.000000 2.495883226 -9.312946320 3.725707769 -0.047611400 -0.014653224 0.043189120 -0.997824252
1403638205145096960.000000 2.550717115 -9.242292404 3.828683138 -0.066791125 -0.014131074 0.050843857 -0.996370554
1403638205195097088.000000 2.565773010 -9.223276138 3.874536276 -0.088037364 -0.014640105 0.058528841 -0.994288504
1403638205245096960.000000 2.599341393 -9.197844505 3.934915304 -0.110346943 -0.014888844 0.067835540 -0.991463721
1403638205295097088.000000 2.605160713 -9.243151665 3.938731194 -0.133041084 -0.016143894 0.076380774 -0.988031149
1403638205345096960.000000 2.558387041 -9.381282806 3.859831095 -0.156429827 -0.017899452 0.084489137 -0.983905971
1403638205395097088.000000 2.542844296 -9.505923271 3.812643051 -0.178590685 -0.021850847 0.094194911 -0.979160488
1403638205445096960.000000 2.625872612 -9.432483673 3.923539162 -0.198763222 -0.025099792 0.102935545 -0.974303603
1403638205495097088.000000 2.686434031 -9.305547714 4.080447197 -0.214872926 -0.029347060 0.115336336 -0.969363689
1403638205545096960.000000 2.594317913 -9.538644791 3.917638302 -0.228203148 -0.032477319 0.126308769 -0.964839220
1403638205595097088.000000 2.598672867 -9.611324310 3.896255255 -0.238486230 -0.037346445 0.137236699 -0.960674644
1403638205645096960.000000 2.617565393 -9.653251648 3.884248972 -0.247336015 -0.044113714 0.146542430 -0.956767619
1403638205695097088.000000 2.625223637 -9.707582474 3.855267763 -0.254004776 -0.049603179 0.154938236 -0.953422904
1403638205745096960.000000 2.638921976 -9.762415886 3.825030327 -0.260624290 -0.053841170 0.161496535 -0.950313151
1403638205795097088.000000 2.641500473 -9.819790840 3.797451735 -0.268832564 -0.055636231 0.165875763 -0.947163641
1403638205845096960.000000 2.642673016 -9.880489349 3.750371456 -0.277691364 -0.055753406 0.169325352 -0.943985224
1403638205895097088.000000 2.646410942 -9.944346428 3.702465534 -0.287141174 -0.053791340 0.172741368 -0.940647125
1403638205945096960.000000 2.656296730 -10.018442154 3.646345854 -0.297700107 -0.052241713 0.175183684 -0.936993182
1403638205995097088.000000 2.657949924 -10.087893486 3.614219427 -0.310356140 -0.049656935 0.175412491 -0.932975829
1403638206045096960.000000 2.660456181 -10.151765823 3.576520205 -0.322356164 -0.048060853 0.177864701 -0.928515434
1403638206095097088.000000 2.667778015 -10.228716850 3.502043724 -0.333461344 -0.046958331 0.180130482 -0.924203217
1403638206145096960.000000 2.676474094 -10.295079231 3.443348169 -0.345115960 -0.047163904 0.182312176 -0.919474244
1403638206195097088.000000 2.681226015 -10.362534523 3.385592699 -0.355917573 -0.047194920 0.184959680 -0.914814353
1403638206245096960.000000 2.685803175 -10.428306580 3.313142300 -0.366586268 -0.047614381 0.186892107 -0.910175145
1403638206295097088.000000 2.692439556 -10.514475822 3.231341839 -0.376810759 -0.046956446 0.187461272 -0.905906796
1403638206345096960.000000 2.692552567 -10.585822105 3.169207096 -0.388154745 -0.044673529 0.183533758 -0.902028620
1403638206395097088.000000 2.693704605 -10.654664040 3.108365059 0.396373987 0.043255534 -0.181351259 0.898959637
1403638206445096960.000000 2.694208860 -10.718168259 3.035921574 0.403690994 0.042201851 -0.177977741 0.896424353
1403638206495097088.000000 2.694250584 -10.777969360 2.961954594 0.409180850 0.042571168 -0.175553188 0.894393623
1403638206545096960.000000 2.693217754 -10.836274147 2.887268543 0.413647950 0.042454962 -0.173257679 0.892790496
1403638206595097088.000000 2.691854000 -10.890960693 2.809118271 0.416517586 0.043055318 -0.172408238 0.891591191
1403638206645096960.000000 2.690657616 -10.942106247 2.727210522 0.419414133 0.043808609 -0.171266049 0.890415967
1403638206695097088.000000 2.690568447 -10.986526489 2.634668827 0.423733920 0.043466352 -0.169994339 0.888629377
1403638206745096960.000000 2.683645248 -11.041670799 2.579885006 0.427534461 0.042585332 -0.172388196 0.886387706
1403638206795097088.000000 2.675314426 -11.094927788 2.525328636 0.432335228 0.041230235 -0.172191590 0.884158671
1403638206845096960.000000 2.665985107 -11.146264076 2.471382141 0.435332239 0.041113030 -0.174404353 0.882257760
1403638206895097088.000000 2.655666590 -11.195990562 2.417727470 0.438861549 0.041842747 -0.174143732 0.880524695
1403638206945096960.000000 2.644258022 -11.244251251 2.364593029 0.441816151 0.042888835 -0.173206598 0.879180670
1403638206995097088.000000 2.631522655 -11.290628433 2.311868191 0.444678485 0.044177618 -0.171659112 0.877976477
1403638207045096960.000000 2.617446423 -11.334877014 2.259571552 0.446632028 0.045237243 -0.170938447 0.877071023
1403638207095097088.000000 2.602062702 -11.376997948 2.207805634 0.447785318 0.047702797 -0.170960233 0.876347721
1403638207145096960.000000 2.584509850 -11.417001724 2.156823158 0.448989570 0.047486443 -0.170368582 0.875858426
1403638207195097088.000000 2.565341473 -11.454811096 2.105984688 0.451112986 0.047988016 -0.168918386 0.875020504
1403638207245096960.000000 2.544382811 -11.490539551 2.055470943 0.453529000 0.048473183 -0.170007005 0.873532712
1403638207295097088.000000 2.521843195 -11.524120331 2.005164146 0.457512230 0.049801759 -0.170760751 0.871230841
1403638207345096960.000000 2.497870922 -11.555458069 1.954922199 0.463029385 0.050496679 -0.170646936 0.868293464
1403638207395097088.000000 2.473197222 -11.584771156 1.904535770 0.469357014 0.052632410 -0.171940625 0.864505827
1403638207445096960.000000 2.449110270 -11.611760139 1.853406906 0.477110207 0.053501401 -0.173838288 0.859816074
1403638207495097088.000000 2.426802158 -11.635890007 1.800677776 0.485675007 0.054362830 -0.176687136 0.854368865
1403638207545096960.000000 2.405769825 -11.657321930 1.746957302 0.494395912 0.051557660 -0.179125309 0.849016309
1403638207595097088.000000 2.386226892 -11.675842285 1.692625523 0.500768483 0.048528537 -0.185136780 0.844156504
1403638207645096960.000000 2.367777824 -11.691233635 1.637627602 0.507854164 0.041308548 -0.186992526 0.839887857
1403638207695097088.000000 2.351549864 -11.703985214 1.582435131 0.512522340 0.034306888 -0.191815674 0.836271942
1403638207745096960.000000 2.338096619 -11.714864731 1.527033806 0.517491579 0.028565347 -0.192935914 0.833164036
1403638207795097088.000000 2.327412128 -11.723913193 1.472014427 0.521005094 0.023875875 -0.195274174 0.830573142
1403638207845096960.000000 2.319525480 -11.731537819 1.417396545 0.523537755 0.018086486 -0.197210744 0.828667045
1403638207895097088.000000 2.314220428 -11.737874985 1.363372326 0.524946094 0.012117447 -0.199856237 0.827249885
1403638207945096960.000000 2.311513424 -11.743560791 1.310269356 0.525864244 0.008168253 -0.201805100 0.826241434
1403638207995097088.000000 2.310669184 -11.748311043 1.258366585 0.526084542 0.007031678 -0.203378677 0.825725615
