1413393942655760384.000000 0.009036421 0.116074264 -0.035793751 -0.000823272 -0.111185282 -0.002157678 0.993797064
1413393942705760512.000000 -0.026117284 0.062342659 0.034114651 -0.005351415 -0.135626957 -0.008341221 0.990710497
1413393942755760384.000000 -0.030814976 0.069345646 0.037218701 -0.006882138 -0.159839362 -0.009732808 0.987071157
1413393942805760512.000000 -0.036259782 0.081112534 0.046971716 -0.006783588 -0.180563524 -0.013052749 0.983453393
1413393942855760384.000000 -0.038382363 0.086079001 0.049632564 -0.009101353 -0.195886463 -0.015347277 0.980464280
1413393942905760512.000000 -0.009230607 0.240124956 -0.067231327 0.001550972 -0.211705402 -0.004140152 0.977323592
1413393942955760384.000000 -0.014142388 0.247666880 -0.058261454 0.001033329 -0.219462544 -0.005186603 0.975606620
1413393943005760512.000000 -0.018279882 0.252955824 -0.050784603 -0.000038024 -0.217198342 -0.006778331 0.976104021
1413393943055760384.000000 -0.022694249 0.259288013 -0.041088331 -0.000479865 -0.198363796 -0.007989283 0.980095863
1413393943105760512.000000 -0.027904589 0.266115755 -0.030456170 -0.000184819 -0.169334829 -0.011351669 0.985493243
1413393943155760384.000000 -0.038175166 0.185487852 0.037047043 -0.008587475 -0.131534636 -0.024581844 0.990969598
1413393943205760512.000000 -0.035162665 0.359701723 0.049849890 0.007767131 -0.101891965 -0.005734772 0.994748592
1413393943255760384.000000 -0.038581517 0.363302767 0.060381401 0.005536021 -0.065919273 -0.007338960 0.997782648
1413393943305760512.000000 -0.041487943 0.366823256 0.070334569 0.004428872 -0.036699269 -0.005275124 0.999302626
1413393943355760384.000000 -0.041643020 0.369103223 0.077430524 0.003824840 -0.010734997 -0.003907959 0.999927521
1413393943405760512.000000 -0.046110265 0.373260379 0.091629542 0.003550499 0.008457529 -0.003693114 0.999951124
1413393943455760384.000000 -0.036785062 0.434980899 0.151581392 0.010406838 0.015417499 0.000450207 0.999826908
1413393943505760512.000000 -0.040100992 0.437694252 0.155774310 0.008196753 0.011049566 -0.000597188 0.999905229
1413393943555760384.000000 -0.045783836 0.440452278 0.158675373 0.005593163 -0.008630410 -0.004434912 0.999937356
1413393943605760512.000000 -0.045416433 0.444967598 0.159703538 0.003355787 -0.033814657 -0.006471686 0.999401569
1413393943655760384.000000 -0.068477526 0.218605980 0.108663820 -0.024506085 -0.052568905 -0.032316141 0.997793376
1413393943705760512.000000 -0.067514420 0.494464159 0.136772066 0.002447997 -0.098186783 -0.007843673 0.995134115
1413393943755760384.000000 -0.068202443 0.497675389 0.136585504 0.001112669 -0.130272329 -0.007279733 0.991450906
1413393943805760512.000000 -0.074117243 0.500224948 0.135071918 -0.000472323 -0.156535909 -0.008613521 0.987634659
1413393943855760384.000000 -0.073126651 0.503882527 0.140989423 -0.003871378 -0.178225517 -0.008830201 0.983942509
1413393943905760512.000000 -0.077105880 0.510600984 0.141497508 -0.008363437 -0.190044448 -0.007234642 0.981713295
1413393943955760384.000000 -0.081667781 0.533133626 0.109823339 -0.017066211 -0.195573583 -0.003757345 0.980533361
1413393944005760512.000000 -0.082790703 0.536132455 0.113278620 -0.024671458 -0.187887311 0.001174360 0.981880009
1413393944055760384.000000 -0.082396530 0.536583722 0.113867238 -0.035102982 -0.170486152 0.006709979 0.984711826
1413393944105760512.000000 -0.075485013 0.511128545 0.146519214 -0.045766518 -0.148663670 0.014074736 0.987727940
1413393944155760384.000000 -0.076387919 0.513935864 0.151127055 -0.054525863 -0.122985721 0.028115656 0.990510464
1413393944205760512.000000 -0.034729309 0.558350623 0.181005329 -0.059694398 -0.103102736 0.041245576 0.992020845
1413393944255760384.000000 -0.033248797 0.559527099 0.185359553 -0.070656747 -0.075231113 0.051482547 0.993326485
1413393944305760512.000000 -0.033032503 0.562511146 0.190392449 -0.081004597 -0.048265744 0.060141031 0.993726194
1413393944355760384.000000 -0.029449154 0.562958658 0.190553591 -0.092938207 -0.026287314 0.065160111 0.993189692
1413393944405760512.000000 -0.033619650 0.567547262 0.192046016 -0.104655176 -0.007224689 0.065393075 0.992330074
1413393944455760384.000000 0.022539232 0.597987413 0.243455172 -0.112170354 -0.002342228 0.064000092 0.991623104
1413393944505760512.000000 0.021514777 0.598504543 0.247681215 -0.123219199 -0.001936379 0.059860572 0.990570545
1413393944555760384.000000 0.015736759 0.612594903 0.254305750 -0.130458906 -0.014050860 0.053610858 0.989903510
1413393944605760512.000000 0.019582529 0.614005506 0.255919874 -0.140274987 -0.036408514 0.048244577 0.988266051
1413393944655760384.000000 -0.026558788 0.572685301 0.196159676 -0.153451964 -0.060321510 0.047979914 0.985145569
1413393944705760512.000000 0.022845525 0.599242210 0.203158557 -0.157968059 -0.094237752 0.041054264 0.982079387
1413393944755760384.000000 0.051062513 0.651181936 0.196984544 -0.156131104 -0.125128061 0.043705676 0.978803337
1413393944805760512.000000 0.057734504 0.662748635 0.185374156 -0.157529667 -0.149699688 0.046628401 0.974987328
1413393944855760384.000000 0.062408108 0.665696561 0.176555321 -0.160309702 -0.168594599 0.048100751 0.971371770
1413393944905760512.000000 0.070681915 0.673555315 0.170844212 -0.161700860 -0.183300883 0.050213367 0.968365788
1413393944955760384.000000 0.048997846 0.614102781 0.163320512 -0.173590302 -0.188372165 0.050189584 0.965330780
1413393945005760512.000000 0.087328255 0.676569998 0.166421607 -0.168660849 -0.192808673 0.054082777 0.965118349
1413393945055760384.000000 0.098554656 0.677321792 0.177866399 -0.175655633 -0.178232700 0.050862856 0.966846049
1413393945105760512.000000 0.111389287 0.677192271 0.174773991 -0.183764741 -0.152962491 0.046026889 0.969904423
1413393945155760384.000000 0.130675882 0.699252725 0.206418455 -0.190017328 -0.123629637 0.042319372 0.973045886
1413393945205760512.000000 0.141914487 0.705811381 0.230953157 -0.200277388 -0.090021372 0.036628969 0.974906921
1413393945255760384.000000 0.150557160 0.710047841 0.241634816 -0.211680129 -0.056316443 0.031528804 0.975205600
1413393945305760512.000000 0.153696433 0.711012900 0.246844530 0.223260969 0.028044431 -0.028104696 -0.973949850
1413393945355760384.000000 0.153670296 0.711199760 0.254168987 -0.235874251 -0.009240904 0.026078898 0.971389651
1413393945405760512.000000 0.182567313 0.781198740 0.267585725 -0.241356999 -0.003676089 0.033554025 0.969849229
1413393945455760384.000000 0.140995502 0.712882042 0.268943101 -0.260549307 0.000872410 0.031268544 0.964953661
1413393945505760512.000000 0.126311183 0.705551982 0.266098112 -0.272694141 -0.007701569 0.040574882 0.961214006
1413393945555760384.000000 0.107824653 0.707334161 0.278394908 -0.284874290 -0.022839552 0.050600696 0.956955910
1413393945605760512.000000 0.135382608 0.785044312 0.264485240 -0.287391722 -0.045716457 0.065958805 0.954445183
1413393945655760384.000000 0.078377590 0.716307759 0.278369814 -0.309599221 -0.057265490 0.065018415 0.946911633
1413393945705760512.000000 0.070202686 0.714288533 0.284015179 -0.322309703 -0.078405343 0.071127169 0.940696597
1413393945755760384.000000 0.055316146 0.701310754 0.272522002 0.335759133 0.097771011 -0.077187404 -0.933674932
1413393945805760512.000000 0.039487440 0.695324302 0.269221008 -0.348836035 -0.117053606 0.083540879 0.926084697
1413393945855760384.000000 0.025284439 0.685122967 0.262643814 -0.361955643 -0.134185463 0.090430468 0.918043971
1413393945905760512.000000 0.013958901 0.675178707 0.256634235 0.375187337 0.146537915 -0.094220228 -0.910430551
1413393945955760384.000000 0.050207853 0.756467462 0.201057479 -0.373688847 -0.150926754 0.105119519 0.909135699
1413393946005760512.000000 0.045528512 0.749524653 0.199836895 0.388612330 0.139046207 -0.100811005 -0.905253410
1413393946055760384.000000 0.042194918 0.743450344 0.204636216 -0.403452039 -0.119563617 0.094113357 0.902260363
1413393946105760512.000000 0.040173382 0.736840129 0.206423670 0.418593436 0.096593536 -0.085809529 -0.898936033
1413393946155760384.000000 0.037333477 0.725375414 0.210746855 -0.433633357 -0.071809068 0.077031672 0.894914389
1413393946205760512.000000 0.036393683 0.715079784 0.214550644 -0.448723197 -0.048048142 0.068880044 0.889715970
1413393946255760384.000000 0.045315903 0.755395472 0.204430282 -0.458425850 -0.031982325 0.068405136 0.885518849
1413393946305760512.000000 0.042128511 0.748526096 0.203970253 -0.472091287 -0.024949012 0.068573684 0.878524363
1413393946355760384.000000 0.036796104 0.728263080 0.202790290 0.484813571 0.021816866 -0.076914787 -0.870955825
1413393946405760512.000000 0.028099846 0.699782610 0.202020735 -0.497396290 -0.027070802 0.090460248 0.862369478
1413393946455760384.000000 0.020961881 0.673282981 0.198063016 0.509318769 0.034104884 -0.106868334 -0.853235304
1413393946505760512.000000 0.009209588 0.636471212 0.195491940 -0.522493005 -0.044517659 0.121811740 0.842722476
1413393946555760384.000000 0.002435617 0.605505109 0.188179046 -0.535943151 -0.058701947 0.137074053 0.830981255
1413393946605760512.000000 -0.009978399 0.566787779 0.184156448 -0.549645662 -0.076557860 0.150457337 0.818163335
1413393946655760384.000000 -0.015225485 0.553332090 0.182364106 -0.564090252 -0.096140109 0.163032666 0.803728640
1413393946705760512.000000 -0.007801935 0.613063514 0.149280876 0.572618008 0.117078714 -0.176951587 -0.791889727
1413393946755760384.000000 -0.030986123 0.471791416 0.165879309 -0.596187890 -0.130567774 0.177908063 0.771920264
1413393946805760512.000000 -0.033098638 0.444714963 0.158410370 0.612731457 0.138210714 -0.180875435 -0.756797194
1413393946855760384.000000 -0.009916455 0.581854701 0.122418970 0.619623005 0.142173469 -0.187722802 -0.748741806
1413393946905760512.000000 -0.027729727 0.406962812 0.147996247 0.646517098 0.132180199 -0.174540624 -0.730807602
1413393946955760384.000000 0.001422316 0.579720140 0.112257123 0.653189719 0.119162098 -0.171556756 -0.727813065
1413393947005760512.000000 0.007009462 0.562089980 0.109563470 0.671151757 0.096521132 -0.154935941 -0.718494177
1413393947055760384.000000 -0.007069208 0.360453665 0.147255421 0.698012710 0.071269557 -0.128971934 -0.700760484
1413393947105760512.000000 -0.005489171 0.363450795 0.156847894 0.713148654 0.051965415 -0.114601284 -0.689626873
1413393947155760384.000000 -0.004962243 0.356966972 0.163628936 0.727117956 0.038057361 -0.105990246 -0.677212894
1413393947205760512.000000 -0.000178181 0.362306505 0.170269221 0.739486217 0.031714097 -0.104315311 -0.664283633
1413393947255760384.000000 -0.011907235 0.463801801 0.185936242 0.749417722 0.029509354 -0.105696782 -0.652939916
1413393947305760512.000000 -0.018538985 0.333236486 0.201709330 0.764323771 0.025612628 -0.107437320 -0.635303438
1413393947355760384.000000 -0.092506461 0.492929220 0.157579482 0.767487288 0.013594155 -0.119728729 -0.629637659
1413393947405760512.000000 -0.050572388 0.263309240 0.230141848 0.786739349 0.019882703 -0.117822282 -0.605610311
1413393947455760384.000000 -0.068140171 0.228482142 0.241003886 0.795537651 0.013982998 -0.133216128 -0.590912759
1413393947505760512.000000 -0.157521203 0.403602272 0.204881817 0.794701636 -0.000808881 -0.161317080 -0.585171342
1413393947555760384.000000 -0.117950439 0.494880021 0.172982574 0.795350134 0.004867409 -0.187169939 -0.576508462
1413393947605760512.000000 -0.140317217 0.472317815 0.181963205 0.802020133 -0.001131023 -0.205322787 -0.560896575
1413393947655760384.000000 -0.162285253 0.448096842 0.189248890 0.807867885 -0.004180020 -0.224755198 -0.544809341
1413393947705760512.000000 -0.177766412 0.399947375 0.196541786 0.814113677 0.000019099 -0.242602602 -0.527601123
1413393947755760384.000000 -0.203515872 0.396367401 0.194552988 0.820515394 0.010331715 -0.256755680 -0.510611653
1413393947805760512.000000 -0.221750349 0.369906723 0.191660643 0.828619778 0.025682887 -0.264234811 -0.492858678
1413393947855760384.000000 -0.237607926 0.344379038 0.184956014 0.837866604 0.041535668 -0.265112877 -0.475362450
1413393947905760512.000000 -0.251332968 0.320621878 0.175188005 0.847389221 0.053900778 -0.262124330 -0.458603561
1413393947955760384.000000 -0.263008177 0.299252987 0.163083583 0.857207239 0.062401783 -0.254494816 -0.443321764
1413393948005760512.000000 -0.275765747 0.279551715 0.163419902 0.870018184 0.073630594 -0.234282076 -0.427503020
1413393948055760384.000000 -0.280362606 0.238053098 0.158203110 0.880741477 0.082358703 -0.214327797 -0.414216340
1413393948105760512.000000 -0.297033221 0.123414248 0.159920216 0.889746070 0.088402227 -0.197667032 -0.401826829
1413393948155760384.000000 -0.298213929 0.230665177 0.136656210 0.896532536 0.087417699 -0.186381593 -0.392236620
1413393948205760512.000000 -0.301429451 0.194275007 0.136686772 0.903498948 0.081920072 -0.175126195 -0.382504493
1413393948255760384.000000 -0.320090890 0.221245587 0.122814223 0.909806430 0.073248543 -0.164751068 -0.373823464
1413393948305760512.000000 -0.337058216 0.113620058 0.148144588 0.916109562 0.061725579 -0.154510647 -0.364773542
1413393948355760384.000000 -0.311094373 0.216441080 0.089821577 0.917476416 0.044374283 -0.151717544 -0.365033984
1413393948405760512.000000 -0.329629987 0.133837506 0.162090540 0.925707936 0.035929281 -0.135103166 -0.351455569
1413393948455760384.000000 -0.332196862 0.096768007 0.178528935 0.929850876 0.026883639 -0.128500670 -0.343718380
1413393948505760512.000000 -0.331296951 0.199695408 0.153644025 0.932225943 0.018898023 -0.128699765 -0.337689340
1413393948555760384.000000 -0.320588112 0.185496494 0.138805330 0.932284534 0.014530112 -0.140171632 -0.333146095
1413393948605760512.000000 -0.333883345 0.114719212 0.253751308 0.936038971 0.020023279 -0.148287475 -0.318498075
1413393948655760384.000000 -0.321972728 0.158693716 0.154306442 0.930215955 0.023294982 -0.179744929 -0.319135487
1413393948705760512.000000 -0.323907584 0.144507319 0.173776522 0.928709149 0.031152120 -0.201768413 -0.309545487
1413393948755760384.000000 -0.326015860 0.129891604 0.194262847 0.927009165 0.038849231 -0.223006487 -0.299019963
1413393948805760512.000000 -0.338590533 0.072158992 0.382267773 0.932989240 0.048430111 -0.229273066 -0.273165852
1413393948855760384.000000 -0.327482432 0.103951260 0.232833073 0.923865497 0.045894478 -0.260228753 -0.276852608
1413393948905760512.000000 -0.325328231 0.093806863 0.248430669 0.923956037 0.044993870 -0.271891981 -0.265246451
1413393948955760384.000000 -0.322009206 0.085095614 0.262094796 0.925783217 0.041766834 -0.277501911 -0.253325403
1413393949005760512.000000 -0.316443890 0.071465731 0.289599925 0.931168437 0.037064943 -0.271789670 -0.240170807
1413393949055760384.000000 -0.315407038 0.077800721 0.307931483 0.939029694 0.036437705 -0.258193165 -0.224124715
1413393949105760512.000000 -0.307282478 0.066911131 0.332232207 0.946349800 0.033304255 -0.243085667 -0.210291162
1413393949155760384.000000 -0.303996980 0.033763587 0.521212697 0.959216416 0.034152891 -0.212965816 -0.182710484
1413393949205760512.000000 -0.294607341 0.026578635 0.544877529 0.965473592 0.031146789 -0.195621222 -0.169183552
1413393949255760384.000000 -0.277345628 0.067632467 0.360365450 0.965812087 0.024851877 -0.194114268 -0.170026988
1413393949305760512.000000 -0.266300887 0.061359942 0.384661645 0.971364379 0.022425825 -0.176955268 -0.156956151
1413393949355760384.000000 -0.269306540 0.049229398 0.343380570 0.974489987 0.011805363 -0.166214049 -0.150342256
1413393949405760512.000000 -0.257518709 0.043505415 0.371164799 0.978768408 0.007395550 -0.151574224 -0.137779146
1413393949455760384.000000 -0.234530419 0.066465914 0.444325745 0.983606994 0.008298501 -0.134804398 -0.119483277
1413393949505760512.000000 -0.224021494 0.061029643 0.478244990 0.985252380 -0.001492270 -0.131373569 -0.109620467
1413393949555760384.000000 -0.222307608 0.066742092 0.456692845 0.984043539 -0.014839969 -0.143695906 -0.103872873
1413393949605760512.000000 -0.215188280 0.063624367 0.476019412 0.981925488 -0.026130121 -0.159596935 -0.098327622
1413393949655760384.000000 -0.207245544 0.027582720 0.437591344 0.976400852 -0.040625039 -0.184533566 -0.104586869
1413393949705760512.000000 -0.198538914 0.018963039 0.478460193 -0.973247051 0.052512303 0.199883491 0.100395963
1413393949755760384.000000 -0.194853395 0.005474761 0.499125242 0.969764590 -0.066534236 -0.213795871 -0.097062752
1413393949805760512.000000 -0.184448898 -0.008951426 0.542597175 0.966861546 -0.080550663 -0.224384099 -0.091335103
1413393949855760384.000000 -0.179602817 -0.031272549 0.561189890 0.963552892 -0.097906440 -0.233414754 -0.086589932
1413393949905760512.000000 -0.169547021 -0.052039508 0.600000501 -0.960685194 0.111825906 0.241100028 0.080310635
1413393949955760384.000000 -0.162755072 -0.087467141 0.618707299 0.957628727 -0.124374226 -0.248116314 -0.076919183
1413393950005760512.000000 -0.150223494 -0.119330391 0.654295444 -0.956143856 0.128491819 0.253329873 0.071434282
1413393950055760384.000000 -0.142752409 -0.167043805 0.664808035 0.956295669 -0.118742555 -0.258542627 -0.067487948
1413393950105760512.000000 -0.128217429 -0.208758846 0.693362892 -0.958611012 0.093348816 0.261749327 0.061954923
1413393950155760384.000000 -0.115780354 -0.271585494 0.698818445 0.958545446 -0.067715220 -0.270389646 -0.059116870
1413393950205760512.000000 -0.100740254 -0.319399416 0.724243104 0.958459437 -0.040450916 -0.276981115 -0.054779526
1413393950255760384.000000 -0.089752823 -0.386769295 0.723576427 0.957168162 -0.015725311 -0.284237444 -0.052830007
1413393950305760512.000000 -0.076575875 -0.435470313 0.740676224 -0.955988288 -0.003364774 0.289224893 0.049235232
1413393950355760384.000000 -0.066666514 -0.502492607 0.736536562 0.954222739 0.010732382 -0.295016199 -0.048055235
1413393950405760512.000000 -0.057554990 -0.549733043 0.749329329 -0.953347921 -0.013997585 0.298062712 0.045721926
1413393950455760384.000000 -0.052313119 -0.613269210 0.738215506 0.952954948 0.013544197 -0.299409866 -0.045246575
1413393950505760512.000000 -0.048408151 -0.666515946 0.734508157 0.954304099 0.010579475 -0.295383066 -0.044052158
1413393950555760384.000000 -0.046228439 -0.709013581 0.737887084 -0.956853986 -0.008054782 0.287410140 0.041964613
1413393950605760512.000000 -0.047693700 -0.769660592 0.717276752 0.959915936 0.005173758 -0.277093321 -0.041880604
1413393950655760384.000000 -0.049715072 -0.809048891 0.715044558 -0.963787496 -0.003372006 0.263635218 0.039985098
1413393950705760512.000000 -0.070353329 -0.866288424 0.691711843 0.967598855 0.001414709 -0.249535188 -0.038505852
1413393950755760384.000000 -0.076619357 -0.903652370 0.688839674 0.970151067 0.002363031 -0.239696845 -0.036699533
1413393950805760512.000000 -0.075531512 -0.965242088 0.660856783 0.971212029 0.002791263 -0.235221192 -0.037555207
1413393950855760384.000000 -0.088581830 -1.000634432 0.656199157 -0.972624004 -0.004491425 0.229579017 0.035719421
1413393950905760512.000000 -0.107898563 -1.058128595 0.631690681 0.973037302 0.008456351 -0.227792054 -0.035181321
1413393950955760384.000000 -0.126899600 -1.103267431 0.617480457 0.973242164 0.017755989 -0.226721272 -0.032893583
1413393951005760512.000000 -0.144385636 -1.134497046 0.613732040 0.972926497 0.028494619 -0.227354378 -0.030202605
1413393951055760384.000000 -0.165227264 -1.187987328 0.589189410 0.972149730 0.035306353 -0.229799241 -0.029508756
1413393951105760512.000000 -0.182792515 -1.214511752 0.584464252 0.971704543 0.035461616 -0.231868342 -0.027746135
1413393951155760384.000000 -0.205493301 -1.262398839 0.559863031 0.971913040 0.030401280 -0.231656820 -0.028215058
1413393951205760512.000000 -0.221284181 -1.284799933 0.553566158 0.972354472 0.025870962 -0.230501950 -0.026952136
1413393951255760384.000000 -0.237857640 -1.304040790 0.542612553 -0.972704589 -0.020633399 0.229657918 0.026026640
1413393951305760512.000000 -0.252189636 -1.321026921 0.534584522 -0.972935855 -0.017191671 0.229163036 0.024180206
1413393951355760384.000000 -0.265201002 -1.335713506 0.527091980 -0.972886980 -0.014772396 0.229758814 0.021992853
1413393951405760512.000000 -0.266248256 -1.417215824 0.479624540 0.971796513 0.012944326 -0.234314784 -0.023249278
1413393951455760384.000000 -0.278781503 -1.438209295 0.467866898 0.970705271 0.013462392 -0.239006668 -0.020635257
1413393951505760512.000000 -0.288185775 -1.469151855 0.445726454 0.969184995 0.014099563 -0.245161682 -0.019426689
1413393951555760384.000000 -0.304602087 -1.490087867 0.431867331 0.968113065 0.015204698 -0.249450356 -0.017335555
1413393951605760512.000000 -0.317282021 -1.515815139 0.408899188 0.967252910 0.016682638 -0.252774686 -0.015763843
1413393951655760384.000000 -0.337875545 -1.534620285 0.393273652 0.967479169 0.017749084 -0.251961261 -0.013586508
1413393951705760512.000000 -0.357274652 -1.555643201 0.369221181 0.968173623 0.019891262 -0.249213561 -0.011698370
1413393951755760384.000000 -0.380770266 -1.571689606 0.353130430 0.969036460 0.022263339 -0.245734304 -0.009348131
1413393951805760512.000000 -0.396279633 -1.592455387 0.328194320 0.969694853 0.021778094 -0.243218645 -0.007897372
1413393951855760384.000000 -0.420132726 -1.605309725 0.310313463 0.970832467 0.020014226 -0.238858029 -0.005542045
1413393951905760512.000000 -0.441093802 -1.619861841 0.283322960 0.971581459 0.018472066 -0.235964045 -0.003039774
1413393951955760384.000000 -0.463507503 -1.629475236 0.263869375 0.972129345 0.016628267 -0.233854592 -0.000412819
1413393952005760512.000000 -0.482653141 -1.640869498 0.235244453 0.972657144 0.015436553 -0.231722265 0.002180807
1413393952055760384.000000 -0.502119899 -1.647414327 0.214256749 0.973151267 0.014588044 -0.229649529 0.004992062
1413393952105760512.000000 -0.518025041 -1.655228138 0.185745433 0.973663986 0.011865489 -0.227569595 0.007065362
1413393952155760384.000000 -0.531715333 -1.659081340 0.163548276 0.974083722 0.011781318 -0.225672901 0.009690846
1413393952205760512.000000 -0.523515463 -1.672725797 0.129507318 0.973603666 0.008965263 -0.227850422 0.009987089
1413393952255760384.000000 -0.531223595 -1.674107552 0.107510351 0.973954678 0.005854736 -0.226352736 0.011938841
1413393952305760512.000000 -0.528249919 -1.679721236 0.076117113 0.973924220 0.003582609 -0.226513326 0.012270728
1413393952355760384.000000 -0.530364513 -1.678870559 0.054810002 0.974236548 0.001872706 -0.225269347 0.010651365
1413393952405760512.000000 -0.527013958 -1.680652738 0.022544608 0.974443257 0.001962770 -0.224523574 0.006759300
1413393952455760384.000000 -0.527759373 -1.678469658 0.000836536 0.974820256 0.004653555 -0.222938657 0.001503253
1413393952505760512.000000 -0.525009751 -1.678123236 -0.030471101 0.974805236 0.007336448 -0.222858489 -0.005927379
1413393952555760384.000000 -0.525683403 -1.674409628 -0.051966682 0.974670887 0.010421033 -0.222936004 -0.014408505
1413393952605760512.000000 -0.513857126 -1.677126527 -0.081989959 0.974071562 0.014231899 -0.224397331 -0.025058262
1413393952655760384.000000 -0.514082551 -1.671964288 -0.103000693 0.973680496 0.016847072 -0.224478424 -0.035664253
1413393952705760512.000000 -0.508920610 -1.669025421 -0.133830965 0.973033547 0.019267576 -0.224932462 -0.047328081
1413393952755760384.000000 -0.509367824 -1.661962986 -0.153816611 0.972341120 0.020123152 -0.225137621 -0.058829047
1413393952805760512.000000 -0.509208381 -1.652923584 -0.186349899 0.971772492 0.020830208 -0.224660009 -0.068936400
1413393952855760384.000000 -0.509370148 -1.645067096 -0.205041617 0.971013010 0.020546919 -0.225026876 -0.077939197
1413393952905760512.000000 -0.508765697 -1.636587620 -0.234425753 0.970358551 0.015497026 -0.225332960 -0.085960247
1413393952955760384.000000 -0.508360565 -1.627997398 -0.253228247 0.969540298 0.008721304 -0.226366147 -0.093133681
1413393953005760512.000000 -0.496834576 -1.627457142 -0.279410481 0.967898965 0.001623868 -0.230383143 -0.100462057
1413393953055760384.000000 -0.495537609 -1.619094253 -0.298600584 0.967106164 -0.004681167 -0.231519416 -0.105273724
1413393953105760512.000000 -0.495154977 -1.610948682 -0.326141864 0.966428220 -0.010106811 -0.232466653 -0.108966418
1413393953155760384.000000 -0.497720867 -1.604043484 -0.345292568 0.965921640 -0.014360008 -0.233186886 -0.111414254
1413393953205760512.000000 -0.500168443 -1.602712989 -0.376046300 0.965077698 -0.017842343 -0.234934106 -0.114510842
1413393953255760384.000000 -0.511087954 -1.597837806 -0.394852072 0.964891136 -0.021602377 -0.234737799 -0.115830362
1413393953305760512.000000 -0.525478959 -1.594972849 -0.423809677 0.964448571 -0.027819643 -0.235190079 -0.117263459
1413393953355760384.000000 -0.536642790 -1.592896700 -0.444254935 0.964565217 -0.033084981 -0.233720496 -0.117873274
1413393953405760512.000000 -0.550556958 -1.592315793 -0.470356107 0.965309978 -0.037018228 -0.230018973 -0.117887810
1413393953455760384.000000 -0.555244446 -1.594481111 -0.492394716 0.966205060 -0.039287824 -0.226090029 -0.117420703
1413393953505760512.000000 -0.559296131 -1.600477934 -0.528949082 0.967775226 -0.035914648 -0.220302403 -0.116568431
1413393953555760384.000000 -0.555964410 -1.607864857 -0.551541090 0.969746828 -0.028512487 -0.213812903 -0.114289969
1413393953605760512.000000 -0.541181862 -1.627584934 -0.586915493 0.971093595 -0.015712032 -0.209628880 -0.113076448
1413393953655760384.000000 -0.534990907 -1.637502551 -0.607756913 0.972700775 -0.004886660 -0.204046264 -0.110429220
1413393953705760512.000000 -0.529605389 -1.650749564 -0.638547540 0.974229753 0.004430657 -0.198040977 -0.107873447
1413393953755760384.000000 -0.524488151 -1.661418557 -0.656614661 0.975575149 0.010881240 -0.192314908 -0.105592377
1413393953805760512.000000 -0.520058990 -1.676609635 -0.685371995 0.975917637 0.014898394 -0.190206721 -0.105755776
1413393953855760384.000000 -0.519990325 -1.686499953 -0.698710918 -0.976329625 -0.017709836 0.187180653 0.106912464
1413393953905760512.000000 -0.524396062 -1.697803497 -0.719121397 0.976341784 0.018429235 -0.185082853 -0.110279053
1413393953955760384.000000 -0.529329538 -1.706612825 -0.727490425 0.975433886 0.020048639 -0.187011600 -0.114689104
1413393954005760512.000000 -0.537581682 -1.717672825 -0.744140148 0.973032057 0.022340793 -0.195574880 -0.120249629
1413393954055760384.000000 -0.543763518 -1.725403070 -0.748580992 0.970585644 0.024641810 -0.203227639 -0.126707748
1413393954105760512.000000 -0.542691231 -1.737174273 -0.767234921 0.966751754 0.025072237 -0.215839818 -0.134817466
1413393954155760384.000000 -0.547966123 -1.743548393 -0.769812524 0.962839603 0.027481999 -0.227940619 -0.142224103
1413393954205760512.000000 -0.551816225 -1.750088930 -0.783313572 0.958333135 0.029308394 -0.240907162 -0.150673583
1413393954255760384.000000 -0.554835200 -1.754336357 -0.786475897 0.953586221 0.030955402 -0.253164470 -0.160071552
1413393954305760512.000000 -0.556458175 -1.758371592 -0.800501645 0.949041367 0.032828826 -0.262877941 -0.170698464
1413393954355760384.000000 -0.557075083 -1.759876728 -0.806533098 0.944727719 0.034686133 -0.270489484 -0.181994408
1413393954405760512.000000 -0.551341593 -1.762154102 -0.829629779 0.939729989 0.037454244 -0.277893126 -0.195652977
1413393954455760384.000000 -0.551030219 -1.760686874 -0.839832544 0.935876250 0.040101562 -0.280744851 -0.209069103
1413393954505760512.000000 -0.550476432 -1.756154060 -0.865182817 0.932117045 0.043336276 -0.281876951 -0.223215804
1413393954555760384.000000 -0.549392700 -1.751202822 -0.879353940 0.928028286 0.046897359 -0.283059865 -0.237574011
1413393954605760512.000000 -0.543727994 -1.744464159 -0.910313010 0.923409641 0.049497057 -0.285024107 -0.252241939
1413393954655760384.000000 -0.542072058 -1.735992432 -0.928979874 0.920100093 0.052115209 -0.283647656 -0.265035719
1413393954705760512.000000 -0.539491296 -1.723932505 -0.966247916 0.916240931 0.055184063 -0.284488052 -0.276629448
1413393954755760384.000000 -0.538367450 -1.711931109 -0.990121126 0.913384378 0.057348792 -0.284460783 -0.285521060
1413393954805760512.000000 -0.536543369 -1.695847511 -1.033021092 0.910372913 0.059114698 -0.285387427 -0.293735862
1413393954855760384.000000 -0.536290169 -1.680568218 -1.060911179 0.908356309 0.060888171 -0.285235286 -0.299703866
1413393954905760512.000000 -0.535903275 -1.658352613 -1.109647274 0.906704009 0.062749028 -0.284857094 -0.304642320
1413393954955760384.000000 -0.535500288 -1.639213562 -1.142048955 0.906435251 0.063710831 -0.281473637 -0.308364540
1413393955005760512.000000 -0.540062904 -1.608870268 -1.192938089 0.908053100 0.062577240 -0.273154944 -0.311304033
1413393955055760384.000000 -0.538250148 -1.584915161 -1.229657292 0.910301387 0.061124541 -0.261128724 -0.315320641
1413393955105760512.000000 -0.529605389 -1.558134079 -1.291434646 0.910477519 0.060367767 -0.253255695 -0.321322381
1413393955155760384.000000 -0.529277146 -1.530032635 -1.329483986 0.911549926 0.059667353 -0.243104354 -0.326216012
1413393955205760512.000000 -0.529282629 -1.500282526 -1.369233608 0.911678612 0.054937188 -0.236029193 -0.331834674
1413393955255760384.000000 -0.528836608 -1.460683823 -1.436969995 0.910137236 0.049126435 -0.233088985 -0.338978618
1413393955305760512.000000 -0.528839171 -1.429356098 -1.474089742 0.908794165 0.042265937 -0.229796603 -0.345688134
1413393955355760384.000000 -0.528877079 -1.390511990 -1.533969164 0.905949235 0.038793623 -0.228790477 -0.354127079
1413393955405760512.000000 -0.528950632 -1.358357668 -1.570828438 0.902959943 0.037326846 -0.226643980 -0.363184065
1413393955455760384.000000 -0.527173758 -1.318477154 -1.630334854 0.899633229 0.037227031 -0.220728040 -0.374904513
1413393955505760512.000000 -0.524929345 -1.285789251 -1.667153120 0.896112740 0.036588613 -0.211301446 -0.388580710
1413393955555760384.000000 -0.522526622 -1.245878935 -1.725168467 0.891408980 0.036316477 -0.200935319 -0.404593855
1413393955605760512.000000 -0.522402525 -1.215363979 -1.758836985 0.886558115 0.038820323 -0.187041059 -0.421335250
1413393955655760384.000000 -0.524178028 -1.176215410 -1.814170957 0.880440176 0.044582345 -0.174633816 -0.438566625
1413393955705760512.000000 -0.529111266 -1.148683310 -1.843760967 0.874627054 0.056233358 -0.163811341 -0.452803671
1413393955755760384.000000 -0.535643458 -1.110667944 -1.895326257 0.868714452 0.071831763 -0.154568315 -0.465063512
1413393955805760512.000000 -0.545154214 -1.086579561 -1.919117212 0.863357246 0.087612562 -0.146509632 -0.474840224
1413393955855760384.000000 -0.556253552 -1.048997879 -1.963919282 0.857516170 0.102698773 -0.144355237 -0.482991397
1413393955905760512.000000 -0.569789767 -1.026124239 -1.979730725 0.851610422 0.110937782 -0.149101615 -0.490123779
1413393955955760384.000000 -0.582712471 -1.000576735 -1.994606256 0.845195413 0.108105078 -0.160615206 -0.498157382
1413393956005760512.000000 -0.591544390 -0.953268766 -2.036130428 0.838310301 0.101291031 -0.175135344 -0.506264389
1413393956055760384.000000 -0.601555586 -0.927786827 -2.041483402 0.832242727 0.091629714 -0.186589196 -0.513965428
1413393956105760512.000000 -0.607245445 -0.883256912 -2.069540739 0.826066554 0.082219318 -0.195831478 -0.522019267
1413393956155760384.000000 -0.614006996 -0.854870319 -2.073879004 0.820100725 0.074493550 -0.201813549 -0.530242324
1413393956205760512.000000 -0.617336452 -0.808706999 -2.097671032 0.813349664 0.069035724 -0.205328345 -0.539941430
1413393956255760384.000000 -0.620863497 -0.778449535 -2.102044106 0.807958543 0.063772351 -0.201003700 -0.550212324
1413393956305760512.000000 -0.623324335 -0.744839430 -2.110038757 0.802450895 0.059866507 -0.192846447 -0.561514795
1413393956355760384.000000 -0.634628475 -0.677563429 -2.138890743 0.796446085 0.055422068 -0.182673186 -0.573787928
1413393956405760512.000000 -0.635026574 -0.647384405 -2.142231941 0.789571583 0.052023966 -0.172493622 -0.586614251
1413393956455760384.000000 -0.636049449 -0.603252411 -2.159353018 0.781643987 0.049498402 -0.162949592 -0.600025117
1413393956505760512.000000 -0.636781096 -0.574933529 -2.161189079 0.771988034 0.048771292 -0.156988487 -0.614011824
1413393956555760384.000000 -0.638569534 -0.546216011 -2.163797855 0.760830700 0.049827639 -0.154763341 -0.628253222
1413393956605760512.000000 -0.619692445 -0.507829428 -2.187959909 0.746607363 0.053321630 -0.157414228 -0.644170046
1413393956655760384.000000 -0.621677935 -0.483419180 -2.185883522 0.733143985 0.057381980 -0.158923805 -0.658749223
1413393956705760512.000000 -0.624384940 -0.457002401 -2.185066700 0.719095826 0.062656119 -0.162037641 -0.672844172
1413393956755760384.000000 -0.616983056 -0.404005527 -2.210647345 0.704529881 0.068948850 -0.166201577 -0.686484337
1413393956805760512.000000 -0.619135737 -0.382748365 -2.205731869 0.690190017 0.073127255 -0.168483436 -0.699931085
1413393956855760384.000000 -0.629674375 -0.331778646 -2.223979712 0.675077498 0.074860759 -0.171924412 -0.713518202
1413393956905760512.000000 -0.630907893 -0.311527967 -2.219721317 0.660708606 0.074390247 -0.173580363 -0.726498544
1413393956955760384.000000 -0.623464584 -0.275515079 -2.229758501 0.647068679 0.072689019 -0.174277797 -0.738678455
1413393957005760512.000000 -0.624324322 -0.254906058 -2.226816416 0.633481920 0.072678618 -0.173445195 -0.750556648
1413393957055760384.000000 -0.624975324 -0.232294321 -2.225192308 0.619475365 0.073493689 -0.172189966 -0.762364566
1413393957105760512.000000 -0.625449300 -0.188624382 -2.245605469 0.603369892 0.078943275 -0.169696957 -0.775187612
1413393957155760384.000000 -0.625760734 -0.168149710 -2.242374659 0.588998318 0.082465447 -0.163942203 -0.787021935
1413393957205760512.000000 -0.624435186 -0.121353865 -2.259171963 0.572960317 0.085470185 -0.158235013 -0.799608052
1413393957255760384.000000 -0.623988390 -0.098814726 -2.256785631 0.556469023 0.087912247 -0.152439266 -0.812019706
1413393957305760512.000000 -0.622526467 -0.052147985 -2.273052454 -0.538497865 -0.090719223 0.147681683 0.824609101
1413393957355760384.000000 -0.621073008 -0.029328227 -2.271284342 -0.520979643 -0.092063434 0.141876936 0.836645365
1413393957405760512.000000 -0.620933294 -0.021793962 -2.260628223 -0.504580021 -0.092406273 0.135603622 0.847627163
1413393957455760384.000000 -0.618152022 0.054626465 -2.294043541 -0.486504644 -0.092594825 0.130134925 0.858955383
1413393957505760512.000000 -0.618448734 0.076411843 -2.291635513 -0.470825136 -0.091302544 0.123398311 0.868769526
1413393957555760384.000000 -0.620790005 0.127112091 -2.306708336 -0.454500377 -0.089859709 0.117721513 0.878348649
1413393957605760512.000000 -0.626024604 0.147643626 -2.304788351 -0.438374192 -0.087056510 0.111313768 0.887613952
1413393957655760384.000000 -0.634783268 0.203392029 -2.320182800 -0.421581298 -0.081730515 0.105208173 0.896950781
1413393957705760512.000000 -0.644974947 0.221106946 -2.318240404 -0.405227035 -0.074641831 0.096396096 0.906050444
1413393957755760384.000000 -0.656167209 0.265170038 -2.329512596 -0.387569785 -0.070485048 0.088169679 0.914903104
1413393957805760512.000000 -0.671396017 0.279789209 -2.329286337 -0.371480972 -0.068648696 0.077057511 0.922687113
1413393957855760384.000000 -0.697481632 0.330874562 -2.338815689 -0.356946290 -0.068655625 0.064859666 0.929337978
1413393957905760512.000000 -0.715162158 0.342471063 -2.341269732 -0.342503905 -0.072864003 0.052933097 0.935189903
1413393957955760384.000000 -0.728793383 0.391219258 -2.361928701 -0.327311337 -0.080635794 0.042098690 0.940527976
1413393958005760512.000000 -0.744299769 0.396889776 -2.366014957 -0.315507233 -0.089662388 0.032316014 0.944124758
1413393958055760384.000000 -0.758217394 0.436616242 -2.379498482 -0.304473668 -0.099133939 0.026384594 0.946980536
1413393958105760512.000000 -0.766183019 0.435727507 -2.383853912 -0.295491636 -0.105088860 0.023320895 0.949261427
1413393958155760384.000000 -0.761290967 0.461970180 -2.393097639 -0.286262512 -0.111903548 0.022918528 0.951318085
1413393958205760512.000000 -0.761113882 0.461002290 -2.396054745 0.279799104 0.113664843 -0.023591144 -0.953014314
1413393958255760384.000000 -0.776520371 0.494924456 -2.409400463 -0.276507884 -0.107854813 0.027338497 0.954548776
1413393958305760512.000000 -0.770334125 0.490768880 -2.409713745 0.271255642 0.106352665 -0.035562392 -0.955952346
1413393958355760384.000000 -0.757187247 0.531820774 -2.412045240 -0.264833629 -0.104148492 0.048451219 0.957428217
1413393958405760512.000000 -0.750017166 0.526478767 -2.411936283 0.261614680 0.104089655 -0.057723321 -0.957805395
1413393958455760384.000000 -0.714868605 0.527860045 -2.399613857 -0.258073062 -0.111511089 0.064613380 0.957490861
1413393958505760512.000000 -0.711422205 0.521844983 -2.399012327 0.256831527 0.115241542 -0.070498094 -0.956967652
1413393958555760384.000000 -0.707891643 0.542808890 -2.396134377 -0.256120145 -0.121342026 0.075243510 0.956042409
1413393958605760512.000000 -0.710590959 0.537513018 -2.394857883 0.255978614 0.128136113 -0.079077296 -0.954883695
1413393958655760384.000000 -0.701407313 0.564001560 -2.384418488 -0.255114496 -0.137058154 0.081965089 0.953631699
1413393958705760512.000000 -0.709064603 0.559872746 -2.382182121 0.255952686 0.141678959 -0.083480418 -0.952599823
1413393958755760384.000000 -0.711616755 0.585904837 -2.369022131 -0.257123232 -0.141030610 0.083450951 0.952383339
1413393958805760512.000000 -0.722080767 0.585511684 -2.364076614 0.259612888 0.134955585 -0.081052057 -0.952795267
1413393958855760384.000000 -0.730098903 0.610851645 -2.347315788 -0.262243032 -0.127019316 0.077971056 0.953422964
1413393958905760512.000000 -0.744796455 0.609237075 -2.340649366 -0.265133351 -0.119196944 0.074458048 0.953914344
1413393958955760384.000000 -0.758718252 0.636721134 -2.319797516 -0.267452806 -0.112415500 0.072938278 0.954207480
1413393959005760512.000000 -0.778345883 0.637538314 -2.310522079 -0.269311965 -0.104969569 0.073681086 0.954475582
1413393959055760384.000000 -0.794968903 0.668821692 -2.286663532 -0.267321169 -0.098421261 0.079534315 0.955262780
1413393959105760512.000000 -0.817065954 0.670240998 -2.276601553 -0.267704785 -0.088916168 0.086050823 0.955522537
1413393959155760384.000000 -0.827499688 0.694701314 -2.254853487 -0.269307464 -0.079120003 0.090791494 0.955494881
1413393959205760512.000000 -0.847464323 0.696783423 -2.246056080 -0.270806760 -0.071307391 0.090806253 0.955684662
1413393959255760384.000000 -0.863767743 0.723927021 -2.228131294 -0.273849040 -0.067547269 0.085498102 0.955580533
1413393959305760512.000000 -0.883248985 0.726650953 -2.222499609 -0.276600361 -0.069571473 0.081535466 0.954989076
1413393959355760384.000000 -0.899280429 0.758413911 -2.206222534 -0.278100401 -0.075368792 0.078456968 0.954371154
1413393959405760512.000000 -0.917014301 0.762076497 -2.202917576 -0.279986233 -0.080218531 0.075704738 0.953646421
1413393959455760384.000000 -0.931794524 0.781816781 -2.192414045 -0.281461716 -0.084294766 0.074094281 0.952986777
1413393959505760512.000000 -0.945863426 0.785350680 -2.190583944 -0.283413887 -0.084987290 0.070807837 0.952596486
1413393959555760384.000000 -0.953425229 0.809077382 -2.182206631 -0.283450574 -0.085143961 0.068861395 0.952714264
1413393959605760512.000000 -0.963424146 0.812124789 -2.181395531 -0.285229266 -0.073358089 0.063336983 0.953546762
1413393959655760384.000000 -0.978421926 0.834873796 -2.171380281 -0.287792861 -0.055050708 0.055638071 0.954488993
1413393959705760512.000000 -0.986124814 0.835571408 -2.173257828 -0.289026767 -0.040685121 0.051190909 0.955085218
1413393959755760384.000000 -0.990432560 0.844680965 -2.174698353 -0.289677829 -0.031771392 0.047686685 0.955407441
1413393959805760512.000000 -0.998898268 0.841364861 -2.181167126 -0.290601879 -0.032836277 0.046996135 0.955125034
1413393959855760384.000000 -1.002023458 0.858391702 -2.182434082 -0.289280385 -0.047267325 0.052029695 0.954659939
1413393959905760512.000000 -1.011625290 0.851012707 -2.193168879 -0.289750159 -0.061221898 0.055662848 0.953518987
1413393959955760384.000000 -1.031682611 0.854562044 -2.200507641 -0.290713429 -0.074406825 0.058366574 0.952125430
1413393960005760512.000000 -1.039820910 0.844922066 -2.213011026 -0.290716499 -0.087130219 0.062195178 0.950801849
1413393960055760384.000000 -1.048633695 0.841024637 -2.224046707 -0.291142166 -0.097902566 0.065306410 0.949413776
1413393960105760512.000000 -1.054581881 0.830896676 -2.236854076 -0.291219085 -0.107173271 0.067582019 0.948228955
1413393960155760384.000000 -1.054893851 0.842243671 -2.240577221 -0.289483339 -0.119041368 0.070357420 0.947142243
1413393960205760512.000000 -1.059926867 0.832568109 -2.251724720 -0.289488941 -0.128908172 0.073459595 0.945612311
1413393960255760384.000000 -1.050455093 0.842210054 -2.252513647 -0.286779702 -0.144185781 0.078687459 0.943809450
1413393960305760512.000000 -1.054477930 0.834336340 -2.259661436 -0.286458105 -0.151786104 0.081155419 0.942505479
1413393960355760384.000000 -1.056441545 0.838712096 -2.257195473 -0.286071271 -0.153408796 0.081871308 0.942298353
1413393960405760512.000000 -1.056906104 0.832735658 -2.259402037 -0.285235435 -0.146032900 0.078709900 0.943991542
1413393960455760384.000000 -1.051685572 0.840456069 -2.251079798 -0.281791627 -0.137557954 0.074913479 0.946604133
1413393960505760512.000000 -1.053122759 0.835708976 -2.248409748 -0.277173609 -0.127291188 0.069977626 0.949776232
1413393960555760384.000000 -1.055463314 0.842347383 -2.235341549 -0.269239306 -0.121189840 0.065530263 0.953167856
1413393960605760512.000000 -1.065780044 0.837038040 -2.228566408 -0.259058446 -0.115227491 0.060823731 0.957032859
1413393960655760384.000000 -1.082909942 0.839239955 -2.212933540 -0.246557385 -0.110830322 0.056406215 0.961116254
1413393960705760512.000000 -1.104261756 0.832453489 -2.203147411 -0.232620791 -0.108591586 0.051996231 0.965086460
1413393960755760384.000000 -1.127884030 0.839142263 -2.184949160 -0.216196477 -0.110299006 0.048403513 0.968891323
1413393960805760512.000000 -1.157583714 0.831182837 -2.173691988 -0.200481936 -0.111337498 0.045086712 0.972305655
1413393960855760384.000000 -1.189193010 0.835160255 -2.153217316 -0.186022490 -0.118365951 0.043584060 0.974415541
1413393960905760512.000000 -1.221436262 0.826710165 -2.141059875 -0.173364460 -0.128507361 0.043235380 0.975480139
1413393960955760384.000000 -1.242248416 0.829490006 -2.123525381 -0.161003023 -0.137177318 0.046530273 0.976266026
1413393961005760512.000000 -1.269003153 0.821398079 -2.109605074 -0.151844427 -0.143816411 0.049915403 0.976610839
1413393961055760384.000000 -1.286801338 0.826997578 -2.087030888 -0.144260928 -0.146703899 0.050549012 0.977298141
1413393961105760512.000000 -1.306209683 0.820957303 -2.071213245 -0.140094653 -0.141871005 0.047844701 0.978752792
1413393961155760384.000000 -1.315440416 0.828238308 -2.045777559 -0.137229189 -0.134353742 0.044205975 0.980389297
1413393961205760512.000000 -1.326997519 0.823675156 -2.028554678 -0.135550261 -0.120650403 0.042741686 0.982467771
1413393961255760384.000000 -1.322751522 0.832421243 -1.998334646 -0.134648144 -0.093651734 0.045750216 0.985396504
1413393961305760512.000000 -1.325699806 0.829188168 -1.982426882 -0.133167222 -0.064764827 0.050455235 0.987687409
1413393961355760384.000000 -1.316065073 0.836688817 -1.960718989 -0.130785778 -0.034015205 0.056369368 0.989222169
1413393961405760512.000000 -1.313444853 0.834867001 -1.949231267 -0.130103186 -0.008698476 0.057722554 0.989780664
1413393961455760384.000000 -1.295550346 0.843481123 -1.942135930 -0.129212320 0.002987383 0.055159044 0.990077198
1413393961505760512.000000 -1.287585974 0.843303502 -1.939569235 -0.130876124 -0.001205500 0.050661117 0.990102768
1413393961555760384.000000 -1.281707764 0.851373792 -1.932275534 -0.133831680 -0.014571336 0.042975575 0.989964604
1413393961605760512.000000 -1.270368814 0.850315094 -1.941983581 -0.136204481 -0.032785922 0.037950654 0.989410520
1413393961655760384.000000 -1.233540416 0.856969655 -1.960370302 -0.138024375 -0.055304140 0.032599043 0.988346100
1413393961705760512.000000 -1.212918043 0.855158627 -1.975754619 -0.139716044 -0.068250597 0.029514536 0.987395644
1413393961755760384.000000 -1.179528713 0.858437121 -1.991628408 -0.141049370 -0.072183423 0.025967790 0.987026036
1413393961805760512.000000 -1.149438143 0.855192721 -2.009298325 -0.142027482 -0.078366756 0.025763532 0.986419380
1413393961855760384.000000 -1.110357881 0.855862975 -2.029365301 -0.142151818 -0.084269345 0.025757516 0.985914946
1413393961905760512.000000 -1.074134111 0.850753903 -2.050367355 -0.142748833 -0.090991102 0.026511334 0.985210955
1413393961955760384.000000 -1.027341247 0.851818383 -2.072151423 -0.141888529 -0.098491423 0.026992025 0.984600782
1413393962005760512.000000 -0.985668778 0.845006168 -2.094555855 -0.142217577 -0.104797579 0.027845575 0.983878255
1413393962055760384.000000 -0.934272528 0.842253327 -2.116307020 -0.141263813 -0.111573189 0.029824775 0.983212352
1413393962105760512.000000 -0.884180307 0.834684670 -2.137969494 -0.141052470 -0.117139533 0.030203201 0.982583582
1413393962155760384.000000 -0.824480534 0.831024289 -2.156901360 -0.140421540 -0.123797677 0.032191396 0.981794119
1413393962205760512.000000 -0.767270565 0.822626054 -2.176473856 -0.139703020 -0.128463179 0.033673834 0.981247365
1413393962255760384.000000 -0.708238304 0.814498365 -2.194641113 0.139191464 0.131942272 -0.034335997 -0.980835378
1413393962305760512.000000 -0.636320233 0.812196553 -2.208444834 -0.138415948 -0.137455881 0.035419621 0.980149150
1413393962355760384.000000 -0.576261997 0.803394318 -2.224087238 -0.138378829 -0.144752681 0.035902340 0.979085803
1413393962405760512.000000 -0.511740327 0.799491704 -2.234132290 -0.138156146 -0.154691145 0.036583573 0.977571130
1413393962455760384.000000 -0.459929287 0.790675640 -2.246007681 -0.139732316 -0.167612597 0.037950527 0.975161910
1413393962505760512.000000 -0.406908393 0.787982106 -2.249605656 -0.142609254 -0.180900842 0.040120896 0.972279727
1413393962555760384.000000 -0.365759194 0.780301392 -2.255863905 -0.148388863 -0.191781372 0.042467430 0.969225049
1413393962605760512.000000 -0.322850943 0.779809773 -2.251549006 -0.156301245 -0.199081868 0.043361492 0.966465831
1413393962655760384.000000 -0.289677322 0.774389386 -2.250139475 -0.167835504 -0.200911209 0.041580621 0.964228749
1413393962705760512.000000 -0.251157492 0.775853693 -2.236757517 -0.181800127 -0.198919281 0.038135912 0.962250233
1413393962755760384.000000 -0.221109942 0.771914959 -2.227364302 -0.198458448 -0.191058084 0.033636231 0.960718334
1413393962805760512.000000 -0.184711367 0.774566531 -2.204424858 -0.216961697 -0.181189165 0.027256416 0.958830178
1413393962855760384.000000 -0.157503441 0.770704806 -2.187165976 -0.237826243 -0.170457363 0.020588441 0.956012070
1413393962905760512.000000 -0.123931929 0.772008061 -2.156558037 -0.258963972 -0.159054637 0.014156989 0.952595890
1413393962955760384.000000 -0.101624116 0.765706420 -2.133646727 -0.281438142 -0.148280159 0.009807853 0.948002815
1413393963005760512.000000 -0.082568780 0.757090926 -2.105596304 0.303718865 0.139558464 -0.008639050 -0.942445636
1413393963055760384.000000 -0.066203028 0.745514691 -2.076576948 0.325996637 0.130862132 -0.009601413 -0.936220706
1413393963105760512.000000 -0.052175269 0.731103539 -2.045347214 0.348427534 0.122139119 -0.010384181 -0.929286063
1413393963155760384.000000 -0.040844902 0.713621497 -2.012001991 0.369686484 0.113136455 -0.014669301 -0.922126293
1413393963205760512.000000 -0.032640502 0.692651987 -1.976628542 0.389240444 0.103372954 -0.023891004 -0.915005565
1413393963255760384.000000 -0.026939094 0.668164015 -1.940024376 0.407899022 0.092695035 -0.034604765 -0.907650054
1413393963305760512.000000 -0.023997813 0.640771508 -1.902305365 0.425744563 0.084157884 -0.045202591 -0.899786592
1413393963355760384.000000 -0.023504987 0.611130297 -1.863638759 0.443796426 0.077380970 -0.054462306 -0.891117752
1413393963405760512.000000 -0.026047438 0.579203963 -1.824379206 0.461310059 0.073582597 -0.062915511 -0.881941199
1413393963455760384.000000 -0.030897617 0.545120835 -1.784986854 0.478791445 0.071785025 -0.069862373 -0.872195423
1413393963505760512.000000 -0.037872702 0.508895457 -1.744915605 0.495025754 0.069075041 -0.077323988 -0.862669826
1413393963555760384.000000 -0.047026351 0.470980287 -1.704005837 0.510265291 0.066879742 -0.084015004 -0.853286505
1413393963605760512.000000 -0.057788700 0.431220174 -1.661823750 0.524990082 0.063528813 -0.089141749 -0.844039857
1413393963655760384.000000 -0.070659712 0.389331818 -1.618661642 0.539021373 0.060778115 -0.092566766 -0.834981084
1413393963705760512.000000 -0.085869983 0.345375836 -1.574501991 0.552596986 0.058176186 -0.095276028 -0.825938642
1413393963755760384.000000 -0.102918491 0.299578309 -1.529368162 0.566012740 0.056776073 -0.096865050 -0.816714942
1413393963805760512.000000 -0.121221863 0.251488566 -1.483366489 0.579203069 0.056482688 -0.097733021 -0.807330072
1413393963855760384.000000 -0.142038018 0.200970769 -1.436321139 0.591804147 0.057991713 -0.099552013 -0.797805905
1413393963905760512.000000 -0.164923102 0.148035407 -1.388259411 0.604147911 0.060629185 -0.101879679 -0.788003862
1413393963955760384.000000 -0.190072656 0.093108416 -1.339161634 0.616374254 0.064752914 -0.104784489 -0.777759671
1413393964005760512.000000 -0.217506185 0.036375046 -1.288306832 0.627956927 0.068714701 -0.108464085 -0.767583191
1413393964055760384.000000 -0.245969638 -0.021779060 -1.235797644 0.639528215 0.071082741 -0.111916535 -0.757248700
1413393964105760512.000000 -0.275810480 -0.081548691 -1.181645274 0.650969326 0.071414702 -0.115679659 -0.746831357
1413393964155760384.000000 -0.307588696 -0.142319202 -1.125651121 0.661617339 0.069171168 -0.121900745 -0.736626148
1413393964205760512.000000 -0.340141296 -0.204300284 -1.068393350 0.671825111 0.064647950 -0.128770977 -0.726560235
1413393964255760384.000000 -0.372829258 -0.267044425 -1.010080099 0.681668222 0.059481397 -0.137291461 -0.716199398
1413393964305760512.000000 -0.404874504 -0.330803692 -0.950468183 0.690685391 0.054831073 -0.147010818 -0.705928564
1413393964355760384.000000 -0.435595691 -0.395638883 -0.891012013 0.699506462 0.051893100 -0.154572472 -0.695776761
1413393964405760512.000000 -0.464628816 -0.461377203 -0.831428826 0.708183646 0.048109703 -0.162628844 -0.685356379
1413393964455760384.000000 -0.492747486 -0.527586102 -0.771968544 0.716484249 0.044827551 -0.169232786 -0.675278544
1413393964505760512.000000 -0.519899487 -0.594731092 -0.711619318 0.724379122 0.041996948 -0.175507903 -0.665363193
1413393964555760384.000000 -0.544275761 -0.662086725 -0.652545810 0.732164502 0.037053172 -0.181057096 -0.655576527
1413393964605760512.000000 -0.568257213 -0.729843140 -0.594863594 0.739311397 0.032077432 -0.187201709 -0.646022737
1413393964655760384.000000 -0.592129946 -0.799168229 -0.539210200 0.746273756 0.026150668 -0.192589477 -0.636632562
1413393964705760512.000000 -0.613464534 -0.867900908 -0.484848022 0.753841400 0.020777773 -0.195541635 -0.626940846
1413393964755760384.000000 -0.633905530 -0.936707795 -0.431694031 0.760373890 0.015937416 -0.201244771 -0.617315233
1413393964805760512.000000 -0.653666735 -1.006502151 -0.381144345 0.766299784 0.012344554 -0.208715856 -0.607511282
1413393964855760384.000000 -0.672658801 -1.077139258 -0.332641959 0.771778584 0.011426680 -0.216542333 -0.597776532
1413393964905760512.000000 -0.691129208 -1.148382306 -0.286815882 0.776912510 0.011608912 -0.227008149 -0.587145269
1413393964955760384.000000 -0.709136248 -1.219867468 -0.243611336 0.780377865 0.012564188 -0.241264775 -0.576752901
1413393965005760512.000000 -0.726620197 -1.291289568 -0.203365326 0.782587171 0.010673337 -0.258451223 -0.566256464
1413393965055760384.000000 -0.743122697 -1.361659884 -0.167078972 0.784408391 0.007133436 -0.275932461 -0.555440307
1413393965105760512.000000 -0.758982360 -1.430927277 -0.135276914 0.785438001 0.002477607 -0.294361889 -0.544455826
1413393965155760384.000000 -0.773346484 -1.498539567 -0.109336853 0.787064672 -0.002043379 -0.310280025 -0.533152223
1413393965205760512.000000 -0.786897480 -1.564621568 -0.089756012 0.789563894 -0.002805765 -0.323030770 -0.521758795
1413393965255760384.000000 -0.798803031 -1.627585292 -0.078118563 0.792490125 0.003507694 -0.333691865 -0.510486960
1413393965305760512.000000 -0.808503211 -1.688786268 -0.073551774 0.795941532 0.013963198 -0.339751184 -0.500850558
1413393965355760384.000000 -0.817233562 -1.746360898 -0.076254010 0.800089955 0.030723540 -0.340749055 -0.492749691
1413393965405760512.000000 -0.823922634 -1.799706101 -0.085821271 0.805663764 0.052552164 -0.333705395 -0.486605614
1413393965455760384.000000 -0.828657031 -1.847783804 -0.101207376 0.811590433 0.076372318 -0.321004152 -0.482125163
1413393965505760512.000000 -0.831361711 -1.890286565 -0.120772123 0.818183839 0.102795623 -0.300261974 -0.479427904
1413393965555760384.000000 -0.833055913 -1.926189303 -0.142686963 0.823519945 0.129019842 -0.278004140 -0.477370471
1413393965605760512.000000 -0.834142566 -1.955461144 -0.164652348 0.827573299 0.147924319 -0.257923543 -0.476147413
1413393965655760384.000000 -0.841380656 -1.978014469 -0.175083399 0.830550075 0.161407486 -0.240708917 -0.475598037
1413393965705760512.000000 -0.843094766 -1.996092677 -0.190882325 0.833585799 0.162807927 -0.227775350 -0.476179361
1413393965755760384.000000 -0.842844963 -2.004930258 -0.205395699 0.836475611 0.151509717 -0.220999464 -0.478029966
1413393965805760512.000000 -0.840073764 -2.010050297 -0.209494352 0.840091884 0.135038361 -0.211415634 -0.480950862
1413393965855760384.000000 -0.837741613 -2.008240700 -0.218133450 0.843732953 0.116794966 -0.200347409 -0.484081239
1413393965905760512.000000 -0.837173462 -2.002564907 -0.226972342 0.846219361 0.106337845 -0.191481084 -0.485736758
1413393965955760384.000000 -0.839574456 -1.994998574 -0.230064869 0.848428488 0.105443612 -0.181363344 -0.485961080
1413393966005760512.000000 -0.844158888 -1.985095024 -0.230063915 0.850101888 0.108502366 -0.172376990 -0.485633880
1413393966055760384.000000 -0.848466933 -1.972416282 -0.226635456 0.851083577 0.111873381 -0.166609913 -0.485162139
1413393966105760512.000000 -0.850570381 -1.957270265 -0.219038248 0.851156712 0.108672500 -0.166529253 -0.485788643
1413393966155760384.000000 -0.849777579 -1.940264463 -0.207388759 0.850757539 0.104114734 -0.170277894 -0.486186326
1413393966205760512.000000 -0.845133424 -1.920643687 -0.192384720 0.850603998 0.100753337 -0.172434717 -0.486403108
1413393966255760384.000000 -0.836525381 -1.899015307 -0.174080372 0.850205779 0.099073529 -0.174484581 -0.486713260
1413393966305760512.000000 -0.824259639 -1.874964476 -0.153063774 0.850455344 0.104266554 -0.172243819 -0.485990137
1413393966355760384.000000 -0.807666779 -1.848360538 -0.129134536 0.851306081 0.110806450 -0.165353522 -0.485446304
1413393966405760512.000000 -0.786041439 -1.819916725 -0.101124287 0.852967322 0.115498163 -0.153147504 -0.485440880
1413393966455760384.000000 -0.761855602 -1.789952159 -0.068291068 0.854610860 0.113415003 -0.142413035 -0.486308515
1413393966505760512.000000 -0.736091614 -1.758394718 -0.030593276 0.856200576 0.104678579 -0.132603213 -0.488241136
1413393966555760384.000000 -0.711628199 -1.726121902 0.012151003 0.857273400 0.092152774 -0.124285579 -0.491063446
1413393966605760512.000000 -0.689748824 -1.693953514 0.059717417 0.858046412 0.080542989 -0.117448382 -0.493431896
1413393966655760384.000000 -0.670867026 -1.662147641 0.112001538 0.858614802 0.070753910 -0.112477593 -0.495099336
1413393966705760512.000000 -0.654958189 -1.632025838 0.169429183 0.859115243 0.062260542 -0.108273134 -0.496307880
1413393966755760384.000000 -0.641611457 -1.603595257 0.231559753 0.859534085 0.055501234 -0.105444692 -0.496993095
1413393966805760512.000000 -0.621476471 -1.579436898 0.301518202 0.859846115 0.051196534 -0.103373781 -0.497350395
1413393966855760384.000000 -0.612964511 -1.555034161 0.373087764 0.859652758 0.047847345 -0.106369033 -0.497386545
1413393966905760512.000000 -0.607386410 -1.532664776 0.448940158 0.858532667 0.045496639 -0.116771936 -0.497208267
1413393966955760384.000000 -0.604052722 -1.512623549 0.528736353 0.857056677 0.040083248 -0.131091893 -0.496650934
1413393967005760512.000000 -0.599405944 -1.481054544 0.613315582 0.855621874 0.033281606 -0.149207711 -0.494510561
1413393967055760384.000000 -0.599081576 -1.463799715 0.698631883 0.854685485 0.026797784 -0.164626196 -0.491622657
1413393967105760512.000000 -0.600177765 -1.447999239 0.785592556 0.854217470 0.021533856 -0.177027971 -0.488374799
1413393967155760384.000000 -0.602206647 -1.433798552 0.873529196 0.854820490 0.018094182 -0.185305730 -0.484372139
1413393967205760512.000000 -0.605256438 -1.421053886 0.962053657 0.855889201 0.014768668 -0.191679597 -0.480098486
1413393967255760384.000000 -0.609054625 -1.410105228 1.050677896 0.858762860 0.012097488 -0.192869931 -0.474532664
1413393967305760512.000000 -0.614483416 -1.400949121 1.139518380 0.862504065 0.009920201 -0.192981035 -0.467703611
1413393967355760384.000000 -0.621288776 -1.393383980 1.228203177 0.867693543 0.009196005 -0.190545276 -0.459037930
1413393967405760512.000000 -0.629718184 -1.387746453 1.317098737 0.873812437 0.007480702 -0.187390506 -0.448643208
1413393967455760384.000000 -0.639888287 -1.383722901 1.406419754 0.880299985 0.003729047 -0.184823364 -0.436919302
1413393967505760512.000000 -0.651545286 -1.381295919 1.496378064 0.886268258 -0.001813727 -0.184760079 -0.424722344
1413393967555760384.000000 -0.663025856 -1.381018519 1.586852074 0.892574370 -0.004136840 -0.185182378 -0.411097705
1413393967605760512.000000 -0.674018323 -1.382814765 1.677911639 0.898274481 -0.007676838 -0.188072830 -0.397080153
1413393967655760384.000000 -0.684113920 -1.386892676 1.769476414 0.903879285 -0.010395867 -0.191152930 -0.382563442
1413393967705760512.000000 -0.359493077 -1.020121455 1.731065750 0.909911096 -0.010367323 -0.192994818 -0.367025077
1413393967755760384.000000 -0.344838560 -1.013763666 1.817093253 0.915501058 -0.010389862 -0.195513532 -0.351460308
1413393967805760512.000000 -0.339502752 -0.978137195 1.898247719 0.920760572 -0.010077891 -0.197982416 -0.336008251
1413393967855760384.000000 -0.331046045 -0.978046775 1.986163974 0.925047159 -0.009003210 -0.202407017 -0.321307003
1413393967905760512.000000 -0.309008896 -0.975935757 2.073671818 0.927078366 -0.006635956 -0.213738427 -0.307892323
1413393967955760384.000000 -0.279223323 -0.981147707 2.160937309 0.927518785 -0.003112901 -0.227657348 -0.296431005
1413393968005760512.000000 -0.246163011 -0.972823799 2.244103909 0.926869333 0.000140163 -0.242293030 -0.286718428
1413393968055760384.000000 -0.208429217 -0.984762132 2.337108135 0.927603066 0.005156725 -0.249413803 -0.278062493
1413393968105760512.000000 -0.167035818 -0.983429670 2.429275513 0.928613067 0.008008501 -0.252979785 -0.271320701
1413393968155760384.000000 -0.119452715 -0.980991662 2.507829428 0.929824114 0.008154982 -0.253941953 -0.266221881
1413393968205760512.000000 -0.070609331 -0.976583898 2.584418058 0.930672467 0.004500286 -0.255001783 -0.262302577
1413393968255760384.000000 -0.021584511 -0.971309304 2.659485340 0.930626333 -0.000011355 -0.257671773 -0.259884536
1413393968305760512.000000 0.026497602 -0.965337574 2.733038187 0.930264652 -0.000961684 -0.260484636 -0.258369029
1413393968355760384.000000 0.073445797 -0.958668828 2.804461241 0.930414081 0.006641436 -0.261496812 -0.256719798
1413393968405760512.000000 0.119185567 -0.950847745 2.874028206 0.930713475 0.018763790 -0.261011600 -0.255525827
1413393968455760384.000000 0.163654208 -0.941364884 2.942110062 0.931199491 0.029854828 -0.258995205 -0.254750520
1413393968505760512.000000 0.207110524 -0.929825664 3.009088755 0.932715654 0.037963562 -0.252287149 -0.254855961
1413393968555760384.000000 0.248671770 -0.915970325 3.075367689 0.934238493 0.043558560 -0.245437399 -0.255072057
1413393968605760512.000000 0.287808061 -0.899571419 3.140857220 0.935070395 0.048384208 -0.241752565 -0.254672617
1413393968655760384.000000 0.312913418 -0.883390427 3.212494850 0.935589075 0.051036231 -0.240742505 -0.253202349
1413393968705760512.000000 0.347117066 -0.862509131 3.278277159 0.935927570 0.050808962 -0.242341697 -0.250457019
1413393968755760384.000000 0.379806280 -0.839040756 3.343988895 0.936553538 0.049681526 -0.243632197 -0.247068077
1413393968805760512.000000 0.411065698 -0.813137650 3.409155369 0.938679874 0.046780970 -0.240782276 -0.242313147
1413393968855760384.000000 0.441068172 -0.785141230 3.473990440 0.942203343 0.042405274 -0.233925223 -0.236080021
1413393968905760512.000000 0.469706059 -0.755183101 3.538628578 0.946625292 0.035400528 -0.224765122 -0.228315800
1413393968955760384.000000 0.495678008 -0.723634720 3.603801727 0.950840473 0.024078442 -0.217187241 -0.219436735
1413393969005760512.000000 0.519446194 -0.690982461 3.669551134 0.954617560 0.011523317 -0.211692691 -0.209185943
1413393969055760384.000000 0.541747272 -0.658025503 3.736516953 0.958386242 0.001093352 -0.206146851 -0.197479740
1413393969105760512.000000 0.563785672 -0.625265241 3.804906368 0.962073922 -0.006534907 -0.200882763 -0.184437454
1413393969155760384.000000 0.585854828 -0.592918992 3.874305487 -0.965748966 0.008704233 0.196016163 0.169796497
1413393969205760512.000000 0.608914852 -0.560894847 3.944291592 -0.968795538 0.008704226 0.193868563 0.154189765
1413393969255760384.000000 0.634079397 -0.529340386 4.015544891 -0.971581638 0.008684545 0.192062557 0.138079002
1413393969305760512.000000 0.660094142 -0.497704864 4.087737083 -0.973271310 0.009647839 0.194541067 0.121670656
1413393969355760384.000000 1.196456671 -0.213063836 3.807242393 -0.974492490 0.012895199 0.197563648 0.105672948
1413393969405760512.000000 1.258403420 -0.167810440 3.859502554 -0.975266814 0.019543650 0.200635627 0.090653501
1413393969455760384.000000 1.323378086 -0.122566342 3.912009716 -0.975745499 0.030647783 0.202680022 0.076826274
1413393969505760512.000000 1.390810251 -0.077786624 3.964610577 -0.975752056 0.046417572 0.204034567 0.064212836
1413393969555760384.000000 1.460911989 -0.034398973 4.017170906 -0.975702286 0.058518250 0.204884395 0.051020585
1413393969605760512.000000 1.533159018 0.007143259 4.069727898 -0.974599898 0.068594843 0.209699661 0.038417801
1413393969655760384.000000 1.608892560 0.045917749 4.120989323 -0.973648250 0.075590782 0.213703856 0.025016056
