1413394939955760384.000000 0.065452605 -0.015190833 0.087368183 -0.020539822 -0.009041153 -0.001828160 0.999746501
1413394940055760384.000000 0.058415063 -0.011453184 0.120467186 -0.045509923 -0.013276074 -0.026471168 0.998524904
1413394940155760384.000000 0.103649914 -0.017394580 0.158910051 -0.071576849 -0.028148804 -0.017874189 0.996877551
1413394940255760384.000000 0.201679245 -0.008352729 0.381411493 -0.096086882 -0.019968599 -0.010314308 0.995119214
1413394940355760384.000000 0.135460034 -0.011492022 0.233226836 -0.126911566 -0.004997603 0.011546031 0.991834283
1413394940455760384.000000 0.217135310 -0.002638720 0.460072696 -0.161578044 0.008989124 0.019050969 0.986635089
1413394940555760384.000000 0.269618154 0.050965980 0.720668733 -0.196175784 0.016186450 0.022404656 0.980179191
1413394940655760384.000000 0.243007854 0.012170788 0.532548606 -0.240076289 0.014649488 0.014317528 0.970537901
1413394940755760384.000000 0.291689277 0.065975636 0.795125246 -0.268482983 0.010773324 0.000626364 0.963224053
1413394940855760384.000000 0.367514580 0.118030146 1.044665217 -0.286178380 0.012538512 0.008626316 0.958055496
1413394940955760384.000000 0.390533149 0.118579119 1.081348658 -0.288839787 0.015339279 0.031454947 0.956737638
1413394941005760512.000000 0.401370943 0.119176991 1.106755257 -0.289255172 0.016176935 0.049368214 0.955841362
1413394941055760384.000000 0.408543915 0.127113178 1.120710731 -0.286936104 0.015517110 0.066582792 0.955506980
1413394941105760512.000000 0.518378854 0.135826081 1.304744005 -0.288421959 0.012114536 0.083704755 0.953760743
1413394941205760512.000000 0.442108423 0.128981188 1.179244757 -0.293175310 0.007085794 0.112884901 0.949344575
1413394941305760512.000000 0.562256873 0.150307938 1.379809618 -0.298795015 0.002104297 0.121891610 0.946498632
1413394941405760512.000000 0.731146693 0.225697994 1.590882540 -0.304140836 -0.009220914 0.124037802 0.944472313
1413394941505760512.000000 0.740520775 0.238965780 1.629611969 -0.319274485 -0.008186112 0.094385833 0.942914724
1413394941605760512.000000 0.763071418 0.262730241 1.660392523 -0.332544357 -0.009458969 0.061079621 0.941060066
1413394941705760512.000000 0.994838834 0.426302552 1.874324799 -0.345002592 -0.017808465 0.041491818 0.937515080
1413394941755760384.000000 1.007011533 0.439606875 1.894415736 -0.350437313 -0.009167941 0.039365601 0.935713708
1413394941805760512.000000 1.003151298 0.463428617 1.886690974 -0.346234173 0.002520039 0.040282819 0.937279522
1413394941855760384.000000 1.005661964 0.476264864 1.892434955 -0.341970205 0.015876379 0.055114456 0.937958837
1413394941905760512.000000 0.593743026 0.321044803 1.501277328 -0.316198975 0.066315830 0.074875966 0.943405569
1413394941955760384.000000 1.223170161 0.601131082 2.152465820 -0.346239775 0.027780414 0.099599868 0.932430267
1413394942005760512.000000 1.218698859 0.614803433 2.168570280 -0.339321434 0.043655545 0.122321889 0.931661189
1413394942055760384.000000 1.215204477 0.628648996 2.183003426 -0.331204712 0.058764845 0.144288003 0.930607975
1413394942105760512.000000 1.226475954 0.646114290 2.206226587 -0.326435387 0.068349242 0.164459810 0.928289473
1413394942155760384.000000 1.235380054 0.663347185 2.217166185 -0.321255594 0.075200804 0.182274967 0.926237285
1413394942205760512.000000 1.453557849 0.813707352 2.401841164 -0.327782661 0.065648012 0.201200575 0.920742750
1413394942255760384.000000 1.500958562 0.870627105 2.437425852 -0.329718262 0.069977276 0.215708882 0.916438103
1413394942305760512.000000 1.547835588 0.933682680 2.466959953 -0.334179729 0.071908332 0.227787077 0.911738038
1413394942355760384.000000 1.595384359 1.003060579 2.489142895 -0.343201190 0.074706145 0.234603211 0.906417847
1413394942405760512.000000 1.641847491 1.078316331 2.504964113 -0.354487926 0.074589036 0.238253787 0.901116014
1413394942455760384.000000 1.688196421 1.160709500 2.514859200 -0.369222432 0.077017516 0.238262713 0.894971550
1413394942505760512.000000 1.730806828 1.248417020 2.520254374 -0.386115313 0.078811072 0.236941174 0.888010561
1413394942555760384.000000 1.768534660 1.340683222 2.522041321 -0.403517663 0.082126580 0.236182898 0.880139947
1413394942605760512.000000 1.801092863 1.437510490 2.520750999 -0.422142774 0.084179595 0.235171139 0.871437788
1413394942655760384.000000 1.828376055 1.537994862 2.516412258 -0.441635340 0.088511921 0.233289570 0.861800373
1413394942705760512.000000 1.850212097 1.641590357 2.508960247 -0.462960571 0.092152551 0.228284657 0.851505458
1413394942755760384.000000 1.867372036 1.747630715 2.498448849 -0.488114625 0.093895972 0.214070410 0.840893269
1413394942805760512.000000 1.873728991 1.837810397 2.483520031 0.516248107 -0.095914215 -0.191808149 -0.829154968
1413394942855760384.000000 1.888105512 1.962478876 2.470424652 -0.544819832 0.096226491 0.165489957 0.816409826
1413394942905760512.000000 1.884660244 2.052210808 2.453597784 0.573120654 -0.096899927 -0.137021080 -0.802102506
1413394942955760384.000000 1.886508942 2.173108101 2.441744089 -0.599135995 0.097463347 0.111266322 0.786865115
1413394943005760512.000000 1.873454690 2.258942842 2.426464081 0.622118175 -0.099394940 -0.092383221 -0.771073937
1413394943055760384.000000 1.864319801 2.371180773 2.419556379 -0.642410278 0.100295752 0.079738371 0.755573750
1413394943105760512.000000 1.845124245 2.449426651 2.407472849 0.661069036 -0.102329783 -0.072193041 -0.739800394
1413394943155760384.000000 1.830753565 2.550424576 2.407115459 -0.678698003 0.103132606 0.067951553 0.723958135
1413394943205760512.000000 1.807135940 2.617384434 2.399105787 0.695102334 -0.105398595 -0.065660119 -0.708105028
1413394943255760384.000000 1.788161635 2.704561472 2.406787157 -0.710828722 0.105675034 0.065923288 0.692249656
1413394943305760512.000000 1.761021852 2.758758307 2.402718306 -0.725243270 0.107713543 0.068368874 0.676569045
1413394943355760384.000000 1.742635489 2.830000162 2.419630051 -0.738537908 0.107542999 0.073199868 0.661542237
1413394943405760512.000000 1.718803525 2.868463278 2.420517206 -0.750907421 0.106771819 0.079078063 0.646903753
1413394943455760384.000000 1.702818751 2.919285297 2.445028305 -0.763017952 0.102404572 0.085349359 0.632481158
1413394943505760512.000000 1.684613466 2.943520546 2.450969458 -0.774299383 0.097445585 0.092343546 0.618415356
1413394943555760384.000000 1.676514626 2.976721764 2.482209682 0.783572853 -0.090122640 -0.104259297 -0.605822980
1413394943605760512.000000 1.664100885 2.990059137 2.495164633 0.790419340 -0.082173362 -0.119367622 -0.595177531
1413394943655760384.000000 1.671187997 3.014319420 2.536605120 0.794359863 -0.070601992 -0.139187038 -0.587056041
1413394943705760512.000000 1.662802100 3.019700050 2.556693316 0.795769393 -0.068661138 -0.160260335 -0.579959750
1413394943755760384.000000 1.664320469 3.035129070 2.604785204 0.797500610 -0.066105552 -0.177021056 -0.572962821
1413394943805760512.000000 1.657004833 3.036018372 2.631029129 0.797795057 -0.069513299 -0.191002503 -0.567634642
1413394943855760384.000000 1.654756427 3.054224014 2.688368797 0.796880662 -0.078154445 -0.203248784 -0.563527405
1413394943905760512.000000 1.646815777 3.053119898 2.718688250 0.795232058 -0.087773092 -0.213951364 -0.560470104
1413394943955760384.000000 1.641272068 3.063676834 2.773926497 0.792607248 -0.095799312 -0.225299016 -0.558423400
1413394944005760512.000000 1.632092714 3.059710979 2.806040287 0.791510224 -0.098166347 -0.231621981 -0.556979597
1413394944055760384.000000 1.632742286 3.055443287 2.851405621 0.791642070 -0.092659459 -0.235092178 -0.556281149
1413394944105760512.000000 1.625782967 3.048957109 2.881791592 0.792042613 -0.088621199 -0.236146003 -0.555922627
1413394944155760384.000000 1.623295307 3.050595999 2.931197882 0.792617619 -0.084007703 -0.236452281 -0.555689096
1413394944205760512.000000 1.619721174 3.041744232 2.959423065 0.793551743 -0.082261905 -0.236715168 -0.554503918
1413394944255760384.000000 1.619559884 3.040156603 3.005458832 0.793554187 -0.079053268 -0.241682053 -0.552821994
1413394944305760512.000000 1.618385792 3.030655384 3.031588316 0.793357849 -0.075418077 -0.247324422 -0.551113486
1413394944355760384.000000 1.613736391 3.035963774 3.077965021 0.793310463 -0.072287880 -0.253748268 -0.548675537
1413394944405760512.000000 1.620267153 3.026076078 3.099049091 0.793241143 -0.064781286 -0.261280894 -0.546172380
1413394944455760384.000000 1.643699408 3.014238596 3.128309727 0.793950498 -0.052504934 -0.269170493 -0.542616904
1413394944505760512.000000 1.652192593 3.006301165 3.146929979 0.795823693 -0.045737430 -0.277144581 -0.536436021
1413394944555760384.000000 1.665591836 3.004207611 3.174760818 0.797447622 -0.043548230 -0.288928479 -0.527921557
1413394944605760512.000000 1.668949008 2.999734402 3.192702770 0.799896419 -0.043997742 -0.301571935 -0.516995430
1413394944655760384.000000 1.674205661 3.002874613 3.219832420 0.802291155 -0.043206468 -0.316648304 -0.504178464
1413394944705760512.000000 1.671922565 3.002034664 3.236090422 0.805442810 -0.042592794 -0.331429839 -0.489491671
1413394944755760384.000000 1.671016097 3.011375427 3.258396864 0.809397757 -0.041233815 -0.345549881 -0.473043740
1413394944805760512.000000 1.663800955 3.014980316 3.271086216 0.814332366 -0.041794591 -0.358005613 -0.454915434
1413394944855760384.000000 1.657787085 3.031196117 3.286800385 0.820036232 -0.042434379 -0.368351102 -0.435955763
1413394944905760512.000000 1.646538734 3.039999485 3.293426275 0.827164233 -0.044706233 -0.375381768 -0.415799707
1413394944955760384.000000 1.629283786 3.046397209 3.290748596 0.835184515 -0.048423510 -0.380471170 -0.394162089
1413394945005760512.000000 1.613643646 3.061799049 3.288142204 0.844658136 -0.051041890 -0.381198257 -0.372337699
1413394945055760384.000000 1.599603295 3.087317944 3.285501480 0.855482817 -0.050659377 -0.377625346 -0.350687921
1413394945105760512.000000 1.577163696 3.099486828 3.270175934 0.866829693 -0.051143114 -0.372228414 -0.327775389
1413394945155760384.000000 1.572698474 3.162022591 3.278712988 0.877507985 -0.047425535 -0.366508961 -0.305617154
1413394945205760512.000000 1.552901149 3.195134640 3.262227297 0.887427986 -0.046341334 -0.360646307 -0.283299178
1413394945255760384.000000 1.536753535 3.225100994 3.248376369 0.896833062 -0.046766024 -0.354404002 -0.260578603
1413394945305760512.000000 1.517695427 3.262056351 3.227475643 0.905512929 -0.045105666 -0.348382056 -0.237995431
1413394945355760384.000000 1.500154376 3.299633026 3.205851316 0.914592803 -0.045425683 -0.339101613 -0.215561301
1413394945405760512.000000 1.488377452 3.332322121 3.185350180 0.924297810 -0.048121613 -0.325805098 -0.192896247
1413394945455760384.000000 1.471787453 3.373192787 3.161498308 0.932219923 -0.056594804 -0.314434856 -0.169982150
1413394945505760512.000000 1.458613276 3.409464359 3.141556025 0.936975300 -0.073272847 -0.308178633 -0.147425786
1413394945555760384.000000 1.442151546 3.450940609 3.118816614 0.940024555 -0.090494283 -0.304390609 -0.124543063
1413394945605760512.000000 1.429414868 3.485187531 3.101626873 0.941383779 -0.105335355 -0.303871065 -0.101801559
1413394945655760384.000000 1.414080739 3.523500919 3.080793381 0.941965818 -0.120448746 -0.303423464 -0.078273013
1413394945705760512.000000 1.402387261 3.552817822 3.065392256 0.941546738 -0.131596833 -0.305233628 -0.054813735
1413394945755760384.000000 1.388497829 3.584930420 3.045703650 -0.940453589 0.142140865 0.307278961 0.030377956
1413394945805760512.000000 1.377156973 3.607201099 3.032781601 0.939020276 -0.149319246 -0.309698910 -0.005596719
1413394945855760384.000000 1.362922907 3.631031752 3.012984514 0.937388659 -0.155557930 -0.310934544 0.020593878
1413394945905760512.000000 1.350865364 3.645470619 3.002747536 0.935050607 -0.162177116 -0.311670274 0.047334984
1413394945955760384.000000 1.337382317 3.659972429 2.987017155 0.932478428 -0.164740711 -0.312602162 0.074996479
1413394946005760512.000000 1.322813511 3.668835163 2.986547470 0.930387855 -0.160946727 -0.312782764 0.103158355
1413394946055760384.000000 1.312081337 3.672106504 2.973765850 0.927740574 -0.151457384 -0.314739853 0.131517977
1413394946155760384.000000 1.300069094 3.659696817 2.956611633 0.919646442 -0.132551894 -0.318407804 0.187874988
1413394946205760512.000000 1.292985439 3.651657820 2.949340820 0.915015876 -0.125072315 -0.316802472 0.216192603
1413394946255760384.000000 1.286424518 3.642041445 2.950337887 0.909028113 -0.121429935 -0.314840406 0.244536802
1413394946355760384.000000 1.273638248 3.616767406 2.950611115 0.893584311 -0.123039789 -0.309969306 0.300478786
1413394946455760384.000000 1.262845516 3.583874941 2.958195210 0.874104917 -0.127912819 -0.305971593 0.354909033
1413394946555760384.000000 1.256415129 3.543277025 2.974059582 0.852689266 -0.131328315 -0.298686147 0.407995790
1413394946655760384.000000 1.254969358 3.495856762 3.000277519 0.830728948 -0.113772102 -0.291908503 0.460146636
1413394946755760384.000000 1.257113457 3.443149328 3.033948898 0.806033790 -0.084856123 -0.284919798 0.511790752
1413394946855760384.000000 1.261434317 3.391747236 3.073869944 0.776033103 -0.064870112 -0.278748810 0.562017560
1413394946955760384.000000 1.269015074 3.343607664 3.116973400 0.742656291 -0.049931571 -0.270284086 0.610667765
1413394947055760384.000000 1.281790257 3.300616026 3.160560608 0.706026137 -0.035839509 -0.262053341 0.656940401
1413394947155760384.000000 1.303169847 3.263651133 3.200800180 0.665440023 -0.029736819 -0.258673072 0.699566782
1413394947255760384.000000 1.339033842 3.231153488 3.233862162 0.622993469 -0.030236794 -0.258219182 0.737758577
1413394947355760384.000000 1.391185284 3.202873945 3.257389545 0.586848915 -0.019419868 -0.247749761 0.770617485
1413394947455760384.000000 1.455602765 3.175692558 3.269618511 0.560841978 -0.010413698 -0.237300009 0.793118238
1413394947555760384.000000 1.522133112 3.152314663 3.273574829 0.542186081 -0.015294665 -0.235219151 0.806518674
1413394947655760384.000000 1.579549313 3.133816719 3.274782419 0.525312185 -0.037200738 -0.249390364 0.812691629
1413394947755760384.000000 1.623309374 3.115638018 3.277261496 0.514973879 -0.065637581 -0.269282579 0.811160088
1413394947855760384.000000 1.658614635 3.090581179 3.280320168 0.518154204 -0.087622799 -0.286820382 0.800982237
1413394947955760384.000000 1.699079275 3.049231768 3.281735182 0.533509851 -0.096240021 -0.298903972 0.785341680
1413394948055760384.000000 1.747463703 2.990281343 3.280639648 0.553709269 -0.103025049 -0.309930176 0.765986502
1413394948155760384.000000 1.793390274 2.915833950 3.282083988 0.569535077 -0.112337396 -0.323818088 0.747095704
1413394948255760384.000000 1.831637025 2.826377869 3.287922144 0.587601542 -0.098116472 -0.327294976 0.733468175
1413394948355760384.000000 1.864165187 2.721889734 3.294961214 0.612704813 -0.058243640 -0.307747602 0.725597680
1413394948455760384.000000 1.889808178 2.615135908 3.301187992 0.637687147 -0.010206768 -0.272918254 0.720254600
1413394948555760384.000000 1.910954237 2.517475367 3.304415226 0.656525910 0.034392212 -0.235483870 0.715778112
1413394948655760384.000000 1.931622863 2.437439919 3.302032471 0.666595638 0.059370298 -0.208889961 0.713085234
1413394948755760384.000000 1.955925465 2.386034250 3.291149616 0.669689953 0.074776307 -0.195131943 0.712634206
1413394948855760384.000000 1.982712269 2.362317801 3.272781134 0.661954761 0.055733204 -0.212454990 0.716639817
1413394948955760384.000000 2.011111736 2.360346794 3.247021198 0.647185624 0.017654253 -0.246068314 0.721311033
1413394949055760384.000000 2.030475140 2.373480558 3.218709230 0.624750674 -0.030050982 -0.290807962 0.724026442
1413394949155760384.000000 2.035285950 2.394368172 3.189572811 0.602390230 -0.075119033 -0.329717636 0.723028004
1413394949255760384.000000 2.029573441 2.406895161 3.159703732 0.585886061 -0.104495443 -0.353946805 0.721484542
1413394949355760384.000000 2.013052702 2.399839878 3.129595041 0.574792802 -0.121723041 -0.367145300 0.721111000
1413394949455760384.000000 1.988604069 2.367771387 3.098378658 0.573013008 -0.121863067 -0.365932524 0.723117471
1413394949555760384.000000 1.968436837 2.306672335 3.061349392 0.589484334 -0.082809828 -0.336754084 0.729552925
1413394949655760384.000000 1.952724338 2.228176117 3.017968178 0.612375319 -0.027587414 -0.290455967 0.734758973
1413394949755760384.000000 1.936902523 2.151038647 2.968694687 0.629131794 0.014786657 -0.249279052 0.736094177
1413394949855760384.000000 1.917964697 2.086408138 2.913753510 0.638837695 0.028590074 -0.223312929 0.735663176
1413394949955760384.000000 1.896584272 2.039191484 2.854687214 0.648024619 0.013838428 -0.211378321 0.731568038
1413394950055760384.000000 1.878584981 2.009601831 2.793102741 0.662234068 -0.002661939 -0.201368749 0.721726835
1413394950155760384.000000 1.863194346 1.997111320 2.734086275 0.677873850 -0.030978229 -0.197715178 0.707415104
1413394950255760384.000000 1.842437863 2.005792141 2.692849159 0.682364047 -0.077242605 -0.220817998 0.692569375
1413394950355760384.000000 1.841574669 2.004993677 2.648712635 0.671817958 -0.102612898 -0.273757279 0.680579305
1413394950455760384.000000 1.841570377 2.004707098 2.621527672 0.657472432 -0.108882040 -0.324534059 0.671231985
1413394950555760384.000000 1.844419718 1.989081144 2.595802069 0.646852911 -0.111162275 -0.355338216 0.665551722
1413394950655760384.000000 1.848919988 1.952550173 2.565741062 0.645220220 -0.102922991 -0.363204509 0.664214015
1413394950755760384.000000 1.856779099 1.894231319 2.526595592 0.662257075 -0.065907419 -0.340578347 0.664137185
1413394950855760384.000000 1.865147114 1.825960636 2.478334665 0.691568971 -0.017431458 -0.295724273 0.658768296
1413394950955760384.000000 1.872084379 1.763765812 2.423574209 0.722008348 0.029644625 -0.248194575 0.645154715
1413394951055760384.000000 1.879348278 1.721575260 2.363434792 0.748266757 0.062552065 -0.212509587 0.625318944
1413394951155760384.000000 1.888900042 1.709432125 2.300577641 0.770894289 0.064412460 -0.193521872 0.603425562
1413394951255760384.000000 1.901122570 1.730033159 2.240079880 0.786405444 0.031164080 -0.204979479 0.581875145
1413394951355760384.000000 1.916493177 1.777596235 2.187022686 0.785578370 -0.026134830 -0.252042919 0.564498067
1413394951455760384.000000 1.935861111 1.838620186 2.141181469 0.767385125 -0.086720861 -0.319182009 0.549292743
1413394951555760384.000000 1.960728765 1.894436836 2.097024441 0.742904961 -0.133720234 -0.375780702 0.537587285
1413394951655760384.000000 1.988528609 1.929988861 2.049788952 0.723088264 -0.164515197 -0.408394247 0.532252133
1413394951755760384.000000 2.015965223 1.931008816 1.995283961 0.710006237 -0.177464738 -0.425649971 0.532183766
1413394951855760384.000000 2.048417568 1.886204481 1.927661538 0.723636627 -0.142762333 -0.405243337 0.540135920
1413394951955760384.000000 2.079668999 1.812370777 1.850324750 0.747426689 -0.094283238 -0.361528397 0.549328089
1413394952055760384.000000 2.107962608 1.728087902 1.768707514 0.771335125 -0.047241747 -0.305877924 0.556101739
1413394952155760384.000000 2.124845505 1.648975134 1.690847516 0.786144257 -0.012694177 -0.263374507 0.558972180
1413394952255760384.000000 2.126238585 1.584473252 1.621794462 0.789591312 -0.011614484 -0.251402766 0.559649348
1413394952355760384.000000 2.108094215 1.537571073 1.564295053 0.784815967 -0.042640667 -0.272037417 0.555194855
1413394952455760384.000000 2.088418484 1.494130731 1.507978559 0.783152819 -0.082680449 -0.290913552 0.543327689
1413394952555760384.000000 2.073111296 1.452253699 1.457730532 0.782607496 -0.102910183 -0.312089711 0.528710783
1413394952655760384.000000 2.072057724 1.402949810 1.409317255 0.783694804 -0.092642792 -0.332159579 0.516633213
1413394952755760384.000000 2.082227945 1.343059301 1.357555747 0.790957808 -0.070979536 -0.332478762 0.508729339
1413394952855760384.000000 2.092016220 1.279525161 1.303460479 0.806869030 -0.043146737 -0.305728972 0.503617525
1413394952955760384.000000 2.095412254 1.221351027 1.251716852 0.824287236 -0.014271198 -0.265920490 0.499633104
1413394953055760384.000000 2.090165377 1.178486347 1.207995772 0.835717797 0.007144976 -0.233482972 0.497001469
1413394953155760384.000000 2.082197666 1.155958056 1.173787117 0.841723502 0.019338990 -0.213000953 0.495739996
1413394953255760384.000000 2.090559006 1.158951283 1.146416783 0.844645083 0.027331464 -0.199911907 0.495845735
1413394953355760384.000000 2.129395962 1.192532420 1.124404788 0.847390473 0.036933277 -0.183756098 0.496788800
1413394953455760384.000000 2.181996107 1.256713152 1.113124967 0.843212903 0.027287278 -0.196016267 0.499825120
1413394953555760384.000000 2.216776133 1.345872164 1.118849993 0.822762191 -0.011804146 -0.262533277 0.503983557
1413394953655760384.000000 2.220416069 1.451967835 1.140431166 0.795195520 -0.052331343 -0.331982046 0.504691482
1413394953755760384.000000 2.188492060 1.563706040 1.172574520 0.770025194 -0.084661670 -0.382903963 0.503267646
1413394953855760384.000000 2.124208927 1.670861006 1.207712412 0.752236664 -0.104127727 -0.414501220 0.501483917
1413394953955760384.000000 2.043893099 1.762941718 1.234671116 0.753920436 -0.100506440 -0.411110729 0.502484202
1413394954055760384.000000 1.960288048 1.837169170 1.247767925 0.774089456 -0.073600814 -0.374704391 0.504940629
1413394954155760384.000000 1.875972033 1.901384354 1.250444889 0.796201527 -0.040128741 -0.330115020 0.505447209
1413394954255760384.000000 1.793634653 1.967316389 1.248037815 0.816058099 -0.008518255 -0.283197969 0.503761470
1413394954355760384.000000 1.717503548 2.044486761 1.244848251 0.828125656 0.012542916 -0.250229359 0.501433849
1413394954455760384.000000 1.657050610 2.138475895 1.240975142 0.831120729 0.009624516 -0.241706178 0.500723422
1413394954555760384.000000 1.612616658 2.249600410 1.237929344 0.820702374 -0.023485590 -0.271991491 0.501913011
1413394954655760384.000000 1.575096130 2.372448683 1.238716841 0.796319962 -0.076889113 -0.326445103 0.503384709
1413394954755760384.000000 1.529903054 2.491106987 1.238931417 0.768310726 -0.126502156 -0.370164573 0.506630063
1413394954855760384.000000 1.479991555 2.590058088 1.236781120 0.749620855 -0.147783265 -0.393278062 0.511430442
1413394954955760384.000000 1.427044153 2.663241863 1.229151964 0.755503774 -0.118881896 -0.381565571 0.519123197
1413394955055760384.000000 1.367560744 2.720606804 1.215665579 0.777165771 -0.075629264 -0.346795082 0.519641042
1413394955155760384.000000 1.306454301 2.773650885 1.196068525 0.802078962 -0.037664462 -0.309665054 0.509272158
1413394955255760384.000000 1.249112368 2.833245277 1.172678471 0.826617062 -0.009921631 -0.278504670 0.488918215
1413394955355760384.000000 1.200358629 2.905893803 1.147496223 0.844085515 -0.022404933 -0.269541591 0.462995827
1413394955455760384.000000 1.163242221 2.989231586 1.124334335 0.848118842 -0.087336950 -0.291241348 0.433872312
1413394955555760384.000000 1.141789675 3.069434166 1.107143879 0.836496949 -0.148267776 -0.332784444 0.409321517
1413394955655760384.000000 1.139575362 3.127213717 1.093078136 0.820879400 -0.169806197 -0.377849996 0.393131465
1413394955755760384.000000 1.148473978 3.158684969 1.069688559 0.815394342 -0.143124312 -0.407556713 0.385415465
1413394955855760384.000000 1.158639073 3.163814783 1.032590866 0.822589099 -0.101100452 -0.405799210 0.385295987
1413394955905760512.000000 1.162683725 3.160079002 1.008390427 0.828795612 -0.084103860 -0.395445734 0.386842489
1413394955955760384.000000 1.166257262 3.153513908 0.980625153 0.835982025 -0.070304900 -0.380379230 0.389233798
1413394956005760512.000000 1.169957638 3.145294666 0.949536800 -0.844358146 0.057396181 0.360809952 -0.391894549
1413394956105760512.000000 1.177740932 3.129085064 0.880606651 -0.862995744 0.031299412 0.313235670 -0.395148426
1413394956205760512.000000 1.185587764 3.121662378 0.809607983 -0.879004121 0.019004703 0.273146152 -0.390361279
1413394956305760512.000000 1.195560217 3.129704714 0.742934704 -0.892932177 0.020315135 0.248000950 -0.375173330
1413394956405760512.000000 1.204744339 3.154173851 0.687012196 -0.903835297 0.036697552 0.243628338 -0.349828869
1413394956505760512.000000 1.207818508 3.192550659 0.644738913 -0.906194806 0.057501942 0.271857470 -0.318744391
1413394956605760512.000000 1.210340738 3.252146721 0.613412857 0.899944901 -0.067622498 -0.320526898 0.287730575
1413394956655760384.000000 1.209826469 3.281103373 0.600875378 -0.892603755 0.072325595 0.350354612 -0.274370700
1413394956705760512.000000 1.202653527 3.298173904 0.587471724 -0.884295940 0.077241607 0.378060758 -0.262915462
1413394956755760384.000000 1.202620387 3.325349092 0.571786165 -0.876641035 0.081258863 0.400823951 -0.253451765
1413394956805760512.000000 1.196103692 3.338956833 0.551637173 -0.871503830 0.083303586 0.416115999 -0.245741993
1413394956855760384.000000 1.198883176 3.360010147 0.527268887 -0.871838868 0.080692261 0.419204175 -0.240111947
1413394956905760512.000000 1.187936544 3.354254007 0.496886492 0.876259804 -0.077073805 -0.412296891 0.237149209
1413394956955760384.000000 1.188570142 3.373612404 0.459814310 0.882258952 -0.072292671 -0.401586324 0.234779254
1413394957005760512.000000 1.185749054 3.384602070 0.420135975 0.888121247 -0.067419730 -0.390262544 0.233217478
1413394957055760384.000000 1.176025033 3.279687881 0.428366661 0.895326674 -0.062464818 -0.374021858 0.233657718
1413394957105760512.000000 1.176294088 3.285883188 0.386884451 -0.903810084 0.057899758 0.353771120 -0.233711511
1413394957155760384.000000 1.177351356 3.287823200 0.345371008 -0.912457705 0.054481126 0.330887407 -0.234449074
1413394957205760512.000000 1.172143102 3.281488657 0.302202463 0.920627534 -0.050106719 -0.307439983 0.235403806
1413394957255760384.000000 1.174961090 3.287526608 0.260394096 0.927936196 -0.047409490 -0.284918010 0.235602424
1413394957305760512.000000 1.176178694 3.287755489 0.220939875 0.935087264 -0.045801930 -0.260352165 0.236073568
1413394957355760384.000000 1.179376602 3.290721893 0.184165478 0.941591084 -0.045337219 -0.235416844 0.236494735
1413394957405760512.000000 1.184325695 3.295843601 0.151983500 0.946208596 -0.044065554 -0.216336504 0.236529097
1413394957455760384.000000 1.190575123 3.303082943 0.125154257 0.947992146 -0.045575164 -0.208084643 0.236505210
1413394957505760512.000000 1.199974775 3.300301313 0.115131617 0.946929812 -0.050990924 -0.212618798 0.235620737
1413394957555760384.000000 1.184117675 3.182420731 0.303839684 0.942827821 -0.059250504 -0.230099142 0.233708218
1413394957605760512.000000 1.194700718 3.169278622 0.308700562 0.936281204 -0.067729264 -0.256799877 0.229878560
1413394957655760384.000000 1.205799699 3.141977787 0.317539930 -0.928146124 0.073197961 0.287083507 -0.225321949
1413394957705760512.000000 1.227958083 3.129944324 0.336118698 0.919142902 -0.078153722 -0.317979336 0.218992069
1413394957755760384.000000 1.237044811 3.118731976 0.354678392 0.908972740 -0.082983419 -0.349452764 0.211577967
1413394957805760512.000000 1.246709585 3.112938881 0.367442846 0.900692523 -0.087218702 -0.373600334 0.203884304
1413394957855760384.000000 1.254989862 3.107698917 0.384435892 0.896333098 -0.090855666 -0.387159616 0.196060449
1413394957905760512.000000 1.258455515 3.101004124 0.395243406 0.896535158 -0.092181012 -0.390298486 0.188134581
1413394957955760384.000000 1.260748863 3.092247248 0.403532743 0.900091469 -0.094022408 -0.385850787 0.179204851
1413394958005760512.000000 1.262939930 3.085534573 0.411449671 0.907444656 -0.094961569 -0.372486949 0.169646859
1413394958055760384.000000 1.261811018 3.075950623 0.415045261 0.917438269 -0.095394857 -0.351952285 0.159174472
1413394958105760512.000000 1.250628233 3.059084654 0.413142204 0.929025829 -0.092479385 -0.326514512 0.147468671
1413394958155760384.000000 1.248811841 3.044546366 0.417162418 0.940394461 -0.088979177 -0.299269915 0.134827718
1413394958205760512.000000 1.247023106 3.027272463 0.424042940 0.950808465 -0.085690305 -0.271924555 0.121150933
1413394958255760384.000000 1.245692134 3.012964964 0.435250759 0.958865702 -0.081529602 -0.250101238 0.106672071
1413394958305760512.000000 1.253198147 3.009989500 0.446718931 -0.965933621 0.075336531 0.229897842 -0.091889389
1413394958355760384.000000 1.251103640 2.978483438 0.466581106 0.970414937 -0.073032163 -0.216449559 0.078172162
1413394958405760512.000000 1.255691171 2.960965395 0.490922570 0.970725656 -0.069258370 -0.221091002 0.063355103
1413394958455760384.000000 1.258923292 2.941806793 0.518817186 0.965616763 -0.070120662 -0.245650724 0.048199624
1413394958505760512.000000 1.266685486 2.932847500 0.546420455 0.957819104 -0.068870559 -0.277018428 0.033170275
1413394958555760384.000000 1.271386147 2.912730932 0.584292293 -0.946338475 0.070838146 0.314777017 -0.018463830
1413394958605760512.000000 1.276602626 2.893541813 0.619614601 -0.932628036 0.071163125 0.353722960 -0.004574600
1413394958655760384.000000 1.278967142 2.866583586 0.658681989 -0.917994797 0.072400510 0.389839083 0.008321168
1413394958705760512.000000 1.290831804 2.858222485 0.690636158 0.906774044 -0.072300859 -0.414855212 -0.020702470
1413394958755760384.000000 1.295907736 2.835095882 0.718952298 0.897946298 -0.071069874 -0.433179080 -0.031582963
1413394958805760512.000000 1.297930002 2.804555893 0.737104833 -0.893239379 0.067416742 0.442473412 0.042375606
1413394958855760384.000000 1.303953528 2.791453123 0.742087305 0.892396867 -0.061810121 -0.443903863 -0.052504793
1413394958905760512.000000 1.309462547 2.773173332 0.748127818 0.895519495 -0.051365178 -0.437650651 -0.062196653
1413394958955760384.000000 1.401541948 2.811176300 0.849000037 -0.903418243 0.039888076 0.420760334 0.072147317
1413394959005760512.000000 1.405793667 2.786412477 0.850317299 -0.913833141 0.031324271 0.396656096 0.081190452
1413394959055760384.000000 1.414867163 2.777398825 0.845508575 -0.925341189 0.026054744 0.367265612 0.090448327
1413394959105760512.000000 1.472543240 2.803721905 0.852383137 0.934082389 -0.028209159 -0.340692669 -0.103067875
1413394959155760384.000000 1.479310989 2.791820526 0.846211612 0.943158150 -0.032716583 -0.311282367 -0.111739099
1413394959205760512.000000 1.489699841 2.782142162 0.841222644 0.950848520 -0.040806960 -0.282258898 -0.120631397
1413394959255760384.000000 1.447748899 2.725237131 0.828540206 -0.958123863 0.046364006 0.252748638 0.126361698
1413394959305760512.000000 1.468521118 2.735318422 0.827821493 0.962765157 -0.051654477 -0.228028193 -0.135714024
1413394959355760384.000000 1.479907870 2.725441217 0.833076239 0.963570356 -0.056471575 -0.217479363 -0.145072192
1413394959405760512.000000 1.489659309 2.715125799 0.843715191 0.958741784 -0.056154881 -0.231453657 -0.155209795
1413394959455760384.000000 1.499796033 2.704310179 0.858872414 0.950349689 -0.054703854 -0.257670522 -0.165677235
1413394959505760512.000000 1.510212421 2.693022728 0.877815723 0.938549459 -0.050728995 -0.292280376 -0.176419184
1413394959555760384.000000 1.521136522 2.681743622 0.898019493 0.924274564 -0.044683952 -0.329959571 -0.186672583
1413394959605760512.000000 1.532922029 2.671245098 0.917374015 0.909671903 -0.039759099 -0.363444388 -0.197039321
1413394959655760384.000000 1.545132160 2.661630392 0.934348524 0.896248937 -0.034591239 -0.390864223 -0.206800774
1413394959705760512.000000 1.557656050 2.653556347 0.947159171 0.885689557 -0.028808190 -0.409656346 -0.216577411
1413394959755760384.000000 1.569167614 2.648012400 0.954860210 0.879757643 -0.020355044 -0.416957021 -0.227506161
1413394959805760512.000000 1.579336882 2.645584822 0.956909180 0.879620552 -0.009531667 -0.411138386 -0.239044249
1413394959855760384.000000 1.588283300 2.646957636 0.953817785 0.884714544 0.001587181 -0.392347187 -0.251677275
1413394959905760512.000000 1.636715889 2.678156853 0.957870841 0.890092850 0.000842665 -0.369300544 -0.267116457
1413394959955760384.000000 1.606683373 2.692411900 0.969708502 0.897775650 -0.006240422 -0.341070592 -0.278623104
1413394960005760512.000000 1.607894301 2.705031157 0.963155687 0.905630648 -0.019384116 -0.308298647 -0.290532857
1413394960055760384.000000 1.607788205 2.719737530 0.957718074 0.911729574 -0.035314947 -0.274676055 -0.303405911
1413394960105760512.000000 1.604385734 2.732855797 0.952080131 0.915330827 -0.048656739 -0.244151220 -0.316531599
1413394960155760384.000000 1.698226571 2.788683414 1.012023807 0.914970219 -0.060309283 -0.222375110 -0.331272870
1413394960205760512.000000 1.724583507 2.811992407 1.030445695 0.912418485 -0.065753669 -0.207893252 -0.346337169
1413394960255760384.000000 1.602571130 2.764437675 0.956922889 0.906549513 -0.069319680 -0.204327956 -0.362784922
1413394960305760512.000000 1.508495092 2.727684021 0.907258749 0.898890078 -0.068928860 -0.206964374 -0.380014926
1413394960355760384.000000 1.503866196 2.731007814 0.918669224 0.888604045 -0.065971047 -0.217985421 -0.398137033
1413394960405760512.000000 1.497843027 2.732305527 0.933108091 0.876614511 -0.058012281 -0.233688578 -0.416618824
1413394960455760384.000000 1.489856482 2.732431889 0.949985504 0.862852514 -0.048646163 -0.252742887 -0.435017526
1413394960505760512.000000 1.478343487 2.732075691 0.968965292 0.846931815 -0.035706405 -0.276472092 -0.452763557
1413394960555760384.000000 1.464778662 2.732380152 0.988615990 0.830223918 -0.023173889 -0.299017310 -0.469872266
1413394960605760512.000000 1.449694514 2.734466791 1.007577658 0.814158797 -0.011809411 -0.317766756 -0.485829502
1413394960655760384.000000 1.432786703 2.739763737 1.024460077 0.799542785 -0.000586843 -0.332300127 -0.500307620
1413394960705760512.000000 1.416548610 2.748474598 1.038636208 0.788541615 0.008451093 -0.337027013 -0.514338017
1413394960755760384.000000 1.402456522 2.762131214 1.048638344 0.783640862 0.014123647 -0.327033520 -0.527974010
1413394960805760512.000000 1.390697598 2.780868053 1.054911375 0.783607602 0.010531235 -0.307676136 -0.539614379
1413394960855760384.000000 1.381437540 2.803777456 1.058573008 0.786932290 -0.000536424 -0.280159295 -0.549770951
1413394960905760512.000000 1.373016953 2.829164982 1.060891151 0.790461779 -0.017551804 -0.253913641 -0.557126641
1413394960955760384.000000 1.365789413 2.855598688 1.062511921 0.794047654 -0.034825295 -0.228066355 -0.562371135
1413394961005760512.000000 1.359334111 2.881641388 1.064219475 0.797038376 -0.051853891 -0.205888301 -0.565376997
1413394961055760384.000000 1.352413893 2.905722618 1.067028761 0.798617482 -0.064385243 -0.190789893 -0.567154288
1413394961105760512.000000 1.345148444 2.927631378 1.071087837 0.799214125 -0.073228292 -0.181095049 -0.568418026
1413394961155760384.000000 1.336672544 2.947357893 1.076406240 0.798750162 -0.074615315 -0.180549502 -0.569063067
1413394961205760512.000000 1.326042175 2.964216232 1.083624363 0.796275496 -0.067405239 -0.191807821 -0.569746971
1413394961255760384.000000 1.314832687 2.978842497 1.092262506 0.791524291 -0.052859988 -0.210236356 -0.571398139
1413394961305760512.000000 1.302378654 2.992094517 1.102079868 0.784713924 -0.034948640 -0.233651668 -0.573070347
1413394961355760384.000000 1.290001869 3.005629063 1.112251282 0.777049065 -0.017797993 -0.256927699 -0.574339867
1413394961405760512.000000 1.278232098 3.020567894 1.121933460 0.770970166 -0.000564553 -0.275009960 -0.574433923
1413394961455760384.000000 1.268694997 3.038326502 1.129849672 0.769668400 0.015486608 -0.278600633 -0.574240804
1413394961505760512.000000 1.261585951 3.060144186 1.136287451 0.772452712 0.024883443 -0.270463407 -0.574062109
1413394961555760384.000000 1.256411910 3.086046219 1.142378569 0.777789474 0.028822245 -0.254200250 -0.574103773
1413394961605760512.000000 1.253175378 3.115349531 1.149022579 0.784367800 0.022427846 -0.234131798 -0.573974371
1413394961655760384.000000 1.251089811 3.147229195 1.157493114 0.789710402 0.005448269 -0.216881767 -0.573838174
1413394961705760512.000000 1.250514507 3.180165529 1.167575121 0.795055270 -0.016256051 -0.196987689 -0.573427260
1413394961755760384.000000 1.250602961 3.212689400 1.179694653 0.799190760 -0.041413207 -0.179237470 -0.572235227
1413394961805760512.000000 1.250442266 3.243452072 1.193929911 0.801984191 -0.063539170 -0.165760800 -0.570357382
1413394961855760384.000000 1.249479055 3.271619558 1.210451841 0.803111970 -0.080892369 -0.159018621 -0.568489909
1413394961905760512.000000 1.248939872 3.296103716 1.228857994 0.803667247 -0.094358258 -0.155534744 -0.566590250
1413394961955760384.000000 1.248257995 3.316415548 1.249141932 0.803055823 -0.102431655 -0.157897085 -0.565400481
1413394962005760512.000000 1.246874928 3.332294464 1.271068335 0.801640332 -0.103274241 -0.166147649 -0.564891338
1413394962055760384.000000 1.244256020 3.344075203 1.294709444 0.797473013 -0.097352594 -0.185404196 -0.565848649
1413394962105760512.000000 1.241010070 3.352355957 1.319060564 0.795183182 -0.080124110 -0.202424571 -0.565940201
1413394962155760384.000000 1.238180399 3.358481884 1.343292475 0.792166054 -0.063717812 -0.218969226 -0.566096783
1413394962205760512.000000 1.236087322 3.363229752 1.367353916 0.789628386 -0.048370246 -0.233032897 -0.565546632
1413394962255760384.000000 1.235027075 3.367639780 1.390932560 0.788055420 -0.036128819 -0.242911831 -0.564497292
1413394962305760512.000000 1.235232472 3.372619629 1.414116859 0.787329495 -0.028345600 -0.248138189 -0.563681006
1413394962355760384.000000 1.237576723 3.378869534 1.436287880 0.789570332 -0.027179908 -0.244530499 -0.562178612
1413394962405760512.000000 1.243910313 3.386619568 1.457001209 0.796179414 -0.035693686 -0.225433499 -0.560360730
1413394962455760384.000000 1.251882553 3.394402742 1.478250504 0.802727699 -0.051840249 -0.202918246 -0.558359325
1413394962505760512.000000 1.261783004 3.400911808 1.500016212 0.809891343 -0.069592893 -0.174629048 -0.555641651
1413394962555760384.000000 1.271393180 3.404561043 1.523770094 0.814209461 -0.087070130 -0.152631044 -0.553340316
1413394962605760512.000000 1.279755831 3.404516697 1.550273895 0.815738857 -0.099687167 -0.140703917 -0.552118719
1413394962655760384.000000 1.286695480 3.400009394 1.579755783 0.814733803 -0.104891993 -0.141108215 -0.552535117
1413394962705760512.000000 1.291483641 3.391215801 1.612035990 0.811209202 -0.098837428 -0.155916616 -0.554852128
1413394962755760384.000000 1.295032382 3.378320694 1.646509171 0.805050075 -0.089881159 -0.179582253 -0.558181047
1413394962805760512.000000 1.534518838 3.256145954 1.361571312 0.798895121 -0.076053821 -0.203118384 -0.561003983
1413394962855760384.000000 1.543511748 3.236406565 1.388139725 0.791255057 -0.060938895 -0.225637153 -0.565057397
1413394962905760512.000000 1.523108840 3.419016600 1.847228765 0.784768939 -0.045131791 -0.240381971 -0.569488704
1413394962955760384.000000 1.571589947 3.342919588 1.739665270 0.780707896 -0.034300257 -0.244930327 -0.573870957
1413394963005760512.000000 1.492967844 3.408089161 1.945811510 0.780420244 -0.032586459 -0.237724528 -0.577381611
1413394963055760384.000000 1.498124838 3.396805286 1.983962297 0.783535779 -0.039762359 -0.219190165 -0.580039978
1413394963105760512.000000 1.502902150 3.386375189 2.022094727 0.788013756 -0.052627519 -0.194782376 -0.581656694
1413394963155760384.000000 1.630821466 3.308939457 1.901865244 0.790909529 -0.069006048 -0.173029304 -0.582890391
