1403715534962142976.000000 -0.010742149 0.063488841 0.011898691 -0.014894498 -0.003905640 0.004280592 0.999872327
1403715535012143104.000000 -0.004446625 0.013410557 0.002404493 -0.029930025 -0.005010539 0.007158050 0.999513805
1403715535062142976.000000 -0.006567874 0.018822253 0.003720045 -0.044427760 -0.007921569 0.010193650 0.998929203
1403715535112143104.000000 -0.008650912 0.026513861 0.005110331 -0.053646129 -0.011808147 0.014056449 0.998391271
1403715535162142976.000000 -0.011376936 0.028981967 0.008114614 -0.066429086 -0.014776076 0.015943093 0.997554421
1403715535212143104.000000 -0.055105519 0.361153007 0.094004959 -0.066411659 -0.026333390 0.024379196 0.997146845
1403715535262142976.000000 -0.012155316 0.030841691 0.012876531 -0.094524331 -0.027457885 0.019307394 0.994956553
1403715535312143104.000000 -0.057986360 0.370057434 0.100923114 -0.080894366 -0.034287758 0.030376371 0.995669544
1403715535362142976.000000 -0.058102842 0.373137414 0.103275701 -0.087986402 -0.036824651 0.033505078 0.994876742
1403715535412143104.000000 -0.060460441 0.377626538 0.106086783 -0.090973653 -0.033654306 0.043818533 0.994319499
1403715535462142976.000000 -0.061540529 0.381518453 0.109158702 -0.092887677 -0.027885040 0.052202463 0.993916154
1403715535512143104.000000 -0.058572240 0.688272178 0.268309504 -0.078783333 -0.022997010 0.063734151 0.994586527
1403715535562142976.000000 -0.061602116 0.390353829 0.118203349 -0.097063787 -0.012193873 0.059977774 0.993394494
1403715535612143104.000000 -0.059059892 0.695107698 0.276506782 -0.085846961 -0.001075420 0.063215949 0.994300246
1403715535662142976.000000 -0.059039678 0.699234903 0.280760258 -0.087431699 0.007513538 0.060023662 0.994332135
1403715535712143104.000000 -0.057498116 0.705342710 0.285191894 -0.084918290 0.011294863 0.053889673 0.994865477
1403715535762142976.000000 -0.054533113 0.711633086 0.290131032 -0.080833465 0.012164626 0.048772268 0.995459318
1403715535812143104.000000 -0.019093953 1.029719353 0.509317815 -0.066291787 0.014812051 0.045147948 0.996668339
1403715535862142976.000000 -0.051965144 0.720513165 0.300338387 -0.075601205 0.016879335 0.026939165 0.996631265
1403715535912143104.000000 -0.015081190 1.038974762 0.520045638 -0.057692904 0.012183438 0.022881221 0.997997820
1403715535962142976.000000 -0.012780392 1.044005394 0.525496840 -0.050836232 0.007674184 0.014002471 0.998579383
1403715536012143104.000000 -0.011614121 1.045944810 0.530940592 -0.048616316 0.002887198 0.007632904 0.998784244
1403715536062142976.000000 0.012513843 1.310718417 0.727946579 -0.030512614 -0.002259166 0.003294167 0.999526381
1403715536112143104.000000 0.013494686 1.315341830 0.733467281 -0.024617527 -0.006914448 -0.000563412 0.999672890
1403715536162142976.000000 0.015291211 1.319611549 0.739471555 -0.020646483 -0.011686304 -0.004645578 0.999707758
1403715536212143104.000000 0.016480386 1.323728204 0.744848907 -0.017758040 -0.015177443 -0.010876475 0.999668002
1403715536262142976.000000 0.017372327 1.325013995 0.748815477 -0.020207649 -0.015734345 -0.018308321 0.999504387
1403715536312143104.000000 0.068113014 1.565253735 0.972842395 -0.006096973 -0.020089587 -0.022895642 0.999517441
1403715536362142976.000000 0.068931773 1.568521738 0.978630543 -0.005159514 -0.015334850 -0.030201573 0.999412954
1403715536412143104.000000 0.070691764 1.570059180 0.983533502 -0.008353541 -0.010002863 -0.040442590 0.999096870
1403715536462142976.000000 0.073024638 1.572379231 0.988502741 -0.010273939 -0.003877164 -0.050457697 0.998665869
1403715536512143104.000000 0.074247099 1.573658705 0.993265867 -0.013867667 0.004240642 -0.058898490 0.998158634
1403715536562142976.000000 0.166403487 1.767812014 1.249120593 -0.001920648 0.001742551 -0.062128607 0.998064816
1403715536612143104.000000 0.169217020 1.771121144 1.254369020 -0.000497182 0.007092420 -0.066281788 0.997775674
1403715536662142976.000000 0.170898706 1.772761822 1.259422302 -0.002074772 0.015948253 -0.070777349 0.997362494
1403715536712143104.000000 0.172533244 1.773532748 1.264409184 -0.004345793 0.025728146 -0.071922690 0.997068882
1403715536762142976.000000 0.174971193 1.775154352 1.270016193 -0.003546111 0.038101990 -0.070156470 0.996801794
1403715536812143104.000000 0.287284613 1.881939292 1.535543680 0.003583626 0.047104571 -0.072461583 0.996251822
1403715536862142976.000000 0.289718032 1.882878780 1.540563941 0.005275643 0.058448013 -0.075984858 0.995380521
1403715536912143104.000000 0.292478740 1.883322477 1.545443177 0.005112392 0.069277801 -0.081479371 0.994251311
1403715536962142976.000000 0.294882953 1.882971644 1.549726963 0.003198948 0.081117392 -0.089206979 0.992699265
1403715537012143104.000000 0.297267646 1.883211732 1.553646684 0.002904781 0.092660084 -0.096388988 0.991017103
1403715537062142976.000000 0.394139528 1.852506995 1.782891154 -0.007743576 0.103468508 -0.101010397 0.989460051
1403715537112143104.000000 0.414363086 1.829160333 1.825501919 -0.010777418 0.118507050 -0.105201572 0.987305701
1403715537162142976.000000 0.433364749 1.799597621 1.862262368 -0.013532291 0.134549662 -0.107804954 0.984932244
1403715537212143104.000000 0.467246294 1.849095345 1.869847059 -0.000781252 0.144701064 -0.105559863 0.983828306
1403715537262142976.000000 0.484279186 1.823154211 1.888809443 0.000161967 0.157084286 -0.102473207 0.982254505
1403715537312143104.000000 0.498737037 1.792186141 1.901130557 0.005288245 0.164048821 -0.090044029 0.982319832
1403715537362142976.000000 0.510356188 1.756956816 1.906486750 0.012030100 0.162921757 -0.073741660 0.983805895
1403715537412143104.000000 0.518572628 1.718668103 1.905517578 0.017607011 0.152337939 -0.057788547 0.986480415
1403715537462142976.000000 0.524062455 1.678191185 1.898408771 0.023459053 0.135720521 -0.041008454 0.989620090
1403715537512143104.000000 0.524366677 1.615824819 1.883944750 0.025795169 0.114893556 -0.026696229 0.992683947
1403715537562142976.000000 0.524666071 1.558439016 1.866659522 0.028347664 0.092298090 -0.015166333 0.995212317
1403715537612143104.000000 0.529547989 1.551643133 1.848608613 0.032920755 0.071864948 -0.005230614 0.996857226
1403715537662142976.000000 0.527697027 1.488116503 1.821561337 0.031521820 0.058356453 0.001291624 0.997797251
1403715537712143104.000000 0.533294916 1.468290329 1.800833702 0.033700239 0.054712232 0.007724532 0.997903466
1403715537762142976.000000 0.529962242 1.376450658 1.770768046 0.027995635 0.060474038 0.010408551 0.997722864
1403715537812143104.000000 0.539872408 1.388417363 1.746990919 0.032586042 0.067724101 0.014513120 0.997066200
1403715537862142976.000000 0.542178631 1.350412965 1.717749596 0.030936668 0.075621724 0.014621494 0.996549368
1403715537912143104.000000 0.540179610 1.298815966 1.686338067 0.028419415 0.080969065 0.015684880 0.996187985
1403715537962142976.000000 0.540519238 1.277891636 1.654244542 0.029102854 0.078811526 0.014745194 0.996355593
1403715538012143104.000000 0.534103453 1.236394644 1.622273445 -0.027769126 -0.073887050 -0.016739799 -0.996739388
1403715538062142976.000000 0.518300235 1.144083738 1.575479150 0.020958772 0.070490651 0.017976502 0.997130215
1403715538112143104.000000 0.510199606 1.104425073 1.541439772 -0.018217316 -0.064823560 -0.022260843 -0.997482121
1403715538162142976.000000 0.517672539 1.149323463 1.508748293 0.025850493 0.055601537 0.028513409 0.997711003
1403715538212143104.000000 0.506782055 1.113715053 1.473149538 -0.019208346 -0.051105596 -0.032082465 -0.997993052
1403715538262142976.000000 0.494149745 1.096305847 1.432476878 0.014995622 0.047359407 0.035669990 0.998128235
1403715538312143104.000000 0.479130983 1.061701536 1.395240664 0.005465883 0.047906160 0.038657904 0.998088598
1403715538362142976.000000 0.460144848 1.050272584 1.358086824 -0.001124146 0.049283098 0.041597534 0.997917652
1403715538412143104.000000 0.442051828 1.020144224 1.322862387 0.013773294 -0.057448968 -0.041590307 -0.997386694
1403715538462142976.000000 0.419147134 1.011543632 1.283081532 -0.024663724 0.066057503 0.038637638 0.996762455
1403715538512143104.000000 0.400232464 0.983599067 1.246255040 0.040014885 -0.076444238 -0.035575286 -0.995635271
1403715538562142976.000000 0.376549393 0.977505445 1.201004267 -0.052211989 0.083178818 0.032882195 0.994622588
1403715538612143104.000000 0.356356382 0.950646877 1.162051439 0.067890927 -0.088479109 -0.032530926 -0.993229091
1403715538662142976.000000 0.330028862 0.944727302 1.110172033 -0.079490803 0.089072771 0.034838777 0.992236614
1403715538712143104.000000 0.307656616 0.916602075 1.066807985 -0.095794424 0.087630205 0.038321752 0.990795612
1403715538762142976.000000 0.277699590 0.911575437 1.011485100 -0.108745962 0.080327801 0.043747559 0.989852488
1403715538812143104.000000 0.253047824 0.882916272 0.965826929 -0.126410246 0.070864052 0.049641035 0.988197625
1403715538862142976.000000 0.207926810 0.801484704 0.929078102 -0.153626963 0.064977869 0.054181196 0.984500468
1403715538912143104.000000 0.189983696 0.859910965 0.852199912 -0.159603760 0.053770613 0.062984370 0.983701348
1403715538962142976.000000 0.162998036 0.832284808 0.807437301 -0.180743024 0.048704129 0.069626682 0.979853094
1403715539012143104.000000 0.121699110 0.824501753 0.745242655 -0.199078619 0.045019511 0.077038348 0.975912929
1403715539062142976.000000 0.090215914 0.795771718 0.700436890 -0.221614048 0.042684205 0.084843963 0.970498264
1403715539112143104.000000 0.041631635 0.787384629 0.641276658 -0.240546778 0.039994016 0.093596086 0.965286255
1403715539162142976.000000 0.008113205 0.759392440 0.601257741 0.263458431 -0.039508499 -0.101693407 -0.958481789
1403715539212143104.000000 -0.049163241 0.748287499 0.541408181 -0.281776637 0.038023751 0.111736022 0.952192843
1403715539262142976.000000 -0.085291341 0.719630659 0.504890025 0.303447455 -0.035025269 -0.119663626 -0.944655299
1403715539312143104.000000 -0.150477573 0.706961036 0.446801126 -0.320159793 0.030058950 0.128860131 0.938077390
1403715539362142976.000000 -0.189849600 0.677412689 0.413013875 0.339494228 -0.025123946 -0.136616781 -0.930294812
1403715539412143104.000000 -0.258805335 0.664337754 0.356829464 -0.353665382 0.020566067 0.144289628 0.923947155
1403715539462142976.000000 -0.296395302 0.633575916 0.322989345 -0.370024651 0.019631449 0.148624152 0.916846395
1403715539512143104.000000 -0.319356114 0.609416127 0.336000741 -0.385720730 0.019508334 0.154511809 0.909376204
1403715539562142976.000000 -0.351733536 0.578285098 0.303915977 0.395246744 -0.019339105 -0.163898706 -0.903627872
1403715539612143104.000000 -0.437014759 0.582616627 0.180288613 0.393011779 -0.019181650 -0.175011337 -0.902521431
1403715539662142976.000000 -0.469240457 0.564017773 0.135495514 0.397777975 -0.022249060 -0.182274729 -0.898918092
1403715539712143104.000000 -0.492309630 0.533329487 0.100995705 0.404244930 -0.027098270 -0.186135918 -0.895100594
1403715539762142976.000000 -0.519578338 0.530117989 0.043413870 0.406133413 -0.029698506 -0.188848630 -0.893593788
1403715539812143104.000000 -0.537339568 0.499893725 0.007101767 0.410803378 -0.032007944 -0.188265130 -0.891500056
1403715539862142976.000000 -0.555879593 0.499968439 -0.053233881 0.409830898 -0.030055026 -0.188499689 -0.891965985
1403715539912143104.000000 -0.569797754 0.469943941 -0.091089845 0.410051495 -0.024373943 -0.189566150 -0.891811907
1403715539962142976.000000 -0.539521039 0.449349463 -0.051286034 0.414320886 -0.019351607 -0.192963094 -0.889229417
1403715540012143104.000000 -0.549580395 0.420193613 -0.089911558 0.412453204 -0.011215091 -0.196484819 -0.889466345
1403715540062142976.000000 -0.543064356 0.415629327 -0.120464459 0.408707649 -0.004026704 -0.204184070 -0.889522791
1403715540112143104.000000 -0.550908744 0.389938653 -0.157617807 -0.404953152 -0.003861082 0.211834431 0.889451683
1403715540162142976.000000 -0.557086766 0.367139697 -0.193475083 -0.401149392 -0.008086405 0.219343305 0.889326930
1403715540212143104.000000 -0.562573731 0.345910966 -0.229077861 -0.399254143 -0.011405431 0.223924458 0.889001667
1403715540262142976.000000 -0.606612146 0.453050911 -0.453622043 0.379045904 0.006710758 -0.227866858 -0.896858931
1403715540312143104.000000 -0.604703009 0.452604532 -0.481816083 -0.381025016 -0.006567580 0.223319396 0.897165179
1403715540362142976.000000 -0.606746078 0.475263774 -0.549084246 0.381146133 0.007606493 -0.216019034 -0.898891330
1403715540412143104.000000 -0.605352879 0.479593039 -0.574397624 0.384237021 0.010991004 -0.208713323 -0.899266303
1403715540462142976.000000 -0.607340932 0.509723902 -0.639876425 0.384267956 0.014484745 -0.202128172 -0.900706708
1403715540512143104.000000 -0.606568336 0.518630087 -0.660711825 -0.387597501 -0.023551159 0.196074232 0.900426805
1403715540562142976.000000 -0.610462725 0.554450870 -0.723996222 0.387106597 0.031050583 -0.194834679 -0.900679588
1403715540612143104.000000 -0.610623956 0.566758811 -0.739246011 0.390049011 0.038722284 -0.193360686 -0.899429858
1403715540662142976.000000 -0.613677025 0.609819472 -0.798448682 0.388029903 0.043170728 -0.197815299 -0.899131954
1403715540712143104.000000 -0.613568485 0.625509501 -0.807536364 0.388562620 0.043390084 -0.205960825 -0.897059977
1403715540762142976.000000 -0.615234673 0.676760912 -0.861948967 0.386014551 0.041814826 -0.214238346 -0.896295905
1403715540812143104.000000 -0.614689827 0.715614140 -0.890209019 0.386919498 0.035955004 -0.218279943 -0.895184040
1403715540862142976.000000 -0.613240361 0.738350153 -0.895633638 -0.390423685 -0.030334629 0.218639255 0.893781900
1403715540912143104.000000 -0.612547219 0.803816736 -0.941363990 0.390468031 0.023526875 -0.219313681 -0.893802464
1403715540962142976.000000 -0.610674560 0.830775142 -0.942526221 0.394874334 0.017988913 -0.215612456 -0.892895281
1403715541012143104.000000 -0.607557654 0.822868407 -0.933995783 0.401482075 0.013566020 -0.209876522 -0.891392171
1403715541062142976.000000 -0.605737686 0.853397548 -0.933694124 0.405200362 0.010782290 -0.205366686 -0.890797973
1403715541112143104.000000 -0.605695307 1.016475081 -1.026336789 0.399500757 0.010606537 -0.203774601 -0.893735170
1403715541162142976.000000 -0.604543567 1.048273683 -1.024006963 0.400911361 0.008306863 -0.204156831 -0.893040359
1403715541212143104.000000 -0.604469001 1.000359058 -0.984587133 0.403021604 -0.001616171 -0.209495932 -0.890888631
1403715541262142976.000000 -0.602460623 1.034132719 -0.982013822 0.403296858 -0.012429596 -0.213623777 -0.889697731
1403715541312143104.000000 -0.584608376 1.206658840 -1.074490428 0.396222711 -0.019409185 -0.219697058 -0.891271114
1403715541362142976.000000 -0.583795309 1.242340326 -1.072838664 0.401753485 -0.023259433 -0.214643896 -0.889933288
1403715541412143104.000000 -0.599602938 1.395756483 -1.125679731 0.404482037 -0.025443185 -0.205320194 -0.890837014
1403715541462142976.000000 -0.601543248 1.431418777 -1.124616504 0.408971727 -0.018495820 -0.201114967 -0.889917374
1403715541512143104.000000 -0.605678022 1.533210039 -1.157835722 0.408944696 -0.009861798 -0.199981511 -0.890322685
1403715541562142976.000000 -0.607996225 1.568738699 -1.156326294 0.411892205 0.000272897 -0.198487669 -0.889352262
1403715541612143104.000000 -0.612475216 1.674886465 -1.187421918 0.410248727 0.007974080 -0.200027809 -0.889731050
1403715541662142976.000000 -0.613165915 1.711644173 -1.185141325 0.413444132 0.015497945 -0.196465164 -0.888946116
1403715541712143104.000000 -0.616185129 1.821173787 -1.213494062 0.414171457 0.021314632 -0.190907568 -0.889697790
1403715541762142976.000000 -0.615464449 1.896679878 -1.224057913 0.418709725 0.024274515 -0.178460494 -0.890081406
1403715541812143104.000000 -0.611825287 1.936124802 -1.219089150 0.425428122 0.026821636 -0.164264023 -0.889555395
1403715541862142976.000000 -0.610356033 2.049508810 -1.238294125 0.428815931 0.025537414 -0.149849519 -0.890511096
1403715541912143104.000000 -0.604207277 2.089002371 -1.229229093 -0.434011161 -0.025816170 0.136043146 0.890202343
1403715541962142976.000000 -0.599830747 2.199877501 -1.240255594 0.433853626 0.026078207 -0.124899931 -0.891903043
1403715542012143104.000000 -0.591687024 2.233829737 -1.223404765 0.435121894 0.027843926 -0.113794349 -0.892717481
1403715542062142976.000000 -0.587058306 2.268715143 -1.213305354 0.435269177 0.025732415 -0.103302091 -0.893984020
1403715542112143104.000000 -0.576439738 2.300034046 -1.191555023 -0.432466686 -0.019673347 0.094500177 0.896468282
1403715542162142976.000000 -0.568997562 2.360780954 -1.185566545 0.427623570 0.012463100 -0.086128034 -0.899758160
1403715542212143104.000000 -0.553979993 2.361098528 -1.144520998 -0.422803968 -0.001920554 0.077501118 0.902899086
1403715542262142976.000000 -0.539021552 2.447757483 -1.151715279 0.413072914 -0.007157353 -0.073395103 -0.907707393
1403715542312143104.000000 -0.533291757 2.475092888 -1.125446796 0.404193997 -0.020567637 -0.071269825 -0.911660552
1403715542362142976.000000 -0.521785975 2.516608238 -1.113015294 0.389822870 -0.032238107 -0.070726179 -0.917603850
1403715542412143104.000000 -0.505825758 2.528655052 -1.082741737 0.376144409 -0.045579597 -0.073547371 -0.922512114
1403715542462142976.000000 -0.490494907 2.562502861 -1.065060377 0.362467945 -0.060647830 -0.077635899 -0.926774800
1403715542512143104.000000 -0.474726200 2.570860386 -1.038573265 -0.349894285 0.072917670 0.080457650 0.930474997
1403715542562142976.000000 -0.412408710 2.886021614 -0.993028998 -0.317504764 0.079675630 0.084271185 0.941138089
1403715542612143104.000000 -0.399880171 2.887356758 -0.969734192 0.308740109 -0.079003334 -0.086091049 -0.943941951
1403715542662142976.000000 -0.431814969 2.625769615 -0.981799841 0.323034227 -0.074183710 -0.087263644 -0.939431071
1403715542712143104.000000 -0.380576730 2.924427509 -0.941975176 -0.295532465 0.073185086 0.089173906 0.948342025
1403715542762142976.000000 -0.373004436 2.920811176 -0.926728070 0.291637868 -0.069411159 -0.088762902 -0.949868798
1403715542812143104.000000 -0.361441851 2.950027704 -0.913891912 -0.288739532 0.064037211 0.088588834 0.951147139
1403715542862142976.000000 -0.357459784 2.944047928 -0.901166797 0.286236972 -0.058777273 -0.090093702 -0.952101290
1403715542912143104.000000 -0.349673808 2.965044498 -0.883675575 -0.282197237 0.055039097 0.093384691 0.953212917
1403715542962142976.000000 -0.349063426 2.958281040 -0.872972429 0.279948086 -0.053989671 -0.097900137 -0.953482985
1403715543012143104.000000 -0.343981862 2.974068880 -0.859653711 -0.278004795 0.054909337 0.102649264 0.953499556
1403715543062142976.000000 -0.345891476 2.967777014 -0.849541426 0.277409405 -0.057138037 -0.106080905 -0.953166425
1403715543112143104.000000 -0.340325385 3.055685759 -0.806970835 -0.265321255 0.058930635 0.110600881 0.955980778
1403715543162142976.000000 -0.344598234 3.048987150 -0.798586369 0.267134815 -0.061081145 -0.111451626 -0.955241680
1403715543212143104.000000 -0.343603015 3.061636686 -0.787058830 -0.269316763 0.064177096 0.112379372 0.954316914
1403715543262142976.000000 -0.348519266 3.054666042 -0.780675650 0.271514922 -0.068298146 -0.113854170 -0.953232586
1403715543312143104.000000 -0.349988163 3.060246944 -0.772957563 -0.273786545 0.070927911 0.115797862 0.952156007
1403715543362142976.000000 -0.356000513 3.052995443 -0.769295394 0.277004480 -0.071254432 -0.115179397 -0.951275527
1403715543412143104.000000 -0.356277019 3.066162586 -0.760256529 -0.280436546 0.072313994 0.114109151 0.950318515
1403715543462142976.000000 -0.363265246 3.055482388 -0.759905219 -0.284875989 0.071134605 0.110370137 0.949528337
1403715543512143104.000000 -0.366493970 3.067999125 -0.755785704 -0.288591444 0.069949649 0.106605276 0.948924363
1403715543562142976.000000 -0.390384138 3.143308640 -0.748680353 -0.278377026 0.072102524 0.104890004 0.952000856
1403715543612143104.000000 -0.396876991 3.133024216 -0.751458704 -0.282713830 0.075815879 0.100642137 0.950892210
1403715543662142976.000000 -0.408713043 3.154152393 -0.754837036 -0.284343123 0.080403514 0.094194777 0.950690150
1403715543712143104.000000 -0.417397618 3.140215397 -0.760537624 -0.291238457 0.083520040 0.087387621 0.948982656
1403715543762142976.000000 -0.424741328 3.150333166 -0.761906743 -0.299641877 0.085208379 0.079155818 0.946936488
1403715543812143104.000000 -0.434946150 3.134803295 -0.769470870 0.311239809 -0.085251197 -0.070817187 -0.943846941
1403715543862142976.000000 -0.463367760 3.153668880 -0.789343596 -0.318514556 0.083277471 0.065551646 0.941974699
1403715543912143104.000000 -0.476197451 3.130507231 -0.798833549 -0.332571805 0.080327779 0.061636541 0.937627017
1403715543962142976.000000 -0.471542656 3.121448755 -0.791221142 -0.348735929 0.074175529 0.060618218 0.932312608
1403715544012143104.000000 -0.485678583 3.092044830 -0.800705552 -0.364749968 0.067882635 0.060704466 0.926641524
1403715544062142976.000000 -0.540930629 3.100317478 -0.841011763 -0.373467177 0.062120169 0.064491354 0.923311591
1403715544112143104.000000 -0.558707535 3.069280624 -0.848094821 0.388913512 -0.057668254 -0.076509163 -0.916278899
1403715544162142976.000000 -0.591863275 3.050536871 -0.864185691 -0.401772469 0.053709891 0.092128344 0.909509003
1403715544212143104.000000 -0.615210414 3.012457848 -0.868838370 -0.419311821 0.050857920 0.107973166 0.899962723
1403715544262142976.000000 -0.654588461 2.988940716 -0.882336378 0.435067683 -0.048468444 -0.124026023 -0.890496731
1403715544312143104.000000 -0.683768749 2.948210239 -0.884078741 0.454781383 -0.046410240 -0.140388668 -0.878243208
1403715544362142976.000000 -0.729715586 2.918679953 -0.893969893 0.471082836 -0.045129143 -0.157448217 -0.866749346
1403715544412143104.000000 -0.763090730 2.880870581 -0.892488837 0.489989579 -0.044802424 -0.173699751 -0.853071749
1403715544462142976.000000 -0.813974500 2.841621637 -0.900186539 0.505945146 -0.045506533 -0.187275514 -0.840759516
1403715544512143104.000000 -0.848561287 2.800905704 -0.897980452 0.524235308 -0.045258846 -0.197801083 -0.827045202
1403715544562142976.000000 -0.897078097 2.759279966 -0.905850887 0.537629366 -0.045709059 -0.207556799 -0.815956891
1403715544612143104.000000 -0.924902022 2.718998671 -0.904952049 0.551942050 -0.045860764 -0.213938475 -0.804665923
1403715544662142976.000000 -0.949819446 2.685695171 -0.900641143 0.563470721 -0.046421301 -0.218733162 -0.795299709
1403715544712143104.000000 -0.965179801 2.646168232 -0.902913332 0.574516475 -0.048392702 -0.217681900 -0.787530065
1403715544762142976.000000 -1.009481311 2.584758759 -0.933324695 0.577806711 -0.051485870 -0.216401443 -0.785276473
1403715544812143104.000000 -1.012039661 2.544605970 -0.939714015 0.584897459 -0.053735442 -0.213643640 -0.780617654
1403715544862142976.000000 -0.988097548 2.529253960 -0.911902368 0.595414400 -0.055305392 -0.210105777 -0.773484766
1403715544912143104.000000 -0.980382919 2.487005472 -0.921051741 0.598488569 -0.054042369 -0.209819883 -0.771275938
1403715544962142976.000000 -1.025176406 2.388468027 -0.996401429 0.589274824 -0.052259456 -0.212880805 -0.777628481
1403715545012143104.000000 -1.016167760 2.344131470 -1.006748915 0.590977550 -0.045978662 -0.215686664 -0.775958002
1403715545062142976.000000 -1.018437743 2.280780792 -1.033512592 0.590901554 -0.043556809 -0.218489736 -0.775371194
1403715545112143104.000000 -1.011036992 2.234893322 -1.042969704 0.594765902 -0.039142381 -0.220995232 -0.771934330
1403715545162142976.000000 -1.014762402 2.169339180 -1.069255948 0.597040951 -0.035780232 -0.224009395 -0.769468427
1403715545212143104.000000 -1.013240695 2.122685432 -1.075672388 0.603058934 -0.033111587 -0.227392182 -0.763882458
1403715545262142976.000000 -1.020997047 2.055753708 -1.099767208 0.606811702 -0.030298745 -0.231528699 -0.759773672
1403715545312143104.000000 -1.025800347 2.009655476 -1.103005767 0.613849044 -0.028112873 -0.235675216 -0.752898574
1403715545362142976.000000 -1.037402391 1.941055536 -1.124352694 0.617296636 -0.028973274 -0.241130754 -0.748305619
1403715545412143104.000000 -1.044979811 1.894695401 -1.124930382 0.621753991 -0.033154119 -0.247979373 -0.742178619
1403715545462142976.000000 -1.056252122 1.825758457 -1.145515680 0.622137070 -0.038887899 -0.256833494 -0.738559246
1403715545512143104.000000 -1.061909914 1.780367494 -1.146182418 0.624256849 -0.044910792 -0.265187204 -0.733459055
1403715545562142976.000000 -1.070845842 1.711279273 -1.169338942 0.623515546 -0.050903969 -0.273262471 -0.730728984
1403715545612143104.000000 -1.072704077 1.667489171 -1.173737168 0.625063717 -0.055994142 -0.279576212 -0.726634204
1403715545662142976.000000 -1.080070734 1.598629951 -1.201207519 0.623630047 -0.060354657 -0.284462959 -0.725619555
1403715545712143104.000000 -1.081346035 1.555419445 -1.209278107 0.624199688 -0.062124491 -0.286459684 -0.724193454
1403715545762142976.000000 -1.091152191 1.487696767 -1.240676522 0.621891797 -0.062078919 -0.287068784 -0.725939691
1403715545812143104.000000 -1.093935013 1.445736051 -1.252076983 0.621951222 -0.059044775 -0.284514606 -0.727146387
1403715545862142976.000000 -1.106106043 1.378610849 -1.286998510 0.618297219 -0.057417814 -0.280646741 -0.731880605
1403715545912143104.000000 -1.108998299 1.337036014 -1.301143408 0.616432607 -0.052077822 -0.273915827 -0.736389101
1403715545962142976.000000 -1.099517345 1.318025470 -1.293577671 0.616064310 -0.045795314 -0.264464885 -0.740557849
1403715546012143104.000000 -1.129875660 1.217381477 -1.366491795 0.603922307 -0.042271949 -0.256546110 -0.753442168
1403715546062142976.000000 -1.131490707 1.176067352 -1.381368041 0.596803606 -0.037977207 -0.246700764 -0.762575924
1403715546112143104.000000 -1.144229054 1.111200929 -1.421560168 0.584427297 -0.034932617 -0.238086104 -0.774944842
1403715546162142976.000000 -1.144235253 1.069424510 -1.435183048 0.572005391 -0.033349432 -0.230508268 -0.786488175
1403715546212143104.000000 -1.156034946 1.005861044 -1.475750208 0.555324316 -0.032528087 -0.222467110 -0.800665498
1403715546262142976.000000 -1.154672384 0.962611079 -1.487868547 0.539480567 -0.031499114 -0.215327814 -0.813389540
1403715546312143104.000000 -1.166130424 0.900372386 -1.528925776 0.519623756 -0.031697527 -0.209110647 -0.827803850
1403715546362142976.000000 -1.163336039 0.855499983 -1.539648056 0.502349436 -0.031523082 -0.201232418 -0.840331376
1403715546412143104.000000 -1.173828244 0.794128776 -1.581051707 0.480758667 -0.030633738 -0.195423439 -0.854249656
1403715546462142976.000000 -1.170254946 0.747090697 -1.591437459 0.462048650 -0.030095836 -0.188060477 -0.866163194
1403715546512143104.000000 -1.179226637 0.687242150 -1.633985043 0.439683974 -0.028951291 -0.181329072 -0.879181266
1403715546562142976.000000 -1.175785184 0.639784515 -1.643684983 0.420233160 -0.028434614 -0.173256546 -0.890268385
1403715546612143104.000000 -1.184517860 0.581139505 -1.686524391 0.397698581 -0.025665483 -0.164241970 -0.902331293
1403715546662142976.000000 -1.181877613 0.531879008 -1.695455074 0.377810687 -0.020475423 -0.154964194 -0.912592947
1403715546712143104.000000 -1.191604853 0.476525605 -1.737436295 -0.353929222 0.013659497 0.146601394 0.923610091
1403715546762142976.000000 -1.190293193 0.426740497 -1.743910074 -0.332693756 0.002626433 0.139012799 0.932729006
1403715546812143104.000000 -1.201201200 0.374414921 -1.784138441 -0.307307750 -0.007785195 0.134393349 0.942040265
1403715546862142976.000000 -1.199176550 0.323040277 -1.788531542 -0.285665393 -0.015501818 0.129318178 0.949437618
1403715546912143104.000000 -1.203429461 0.231753692 -1.811263204 0.265986770 0.020159299 -0.126782864 -0.955390453
1403715546962142976.000000 -1.199474931 0.182018727 -1.812542319 0.247353047 0.025092566 -0.114161961 -0.961849213
1403715547012143104.000000 -1.209974527 0.187744781 -1.862448692 -0.221249476 -0.027392797 0.097876452 0.969906449
1403715547062142976.000000 -1.204343200 0.138301164 -1.859883070 -0.203389704 -0.030353144 0.084368378 0.974983811
1403715547112143104.000000 -1.208421350 0.103240825 -1.889786005 -0.181504205 -0.031870976 0.072918698 0.980164945
1403715547162142976.000000 -1.201167464 0.051458646 -1.882144928 -0.163408950 -0.032487251 0.060444385 0.984169006
1403715547212143104.000000 -1.202191830 0.021131031 -1.907154799 -0.141436890 -0.032676414 0.049143691 0.988186657
1403715547262142976.000000 -1.192997098 -0.032839134 -1.894135833 -0.124047041 -0.032684870 0.036258314 0.991074920
1403715547312143104.000000 -1.191200733 -0.059355929 -1.914051294 -0.103849009 -0.033523291 0.025047779 0.993712366
1403715547362142976.000000 -1.181345105 -0.116526432 -1.897038221 -0.087740779 -0.034516808 0.015102398 0.995430648
1403715547412143104.000000 -1.177455187 -0.139868736 -1.910116434 -0.068287343 -0.037438676 0.008042415 0.996930540
1403715547462142976.000000 -1.168948054 -0.201402381 -1.891060472 -0.052894570 -0.041788835 0.001290296 0.997724533
1403715547512143104.000000 -1.162369728 -0.222474203 -1.894174099 -0.033772476 -0.046005264 -0.004398910 0.998360515
1403715547562142976.000000 -1.154138684 -0.287423044 -1.871906996 -0.018111434 -0.049167447 -0.012680207 0.998545825
1403715547612143104.000000 -1.144032598 -0.308303446 -1.865226030 0.001955754 -0.051528092 -0.020621026 0.998456717
1403715547662142976.000000 -1.133840680 -0.377295226 -1.838161111 0.018020649 -0.053092163 -0.030245168 0.997968793
1403715547712143104.000000 -1.120561600 -0.398348570 -1.823081493 0.037344594 -0.054863319 -0.039772395 0.997002363
1403715547762142976.000000 -1.107650995 -0.469917297 -1.791752577 0.053136278 -0.055262081 -0.049551148 0.995824993
1403715547812143104.000000 -1.091025710 -0.493256122 -1.767855883 0.072463214 -0.055941537 -0.057488769 0.994140208
1403715547862142976.000000 -1.075242877 -0.569381952 -1.730895996 0.088323198 -0.055174094 -0.065151729 0.992426395
1403715547912143104.000000 -1.055756927 -0.593890011 -1.699471116 0.106905393 -0.051444784 -0.072173223 0.990310967
1403715547962142976.000000 -1.037246704 -0.673509121 -1.657332540 0.121414930 -0.044828553 -0.077361070 0.988566697
1403715548012143104.000000 -1.014965296 -0.699981809 -1.619551063 0.137756512 -0.036606379 -0.078271151 0.986689866
1403715548062142976.000000 -0.994652450 -0.783858418 -1.574327588 0.147429883 -0.025081618 -0.081215687 0.985413373
1403715548112143104.000000 -0.970315337 -0.810404062 -1.531496048 0.158086911 -0.012964253 -0.083652958 0.983789980
1403715548162142976.000000 -0.949740171 -0.898096085 -1.483652949 0.162938178 -0.002094176 -0.086148351 0.982865810
1403715548212143104.000000 -0.926133335 -0.923256099 -1.438807011 0.168992475 0.006603735 -0.088659637 0.981599450
1403715548262142976.000000 -0.906565189 -1.014968753 -1.390757799 0.169640347 0.015028968 -0.091595121 0.981125236
1403715548312143104.000000 -0.884399235 -1.038957119 -1.343912005 0.173011661 0.020510709 -0.092765540 0.980326951
1403715548362142976.000000 -0.868343055 -1.136484146 -1.294684768 -0.171468258 -0.023388783 0.093596309 -0.980454683
1403715548412143104.000000 -0.854082644 -1.157106519 -1.245373964 0.172139719 0.024956014 -0.095040500 0.980159402
1403715548462142976.000000 -0.843704283 -1.261005759 -1.195300579 0.169304430 0.025080202 -0.094470702 0.980705082
1403715548512143104.000000 -0.834159374 -1.277944565 -1.144198656 0.170075729 0.024090124 -0.092638023 0.980771244
1403715548562142976.000000 -0.825536251 -1.390443325 -1.093937993 0.167703554 0.023404267 -0.088468120 0.981580973
1403715548612143104.000000 -0.817188680 -1.401245832 -1.044438362 0.168586716 0.021511424 -0.084251814 0.981843948
1403715548662142976.000000 -0.808813810 -1.600694537 -0.995618403 -0.161848068 -0.022000235 0.081235908 -0.983220220
1403715548712143104.000000 -0.800898135 -1.525974870 -0.946856916 0.165646508 0.020397097 -0.077066652 0.982957780
1403715548762142976.000000 -0.792693198 -1.642326713 -0.901047230 0.162384078 0.021163804 -0.074401297 0.983690977
1403715548812143104.000000 -0.783881664 -1.651333809 -0.851435661 0.162204102 0.019829575 -0.071755894 0.983944952
1403715548862142976.000000 -0.775264919 -1.781571031 -0.805408299 0.158232346 0.020981550 -0.070365600 0.984667957
1403715548912143104.000000 -0.765078068 -1.776838422 -0.756707728 0.158459559 0.021179821 -0.067501284 0.984827757
1403715548962142976.000000 -0.756962299 -1.913623810 -0.712529182 0.156727314 0.022463271 -0.066868611 0.985119581
1403715549012143104.000000 -0.745925665 -1.902772427 -0.662461042 0.160314977 0.023144001 -0.066596538 0.984544814
1403715549062142976.000000 -0.738553286 -2.045164585 -0.621030807 0.162275359 0.025770435 -0.067765646 0.984078467
1403715549112143104.000000 -0.725873768 -2.029674768 -0.571019948 0.169515565 0.030012900 -0.067481071 0.982756376
1403715549162142976.000000 -0.717598736 -2.177315474 -0.533954203 0.172901630 0.037992571 -0.068750560 0.981801927
1403715549212143104.000000 -0.702611268 -2.155345678 -0.483930111 0.179535493 0.045521013 -0.069152698 0.980261564
1403715549262142976.000000 -0.694769561 -2.307704449 -0.452623755 0.182571083 0.054107148 -0.069044314 0.979271770
1403715549312143104.000000 -0.680443466 -2.277678013 -0.402646661 0.188288748 0.060209185 -0.069574475 0.977794290
1403715549362142976.000000 -0.674737930 -2.428803444 -0.377791554 -0.192522407 -0.064356096 0.064613804 -0.977045834
1403715549412143104.000000 -0.673450410 -2.415023088 -0.344877869 0.193637297 0.064547203 -0.058512788 0.977197289
1403715549462142976.000000 -0.670182705 -2.568421125 -0.324044019 0.197617918 0.061491977 -0.052078672 0.976961493
1403715549512143104.000000 -0.660715997 -2.517536402 -0.275562942 0.203924254 0.055733278 -0.046411455 0.976296425
1403715549562142976.000000 -0.658686757 -2.667466640 -0.258770615 -0.206046849 -0.047547244 0.042400930 -0.976466179
1403715549612143104.000000 -0.638715148 -2.607577324 -0.200605303 0.216627479 0.037605792 -0.037673328 0.974802077
1403715549662142976.000000 -0.637699366 -2.754121542 -0.188833952 -0.214875534 -0.028899733 0.032243054 -0.975681245
1403715549712143104.000000 -0.628052115 -2.696989298 -0.139703020 0.214303061 0.023534546 -0.024710912 0.976170957
1403715549762142976.000000 -0.624375105 -2.821364641 -0.119895279 -0.207907289 -0.021924628 0.017572746 -0.977744937
1403715549812143104.000000 -0.612967253 -2.772929668 -0.077431470 0.202595234 0.022510022 -0.009740418 0.978955448
1403715549862142976.000000 -0.608418763 -2.900100470 -0.065915525 -0.192046419 -0.024338199 0.001808591 -0.981082380
1403715549912143104.000000 -0.595418155 -2.834351301 -0.013748229 0.184263811 0.023455316 0.009401154 0.982551992
1403715549962142976.000000 -0.588237822 -2.940068483 0.006895661 -0.171663776 -0.023409428 -0.022440750 -0.984621763
1403715550012143104.000000 -0.590169609 -2.913305998 0.035733808 0.150363103 0.023658579 0.035052121 0.987726033
1403715550062142976.000000 -0.581284881 -3.004086971 0.063834697 -0.133313924 -0.020770103 -0.045886498 -0.989793122
1403715550112143104.000000 -0.571515381 -2.948672533 0.110554345 0.113172650 0.018804578 0.052076958 0.992031455
1403715550162142976.000000 -0.557270408 -3.022000551 0.143035561 -0.090892471 -0.017140221 -0.054174434 -0.994238377
1403715550212143104.000000 -0.518312097 -2.907721758 0.180855587 0.086173847 0.012916014 0.057393156 0.994541764
1403715550262142976.000000 -0.497076899 -2.902584314 0.211051434 0.065720193 0.011104653 0.058598813 0.996054113
1403715550312143104.000000 -0.475949973 -2.911597013 0.233882695 -0.044083811 -0.009681902 -0.060158458 -0.997167945
1403715550362142976.000000 -0.443677694 -2.880174398 0.268200904 0.026233649 0.010181719 0.062403653 0.997654259
1403715550412143104.000000 -0.417220980 -2.876728535 0.289885521 -0.003961024 -0.012191127 -0.062834240 -0.997941732
1403715550462142976.000000 -0.380448490 -2.843792200 0.322759449 -0.015289969 0.014148824 0.063506037 0.997764051
1403715550512143104.000000 -0.353606761 -2.836053610 0.344362557 -0.037965998 0.016624071 0.064981304 0.997025430
1403715550562142976.000000 -0.317975998 -2.797632933 0.377886772 -0.056333076 0.017453518 0.068885013 0.995879948
1403715550612143104.000000 -0.295798272 -2.784979820 0.404166400 0.076945819 -0.018742420 -0.075502574 -0.993995726
1403715550662142976.000000 -0.266492099 -2.745894909 0.436543524 -0.093070768 0.020183908 0.085318357 0.991791964
1403715550712143104.000000 -0.250097126 -2.730171442 0.466014862 0.112434678 -0.021995692 -0.095604934 -0.988804519
1403715550762142976.000000 -0.237139985 -2.714969635 0.496688217 0.129784182 -0.023820613 -0.109511927 -0.985188246
1403715550812143104.000000 -0.227534056 -2.698367357 0.527885556 0.146727413 -0.025776576 -0.124010935 -0.981034160
1403715550862142976.000000 -0.221141428 -2.680458546 0.559543252 0.163663954 -0.027429027 -0.137822881 -0.976456165
1403715550912143104.000000 -0.217496365 -2.660986900 0.591259778 0.180478334 -0.029196570 -0.151682854 -0.971374035
1403715550962142976.000000 -0.215746760 -2.639248848 0.622675359 0.198033080 -0.031215627 -0.163470492 -0.965963721
1403715551012143104.000000 -0.214631155 -2.615047216 0.652745008 0.216302022 -0.032275654 -0.172705233 -0.960387766
1403715551062142976.000000 -0.211707577 -2.587790489 0.680430114 0.236638099 -0.033155907 -0.176699743 -0.954819560
1403715551112143104.000000 -0.206409410 -2.557757139 0.704814315 0.256988227 -0.034339681 -0.180286050 -0.948828161
1403715551162142976.000000 -0.198747769 -2.525289536 0.726061225 0.277103394 -0.035420772 -0.183931977 -0.942405522
1403715551212143104.000000 -0.188804671 -2.490692616 0.744585156 0.295613468 -0.037168644 -0.190872967 -0.935306787
1403715551262142976.000000 -0.176575959 -2.454009533 0.760292530 0.313819259 -0.040796895 -0.198664963 -0.927569628
1403715551312143104.000000 -0.163906246 -2.415403843 0.773405194 0.331110328 -0.043818831 -0.209191620 -0.919067383
1403715551362142976.000000 -0.151224762 -2.375042439 0.784139872 0.348437905 -0.046401560 -0.219299629 -0.910134971
1403715551412143104.000000 -0.140166730 -2.333060741 0.792623997 0.365955442 -0.049590640 -0.228865147 -0.900687635
1403715551462142976.000000 -0.130147368 -2.289408445 0.798616946 0.384343177 -0.053122971 -0.236358479 -0.890838385
1403715551512143104.000000 -0.121742070 -2.244353294 0.802288055 0.403042793 -0.055796918 -0.242333859 -0.880748332
1403715551562142976.000000 -0.194006443 -2.174406052 0.548959851 0.517964125 -0.072775960 -0.277718425 -0.805784941
1403715551612143104.000000 -0.192238390 -2.127948999 0.535963774 0.537703156 -0.072625704 -0.276827157 -0.793074727
1403715551662142976.000000 -0.191161692 -2.081140995 0.519838870 0.558463216 -0.073652275 -0.272580355 -0.779996216
1403715551712143104.000000 -0.190854907 -2.034456730 0.501359761 0.579025030 -0.076011844 -0.267895103 -0.766279697
1403715551762142976.000000 -0.191835880 -1.988729239 0.480879068 0.598277092 -0.077944860 -0.264846385 -0.752227068
1403715551812143104.000000 -0.193995118 -1.944477320 0.458519816 0.616617560 -0.083011813 -0.262748390 -0.737465322
1403715551862142976.000000 -0.197061419 -1.901883245 0.434621811 0.633988857 -0.089155190 -0.261491954 -0.722309887
1403715551912143104.000000 -0.201029003 -1.861509919 0.409310937 0.650946319 -0.097491048 -0.259518892 -0.706692576
1403715551962142976.000000 -0.206042469 -1.823939204 0.382612109 0.667946517 -0.101512037 -0.256919026 -0.691039324
1403715552012143104.000000 -0.211923778 -1.789622426 0.354562521 0.685089648 -0.100852437 -0.253545225 -0.675422728
1403715552062142976.000000 -0.219160259 -1.758847713 0.326131463 0.701619446 -0.093889043 -0.251296580 -0.660125136
1403715552112143104.000000 -0.227524102 -1.731627107 0.297707081 0.715695024 -0.089632675 -0.252881140 -0.644823849
1403715552162142976.000000 -0.236689448 -1.707963943 0.269502163 0.729292810 -0.083819553 -0.255012274 -0.629344940
1403715552212143104.000000 -0.245451629 -1.688060164 0.241698384 0.743202686 -0.081491016 -0.254637390 -0.613326073
1403715552262142976.000000 -0.254025698 -1.671221375 0.214229941 0.758143723 -0.079108343 -0.251448125 -0.596434355
1403715552312143104.000000 -0.262788177 -1.657838583 0.187866926 0.772573471 -0.079518177 -0.248316333 -0.578918099
1403715552362142976.000000 -0.272119641 -1.648106098 0.163102984 0.786419094 -0.078470796 -0.247134000 -0.560635567
1403715552412143104.000000 -0.281734109 -1.642345190 0.139956474 0.799729228 -0.076072268 -0.247930124 -0.541458130
1403715552462142976.000000 -0.290795088 -1.640608072 0.118916988 0.812581718 -0.074527308 -0.249514803 -0.521439433
1403715552512143104.000000 -0.299611032 -1.642580271 0.099808455 0.824938774 -0.075045079 -0.251558006 -0.500562608
1403715552562142976.000000 -0.307863712 -1.648215532 0.083393574 0.836624265 -0.077277318 -0.254533470 -0.478853673
1403715552612143104.000000 -0.315636128 -1.657825947 0.069228649 0.848143876 -0.080942221 -0.256944239 -0.456158072
1403715552662142976.000000 -0.323364496 -1.671608090 0.057741642 0.858611107 -0.085659459 -0.261249244 -0.432664245
1403715552712143104.000000 -0.331237763 -1.689493775 0.049014807 0.868368089 -0.089227103 -0.266900420 -0.408337682
1403715552762142976.000000 -0.339225709 -1.711355686 0.042744040 -0.877308488 0.091882162 0.273995459 0.383163184
1403715552812143104.000000 -0.346950829 -1.737279892 0.038706183 -0.885829031 0.093984827 0.280669749 0.357349068
1403715552862142976.000000 -0.355222225 -1.767638564 0.037056565 -0.893434465 0.095145069 0.288389683 0.330989033
1403715552912143104.000000 -0.361873657 -1.801491737 0.039498806 -0.899481356 0.098441631 0.297354370 0.304668635
1403715552962142976.000000 -0.370843023 -1.840001106 0.042883992 -0.903907716 0.102690831 0.307905883 0.278566867
1403715553012143104.000000 -0.380238473 -1.882784367 0.047939420 -0.907629550 0.108130939 0.317604303 0.252277285
1403715553062142976.000000 -0.390254736 -1.929687619 0.054299116 -0.910990417 0.113326021 0.325763673 0.226123407
1403715553112143104.000000 -0.400629133 -1.980969429 0.061786890 -0.914480090 0.116020732 0.331893444 0.200280249
1403715553162142976.000000 -0.409480751 -2.030259609 0.086288214 -0.919076145 0.115177274 0.333958834 0.174656376
1403715553212143104.000000 -0.412905514 -2.085630417 0.101728439 -0.924073160 0.113692291 0.332923353 0.149415240
1403715553262142976.000000 -0.422532767 -2.148329020 0.112821400 -0.928523123 0.115050934 0.330281317 0.124589309
1403715553312143104.000000 -0.431929886 -2.215306759 0.124729335 -0.933678269 0.113366880 0.324704111 0.099800520
1403715553362142976.000000 -0.440721750 -2.286859751 0.138139665 0.939826310 -0.109014370 -0.315025270 -0.074843965
1403715553412143104.000000 -0.449109077 -2.362383127 0.153952509 0.945510924 -0.101784930 -0.305200607 -0.050016556
1403715553462142976.000000 -0.456401080 -2.441464424 0.172556370 0.951721191 -0.089176700 -0.292639703 -0.025228394
1403715553512143104.000000 -0.463585436 -2.523180723 0.194774091 0.956305146 -0.078619987 -0.281600296 -0.000823896
1403715553562142976.000000 -0.470587373 -2.606858015 0.221022144 0.959434330 -0.067154780 -0.272899151 0.022407547
1403715553612143104.000000 -0.477144480 -2.691917658 0.251761436 0.960670710 -0.056863122 -0.268249542 0.043825485
1403715553662142976.000000 -0.482415736 -2.777596712 0.286915898 0.960913062 -0.046180099 -0.265779108 0.062250122
1403715553712143104.000000 -0.487209290 -2.863323212 0.326903731 0.959219873 -0.038611978 -0.269101799 0.077398784
1403715553762142976.000000 -0.491393387 -2.948626280 0.371353388 0.955078602 -0.029889300 -0.280823439 0.089832678
1403715553812143104.000000 -0.494832695 -3.033197165 0.419532478 0.949272990 -0.022143368 -0.297287971 0.100051701
1403715553862142976.000000 -0.496175259 -3.116589785 0.470380723 0.943289995 -0.014580465 -0.313552201 0.108058102
1403715553912143104.000000 -0.495700806 -3.198766232 0.523067772 0.937637925 -0.007273226 -0.328194976 0.114325285
1403715553962142976.000000 -0.494449526 -3.279505730 0.576794803 0.931620419 -0.003406949 -0.343396246 0.118957594
1403715554012143104.000000 -0.492995828 -3.358831406 0.630701363 0.924998164 -0.003074536 -0.359573275 0.122784987
1403715554062142976.000000 -0.492279708 -3.436609983 0.684619486 0.917722583 -0.005514287 -0.376888871 0.125338331
1403715554112143104.000000 -0.491934806 -3.513387918 0.737445354 0.910093844 -0.008277459 -0.394282132 0.127288640
1403715554162142976.000000 -0.492121428 -3.589329481 0.788378716 0.902396858 -0.009403646 -0.411203772 0.128463671
1403715554212143104.000000 -0.492810667 -3.664768457 0.835796475 -0.896132886 0.011470935 0.424329162 -0.129457444
1403715554262142976.000000 -0.494508892 -3.739962101 0.878910065 -0.891027391 0.010295143 0.434917510 -0.129656985
1403715554312143104.000000 -0.498011708 -3.815058470 0.917740524 -0.886946440 0.005531993 0.443277895 -0.129615396
1403715554362142976.000000 -0.504642010 -3.890084267 0.952024817 -0.884608090 -0.007082755 0.448319197 -0.128173038
1403715554412143104.000000 -0.514829516 -3.964051247 0.981683195 -0.885102093 -0.027977200 0.447690934 -0.124034166
1403715554462142976.000000 -0.527549267 -4.035842896 1.006582737 0.889152646 0.063505702 -0.438065380 0.116074696
1403715554512143104.000000 -0.545057297 -4.103860855 1.028547049 0.893167973 0.102479376 -0.424839079 0.106117234
1403715554562142976.000000 -0.566855550 -4.165997028 1.048517466 0.895393491 0.143764824 -0.410181642 0.096712247
1403715554612143104.000000 -0.592219234 -4.220146179 1.066539407 0.896587312 0.181710690 -0.394060344 0.088481635
1403715554662142976.000000 -0.621825576 -4.265224457 1.083551407 0.896047711 0.212983862 -0.380754262 0.082234792
1403715554712143104.000000 -0.654672146 -4.299451828 1.099787116 0.895317793 0.236538798 -0.369268775 0.078078203
1403715554762142976.000000 -0.689783335 -4.320853233 1.115255952 0.894670486 0.254896998 -0.358971357 0.075709336
1403715554812143104.000000 -0.725347519 -4.327379227 1.128852963 0.895026207 0.269367993 -0.347651869 0.074211314
1403715554862142976.000000 -0.758869171 -4.316699028 1.140579939 0.897978008 0.273349732 -0.336799473 0.074038297
1403715554912143104.000000 -0.788417101 -4.287087440 1.149800301 0.902019918 0.269948006 -0.328151286 0.076189995
1403715554962142976.000000 -0.811562777 -4.238196373 1.156401515 0.908363819 0.261398882 -0.316627860 0.079325870
1403715555012143104.000000 -0.829913855 -4.171674728 1.162006140 0.916256368 0.235943273 -0.312196732 0.085663475
1403715555062142976.000000 -0.843427539 -4.089720726 1.167303085 0.923994303 0.196753040 -0.314252764 0.093638048
1403715555112143104.000000 -0.852670312 -3.995095730 1.171952724 0.930186689 0.148738995 -0.319752276 0.101921253
1403715555162142976.000000 -0.859716773 -3.891755104 1.176630259 0.932806671 0.097334422 -0.329149276 0.109811701
1403715555212143104.000000 -0.866415620 -3.783252001 1.181851625 0.932729602 0.046644848 -0.338183224 0.116068192
1403715555262142976.000000 -0.876187325 -3.672162294 1.188624382 0.929326117 -0.010455309 -0.348581076 0.121387720
1403715555312143104.000000 -0.889257908 -3.561454535 1.196752667 0.924056828 -0.061572034 -0.355714470 0.125678852
1403715555362142976.000000 -0.905169547 -3.453812599 1.205557585 0.919953227 -0.091826066 -0.358695805 0.128807724
1403715555412143104.000000 -0.921457291 -3.351071596 1.214472055 0.917821705 -0.109482162 -0.358215094 0.131525233
1403715555462142976.000000 -0.934279919 -3.255199432 1.222539186 0.919415236 -0.108929671 -0.353346050 0.134001955
1403715555512143104.000000 -0.943350077 -3.165965557 1.229997396 0.921829939 -0.101610385 -0.348457783 0.135949165
1403715555562142976.000000 -0.948340535 -3.083005905 1.236890316 0.924665689 -0.087802567 -0.344203442 0.137142912
1403715555612143104.000000 -0.949699759 -3.005227804 1.243520260 0.926848531 -0.075442515 -0.341044635 0.137654647
1403715555662142976.000000 -0.947327971 -2.931877613 1.250390530 0.927727938 -0.063031577 -0.341207296 0.137569800
1403715555712143104.000000 -0.942228198 -2.861784458 1.257936954 0.927248120 -0.054253850 -0.344180852 0.137138471
1403715555762142976.000000 -0.934867978 -2.794319153 1.265875578 0.925760388 -0.055845473 -0.348355561 0.136005610
1403715555812143104.000000 -0.924503326 -2.729894400 1.273715973 0.923761845 -0.061889112 -0.353033870 0.134911403
1403715555862142976.000000 -0.911359310 -2.669053555 1.280771971 0.921781778 -0.070684865 -0.356820256 0.134169087
1403715555912143104.000000 -0.895226240 -2.612363577 1.286897659 0.920613408 -0.075325243 -0.359123468 0.133519426
1403715555962142976.000000 -0.877670765 -2.559570551 1.292792201 0.919038713 -0.079815075 -0.362365007 0.133000553
1403715556012143104.000000 -0.861306906 -2.510485172 1.299409032 0.916960716 -0.088076353 -0.365709573 0.132974416
1403715556062142976.000000 -0.847209811 -2.465369701 1.306725025 0.914034367 -0.101214811 -0.369473338 0.133365169
1403715556112143104.000000 -0.835063934 -2.424652576 1.314908504 0.912441730 -0.109382302 -0.370888323 0.133893341
1403715556162142976.000000 -0.824362874 -2.388959408 1.323834538 0.913347065 -0.111519486 -0.367636591 0.134922236
1403715556212143104.000000 -0.814139247 -2.358511209 1.332948208 0.915317595 -0.111637853 -0.362262875 0.136001021
1403715556262142976.000000 -0.803681612 -2.333437681 1.342282057 0.917898357 -0.107864976 -0.356517941 0.136831403
1403715556312143104.000000 -0.793417871 -2.313239813 1.352162600 0.920104325 -0.102518000 -0.352333874 0.136963516
1403715556362142976.000000 -0.783751845 -2.297567129 1.363104105 0.921493828 -0.097509392 -0.350280464 0.136545762
1403715556412143104.000000 -0.774980187 -2.286259651 1.375245571 0.922693193 -0.091336831 -0.348993748 0.136008516
1403715556462142976.000000 -0.768571079 -2.278309822 1.389180422 0.923401475 -0.080383822 -0.350116462 0.135227919
1403715556512143104.000000 -0.765256166 -2.273443460 1.405077696 0.923341095 -0.062145527 -0.354278475 0.134409875
1403715556562142976.000000 -0.765909195 -2.270523071 1.422658920 0.922807395 -0.043673214 -0.358767599 0.133435696
1403715556612143104.000000 -0.770099998 -2.268904924 1.441568494 0.921872377 -0.028514264 -0.362958491 0.132662997
1403715556662142976.000000 -0.778160036 -2.267890692 1.462394476 0.919720531 -0.017594816 -0.369261473 0.132100672
1403715556712143104.000000 -0.790473580 -2.267191648 1.484465361 0.916854978 -0.009936039 -0.376730740 0.131727874
1403715556762142976.000000 -0.806334615 -2.266586542 1.506561279 0.914404392 -0.002146441 -0.382922173 0.131265670
1403715556812143104.000000 -0.824698806 -2.265912294 1.527675152 0.913940787 0.008402231 -0.384101391 0.130797163
1403715556862142976.000000 -0.844823420 -2.264320850 1.547633171 0.913772702 0.016746061 -0.384219527 0.130822256
1403715556912143104.000000 -0.865850568 -2.261506319 1.566156030 0.913807631 0.025959818 -0.383694917 0.130613878
1403715556962142976.000000 -0.887947857 -2.257021666 1.583391666 0.913541853 0.032456860 -0.383658856 0.131125033
1403715557012143104.000000 -0.911923766 -2.250363588 1.599153161 0.911585093 0.032220814 -0.387884319 0.132364139
1403715557062142976.000000 -0.937465847 -2.241582394 1.613221884 0.908591509 0.028163787 -0.394612521 0.133975193
1403715557112143104.000000 -0.964099050 -2.230753899 1.625157237 0.904955566 0.022109682 -0.402643681 0.135811284
