1413394912655760384.000000 0.057572156 0.030757375 -0.017738188 -0.090188734 0.003649726 0.069324359 0.993502319
1413394912705760512.000000 0.060637765 0.030581243 -0.016829535 -0.100657426 0.017043225 0.078528509 0.991670787
1413394912755760384.000000 0.063565671 0.030389547 -0.013931539 -0.111641258 0.028781762 0.087311372 0.989487052
1413394912805760512.000000 0.064497679 0.031176189 -0.011523791 -0.119959764 0.038233235 0.095972732 0.987389088
1413394912855760384.000000 0.067846827 0.031248266 -0.007840523 -0.127256081 0.043346632 0.100660756 0.985796332
1413394912905760512.000000 0.147260830 0.054489650 0.054388203 -0.134009987 0.044414267 0.106047653 0.984287918
1413394912955760384.000000 0.078176424 0.031890403 -0.001803066 -0.144300684 0.043568574 0.093826838 0.984111607
1413394913005760512.000000 0.156775832 0.055622585 0.060702007 -0.151058525 0.042669769 0.090611741 0.983437955
1413394913055760384.000000 0.162515864 0.056461193 0.062619582 -0.157512411 0.042027939 0.083271265 0.983101964
1413394913105760512.000000 0.166899160 0.056945618 0.066988617 -0.163400784 0.041200582 0.074917056 0.982847989
1413394913155760384.000000 0.170668781 0.060453910 0.070743181 -0.163980827 0.042189464 0.069925003 0.983077228
1413394913205760512.000000 0.258757532 0.097766876 0.148298681 -0.162748903 0.041231018 0.070269488 0.983298063
1413394913255760384.000000 0.262766689 0.099953361 0.152105033 -0.157212064 0.042889066 0.065535121 0.984454215
1413394913305760512.000000 0.266490877 0.101525627 0.157779172 -0.147594407 0.048213378 0.059341658 0.986088276
1413394913355760384.000000 0.262359351 0.105195001 0.158047020 -0.133876756 0.060212959 0.054842491 0.987645566
1413394913405760512.000000 0.267867684 0.108116746 0.164151922 -0.118817322 0.064456336 0.045281060 0.989786625
1413394913455760384.000000 0.359313637 0.098149702 0.231815487 -0.107699521 0.060843818 0.036130216 0.991662025
1413394913505760512.000000 0.362461090 0.099156797 0.236566380 -0.089654461 0.064764276 0.023707774 0.993582249
1413394913555760384.000000 0.365793020 0.100887440 0.240424260 -0.070811972 0.066608824 0.007078568 0.995238125
1413394913605760512.000000 0.369225234 0.102386191 0.244601652 -0.050971974 0.068301246 -0.010256522 0.996308982
1413394913655760384.000000 0.372241229 0.102863625 0.247854561 -0.030255785 0.067741565 -0.029239912 0.996815324
1413394913705760512.000000 0.407894403 0.046713650 0.322350234 -0.018214541 0.061970379 -0.041649513 0.997042239
1413394913755760384.000000 0.410517007 0.047615621 0.326863408 0.006052053 0.054208100 -0.053341515 0.997085571
1413394913805760512.000000 0.412543744 0.048659511 0.331786245 0.033503205 0.046346117 -0.060561001 0.996524990
1413394913855760384.000000 0.402344108 0.036568008 0.347003043 0.056100033 0.047690593 -0.056328256 0.995693505
1413394913905760512.000000 0.397929788 0.026808370 0.354996026 0.078266114 0.044858016 -0.053681724 0.994475007
1413394913955760384.000000 0.378135175 -0.073484577 0.426300049 0.102411158 0.035086792 -0.059397534 0.992347121
1413394914005760512.000000 0.381147623 0.007037306 0.371269494 0.120715819 0.053432543 -0.044654161 0.990241706
1413394914055760384.000000 0.376614362 -0.081677638 0.441878498 0.151690647 0.032379612 -0.060269225 0.986057401
1413394914105760512.000000 0.381298661 -0.087121487 0.448256046 0.173596948 0.028528441 -0.066262856 0.982170820
1413394914155760384.000000 0.382328659 -0.092655234 0.454830825 0.193694696 0.030118302 -0.077308938 0.977547288
1413394914205760512.000000 0.323649138 -0.235610798 0.542534113 0.204317853 0.044051040 -0.089108929 0.973844647
1413394914255760384.000000 0.327455342 -0.241082713 0.548190296 0.223699301 0.044205036 -0.102688916 0.968224943
1413394914305760512.000000 0.326641321 -0.250660181 0.552218676 0.239834383 0.049614761 -0.111437164 0.963119805
1413394914355760384.000000 0.335850835 -0.254177332 0.558984458 0.261984557 0.047098145 -0.126761585 0.955550849
1413394914405760512.000000 0.330245674 -0.261622638 0.566266000 0.279204518 0.059454639 -0.138229132 0.948368490
1413394914455760384.000000 0.340186059 -0.432708472 0.618862867 0.288292259 0.059758324 -0.146872312 0.944322586
1413394914505760512.000000 0.339732021 -0.439694047 0.624623060 0.304937363 0.068451673 -0.155787155 0.937047541
1413394914555760384.000000 0.344260991 -0.268471837 0.587085903 0.346671492 0.063840412 -0.165928736 0.920983732
1413394914605760512.000000 0.343121707 -0.276385725 0.592386305 0.362748772 0.066395834 -0.161765113 0.915334404
1413394914655760384.000000 0.344846308 -0.281253874 0.599174678 0.382573277 0.064463891 -0.159738213 0.907725632
1413394914705760512.000000 0.396585733 -0.675239623 0.646172166 0.359485835 0.057091326 -0.151363924 0.919020951
1413394914755760384.000000 0.401152670 -0.727236688 0.651101470 0.372334659 0.054611012 -0.148029372 0.914588392
1413394914805760512.000000 0.403358519 -0.779641330 0.656061292 0.383946776 0.053881288 -0.147409990 0.909918666
1413394914855760384.000000 0.403300822 -0.832745492 0.661838472 0.393922120 0.053045180 -0.149356127 0.905375242
1413394914905760512.000000 0.400995106 -0.886007309 0.668065906 0.402231783 0.056138724 -0.154685482 0.900627851
1413394914955760384.000000 0.394417435 -0.932521582 0.680706143 0.411582083 0.060698956 -0.160628393 0.895049930
1413394915005760512.000000 0.385998011 -0.992807090 0.681777596 0.418075293 0.065855205 -0.168635324 0.890190065
1413394915055760384.000000 0.373488396 -1.037923813 0.691633821 0.427251667 0.074796572 -0.178702161 0.883134842
1413394915105760512.000000 0.359687686 -1.079358339 0.697009504 0.437512547 0.083226264 -0.189094409 0.875156879
1413394915155760384.000000 0.345011503 -1.125566721 0.701474845 0.448090106 0.088523462 -0.201987997 0.866360068
1413394915205760512.000000 0.335026413 -1.211735368 0.688229918 0.454751551 0.092794254 -0.215231150 0.859224021
1413394915255760384.000000 0.320452154 -1.262568593 0.688730359 0.466871232 0.097365201 -0.227910206 0.848886430
1413394915305760512.000000 0.305627882 -1.322609425 0.684966803 0.480160832 0.102403186 -0.238676205 0.837850153
1413394915355760384.000000 0.290356696 -1.383615494 0.656235218 0.490175486 0.106124513 -0.248123854 0.828794420
1413394915405760512.000000 0.273878396 -1.424153805 0.640186191 0.504939675 0.111104921 -0.255417019 0.816978455
1413394915455760384.000000 0.255803853 -1.500028729 0.612075448 0.517021000 0.115278974 -0.262296557 0.806598246
1413394915505760512.000000 0.236980915 -1.542129874 0.588008642 0.532085776 0.120105080 -0.267276824 0.794369400
1413394915555760384.000000 0.216079235 -1.616963625 0.547512174 0.549355030 0.121611439 -0.265977770 0.782735944
1413394915605760512.000000 0.194153965 -1.658396244 0.513838291 0.572801232 0.119796365 -0.257892966 0.768790543
1413394915655760384.000000 0.169598639 -1.732223749 0.463619471 0.595898747 0.113405354 -0.247034550 0.755657256
1413394915705760512.000000 0.144148827 -1.787205577 0.416257501 0.620410204 0.107201293 -0.236901745 0.739916623
1413394915755760384.000000 0.117750645 -1.839614749 0.366645813 0.643452406 0.101608537 -0.229885846 0.723047256
1413394915805760512.000000 0.094470680 -1.876841903 0.325371861 0.665387273 0.103372663 -0.224602535 0.704363227
1413394915855760384.000000 0.067359746 -1.933820248 0.261695981 0.684705138 0.106136858 -0.219931841 0.686690569
1413394915905760512.000000 0.044789195 -1.963680625 0.218091249 0.703537285 0.110094689 -0.217810318 0.667437732
1413394915955760384.000000 0.018516779 -2.012293816 0.154226780 0.718286157 0.112526640 -0.218510926 0.650888503
1413394916005760512.000000 -0.003266156 -2.035281658 0.110600471 0.733747184 0.112052090 -0.219325811 0.633210540
1413394916055760384.000000 -0.029568374 -2.073360682 0.047927618 0.745571375 0.111100316 -0.221835300 0.618521810
1413394916105760512.000000 -0.052374542 -2.096717358 -0.004596949 0.757732689 0.109161980 -0.221508905 0.604035378
1413394916155760384.000000 -0.074784875 -2.115073204 -0.056033850 0.766529202 0.104776755 -0.227724642 0.591266811
1413394916205760512.000000 -0.097898543 -2.129259586 -0.106155872 0.772832751 0.094844803 -0.239790991 0.579857230
1413394916255760384.000000 -0.118267655 -2.134688139 -0.148570776 0.778701186 0.085929602 -0.252363086 0.567937911
1413394916305760512.000000 -0.141852617 -2.147224426 -0.204783916 0.782232583 0.074309811 -0.267547935 0.557681322
1413394916355760384.000000 -0.161729157 -2.148685932 -0.247251987 0.789466739 0.060800463 -0.275844127 0.544936419
1413394916405760512.000000 -0.185105622 -2.156324148 -0.301096201 0.796296656 0.044026293 -0.281044245 0.533842266
1413394916455760384.000000 -0.208096862 -2.156091928 -0.341468096 0.806035221 0.023456087 -0.281412721 0.520157695
1413394916505760512.000000 -0.233917296 -2.162383556 -0.390059948 0.814307749 0.004106058 -0.281152159 0.507779121
1413394916555760384.000000 -0.259691954 -2.166487217 -0.430782080 0.825254261 -0.013945100 -0.274188012 0.493540168
1413394916605760512.000000 -0.286477566 -2.172060490 -0.468281031 0.837602496 -0.032704547 -0.262974650 0.477699548
1413394916655760384.000000 -0.313946605 -2.178852320 -0.496813059 0.850398064 -0.047966532 -0.252557933 0.459060848
1413394916705760512.000000 -0.342740774 -2.188823700 -0.529246807 0.859080195 -0.058632933 -0.253256708 0.440913320
1413394916755760384.000000 -0.371084511 -2.198761702 -0.548449278 -0.867810369 0.059840798 0.259301543 -0.419627309
1413394916855760384.000000 -0.427808702 -2.232230663 -0.579511404 0.878218353 -0.055275269 -0.286416471 0.379002422
1413394916955760384.000000 -0.487902522 -2.274266720 -0.588016748 0.884657025 -0.043858755 -0.319244236 0.336959213
1413394917055760384.000000 -0.545881689 -2.327432156 -0.586590290 0.889799953 -0.011225641 -0.350115091 0.292488486
1413394917155760384.000000 -0.601794064 -2.387286186 -0.583597422 0.892957151 0.010089413 -0.377395153 0.245150462
1413394917255760384.000000 -0.656343639 -2.450788736 -0.584989548 0.893718839 0.030189471 -0.400464743 0.199958265
1413394917355760384.000000 -0.710719705 -2.514840126 -0.595464468 0.895147800 0.039941769 -0.413456440 0.161768198
1413394917455760384.000000 -0.762413144 -2.571304083 -0.603287935 0.897428393 0.042228274 -0.418549269 0.132874876
1413394917555760384.000000 -0.810606122 -2.619178295 -0.613559723 0.903103709 0.056012280 -0.411278337 0.110075578
1413394917655760384.000000 -0.878581464 -2.699122667 -0.699921370 0.905887246 0.072167292 -0.403663099 0.105906948
1413394917755760384.000000 -0.931542575 -2.748815060 -0.764703035 0.908394456 0.084046014 -0.396570981 0.102407590
1413394917855760384.000000 -0.976724625 -2.784250498 -0.842913628 0.909453809 0.107563354 -0.389379680 0.098526418
1413394917955760384.000000 -1.019767046 -2.800914764 -0.933682919 0.908396184 0.125072107 -0.388918847 0.088969707
1413394918055760384.000000 -1.071658015 -2.798524380 -1.027531624 0.909457326 0.123311751 -0.389791757 0.075789742
1413394918155760384.000000 -1.135109544 -2.777569056 -1.123651743 0.914408982 0.090009570 -0.390094906 0.059837636
1413394918255760384.000000 -1.201466084 -2.743412495 -1.223735094 0.918785512 0.053508785 -0.389064640 0.039984774
1413394918355760384.000000 -1.269248843 -2.703385592 -1.327296495 0.917932212 0.008350883 -0.396100551 0.020860702
1413394918455760384.000000 -1.335431814 -2.665943623 -1.436197639 0.917065442 -0.025862345 -0.397897065 0.000376444
1413394918555760384.000000 -1.399048209 -2.638274431 -1.552036524 0.917910993 -0.036259685 -0.394398123 -0.023974109
1413394918655760384.000000 -1.461074233 -2.621788263 -1.673528790 0.918250144 -0.025097556 -0.391742617 -0.052196648
1413394918755760384.000000 -1.521918416 -2.614177942 -1.798268199 0.918704867 -0.001280924 -0.386533290 -0.081066452
1413394918855760384.000000 -1.578824759 -2.610708237 -1.925683141 0.921496809 0.024833923 -0.372625589 -0.106663518
1413394918955760384.000000 -1.625429988 -2.605316877 -2.055886269 0.927215576 0.042313300 -0.348921537 -0.129362434
1413394919055760384.000000 -1.655919552 -2.593524218 -2.184934855 0.930754423 0.035932496 -0.330658197 -0.151889086
1413394919155760384.000000 -1.666513205 -2.577058315 -2.308000326 0.931615651 0.022649515 -0.316804498 -0.176675662
1413394919255760384.000000 -1.655509472 -2.559229374 -2.422967196 0.930143416 0.012044981 -0.303837925 -0.205841556
1413394919355760384.000000 -1.629539251 -2.542625904 -2.526404381 0.927752256 0.014801208 -0.287085325 -0.237988949
1413394919455760384.000000 -1.592616677 -2.527837276 -2.614940882 0.923297763 0.032621901 -0.271288484 -0.269925475
1413394919555760384.000000 -1.550092936 -2.512372017 -2.683693409 0.910267591 0.054181483 -0.278999239 -0.301059395
1413394919655760384.000000 -1.509082556 -2.494267941 -2.730542183 0.890641332 0.055971086 -0.306584388 -0.331106216
1413394919755760384.000000 -1.472742200 -2.470732689 -2.761747360 0.868913352 0.040787149 -0.337220937 -0.360011101
1413394919855760384.000000 -1.443258882 -2.441117764 -2.784905910 0.845777690 0.022543766 -0.365848064 -0.387694627
1413394919955760384.000000 -1.422570586 -2.405219555 -2.806124687 0.824018240 0.014668507 -0.380452693 -0.419564724
1413394920055760384.000000 -1.412786365 -2.363505125 -2.828008413 0.802024961 0.012907432 -0.384861916 -0.456585944
1413394920155760384.000000 -1.416628838 -2.315597534 -2.850570679 0.779112875 0.013656868 -0.384733737 -0.494749069
1413394920255760384.000000 -1.434606552 -2.260523081 -2.874418736 0.756728649 0.020456482 -0.378790677 -0.532410502
1413394920355760384.000000 -1.462769747 -2.196791649 -2.900565147 0.741306067 0.029369788 -0.356797040 -0.567713499
1413394920455760384.000000 -1.493562460 -2.123295546 -2.927920341 0.729739130 0.036186632 -0.329831928 -0.597814620
1413394920555760384.000000 -1.521486282 -2.040333509 -2.954150438 -0.721067965 -0.044627208 0.300982416 0.622478187
1413394920655760384.000000 -1.544204950 -1.949996471 -2.975512981 -0.716158807 -0.057458717 0.276100904 0.638422549
1413394920755760384.000000 -1.559900761 -1.852998495 -2.986511946 -0.712181211 -0.067858167 0.262951285 0.647340596
1413394920855760384.000000 -1.570752382 -1.750880480 -2.983137369 -0.706635356 -0.065897994 0.268905401 0.651163459
1413394920955760384.000000 -1.581458807 -1.642689466 -2.965317965 -0.704320431 -0.060322594 0.276285797 0.651122153
1413394921055760384.000000 -1.595369577 -1.526617765 -2.934126139 -0.702609956 -0.047919255 0.292243034 0.647021651
1413394921155760384.000000 -1.611829758 -1.405599833 -2.893339872 -0.704745591 -0.021895653 0.303258240 0.641005993
1413394921255760384.000000 -1.635968447 -1.280684233 -2.846405983 -0.706159770 0.005709615 0.316986352 0.633107781
1413394921355760384.000000 -1.672971129 -1.154679537 -2.796501398 0.699138284 -0.040408541 -0.350870579 -0.621661305
1413394921455760384.000000 -1.722511411 -1.027162790 -2.753674507 0.691431642 -0.068356127 -0.382038027 -0.609341264
1413394921555760384.000000 -1.787194252 -0.899560690 -2.725732327 0.694084346 -0.061971102 -0.389007777 -0.602560818
1413394921655760384.000000 -1.868939757 -0.784114122 -2.724048615 0.713189244 -0.033123046 -0.356955826 -0.602367461
1413394921755760384.000000 -1.949198723 -0.643365145 -2.722863913 -0.732003868 0.005170680 0.316308260 0.603400946
1413394921855760384.000000 -2.005933523 -0.507538080 -2.725421906 0.741697729 0.004186575 -0.284523755 -0.607382298
1413394921955760384.000000 -2.068755150 -0.375804663 -2.725479841 -0.738552511 0.022480002 0.262326896 0.620660543
1413394922055760384.000000 -2.118463516 -0.251739502 -2.724809408 -0.722951293 0.052078549 0.254321128 0.640273452
1413394922155760384.000000 -2.151108742 -0.140447140 -2.729485273 -0.701763153 0.059872676 0.247554183 0.665327489
1413394922255760384.000000 -2.171618700 -0.045005560 -2.739797831 -0.676103413 0.040618625 0.248650074 0.692392588
1413394922355760384.000000 -2.175783634 0.041135788 -2.757712126 -0.655130088 0.006327067 0.242480412 0.715519309
1413394922455760384.000000 -2.159225941 0.124555826 -2.779566765 -0.640513480 -0.016224939 0.232229725 0.731811881
1413394922555760384.000000 -2.120570421 0.208384514 -2.800390005 -0.626388669 -0.016962305 0.235219270 0.742981553
1413394922655760384.000000 -2.071787119 0.292459488 -2.817222357 -0.612867713 -0.002796925 0.249265909 0.749834597
1413394922755760384.000000 -2.022299290 0.377557039 -2.830784082 -0.602367163 0.002256447 0.263021976 0.753636718
1413394922855760384.000000 -1.972240686 0.465388060 -2.844418049 -0.595040143 -0.001174207 0.273829818 0.755607724
1413394922955760384.000000 -1.921883464 0.558055401 -2.858853102 -0.592261374 -0.006033582 0.278249741 0.756152868
1413394923055760384.000000 -1.877446175 0.657471657 -2.870624542 -0.590027690 -0.011904747 0.283037812 0.756052375
1413394923155760384.000000 -1.842619658 0.763959885 -2.877940655 -0.592194498 -0.015853472 0.279795170 0.755492568
1413394923255760384.000000 -1.806412101 0.879242897 -2.884459019 -0.603154063 -0.016947437 0.254620254 0.755702674
1413394923355760384.000000 -1.767788649 0.998174429 -2.886216879 -0.608588278 -0.013099032 0.242248714 0.755489528
1413394923455760384.000000 -1.728732824 1.117542744 -2.879791737 -0.599160552 -0.011482941 0.252983212 0.759522438
1413394923555760384.000000 -1.686899781 1.239917755 -2.867587805 -0.582682550 -0.015374866 0.262465835 0.768996954
1413394923655760384.000000 -1.644175887 1.368518829 -2.850681067 -0.566672862 -0.016417535 0.253591299 0.783775389
1413394923755760384.000000 -1.606843352 1.502363920 -2.826385260 -0.551891327 -0.015038629 0.229528621 0.801565051
1413394923855760384.000000 -1.576956987 1.637591362 -2.791804314 -0.533090711 -0.010320454 0.207862750 0.820061564
1413394923955760384.000000 -1.554305792 1.771589279 -2.747238874 -0.511118233 -0.004077672 0.189732671 0.838297665
1413394924055760384.000000 -1.538692117 1.901570439 -2.692829847 -0.486094415 0.002306595 0.175372064 0.856125951
1413394924155760384.000000 -1.522661090 2.026891947 -2.631506681 -0.456137180 0.011979930 0.169664234 0.873504162
1413394924255760384.000000 -1.502135754 2.147143364 -2.566759825 -0.420336068 0.021934470 0.172810718 0.890490294
1413394924355760384.000000 -1.478649735 2.263794184 -2.501550436 -0.382209212 0.029629968 0.177407846 0.906402111
1413394924455760384.000000 -1.452939868 2.380074978 -2.438937426 -0.350235939 0.034325384 0.166388154 0.921125233
1413394924555760384.000000 -1.426151514 2.495887756 -2.378765106 -0.320099711 0.037657335 0.151759833 0.934391260
1413394924655760384.000000 -1.397806406 2.610435963 -2.320414305 -0.290511042 0.034215234 0.129069403 0.947509289
1413394924755760384.000000 -1.366711736 2.722617626 -2.263349295 -0.261342436 0.034310509 0.102844536 0.959138155
1413394924855760384.000000 -1.331199765 2.830402374 -2.207141876 -0.236942142 0.041816220 0.069187559 0.968154371
1413394924905760512.000000 -1.317129135 2.874393940 -2.183456898 -0.225395024 0.047936525 0.052420620 0.971674442
1413394924955760384.000000 -1.293240786 2.928980350 -2.152520657 -0.217747733 0.050900802 0.035134807 0.974043429
1413394925005760512.000000 -1.278228879 2.966475964 -2.130457878 -0.210357398 0.056452446 0.020645475 0.975774944
1413394925055760384.000000 -1.253530741 3.014783144 -2.100361109 -0.206812352 0.057873599 0.004921221 0.976655126
1413394925105760512.000000 -1.239899874 3.043044090 -2.079096556 -0.199843511 0.053594198 -0.001899040 0.978359163
1413394925155760384.000000 -1.216135740 3.081841946 -2.049060583 -0.192385718 0.047235787 -0.006872859 0.980157852
1413394925205760512.000000 -1.200543523 3.099410534 -2.028155565 -0.185104743 0.040410690 -0.014558599 0.981779635
1413394925255760384.000000 -1.194326878 3.129982948 -1.995420575 -0.176304340 0.035153728 -0.020603849 0.983492017
1413394925305760512.000000 -1.177329898 3.138746023 -1.972043395 -0.169778228 0.030576494 -0.027136272 0.984633982
1413394925355760384.000000 -1.133742332 3.155623913 -1.942818165 -0.167373419 0.024631655 -0.032765962 0.985041022
1413394925405760512.000000 -1.119076014 3.156769753 -1.914690614 -0.161860973 0.024049591 -0.033011269 0.985967994
1413394925455760384.000000 -1.136151671 3.176663399 -1.875026464 -0.152371600 0.027973197 -0.028801562 0.987507403
1413394925505760512.000000 -1.124887586 3.170651197 -1.841204524 -0.147089586 0.028888952 -0.022945356 0.988434970
1413394925555760384.000000 -1.070020199 3.157655954 -1.806066751 -0.147099227 0.026015442 -0.017685289 0.988621414
1413394925605760512.000000 -1.061974168 3.145983219 -1.766816854 -0.142089695 0.027355524 -0.013647944 0.989381611
1413394925655760384.000000 -1.102954388 3.160134077 -1.720305562 -0.131950796 0.033539839 -0.007196100 0.990662575
1413394925705760512.000000 -1.097524643 3.142660379 -1.677742481 -0.124418341 0.036277678 0.006142190 0.991547406
1413394925755760384.000000 -1.029871821 3.100489140 -1.639667392 -0.124093652 0.032071978 0.020484088 0.991540492
1413394925805760512.000000 -1.023647785 3.080558062 -1.595197797 -0.118184760 0.034522507 0.033369437 0.991830170
1413394925855760384.000000 -1.008533239 3.058025360 -1.552453995 -0.115014359 0.034704756 0.043425016 0.991807222
1413394925905760512.000000 -1.001569748 3.037446260 -1.508361816 -0.110666879 0.035529617 0.050356772 0.991944969
1413394925955760384.000000 -0.984639585 3.012502432 -1.464746833 -0.107775621 0.035359096 0.053933196 0.992081344
1413394926005760512.000000 -0.976529419 2.993229628 -1.420450568 -0.104409523 0.034870461 0.052953608 0.992511332
1413394926055760384.000000 -0.958243132 2.966368437 -1.376199245 -0.102764390 0.032769807 0.046901695 0.993058860
1413394926105760512.000000 -0.949837863 2.947934151 -1.331014514 -0.101328842 0.030558472 0.039285928 0.993607223
1413394926155760384.000000 -0.930887640 2.919164419 -1.286933184 -0.101402156 0.028336370 0.031836923 0.993932188
1413394926205760512.000000 -0.921786427 2.899784803 -1.240565777 -0.101151548 0.026286166 0.023273179 0.994251370
1413394926255760384.000000 -0.901954651 2.868382692 -1.195903182 -0.100553483 0.023958558 0.019105617 0.994459629
1413394926305760512.000000 -0.892739892 2.847568035 -1.149752021 -0.097362690 0.022259800 0.021163147 0.994774938
1413394926355760384.000000 -0.871708989 2.812339783 -1.101886988 -0.094335973 0.018001707 0.025115658 0.995060802
1413394926405760512.000000 -0.861785710 2.789501905 -1.053358674 -0.091187380 0.015470376 0.028868414 0.995295107
1413394926455760384.000000 -0.883744955 2.802113771 -1.011336088 -0.083882369 0.016897338 0.032260109 0.995810032
1413394926505760512.000000 -0.871524334 2.778043747 -0.961317837 -0.077559270 0.016858324 0.034702133 0.996241033
1413394926555760384.000000 -0.801008940 2.689411879 -0.900252640 -0.073258623 0.013139903 0.036715422 0.996550322
1413394926605760512.000000 -0.787805855 2.664957047 -0.847290337 -0.060295161 0.015711989 0.039199747 0.997286916
1413394926655760384.000000 -0.759223938 2.624004126 -0.791598022 -0.045352008 0.019060075 0.042200431 0.997897327
1413394926705760512.000000 -0.745302558 2.599629641 -0.737638593 -0.025172912 0.023886245 0.049143687 0.998188734
1413394926755760384.000000 -0.715986788 2.559166193 -0.681862950 -0.003622493 0.026042327 0.056040727 0.998082280
1413394926805760512.000000 -0.701990485 2.537864208 -0.628246903 0.019736866 0.028634466 0.062875107 0.997415364
1413394926855760384.000000 -0.674879074 2.501843929 -0.573387802 0.043727461 0.030517314 0.073563352 0.995863974
1413394926905760512.000000 -0.661243618 2.486217737 -0.521080971 0.065878637 0.032547154 0.076793902 0.994335711
1413394926955760384.000000 -0.634949267 2.455924988 -0.465254575 0.085347392 0.032020003 0.079074122 0.992692292
1413394927005760512.000000 -0.625149786 2.448973417 -0.411948234 0.101987086 0.032642890 0.077871501 0.991195798
1413394927055760384.000000 -0.601157367 2.428294420 -0.351700276 0.111208096 0.034611654 0.067465350 0.990900218
1413394927105760512.000000 -0.594525993 2.430257797 -0.296522647 0.115108617 0.039679334 0.046443794 0.991472900
1413394927155760384.000000 -0.574095011 2.417557955 -0.231923580 0.116569541 0.041123543 0.025988724 0.991990447
1413394927205760512.000000 -0.569849730 2.424782276 -0.175882384 0.117103308 0.046232998 0.005943622 0.992025197
1413394927255760384.000000 -0.546647251 2.417499304 -0.112227961 0.115528166 0.049099900 -0.013327428 0.992000461
1413394927305760512.000000 -0.537152886 2.426249504 -0.058727384 0.115598433 0.051315028 -0.025881844 0.991631985
1413394927355760384.000000 -0.509453654 2.421638727 0.000236031 0.114358395 0.049230587 -0.036190815 0.991558790
1413394927405760512.000000 -0.494353175 2.428958654 0.049810849 0.116168678 0.046173938 -0.039361864 0.991374552
1413394927455760384.000000 -0.473601192 2.432713032 0.097233199 0.117852956 0.044643871 -0.040212568 0.991211653
1413394927505760512.000000 -0.452010632 2.437201738 0.142381057 0.119908229 0.041710868 -0.038566705 0.991158366
1413394927555760384.000000 -0.428434402 2.441150427 0.184907526 0.121509783 0.038349390 -0.036593936 0.991173863
1413394927605760512.000000 -0.401768029 2.444815397 0.224924847 0.122614123 0.037162043 -0.034385651 0.991162181
1413394927655760384.000000 -0.373430014 2.448058367 0.263049752 0.124504820 0.038407829 -0.032861251 0.990930676
1413394927705760512.000000 -0.387114018 2.482842684 0.274607420 0.130158663 0.041302457 -0.032969087 0.990083814
1413394927755760384.000000 -0.357690841 2.484891653 0.311024755 0.132887825 0.044128504 -0.032328453 0.989620328
1413394927805760512.000000 -0.220716640 2.419959307 0.428701341 0.127819911 0.042066190 -0.035822034 0.990257204
1413394927855760384.000000 -0.187102824 2.418519735 0.474357128 0.128913000 0.045017846 -0.037975430 0.989905417
1413394927905760512.000000 -0.156443521 2.417072058 0.520837963 0.129968181 0.045557246 -0.038842652 0.989709079
1413394927955760384.000000 -0.136978477 2.418604374 0.560540080 0.131437197 0.045742434 -0.039127018 0.989495397
1413394928005760512.000000 -0.119495600 2.420326233 0.601695597 0.133053541 0.047254041 -0.038469847 0.989234030
1413394928055760384.000000 -0.104014821 2.422445774 0.643675923 0.132749364 0.051899072 -0.042027030 0.988897324
1413394928105760512.000000 -0.089745753 2.424594641 0.686580777 0.131291151 0.058593191 -0.047937024 0.988449097
1413394928155760384.000000 -0.077055439 2.426528215 0.730024219 0.129380688 0.067613937 -0.054687783 0.987774432
1413394928205760512.000000 -0.066035062 2.428062916 0.773416579 -0.127954587 -0.079023093 0.059019960 -0.986863613
1413394928255760384.000000 -0.055795886 2.428733110 0.816064954 -0.126502037 -0.089526616 0.064050376 -0.985839665
1413394928305760512.000000 -0.045582727 2.428781033 0.856664717 -0.125099629 -0.100306086 0.066529214 -0.984816074
1413394928355760384.000000 -0.035997391 2.428070307 0.894619584 -0.124505185 -0.107316300 0.067586653 -0.984080195
1413394928405760512.000000 -0.027134672 2.426609755 0.929589391 -0.125530511 -0.110971354 0.064919159 -0.983724058
1413394928455760384.000000 -0.019946322 2.424575329 0.961684942 -0.128795132 -0.107649624 0.056543373 -0.984188139
1413394928505760512.000000 -0.031062178 2.428074837 0.973712564 0.133100405 0.102746055 -0.046171963 0.984680533
1413394928555760384.000000 -0.007185236 2.420590639 1.017154217 -0.135559395 -0.099060893 0.038688738 -0.985045075
1413394928605760512.000000 -0.001679622 2.419396400 1.041304231 -0.137594506 -0.094182804 0.032377500 -0.985468984
1413394928655760384.000000 0.003687002 2.419131041 1.063495040 -0.138911247 -0.091449372 0.027532907 -0.985688984
1413394928705760512.000000 0.008542240 2.420118093 1.084314704 -0.138999820 -0.089051589 0.025089847 -0.985961139
1413394928755760384.000000 0.012851335 2.422257662 1.103669763 -0.138579741 -0.088090576 0.024112662 -0.986131012
1413394928805760512.000000 0.015459541 2.425479174 1.122325182 -0.137897924 -0.087060034 0.024070861 -0.986319125
1413394928855760384.000000 -0.047720075 2.470741510 1.114467978 0.136911124 0.087494768 -0.032027073 0.986191869
1413394928905760512.000000 -0.049362332 2.476430655 1.133158803 0.133758605 0.089069828 -0.037757296 0.986280680
1413394928955760384.000000 -0.053983763 2.482671499 1.152429700 0.132094964 0.089556709 -0.040321663 0.986359358
1413394929005760512.000000 0.001939446 2.449373007 1.197306156 -0.129585534 -0.090602584 0.037050545 -0.986724913
1413394929055760384.000000 -0.085330300 2.495557785 1.161893964 0.132352978 0.093783841 -0.036967818 0.986063242
1413394929105760512.000000 -0.019641250 2.464936972 1.231163025 -0.130532622 -0.098136470 0.034280255 -0.985979438
1413394929155760384.000000 -0.031717435 2.473574638 1.245592356 -0.131159291 -0.105382279 0.032493338 -0.985208631
1413394929205760512.000000 -0.044540875 2.482989550 1.257561922 -0.132763714 -0.111802392 0.029189626 -0.984389186
1413394929255760384.000000 -0.057992920 2.493669748 1.266958356 -0.134925485 -0.115944855 0.024288172 -0.983748972
1413394929305760512.000000 -0.072158515 2.506053448 1.273465872 -0.138574004 -0.119877726 0.016946349 -0.982923925
1413394929355760384.000000 -0.087109216 2.520418406 1.277135611 -0.141597047 -0.121330597 0.011040136 -0.982398808
1413394929405760512.000000 -0.102335200 2.537137032 1.278050661 -0.143698007 -0.120903410 0.006628718 -0.982186019
1413394929455760384.000000 -0.118265107 2.556317568 1.276216865 -0.145562962 -0.117303215 0.003788150 -0.982363045
1413394929505760512.000000 -0.135275528 2.578205347 1.272264123 -0.147000849 -0.108918048 0.002236478 -0.983118892
1413394929555760384.000000 -0.153731719 2.602616310 1.266753435 -0.147635326 -0.097369038 0.002047667 -0.984235227
1413394929605760512.000000 -0.180950046 2.632623196 1.250948310 0.148156032 0.086449437 -0.002609453 0.985174835
1413394929655760384.000000 -0.198938474 2.662561178 1.242387772 0.146491691 0.078711122 -0.006022309 0.986057103
1413394929705760512.000000 -0.215503484 2.693046808 1.231022358 0.144230023 0.074873805 -0.010758165 0.986648798
1413394929755760384.000000 -0.233560249 2.726607800 1.221482277 0.142360702 0.072761670 -0.015086961 0.987021625
1413394929805760512.000000 -0.252750754 2.761725426 1.212495804 0.140601113 0.073291510 -0.018550383 0.987175643
1413394929855760384.000000 -0.274585545 2.798134089 1.204146504 0.139615119 0.076176681 -0.020903654 0.987050056
1413394929905760512.000000 -0.298224777 2.835642815 1.196252704 0.139397994 0.081542082 -0.021085294 0.986648083
1413394929955760384.000000 -0.324156463 2.874284267 1.188106298 0.139431685 0.090061881 -0.020520501 0.985914111
1413394930005760512.000000 -0.352930844 2.914216280 1.179884672 0.139107570 0.099532217 -0.020398509 0.985051453
1413394930055760384.000000 -0.385204226 2.955913067 1.170612097 0.138767540 0.108154207 -0.020884017 0.984179974
1413394930105760512.000000 -0.420235634 2.999249697 1.159942269 0.138303787 0.115320094 -0.021860521 0.983410180
1413394930155760384.000000 -0.455978870 3.044348240 1.146604061 0.137702182 0.124329507 -0.022165930 0.982389510
1413394930205760512.000000 -0.492624879 3.090897799 1.130126119 0.137476504 0.133020625 -0.023048256 0.981261730
1413394930255760384.000000 -0.529327333 3.139084339 1.109773755 0.138353020 0.143636867 -0.020728488 0.979692459
1413394930305760512.000000 -0.567134619 3.188990831 1.085236788 0.141959757 0.151740536 -0.013659737 0.978077531
1413394930355760384.000000 -0.607149839 3.241347075 1.057155728 0.145849869 0.151543483 -0.005898750 0.977613211
1413394930405760512.000000 -0.649937689 3.296199322 1.026339769 0.149621218 0.137341157 0.000093706 0.979158282
1413394930455760384.000000 -0.662467837 3.244606972 0.833256125 0.152097791 0.114813633 0.003481308 0.981667995
1413394930505760512.000000 -0.755084455 3.342600107 0.772237182 0.155705482 0.084536932 0.001879486 0.984177768
1413394930555760384.000000 -0.802474201 3.399409533 0.727127910 0.157066390 0.053578399 0.003595639 0.986127079
1413394930605760512.000000 -0.852474272 3.458714008 0.682764947 0.157772526 0.023078507 0.004914362 0.987193525
1413394930655760384.000000 -0.904656589 3.520335674 0.640435398 -0.157276392 0.002166277 -0.005480936 -0.987537086
1413394930705760512.000000 -0.855029762 3.362449169 0.747156024 -0.153362796 0.016650276 0.003084257 -0.988024890
1413394930755760384.000000 -0.917003989 3.409902811 0.696622550 -0.149948984 0.016510874 0.009382204 -0.988511384
1413394930805760512.000000 -0.955034792 3.463850498 0.672870874 -0.145055354 0.001220127 0.019209886 -0.989236295
1413394930855760384.000000 -0.990753710 3.518278360 0.651499212 -0.140798420 -0.020677287 0.026726427 -0.989461482
1413394930905760512.000000 -1.023920417 3.572719812 0.631343782 -0.138241455 -0.048337821 0.029624473 -0.988774598
1413394930955760384.000000 -1.054456592 3.627099037 0.610762775 0.137120470 0.079504795 -0.030917054 0.986874461
1413394931005760512.000000 -1.083549500 3.681688309 0.588148057 0.136897773 0.107122667 -0.029413152 0.984336674
1413394931055760384.000000 -1.111370325 3.736760378 0.562339544 0.136449963 0.128344253 -0.028243985 0.981891811
1413394931105760512.000000 -1.138201833 3.792858839 0.531643093 0.136651933 0.142773807 -0.026544197 0.979917049
1413394931155760384.000000 -1.164385557 3.850163698 0.495642215 0.135829836 0.151809946 -0.026388923 0.978676498
1413394931205760512.000000 -1.189375639 3.908767700 0.453298092 0.135119170 0.158729360 -0.026023442 0.977686405
1413394931255760384.000000 -1.213345528 3.968604565 0.404180318 0.135886535 0.164207950 -0.023629775 0.976735532
1413394931305760512.000000 -1.263237476 3.997479677 0.169700235 0.135525435 0.172285512 -0.023124751 0.975405514
1413394931355760384.000000 -1.259559751 4.061198235 0.114496730 0.135318100 0.179074660 -0.023287695 0.974206865
1413394931405760512.000000 -1.282177687 4.119052887 0.031892315 0.136963412 0.181162924 -0.019421639 0.973675489
1413394931455760384.000000 -1.308865547 4.178341866 -0.055731073 0.136111453 0.172491938 -0.020128924 0.975353897
1413394931505760512.000000 -1.340268731 4.238579750 -0.146831498 0.135048777 0.155282333 -0.021667281 0.978355646
1413394931555760384.000000 -1.376230597 4.299757481 -0.241147190 0.133284166 0.137207836 -0.025334265 0.981207192
1413394931605760512.000000 -1.361082911 4.295340061 -0.361780405 0.102497905 0.112230696 -0.016250100 0.988248229
1413394931655760384.000000 -1.401348948 4.343045235 -0.462283224 0.102496609 0.101236090 -0.021875963 0.989326656
1413394931705760512.000000 -1.445480466 4.397192001 -0.567563295 0.103823580 0.094026133 -0.030645780 0.989666939
1413394931755760384.000000 -1.497117162 4.444363117 -0.666655540 0.106434338 0.089957178 -0.043548957 0.989284098
1413394931805760512.000000 -1.545707822 4.495601177 -0.774695218 0.111480139 0.088318348 -0.057578579 0.988158345
1413394931855760384.000000 -1.596488714 4.544711590 -0.884360433 0.120776944 0.087552413 -0.069379412 0.986374259
1413394931905760512.000000 -1.650019169 4.591349602 -0.995187044 0.135086015 0.086660124 -0.075641215 0.984134257
1413394931955760384.000000 -1.704496145 4.635494709 -1.107527375 0.153381631 0.086911805 -0.078165576 0.981229126
1413394932005760512.000000 -1.758500814 4.677677155 -1.222827315 0.174655482 0.090408809 -0.078599051 0.977314711
1413394932055760384.000000 -1.810577273 4.718658924 -1.342662811 0.197560012 0.097346492 -0.079080775 0.972234488
1413394932105760512.000000 -1.456402421 4.714104176 -1.145170927 0.222945988 0.106549226 -0.077867657 0.965856612
1413394932155760384.000000 -1.320863962 4.766423225 -0.914197505 0.248575851 0.113422379 -0.076687917 0.958887100
1413394932205760512.000000 -1.374993086 4.917373657 -0.947847188 0.302454919 0.129861087 -0.088501886 0.940119445
1413394932255760384.000000 -1.390006304 4.990430355 -1.029698730 0.329081863 0.132318780 -0.084945746 0.931118190
1413394932305760512.000000 -1.432176590 5.047986984 -1.118147850 0.353555977 0.141599298 -0.083515413 0.920854509
1413394932355760384.000000 -1.400690794 5.107587814 -1.219641685 0.376918852 0.143372864 -0.086757094 0.910960853
1413394932405760512.000000 -1.397128105 5.172862053 -1.311542153 0.396975905 0.151494965 -0.092484139 0.900503278
1413394932455760384.000000 -1.395198941 5.241193771 -1.403951645 0.416048825 0.160142615 -0.098678119 0.889674306
1413394932505760512.000000 -1.395076990 5.310108662 -1.496395826 0.433295250 0.168121070 -0.106783725 0.878969789
1413394932555760384.000000 -1.415057898 5.384712219 -1.584256649 0.449740976 0.176291153 -0.112704717 0.868304193
1413394932605760512.000000 -1.421809435 5.463646412 -1.677928686 0.464632004 0.181627244 -0.121978067 0.858050168
1413394932655760384.000000 -1.431843996 5.545758247 -1.772251606 0.479276299 0.182789892 -0.131290287 0.848318934
1413394932705760512.000000 -1.430644512 5.647661686 -1.880489588 0.492795795 0.179986253 -0.142643631 0.839291453
1413394932755760384.000000 -1.447756648 5.732188225 -1.975581169 0.505015314 0.175425977 -0.154666916 0.830820978
1413394932805760512.000000 -1.461593866 5.824388027 -2.075945854 0.516196012 0.165972695 -0.166935846 0.823484778
1413394932855760384.000000 -1.475489855 5.919248581 -2.178703308 0.526204467 0.153218269 -0.179884657 0.816868782
1413394932905760512.000000 -1.489304543 6.016258717 -2.283740997 0.535797775 0.140775040 -0.191361949 0.810236871
1413394932955760384.000000 -1.503458023 6.114417553 -2.390144348 0.544273317 0.129387528 -0.202266157 0.803812087
1413394933005760512.000000 -1.518196583 6.212569714 -2.497380733 0.553309619 0.119990520 -0.210868001 0.796859741
1413394933055760384.000000 -1.534055471 6.310090542 -2.605144024 0.562658846 0.113135114 -0.218064785 0.789343596
1413394933105760512.000000 -1.551231503 6.406950474 -2.713319778 0.571748316 0.109258085 -0.225275010 0.781292379
1413394933155760384.000000 -1.569812894 6.503042221 -2.821805954 0.581974804 0.107091159 -0.231265232 0.772239089
1413394933205760512.000000 -1.589700222 6.597930908 -2.930500031 0.592668056 0.107598737 -0.235239744 0.762777388
1413394933255760384.000000 -1.611698270 6.692259789 -3.039112568 0.603831470 0.108583733 -0.238108799 0.752928555
1413394933305760512.000000 -1.635663867 6.786080360 -3.147882462 0.614179552 0.111772962 -0.241737187 0.742868364
1413394933355760384.000000 -1.661870599 6.879249573 -3.256474018 0.623942673 0.115013331 -0.245170876 0.733047545
1413394933405760512.000000 -1.690185070 6.971825600 -3.365107059 0.633598030 0.117893957 -0.247728541 0.723384559
