1413393301255760384.000000 0.576092124 -0.038808309 -1.010637164 0.067992523 0.831999719 -0.065201707 0.546719551
1413393301505760512.000000 0.631607771 -0.116559729 -0.842158198 0.083044954 0.828472555 -0.115679555 0.541622639
1413393304405760512.000000 -0.007157286 -0.023919564 0.017673124 -0.001879087 -0.006548790 -0.011023480 0.999916077
1413393304455760384.000000 -0.005953387 -0.017785231 0.015820432 -0.001738040 -0.004681264 -0.014038834 0.999889016
1413393304505760512.000000 -0.009686804 -0.026634604 0.022356350 -0.003395683 -0.002677701 -0.016440300 0.999855578
1413393304555760384.000000 -0.010848895 -0.032325599 0.027872153 -0.003092759 0.000271960 -0.018887550 0.999816775
1413393304605760512.000000 -0.010796993 -0.035368033 0.033689871 -0.002557288 0.002532379 -0.021698389 0.999758065
1413393304655760384.000000 -0.011259272 -0.039981019 0.038916118 -0.001686286 0.004887539 -0.023410875 0.999712646
1413393304705760512.000000 -0.011196486 -0.071954742 0.072289035 0.000647233 0.004664188 -0.025543043 0.999662697
1413393304755760384.000000 -0.010612367 -0.051383030 0.051666886 -0.000087533 0.008868910 -0.025094938 0.999645770
1413393304805760512.000000 -0.009670648 -0.082582548 0.084542692 0.004582401 0.005614487 -0.024932984 0.999662876
1413393304855760384.000000 -0.010448427 -0.062065933 0.063896254 0.004962055 0.010481806 -0.022130331 0.999687910
1413393304905760512.000000 -0.009676717 -0.069150612 0.069723383 0.005262868 0.009803152 -0.023919597 0.999652028
1413393304955760384.000000 -0.000029515 -0.123636357 0.126597703 0.009859418 0.004997612 -0.022325063 0.999689639
1413393305005760512.000000 0.001974305 -0.131559163 0.132326379 0.009064757 0.003945143 -0.024746271 0.999644876
1413393305055760384.000000 0.004629594 -0.136226237 0.139143944 0.010551533 0.002354601 -0.023646832 0.999661982
1413393305105760512.000000 0.007464106 -0.144802839 0.147269785 0.009773509 0.002023138 -0.023213774 0.999680698
1413393305155760384.000000 0.008936682 -0.150470510 0.152977452 0.009879725 0.000976992 -0.022203919 0.999704182
1413393305205760512.000000 0.023873085 -0.180343896 0.184656724 0.010398529 0.000918104 -0.022748293 0.999686718
1413393305255760384.000000 0.027796503 -0.187678203 0.190898046 0.007806667 0.000960334 -0.027448179 0.999592304
1413393305305760512.000000 0.032148197 -0.193356246 0.196237221 0.005656127 0.001863419 -0.028195765 0.999584734
1413393305355760384.000000 0.036176804 -0.200623557 0.201946139 0.002716686 0.003393182 -0.028280267 0.999590576
1413393305405760512.000000 0.042088419 -0.209590629 0.210110381 -0.000610163 0.002612092 -0.027799247 0.999610007
1413393305455760384.000000 0.065587975 -0.243712589 0.245120391 -0.002266393 0.001424611 -0.023287447 0.999725282
1413393305505760512.000000 0.050927889 -0.224703282 0.222143114 -0.004818001 0.002092967 -0.021201447 0.999761522
1413393305555760384.000000 0.073105805 -0.260410190 0.258165121 -0.007172140 0.002510254 -0.018176232 0.999805987
1413393305605760512.000000 0.078988336 -0.268979281 0.264565080 -0.009082517 0.001890017 -0.015324280 0.999839604
1413393305655760384.000000 0.085561752 -0.277448565 0.271223754 -0.012234696 0.001749274 -0.014397067 0.999819994
1413393305705760512.000000 0.115566067 -0.321811050 0.309560210 -0.015467072 0.001784700 -0.014283956 0.999776781
1413393305755760384.000000 0.119621113 -0.330326200 0.316746563 -0.021464009 0.004082872 -0.015938250 0.999634266
1413393305805760512.000000 0.124816097 -0.341555953 0.325398594 -0.029165855 0.005499416 -0.017128142 0.999412715
1413393305855760384.000000 0.130964726 -0.350644737 0.331741333 -0.036276106 0.007447263 -0.022455122 0.999061763
1413393305905760512.000000 0.137977988 -0.359228134 0.338510901 -0.042487625 0.007010630 -0.026265949 0.998727083
1413393305955760384.000000 0.179271623 -0.412434280 0.378019840 -0.046579268 0.008225757 -0.027451014 0.998503506
1413393306005760512.000000 0.185978919 -0.421993673 0.385761589 -0.048557911 0.008643714 -0.023674542 0.998502433
1413393306055760384.000000 0.192814231 -0.434356034 0.393224329 -0.049888998 0.010022684 -0.019484449 0.998514473
1413393306105760512.000000 0.197590813 -0.447908103 0.402502477 -0.050892599 0.010504485 -0.014895639 0.998537838
1413393306155760384.000000 0.198750541 -0.454919934 0.408594340 -0.049629685 0.012331292 -0.010741222 0.998633802
1413393306205760512.000000 0.245683029 -0.537812412 0.450588316 -0.050192595 0.011167132 -0.009061757 0.998636067
1413393306255760384.000000 0.248442769 -0.551675320 0.462043673 -0.050148245 0.011710482 -0.006933043 0.998649120
1413393306305760512.000000 0.255467325 -0.565677941 0.466919541 -0.050314970 0.009240674 -0.003655236 0.998683989
1413393306355760384.000000 0.260302037 -0.575080633 0.477989167 -0.050312530 0.007691971 -0.000643183 0.998703718
1413393306405760512.000000 0.263572425 -0.585085094 0.484570533 -0.052469462 0.005399042 0.004733881 0.998596787
1413393306455760384.000000 0.305163831 -0.679031134 0.526469290 -0.058378000 0.001421240 0.010318646 0.998240232
1413393306505760512.000000 0.305444658 -0.688713670 0.536732912 0.065165959 -0.000745321 -0.016429469 -0.997738898
1413393306555760384.000000 0.318956435 -0.733064234 0.561972737 -0.074014485 0.000627665 0.021446601 0.997026384
1413393306605760512.000000 0.318507373 -0.750409126 0.574413836 0.084410965 -0.002973919 -0.026503580 -0.996074080
1413393306655760384.000000 0.325137317 -0.784094155 0.601267099 -0.095209166 0.005453969 0.031590175 0.994940996
1413393306705760512.000000 0.326159865 -0.808924735 0.622039199 -0.103710473 0.008659907 0.042310495 0.993669510
1413393306755760384.000000 0.327444941 -0.832415402 0.642421424 -0.111568145 0.010731732 0.051703092 0.992352843
1413393306805760512.000000 0.329496861 -0.855152190 0.662532449 -0.117917672 0.014005181 0.060647923 0.991070747
1413393306855760384.000000 0.330616921 -0.872199237 0.678337157 0.123910822 -0.014907587 -0.067925334 -0.989853561
1413393306905760512.000000 0.335312575 -0.896575153 0.701572061 -0.130773053 0.016191216 0.073562361 0.988546848
1413393306955760384.000000 0.338162452 -0.910777211 0.716401815 0.137731612 -0.016732007 -0.079397075 -0.987140417
1413393307005760512.000000 0.345572650 -0.934491992 0.739262581 -0.145903245 0.016587492 0.083154008 0.985658467
1413393307055760384.000000 0.349538714 -0.944697082 0.752381504 -0.155345559 0.016230976 0.085221872 0.984043539
1413393307105760512.000000 0.353603095 -0.953127742 0.765490711 0.166041732 -0.015888436 -0.085569963 -0.982270598
1413393307155760384.000000 0.360896498 -0.971946418 0.788749576 -0.177602038 0.014877245 0.084481120 0.980356693
1413393307205760512.000000 0.365207314 -0.976997674 0.800822854 -0.189226657 0.013650353 0.084253035 0.978217006
1413393307255760384.000000 0.372230977 -0.989606261 0.820314527 -0.201082736 0.013380758 0.084468670 0.975833893
1413393307305760512.000000 0.377790332 -0.993785381 0.832571328 -0.212993234 0.013714695 0.084346004 0.973309636
1413393307355760384.000000 0.383647174 -0.995610476 0.842141151 0.224873036 -0.012010099 -0.087030068 -0.970419347
1413393307405760512.000000 0.393997669 -1.011335850 0.866251647 -0.237298906 0.011316317 0.089214705 0.967265248
1413393307455760384.000000 0.401300102 -1.014047861 0.878267705 -0.250738889 0.010639437 0.091945074 0.963619769
1413393307505760512.000000 0.405695885 -1.011684418 0.887221992 0.264472008 -0.009397306 -0.095992729 -0.959558070
1413393307555760384.000000 0.419251055 -1.024051428 0.908788919 -0.277285188 0.006527075 0.100842841 0.955458581
1413393307605760512.000000 0.427725405 -1.025921941 0.921413839 -0.290058911 0.004623692 0.106827952 0.951016486
1413393307655760384.000000 0.438396454 -1.030012131 0.937552452 -0.302437544 0.001906847 0.114542127 0.946260035
1413393307705760512.000000 0.447741061 -1.031452894 0.951048613 -0.314599693 -0.000774526 0.121488437 0.941417575
1413393307755760384.000000 0.456358641 -1.032420874 0.965150237 -0.328105032 -0.002009660 0.125745729 0.936232448
1413393307805760512.000000 0.467483580 -1.032275438 0.979924560 -0.342197180 -0.000160504 0.125353530 0.931229115
1413393307855760384.000000 0.479354620 -1.031882763 0.995145261 -0.355588526 0.002122838 0.125864938 0.926126540
1413393307905760512.000000 0.490989119 -1.030839920 1.010969758 -0.368954659 0.004797457 0.125710726 0.920894325
1413393307955760384.000000 0.503444850 -1.030729651 1.027644396 -0.381843597 0.006238258 0.126344249 0.915529251
1413393308005760512.000000 0.515507579 -1.029521465 1.044037342 -0.394231230 0.008280586 0.128234938 0.909983039
1413393308055760384.000000 0.535154939 -1.030516386 1.068881989 -0.405902028 0.009057080 0.130125344 0.904560089
1413393308105760512.000000 0.547842979 -1.030189276 1.086344600 -0.417754203 0.009781918 0.132530704 0.898788929
1413393308155760384.000000 0.554441154 -1.028999925 1.099060893 -0.429770529 0.009265915 0.136384636 0.892530501
1413393308205760512.000000 0.567644000 -1.029239655 1.117631316 -0.441032469 0.009106700 0.139602810 0.886520445
1413393308255760384.000000 0.581131041 -1.030546904 1.136641264 -0.452514827 0.009479556 0.142924890 0.880177796
1413393308305760512.000000 0.594842732 -1.031610847 1.156156063 -0.464078546 0.011541786 0.147341028 0.873377681
1413393308355760384.000000 0.618084788 -1.032830596 1.190269709 -0.474072337 0.013604448 0.152181640 0.867128074
1413393308405760512.000000 0.631776929 -1.035095453 1.210355282 -0.484453380 0.015951376 0.158341035 0.860220075
1413393308455760384.000000 0.645751059 -1.036494017 1.234755278 -0.494174451 0.016829526 0.165762082 0.853247523
1413393308505760512.000000 0.656987607 -1.039191723 1.255693555 -0.503190994 0.017230757 0.174536690 0.846190870
1413393308555760384.000000 0.667573035 -1.040571928 1.281582952 -0.512401223 0.017608289 0.182599097 0.838923454
1413393308605760512.000000 0.674450636 -1.043834448 1.302859664 -0.521993518 0.018631969 0.190287367 0.831243873
1413393308655760384.000000 0.678807557 -1.045531034 1.325478315 -0.531337917 0.019370995 0.199372947 0.823137462
1413393308705760512.000000 0.681700706 -1.047175288 1.347219586 -0.540612102 0.021016238 0.208102971 0.814855874
1413393308755760384.000000 0.683266759 -1.045782089 1.375428438 -0.550932169 0.023528885 0.214779809 0.806095362
1413393308805760512.000000 0.683403611 -1.046393633 1.396373630 -0.561527193 0.027443225 0.219263926 0.797406673
1413393308855760384.000000 0.682321966 -1.045028567 1.427598715 -0.572978258 0.030301351 0.220448837 0.788783908
1413393308905760512.000000 0.678412199 -1.044859171 1.447354198 -0.584148645 0.032768857 0.221850157 0.780050755
1413393308955760384.000000 0.671804249 -1.042069912 1.473850131 -0.595234931 0.034565467 0.222578645 0.771336138
1413393309005760512.000000 0.667575002 -1.040784836 1.491593719 -0.606271088 0.035465878 0.222863108 0.762567818
1413393309055760384.000000 0.657261014 -1.038064361 1.515017509 -0.616087377 0.036172450 0.225161135 0.753943264
1413393309105760512.000000 0.653190017 -1.037460923 1.530312538 -0.625783026 0.037936218 0.226003498 0.745572925
1413393309155760384.000000 0.650587916 -1.036829352 1.552291989 -0.634345889 0.037904024 0.228762940 0.737452447
1413393309205760512.000000 0.647163451 -1.036520958 1.565803766 -0.642008424 0.039184172 0.230166107 0.730283082
1413393309255760384.000000 0.641083121 -1.035066605 1.587773561 0.648688555 -0.038156647 -0.231111690 -0.724109650
1413393309305760512.000000 0.638645291 -1.035441041 1.599769235 0.654131055 -0.036595732 -0.230531156 -0.719464242
1413393309355760384.000000 0.634359956 -1.035675406 1.615303278 -0.658898592 0.033537578 0.228044242 0.716047287
1413393309405760512.000000 0.631943703 -1.036286235 1.627299070 -0.662092865 0.030220188 0.226574048 0.713711441
1413393309455760384.000000 0.630113780 -1.037562013 1.639903665 0.664409041 -0.026786067 -0.224917501 -0.712218523
1413393309505760512.000000 0.629829168 -1.039003015 1.651597977 0.665007353 -0.022551248 -0.225022450 -0.711773574
1413393309555760384.000000 0.630415916 -1.040577054 1.663312197 0.664177418 -0.018920094 -0.226456925 -0.712199152
1413393309605760512.000000 0.627643228 -1.039939761 1.691366673 0.662823498 -0.013167162 -0.229429662 -0.712638617
1413393309655760384.000000 0.629391193 -1.041253686 1.704981089 0.660535634 -0.008601180 -0.231790245 -0.714067280
1413393309705760512.000000 0.630671144 -1.041548371 1.720668793 0.658356309 -0.006100553 -0.234497964 -0.715220630
1413393309755760384.000000 0.633834898 -1.041217208 1.734847069 0.656212509 -0.006605920 -0.237767845 -0.716106176
1413393309805760512.000000 0.636569023 -1.039425492 1.750064969 -0.653213739 0.010215417 0.241666138 0.717499077
1413393309855760384.000000 0.639132977 -1.037492871 1.763785481 0.650595367 -0.013301593 -0.245709896 -0.718453467
1413393309905760512.000000 0.642306209 -1.034085989 1.777185798 0.648749173 -0.016005699 -0.248290226 -0.719180286
1413393309955760384.000000 0.644646168 -1.029863834 1.789768934 -0.646369040 0.018294122 0.251702517 0.720082104
1413393310005760512.000000 0.648686647 -1.026992559 1.794838548 -0.644211531 0.021454653 0.254639179 0.720895350
1413393310055760384.000000 0.651131749 -1.020499587 1.805118799 -0.643247128 0.023455128 0.255457789 0.721404433
1413393310105760512.000000 0.653963804 -1.013165832 1.814286232 0.642789960 -0.025927534 -0.254324019 -0.722127497
1413393310155760384.000000 0.657971144 -1.005592346 1.820198536 -0.643826008 0.026975026 0.250366330 0.722549140
1413393310205760512.000000 0.660487294 -0.996464610 1.826147079 -0.645870566 0.024904707 0.243604764 0.723109841
1413393310255760384.000000 0.662942410 -0.987064838 1.830837727 0.647977650 -0.021993520 -0.236408561 -0.723707378
1413393310305760512.000000 0.664905310 -0.974978566 1.841980934 0.650204539 -0.018336918 -0.230348200 -0.723766327
1413393310355760384.000000 0.666302800 -0.964982748 1.846400499 0.651601136 -0.014703075 -0.225363448 -0.724162400
1413393310405760512.000000 0.668127656 -0.955363393 1.850718260 -0.653171003 0.012315096 0.221125960 0.724098980
1413393310455760384.000000 0.669418097 -0.945519090 1.855417013 -0.654025733 0.011549097 0.219441980 0.723852396
1413393310505760512.000000 0.672408462 -0.935087919 1.860544443 0.653351843 -0.013733450 -0.221133128 -0.723908067
1413393310555760384.000000 0.673723340 -0.925322533 1.866167784 0.652945518 -0.016039064 -0.222575694 -0.723785222
1413393310605760512.000000 0.674828410 -0.915724039 1.872324705 -0.651570797 0.019061111 0.226287663 0.723799706
1413393310655760384.000000 0.677148163 -0.903967142 1.877978325 0.650071681 -0.023378151 -0.230701879 -0.723627687
1413393310705760512.000000 0.678025603 -0.894609213 1.883405924 0.648662090 -0.027533699 -0.234961927 -0.723375678
1413393310755760384.000000 0.678326428 -0.885433793 1.888470769 -0.646906197 0.030441370 0.239714652 0.723272204
1413393310805760512.000000 0.680167019 -0.873762488 1.891852736 0.645714104 -0.033185892 -0.243482769 -0.722957909
1413393310855760384.000000 0.679888725 -0.863942385 1.894577980 0.645348191 -0.034407005 -0.246401355 -0.722238421
1413393310905760512.000000 0.679048240 -0.853177547 1.896102428 -0.646549642 0.031952217 0.245665848 0.721526802
1413393310955760384.000000 0.677123070 -0.842264891 1.896516562 -0.649091899 0.025489358 0.242562205 0.720550954
1413393311005760512.000000 0.674538553 -0.830994129 1.896234035 -0.651667178 0.019810382 0.239783064 0.719334126
1413393311055760384.000000 0.669791341 -0.820236206 1.896332741 -0.653919756 0.014683769 0.238016069 0.717998445
1413393311105760512.000000 0.672498882 -0.806072116 1.894371271 0.655481815 -0.010799092 -0.238008961 -0.716644108
1413393311155760384.000000 0.666468263 -0.792522192 1.894729972 0.657603502 -0.009166762 -0.236214608 -0.715315521
1413393311205760512.000000 0.656978011 -0.779690146 1.896312475 -0.658251822 0.010316215 0.238118455 0.714071274
1413393311255760384.000000 0.647857726 -0.760790825 1.897373199 0.658128083 -0.012500186 -0.240423158 -0.713377833
1413393311305760512.000000 0.635151327 -0.745998859 1.900361300 0.658383131 -0.012553424 -0.241199970 -0.712879121
1413393311355760384.000000 0.623189270 -0.729769826 1.902958632 -0.659199238 0.010722600 0.240657002 0.712338209
1413393311405760512.000000 0.612931073 -0.712086678 1.904127836 0.660115421 -0.008944735 -0.239630118 -0.711860299
1413393311455760384.000000 0.601284206 -0.694390297 1.906294823 0.660920262 -0.006805325 -0.238462240 -0.711529255
1413393311505760512.000000 0.590910792 -0.675696015 1.908201694 -0.661355197 0.005195752 0.238414675 0.711154521
1413393311555760384.000000 0.582898200 -0.657985687 1.908510685 0.662173927 -0.002707955 -0.237018988 -0.710873067
1413393311605760512.000000 0.574734628 -0.637390256 1.909972668 0.662848771 -0.001242562 -0.235590473 -0.710722983
1413393311655760384.000000 0.568332434 -0.616036057 1.911519051 -0.663350284 0.001797783 0.233651161 0.710894048
1413393311705760512.000000 0.563602805 -0.590900660 1.911184788 0.663995743 -0.003988056 -0.230760992 -0.711226583
1413393311755760384.000000 0.560361087 -0.567692161 1.912714481 0.664588153 -0.005955495 -0.227488548 -0.711713552
1413393311805760512.000000 0.558107615 -0.544121623 1.914579988 0.664671302 -0.008277296 -0.223853528 -0.712764561
1413393311855760384.000000 0.557330608 -0.523851156 1.914919496 0.663963735 -0.011037401 -0.221574217 -0.714097500
1413393311905760512.000000 0.556406260 -0.500086427 1.917558432 0.662718892 -0.012299597 -0.219020620 -0.716018438
1413393311955760384.000000 0.556137621 -0.477169871 1.920839310 -0.660353899 0.014580913 0.217881560 0.718503833
1413393312005760512.000000 0.556251645 -0.449653029 1.923286676 0.658787847 -0.017664326 -0.213981524 -0.721039951
1413393312055760384.000000 0.557186663 -0.427146554 1.927158237 0.657712102 -0.019560207 -0.208555669 -0.723558486
1413393312105760512.000000 0.558331907 -0.405041456 1.931407332 -0.656788409 0.021438370 0.202983767 0.725924969
1413393312155760384.000000 0.559429526 -0.383727551 1.935571313 0.655212224 -0.022642126 -0.200239152 -0.728071868
1413393312205760512.000000 0.560725331 -0.363629103 1.941392660 0.653194785 -0.022725314 -0.200016260 -0.729940951
1413393312255760384.000000 0.562091768 -0.344917059 1.947897792 -0.651217639 0.022537909 0.201915294 0.731189430
1413393312305760512.000000 0.563444972 -0.326707602 1.953315616 0.648752987 -0.026978953 -0.206213713 -0.732029796
1413393312355760384.000000 0.565881491 -0.309111476 1.960299611 0.645765722 -0.030832632 -0.212516785 -0.732716024
1413393312405760512.000000 0.567712426 -0.291309714 1.967019916 -0.642153621 0.033201888 0.220626280 0.733389676
1413393312455760384.000000 0.569819927 -0.275335908 1.972736359 0.638925433 -0.036506739 -0.227264464 -0.734024823
1413393312505760512.000000 0.571416914 -0.258744836 1.978592992 0.636282027 -0.037867323 -0.233811244 -0.734195948
1413393312555760384.000000 0.573500514 -0.242245674 1.982958436 0.635587275 -0.038860500 -0.235920221 -0.734071076
1413393312605760512.000000 0.576134145 -0.226296544 1.986030221 0.636831343 -0.037470840 -0.232720986 -0.734086454
1413393312655760384.000000 0.578303754 -0.210373402 1.988228440 0.638875782 -0.033662517 -0.227911890 -0.734003246
1413393312705760512.000000 0.579742193 -0.194840670 1.989818454 -0.640679777 0.028008444 0.223397613 0.734056294
1413393312755760384.000000 0.581755161 -0.178800225 1.991443396 0.641606331 -0.025563598 -0.220847860 -0.734107733
1413393312805760512.000000 0.583179057 -0.163430333 1.992727876 0.641996682 -0.024160491 -0.219075575 -0.734345019
1413393312855760384.000000 0.584368646 -0.148398042 1.993777633 -0.641510665 0.024310272 0.218051001 0.735069275
1413393312905760512.000000 0.587795377 -0.128299356 1.996005654 0.640953600 -0.027170243 -0.215944543 -0.736076295
1413393312955760384.000000 0.589702368 -0.113971233 1.997119069 0.639380097 -0.030457113 -0.215569615 -0.737424791
1413393313005760512.000000 0.593169808 -0.100121379 1.997761965 -0.638470948 0.036995318 0.212123975 0.738911211
1413393313055760384.000000 0.595680714 -0.087014318 1.998665452 0.635956824 -0.035136227 -0.212827086 -0.740964890
1413393313105760512.000000 0.598938763 -0.075461507 1.998796344 0.634024382 -0.030157644 -0.211549968 -0.743202686
1413393313155760384.000000 0.601700485 -0.064434171 1.999389052 0.631660044 -0.023633428 -0.211192802 -0.745549977
1413393313205760512.000000 0.605503857 -0.054103017 1.999140024 0.629056275 -0.018749505 -0.210024267 -0.748215616
1413393313255760384.000000 0.611423135 -0.042795777 1.998782992 0.626452148 -0.013870561 -0.209536523 -0.750639617
1413393313305760512.000000 0.617082775 -0.032134295 1.998961926 0.623037994 -0.014162201 -0.211072564 -0.753041446
1413393313355760384.000000 0.622274280 -0.019978166 1.999401093 -0.620041370 0.014745938 0.212491930 0.755101681
1413393313405760512.000000 0.627827287 -0.009905338 1.999424815 -0.618087888 0.015753660 0.213220164 0.756476283
1413393313455760384.000000 0.633900583 0.000463963 1.999060273 0.616509259 -0.019340152 -0.214314669 -0.757371485
1413393313505760512.000000 0.635919929 0.009760380 1.999569058 -0.615729690 0.024952700 0.214428023 0.757809341
1413393313555760384.000000 0.640651166 0.021751761 1.998710632 -0.616056442 0.032110486 0.214294016 0.757312059
1413393313605760512.000000 0.642823339 0.032049179 1.997320414 0.616805732 -0.039954402 -0.215169206 -0.756079793
1413393313655760384.000000 0.639193594 0.042866468 1.997018695 0.618772566 -0.048532479 -0.215642780 -0.753832459
1413393313705760512.000000 0.639018595 0.052729845 1.993262053 0.622594535 -0.053999454 -0.213724285 -0.750854254
1413393313755760384.000000 0.635081768 0.059940219 1.988949060 0.627869427 -0.055358063 -0.210060582 -0.747388899
1413393313805760512.000000 0.640129387 0.064150572 1.979425430 0.632968664 -0.057013582 -0.205885157 -0.744117975
1413393313855760384.000000 0.627723813 0.071533561 1.977006912 0.638072252 -0.053582918 -0.203878522 -0.740558088
1413393313905760512.000000 0.621063769 0.072929621 1.970780134 0.641603291 -0.045144901 -0.207214981 -0.737135828
1413393313955760384.000000 0.619317830 0.073253632 1.959108233 -0.644675970 0.036897037 0.213001072 0.733254492
1413393314005760512.000000 0.611501217 0.071486712 1.952044964 0.647622645 -0.029414020 -0.219249278 -0.729143083
1413393314055760384.000000 0.607215703 0.070304155 1.941663384 0.649989903 -0.023287443 -0.226229429 -0.725114524
1413393314105760512.000000 0.603218555 0.070528746 1.933304191 0.651412547 -0.020580061 -0.231067583 -0.722389102
1413393314155760384.000000 0.600730956 0.071688175 1.921813965 0.652942300 -0.018864911 -0.232412249 -0.720621347
1413393314205760512.000000 0.598235011 0.072135329 1.911493897 0.653527796 -0.017494643 -0.231942847 -0.720276237
1413393314255760384.000000 0.596232831 0.073638439 1.901489496 0.653005242 -0.015384595 -0.229512185 -0.721575856
1413393314305760512.000000 0.594712436 0.078254104 1.889587760 0.650729656 -0.015180294 -0.227566823 -0.724247098
1413393314355760384.000000 0.592944682 0.080863714 1.880262375 0.647131622 -0.013480403 -0.224767178 -0.728367150
1413393314405760512.000000 0.590705156 0.083825588 1.871810675 -0.641927779 0.010139856 0.221744925 0.733931303
1413393314455760384.000000 0.588449717 0.085649729 1.863263130 0.635366380 -0.007724851 -0.218967989 -0.740474880
1413393314505760512.000000 0.586242378 0.089408398 1.856405139 0.627317786 -0.005351442 -0.216133088 -0.748151302
1413393314555760384.000000 0.584538162 0.093882561 1.850632071 0.618124902 -0.004414219 -0.211514875 -0.757075727
1413393314605760512.000000 0.582700133 0.097256780 1.845043540 -0.608217180 0.002390677 0.207593352 0.766140461
1413393314655760384.000000 0.581262231 0.102559209 1.841245651 -0.597297609 0.000159946 0.203569889 0.775754392
1413393314705760512.000000 0.580095232 0.108410478 1.838104486 -0.586787820 -0.001947805 0.199604884 0.784751117
1413393314755760384.000000 0.578806162 0.113153100 1.835339785 -0.576926351 -0.003743870 0.197573483 0.792531848
1413393314805760512.000000 0.577410698 0.120355725 1.834489465 -0.567735016 -0.005298352 0.195345491 0.799680650
1413393314855760384.000000 0.576016903 0.127489328 1.834758759 0.558392286 0.005565262 -0.194019094 -0.806550562
1413393314905760512.000000 0.574546456 0.135047913 1.835242987 -0.549146056 -0.006579686 0.193194345 0.813062966
1413393314955760384.000000 0.573292613 0.144293785 1.837950587 -0.539635599 -0.006491882 0.191357806 0.819837451
1413393315005760512.000000 0.571748674 0.154610634 1.841410041 -0.530353665 -0.006003521 0.190541163 0.826064765
1413393315055760384.000000 0.570466995 0.165456712 1.845182896 -0.522735596 -0.004696801 0.190064505 0.831024110
1413393315105760512.000000 0.568404675 0.178242624 1.850321531 -0.516282856 -0.003374972 0.189555287 0.835170269
1413393315155760384.000000 0.565833867 0.192084849 1.855959654 -0.511655867 -0.004574748 0.187621802 0.838442326
1413393315205760512.000000 0.565957785 0.206349790 1.861757755 -0.509232998 -0.003972659 0.183514565 0.840825975
1413393315255760384.000000 0.562915981 0.222287178 1.868755817 -0.508327842 -0.005316028 0.178865388 0.842366815
1413393315305760512.000000 0.559670091 0.238886476 1.876515150 -0.508940995 -0.005819547 0.173324168 0.843151271
1413393315355760384.000000 0.561146617 0.257486284 1.884847522 -0.510863721 -0.005503638 0.166779980 0.843310416
1413393315405760512.000000 0.558358908 0.274580777 1.894467950 -0.513813138 -0.005136017 0.159421429 0.842943966
1413393315455760384.000000 0.556514621 0.291411281 1.905330896 -0.517261684 -0.003881369 0.152167827 0.842181861
1413393315505760512.000000 0.558581650 0.308491707 1.917379379 -0.519465625 -0.001105147 0.149721608 0.841271579
1413393315555760384.000000 0.557974458 0.323650479 1.931207895 -0.521687269 0.001490037 0.147027791 0.840370834
1413393315605760512.000000 0.559029698 0.337641120 1.946355104 -0.522719204 0.005215817 0.147621334 0.839610338
1413393315655760384.000000 0.567421257 0.352478802 1.961420894 -0.523040593 0.011353124 0.148966774 0.839111805
1413393315705760512.000000 0.574317098 0.363559723 1.977318048 -0.523456931 0.014117226 0.150760606 0.838489592
1413393315755760384.000000 0.584978282 0.373496294 1.993007660 -0.522788286 0.018374400 0.155035853 0.838044643
1413393315805760512.000000 0.605476797 0.390021145 2.009479761 -0.521220565 0.019884475 0.160615280 0.837935865
1413393315855760384.000000 0.622531295 0.397034287 2.023778200 -0.519508600 0.024982587 0.166187018 0.837776005
1413393315905760512.000000 0.641391218 0.404759824 2.035349131 -0.518202305 0.025532080 0.170820534 0.837636530
1413393315955760384.000000 0.660862625 0.410700023 2.048571587 -0.516945124 0.027217148 0.173228845 0.837865651
1413393316005760512.000000 0.680731475 0.417169333 2.061554670 0.516820490 -0.027203932 -0.173757792 -0.837833405
1413393316055760384.000000 0.706602931 0.431455493 2.077548742 -0.516535878 0.027776904 0.174113557 0.837916315
1413393316105760512.000000 0.726492643 0.436738133 2.089773417 -0.516689539 0.026118726 0.172460034 0.838216782
1413393316155760384.000000 0.747750223 0.441696882 2.101176977 -0.517837942 0.025458246 0.169123590 0.838208139
1413393316205760512.000000 0.769944787 0.446120024 2.112189054 -0.518783092 0.024981868 0.165856466 0.838290870
1413393316255760384.000000 0.795821667 0.457250237 2.124015331 -0.518667698 0.023971897 0.163577333 0.838839471
1413393316305760512.000000 0.819180369 0.460466623 2.134853125 -0.518610001 0.024126749 0.162286714 0.839121401
1413393316355760384.000000 0.845590115 0.467962205 2.149011135 -0.517046988 0.024041742 0.163186938 0.839913428
1413393316405760512.000000 0.869448066 0.469898105 2.160109043 -0.515942574 0.024121974 0.163315997 0.840564907
1413393316455760384.000000 0.893974006 0.472510695 2.171852112 0.514335334 -0.023675017 -0.165192649 -0.841195643
1413393316505760512.000000 0.915710509 0.475024462 2.182884216 -0.512595177 0.023726989 0.167132378 0.841872871
1413393316555760384.000000 0.939718723 0.476111472 2.194547176 -0.511275172 0.022934262 0.168111295 0.842502475
1413393316605760512.000000 0.963161945 0.477064013 2.206590652 -0.509920180 0.021997381 0.168963403 0.843177855
1413393316655760384.000000 0.989826083 0.484006763 2.223732471 -0.508203864 0.020343421 0.170117900 0.844023108
1413393316705760512.000000 1.010732293 0.484898269 2.237090111 -0.506690800 0.018466774 0.170897916 0.844817996
1413393316755760384.000000 1.030654311 0.488140523 2.252494574 -0.505187869 0.016200513 0.171259388 0.845690906
1413393316805760512.000000 1.046885371 0.489352047 2.268073797 -0.503560364 0.015377674 0.171324372 0.846663177
1413393316855760384.000000 1.060029984 0.491251945 2.285637140 0.501951694 -0.013816013 -0.171197057 -0.847670496
1413393316905760512.000000 1.071777225 0.494781196 2.303798676 -0.500643253 0.013057453 0.170176193 0.848661244
1413393316955760384.000000 1.078845978 0.496854186 2.323662758 -0.498898506 0.012473080 0.170339823 0.849664152
1413393317005760512.000000 1.084700584 0.499258339 2.344312191 -0.497898161 0.013382263 0.168807477 0.850542426
1413393317055760384.000000 1.089440823 0.501701951 2.366408110 0.497775674 -0.015165725 -0.166249275 -0.851087928
1413393317105760512.000000 1.097440481 0.508591831 2.388737202 -0.497494191 0.018428648 0.163509682 0.851718605
1413393317155760384.000000 1.099847555 0.510480404 2.411641121 -0.497576088 0.021987783 0.160465986 0.852165103
1413393317205760512.000000 1.104429245 0.513584971 2.433763266 -0.498401761 0.025052799 0.157152370 0.852215469
1413393317255760384.000000 1.107432485 0.514425278 2.456360579 -0.498840123 0.027741086 0.155520663 0.852175117
1413393317305760512.000000 1.111336827 0.514462769 2.479107857 0.499422848 -0.030073911 -0.153888807 -0.852050841
1413393317355760384.000000 1.119142056 0.517290354 2.501671314 -0.499935836 0.032120965 0.153396890 0.851764023
1413393317405760512.000000 1.123359919 0.515329421 2.523905993 -0.501097381 0.032968268 0.152586848 0.851194382
1413393317455760384.000000 1.127733946 0.512366354 2.545953751 -0.501708567 0.033114292 0.152248457 0.850889206
1413393317505760512.000000 1.134695768 0.511337817 2.566121817 -0.502411723 0.033261638 0.151961416 0.850519776
1413393317555760384.000000 1.135906696 0.506063581 2.588938713 -0.503258526 0.034523513 0.151932076 0.849973917
1413393317605760512.000000 1.138140798 0.502400875 2.614820719 -0.503237545 0.033757698 0.152953684 0.849833846
1413393317655760384.000000 1.134340286 0.495190501 2.639476299 -0.503815353 0.034233972 0.154014662 0.849280655
1413393317705760512.000000 1.131429434 0.489091516 2.664623737 -0.504112184 0.035066523 0.156047687 0.848699272
1413393317755760384.000000 1.125137806 0.480269790 2.689788818 -0.504467189 0.035071075 0.157127276 0.848288834
1413393317805760512.000000 1.119356871 0.470488846 2.714346886 -0.505135834 0.035035573 0.158678651 0.847603321
1413393317855760384.000000 1.119435787 0.462593555 2.737111568 -0.506030142 0.033366118 0.159282267 0.847023845
1413393317905760512.000000 1.115075231 0.451408207 2.760617256 -0.507736087 0.031250563 0.158641502 0.846203566
1413393317955760384.000000 1.110657573 0.439448476 2.784006596 -0.509089768 0.028789658 0.160101771 0.845201910
1413393318005760512.000000 1.110409617 0.428920746 2.805326700 -0.511164904 0.026215054 0.160488099 0.843959033
1413393318055760384.000000 1.106009483 0.415757418 2.829226732 -0.512156606 0.024089003 0.163948268 0.842755258
1413393318105760512.000000 1.102104425 0.401800275 2.854423285 -0.513385832 0.023032222 0.166851908 0.841465950
1413393318155760384.000000 1.097686052 0.388154149 2.878944397 -0.513822973 0.022131924 0.171356976 0.840317130
1413393318205760512.000000 1.094630957 0.374951601 2.902165890 0.514128089 -0.022349769 -0.176597908 -0.839038789
1413393318255760384.000000 1.089812398 0.360436082 2.925640583 -0.513922155 0.024646113 0.181656688 0.838020027
1413393318305760512.000000 1.085138559 0.346771240 2.950286865 -0.514124870 0.027665628 0.185564294 0.836944580
1413393318355760384.000000 1.079943061 0.333311319 2.974727869 -0.514244974 0.030361867 0.189191550 0.835964680
1413393318405760512.000000 1.073563933 0.319572806 2.998610258 -0.514373064 0.031574134 0.191500515 0.835314989
1413393318455760384.000000 1.067572474 0.307516456 3.021930933 -0.514494538 0.033331975 0.193262681 0.834765732
1413393318505760512.000000 1.061027288 0.296160698 3.041563272 -0.515157163 0.034330931 0.194438562 0.834043264
1413393318555760384.000000 1.053320885 0.284541011 3.063380718 -0.515759289 0.035057578 0.194388598 0.833652437
1413393318605760512.000000 1.045240045 0.273387432 3.084294319 -0.515829861 0.035143625 0.195277572 0.833397388
1413393318655760384.000000 1.035986423 0.260985255 3.103445530 -0.516299248 0.035915658 0.195444256 0.833034694
1413393318705760512.000000 1.028939605 0.250651598 3.121976852 -0.515999734 0.036226276 0.196348310 0.832994223
1413393318755760384.000000 1.023046136 0.240753651 3.139008522 -0.515709937 0.037119616 0.196556151 0.833085299
1413393318805760512.000000 1.015275240 0.226139665 3.158798933 -0.516063929 0.037307993 0.194968536 0.833230674
1413393318855760384.000000 1.011549711 0.216667295 3.172677517 -0.516876221 0.038724698 0.192206189 0.833304346
1413393318905760512.000000 1.009193659 0.207303166 3.185485363 0.517978489 -0.042709213 -0.187880635 -0.833411753
1413393318955760384.000000 1.005483031 0.194772959 3.197274446 -0.518899262 0.046566658 0.183482215 0.833612204
1413393319005760512.000000 1.003883958 0.184503555 3.207082748 -0.519769013 0.049221642 0.180099353 0.833655655
1413393319055760384.000000 1.002320290 0.173412561 3.215803862 -0.519457519 0.048866645 0.178919762 0.834124506
1413393319105760512.000000 0.999553680 0.158554792 3.223222733 -0.518100798 0.046965320 0.181272790 0.834569335
1413393319155760384.000000 0.998824835 0.145416737 3.229490042 -0.516489804 0.042846542 0.184899330 0.834993839
1413393319205760512.000000 0.999469936 0.131696582 3.234252930 -0.514615178 0.040021781 0.187836900 0.835635602
1413393319255760384.000000 0.998822570 0.115911126 3.239571095 -0.512985945 0.035636522 0.191057965 0.836105525
1413393319305760512.000000 0.999024987 0.102145791 3.242415428 -0.511222839 0.031745486 0.194508791 0.836546361
1413393319355760384.000000 0.997658372 0.087882400 3.244884491 0.509920120 -0.028174091 -0.197360620 -0.836801410
1413393319405760512.000000 0.994147658 0.073223948 3.248658419 -0.509091496 0.024700692 0.198926017 0.837044954
1413393319455760384.000000 0.989044964 0.061033964 3.251804352 -0.508183002 0.022101237 0.200663030 0.837255061
1413393319505760512.000000 0.982563019 0.049674273 3.255230427 -0.506369948 0.018182125 0.203964487 0.837650001
1413393319555760384.000000 0.973964334 0.038415551 3.259945869 -0.503882885 0.015066258 0.209651545 0.837807477
1413393319605760512.000000 0.964813590 0.029893279 3.263468742 -0.501304746 0.012898222 0.214712217 0.838108540
1413393319655760384.000000 0.954745889 0.022452950 3.266478062 -0.498777032 0.010536281 0.219958290 0.838289261
1413393319705760512.000000 0.943794608 0.015213490 3.270519972 -0.497282177 0.008918232 0.222835675 0.838436186
1413393319755760384.000000 0.933760524 0.011786819 3.272567034 -0.498408705 0.008223229 0.218256012 0.838978887
1413393319805760512.000000 0.922579527 0.009970546 3.275158405 -0.500863791 0.005330842 0.210359558 0.839557052
1413393319855760384.000000 0.911481738 0.011182308 3.277643681 -0.503227711 0.004939200 0.201860458 0.840232074
1413393319905760512.000000 0.899855375 0.013540745 3.280505180 -0.505497277 0.004991021 0.193601623 0.840812743
1413393319955760384.000000 0.884841025 0.014803171 3.285273075 -0.507450759 0.005777046 0.186508223 0.841234267
1413393320005760512.000000 0.871036351 0.017748475 3.289912224 -0.509002209 0.006960339 0.180515409 0.841595292
1413393320055760384.000000 0.856980920 0.020617485 3.295279741 -0.510008037 0.008620720 0.176471576 0.841828585
1413393320105760512.000000 0.840213060 0.022397637 3.301501513 0.511080563 -0.011874497 -0.172738448 -0.841912806
1413393320155760384.000000 0.825443804 0.024826288 3.308048248 0.512588084 -0.016585972 -0.168719918 -0.841731548
1413393320205760512.000000 0.811173499 0.025413752 3.314360142 0.513879478 -0.022203391 -0.165987253 -0.841357946
1413393320255760384.000000 0.798067093 0.026724935 3.321306229 0.515120089 -0.025315287 -0.164242849 -0.840853631
1413393320305760512.000000 0.787062287 0.027131677 3.328106880 0.515508711 -0.024610220 -0.166399568 -0.840212107
1413393320355760384.000000 0.779753327 0.026769400 3.333906651 0.515688539 -0.023372360 -0.169008866 -0.839616001
1413393320405760512.000000 0.776131988 0.025294185 3.339015484 0.514773071 -0.020066041 -0.173975572 -0.839248836
1413393320455760384.000000 0.776420534 0.023487210 3.343122005 0.514399707 -0.015542293 -0.178252131 -0.838676095
1413393320505760512.000000 0.779587388 0.021596670 3.346679211 0.514734685 -0.011387985 -0.180433065 -0.838070691
1413393320555760384.000000 0.783342361 0.019735575 3.350544214 0.515337944 -0.009098757 -0.180994987 -0.837606609
1413393320605760512.000000 0.784469426 0.018208742 3.355896473 0.516285658 -0.008026747 -0.181504205 -0.836923480
1413393320655760384.000000 0.780527234 0.017260909 3.363779306 0.517582238 -0.005099056 -0.180938512 -0.836267889
1413393320705760512.000000 0.770871162 0.016847372 3.374667406 0.518251002 -0.004153282 -0.180890515 -0.835869253
1413393320755760384.000000 0.754874647 0.016671181 3.388676167 0.518997610 -0.005483588 -0.180082619 -0.835572660
1413393320805760512.000000 0.732565641 0.016699314 3.405618906 0.519301474 -0.008515092 -0.179708853 -0.835439026
1413393320855760384.000000 0.725494266 0.013962030 3.410298824 0.524260104 -0.024052862 -0.171009868 -0.833863616
1413393320905760512.000000 0.740579307 0.010382056 3.398774624 0.527393937 -0.025012193 -0.164586395 -0.833151460
1413393320955760384.000000 0.746890128 0.007195473 3.390870094 0.526561081 -0.005798177 -0.170068398 -0.832932532
1413393321005760512.000000 0.747442842 0.004146695 3.385951519 0.525980532 0.009811693 -0.171148866 -0.833040476
1413393321055760384.000000 0.742042542 0.001578689 3.385328531 0.524895132 0.012764500 -0.170525864 -0.833812416
1413393321105760512.000000 0.727555990 -0.000324726 3.388892174 0.524646640 0.004068970 -0.169760838 -0.834212542
1413393321155760384.000000 0.717474163 -0.001992822 3.389282942 0.523112059 -0.032537211 -0.171561241 -0.834183395
1413393321205760512.000000 0.728183925 -0.004031777 3.382706404 0.528873861 -0.037982628 -0.158758476 -0.832853913
1413393321255760384.000000 0.732396483 -0.004591107 3.382782936 0.531461954 -0.027854668 -0.157074064 -0.831925571
1413393321305760512.000000 0.723840475 -0.003161192 3.387355328 0.533107281 -0.014540211 -0.167668581 -0.829139650
1413393321355760384.000000 0.720124304 -0.000740409 3.388071537 0.528639019 -0.024135569 -0.176602617 -0.829921603
1413393321405760512.000000 0.724857807 -0.000543952 3.384790182 0.530764580 -0.027327245 -0.171447605 -0.829546869
1413393321455760384.000000 0.725582540 -0.000706315 3.386713028 0.531440556 -0.031080101 -0.170171395 -0.829244733
1413393321505760512.000000 0.724910617 0.001378894 3.388627529 0.532325804 -0.027240712 -0.167376056 -0.829380751
1413393321555760384.000000 0.725770712 0.004641414 3.387864590 0.530736864 -0.027062085 -0.172114119 -0.829435229
1413393321605760512.000000 0.725850523 0.007019162 3.388096809 0.531043172 -0.027072975 -0.171027258 -0.829463661
1413393321655760384.000000 0.726824880 0.008757234 3.388417721 0.531570435 -0.028270679 -0.169720799 -0.829354286
1413393321705760512.000000 0.726771057 0.010514259 3.387985945 0.531569302 -0.028906209 -0.169578299 -0.829362214
1413393321755760384.000000 0.726985812 0.012791753 3.388928413 0.531112015 -0.027678201 -0.170912758 -0.829423189
1413393321805760512.000000 0.727006495 0.014462948 3.388919115 0.531445563 -0.028228855 -0.170130849 -0.829351723
1413393321855760384.000000 0.727032900 0.016219020 3.388800621 0.531347454 -0.028717227 -0.170288160 -0.829365551
1413393321905760512.000000 0.727680922 0.018312693 3.389494896 0.531442165 -0.028771307 -0.170103446 -0.829340935
1413393321955760384.000000 0.727995753 0.019597411 3.390824556 0.531207323 -0.028262028 -0.170691714 -0.829388022
1413393322005760512.000000 0.728165269 0.021419406 3.390567541 0.531440258 -0.028865555 -0.170057401 -0.829348266
1413393322055760384.000000 0.728150010 0.022902727 3.390577793 0.531250715 -0.029031169 -0.170341492 -0.829405665
1413393322105760512.000000 0.727981687 0.024410248 3.390683889 0.531307161 -0.028727300 -0.170256332 -0.829397559
1413393322155760384.000000 0.728255093 0.026185989 3.390724659 0.531192482 -0.028795637 -0.170415431 -0.829436004
1413393322205760512.000000 0.728151560 0.028078675 3.390703678 0.531186461 -0.029011535 -0.170234159 -0.829469442
1413393322255760384.000000 0.727629900 0.029700756 3.390646219 0.531250477 -0.028948551 -0.170364916 -0.829403877
1413393322305760512.000000 0.727364421 0.031372070 3.390595913 0.531214893 -0.028849805 -0.170436248 -0.829415500
1413393322355760384.000000 0.726860225 0.034929991 3.389820576 0.531169116 -0.029002611 -0.170345709 -0.829458058
1413393322405760512.000000 0.726127267 0.036584377 3.389746189 0.531202555 -0.028910747 -0.170448571 -0.829418719
1413393322455760384.000000 0.725759566 0.038141727 3.388374805 0.531255007 -0.028892089 -0.170486003 -0.829378068
1413393322505760512.000000 0.725591660 0.040429235 3.388143301 0.531173825 -0.028947035 -0.170485243 -0.829428315
1413393322555760384.000000 0.725346923 0.042996168 3.388048410 0.531122088 -0.028937586 -0.170414418 -0.829476357
1413393322605760512.000000 0.725063205 0.045021296 3.388901711 0.531186759 -0.028880309 -0.170499623 -0.829419434
1413393322655760384.000000 0.724888086 0.047263980 3.389657736 0.531212091 -0.028854096 -0.170563444 -0.829390943
1413393322705760512.000000 0.725816369 0.049717307 3.389868736 0.531145096 -0.028837798 -0.170626193 -0.829421520
1413393322755760384.000000 0.725624323 0.052351713 3.390639305 0.531096399 -0.028849658 -0.170669347 -0.829443395
1413393322805760512.000000 0.725639701 0.055773735 3.391768456 0.531163037 -0.028843183 -0.170620903 -0.829410970
1413393322855760384.000000 0.725160301 0.060503244 3.393201351 0.531138718 -0.028811762 -0.170665026 -0.829418540
1413393322905760512.000000 0.724682510 0.064215541 3.394265175 0.531112194 -0.028777141 -0.170744106 -0.829420328
1413393322955760384.000000 0.725143909 0.065753460 3.395323992 0.531140566 -0.028805858 -0.170768023 -0.829396307
1413393323005760512.000000 0.724486828 0.068951368 3.396441460 0.531094372 -0.028784947 -0.170801863 -0.829419672
1413393323055760384.000000 0.724399865 0.072174072 3.397055626 0.531031907 -0.028794641 -0.170803994 -0.829458892
1413393323105760512.000000 0.724377155 0.075819016 3.397847652 0.530960023 -0.028761689 -0.170821682 -0.829502344
1413393323155760384.000000 0.724250138 0.077602267 3.399010897 0.530923605 -0.028808014 -0.170807049 -0.829527199
1413393323205760512.000000 0.724127829 0.079307914 3.398821115 0.530908823 -0.028800797 -0.170814708 -0.829535306
1413393323255760384.000000 0.723490238 0.080373406 3.399865627 0.530905545 -0.028754856 -0.170851678 -0.829531372
1413393323305760512.000000 0.723610044 0.080883265 3.399364710 0.530901670 -0.028752076 -0.170903563 -0.829523206
1413393323355760384.000000 0.722849607 0.081092596 3.400348663 0.530901909 -0.028700158 -0.170914009 -0.829522729
1413393323405760512.000000 0.723668098 0.084812284 3.399603367 0.530917943 -0.028664280 -0.171015263 -0.829492807
1413393323455760384.000000 0.723437369 0.087703466 3.400495529 0.530875623 -0.028710570 -0.171059534 -0.829509139
1413393323505760512.000000 0.722886086 0.090602160 3.401871443 0.530833125 -0.028792799 -0.171102881 -0.829524517
1413393323555760384.000000 0.723131657 0.093133569 3.402372360 0.530828774 -0.028736908 -0.171120182 -0.829525709
1413393323605760512.000000 0.722863495 0.096190095 3.403482914 0.530827403 -0.028749572 -0.171203837 -0.829508901
1413393323655760384.000000 0.722350717 0.099377751 3.405078411 0.530829132 -0.028724292 -0.171263993 -0.829496264
1413393323705760512.000000 0.721968412 0.102429628 3.406533957 0.530819595 -0.028734349 -0.171279535 -0.829498827
1413393323755760384.000000 0.717202663 0.105125904 3.408824444 0.530814290 -0.028724959 -0.171362415 -0.829485416
1413393323805760512.000000 0.716347754 0.108178735 3.410220146 0.530794382 -0.028714526 -0.171420187 -0.829486609
1413393323855760384.000000 0.715973139 0.111646175 3.410677671 0.530772805 -0.028658453 -0.171423107 -0.829501748
1413393323905760512.000000 0.715063214 0.114246607 3.412317276 0.530693173 -0.028634448 -0.171544001 -0.829528570
1413393323955760384.000000 0.714560986 0.116938114 3.413859844 0.530681968 -0.028604392 -0.171500698 -0.829545736
1413393324005760512.000000 0.713704050 0.120398521 3.415443897 0.530659378 -0.028622180 -0.171602547 -0.829538524
1413393324055760384.000000 0.712564468 0.122109413 3.417648315 0.530630410 -0.028558567 -0.171629891 -0.829553485
1413393324105760512.000000 0.712271154 0.123247266 3.419111252 0.530599594 -0.028586783 -0.171706662 -0.829556406
1413393324155760384.000000 0.711003780 0.123726606 3.421324015 0.530605495 -0.028550861 -0.171725750 -0.829549909
1413393324205760512.000000 0.709410191 0.127446651 3.423612118 0.530604184 -0.028574916 -0.171795562 -0.829535425
1413393324255760384.000000 0.708730936 0.129207850 3.425120115 0.530593574 -0.028545240 -0.171838865 -0.829534292
1413393324305760512.000000 0.733200073 0.204783440 3.371710777 0.530001819 -0.028350925 -0.172168955 -0.829850733
1413393324355760384.000000 0.738201201 0.206388474 3.363739014 0.529974580 -0.028320555 -0.172211632 -0.829860330
1413393324405760512.000000 0.741588354 0.213572502 3.355835438 0.529960871 -0.028320419 -0.172268078 -0.829857290
1413393324455760384.000000 0.744486928 0.222590804 3.347809315 0.529957354 -0.028346611 -0.172371268 -0.829837263
1413393324505760512.000000 0.747826457 0.232313514 3.339334726 0.529919684 -0.028283600 -0.172390759 -0.829859436
1413393324555760384.000000 0.751356483 0.242375135 3.330278635 0.529891312 -0.028255599 -0.172453433 -0.829865456
1413393324605760512.000000 0.755091548 0.252807260 3.320631027 0.529877961 -0.028232668 -0.172459245 -0.829873562
1413393324655760384.000000 0.759077191 0.263589740 3.310450554 0.529857516 -0.028214263 -0.172496229 -0.829879582
1413393324705760512.000000 0.757063985 0.222493172 3.307023525 0.529910624 -0.028203009 -0.172430068 -0.829859734
1413393324755760384.000000 0.759982288 0.228270769 3.297216892 0.529888690 -0.028196506 -0.172452092 -0.829869449
1413393324805760512.000000 0.765813112 0.230252981 3.283733130 0.529837370 -0.028326673 -0.172535866 -0.829880416
1413393324855760384.000000 0.769219637 0.235864520 3.272640467 0.529817402 -0.028284729 -0.172576219 -0.829886198
1413393324905760512.000000 0.772681475 0.241492510 3.261093855 0.529808462 -0.028313169 -0.172627583 -0.829880178
1413393324955760384.000000 0.776218235 0.247117400 3.249111414 0.529782355 -0.028272441 -0.172683120 -0.829886615
1413393325005760512.000000 0.779777765 0.252802372 3.236691475 0.529755056 -0.028285058 -0.172727689 -0.829894423
1413393325055760384.000000 0.783366680 0.258537889 3.223810673 0.529745579 -0.028314235 -0.172766522 -0.829891443
1413393325105760512.000000 0.787006974 0.264309406 3.210534334 0.529653728 -0.028322987 -0.172783241 -0.829946160
1413393325155760384.000000 0.790680051 0.270122290 3.196799517 0.529647231 -0.028261375 -0.172882095 -0.829931915
1413393325205760512.000000 0.794416547 0.275970817 3.182582378 0.529596329 -0.028258534 -0.172943518 -0.829951704
1413393325255760384.000000 0.805653691 0.278746128 3.163275719 0.529574335 -0.028303640 -0.172906443 -0.829971850
1413393325305760512.000000 0.810387194 0.284544706 3.147650719 0.529503107 -0.028314542 -0.172932833 -0.830011487
1413393325355760384.000000 0.817526758 0.283894062 3.134131670 0.529497147 -0.028322313 -0.173000857 -0.830000818
1413393325405760512.000000 0.822758913 0.289083719 3.117796659 0.529470503 -0.028362425 -0.173044279 -0.830007434
1413393325455760384.000000 0.829598188 0.289196014 3.101995468 0.529608786 -0.028357176 -0.173080966 -0.829911649
1413393325505760512.000000 0.836893082 0.294358373 3.084615231 0.529676557 -0.028364314 -0.173081964 -0.829868019
1413393325555760384.000000 0.842987478 0.299172521 3.066928864 0.529698074 -0.028404268 -0.173212156 -0.829825759
1413393325605760512.000000 0.850529313 0.304688096 3.051638365 0.529798865 -0.028342929 -0.173156321 -0.829775155
1413393325655760384.000000 0.857158720 0.309603930 3.033262014 0.529806674 -0.028369743 -0.173255771 -0.829748511
1413393325705760512.000000 0.864173830 0.315744638 3.021877289 0.529738009 -0.028359173 -0.173234686 -0.829797089
1413393325755760384.000000 0.871260464 0.320768714 3.003363132 0.529661536 -0.028416744 -0.173267365 -0.829837143
1413393325805760512.000000 0.878551185 0.325827837 2.984416723 0.529673576 -0.028396660 -0.173304394 -0.829822302
1413393325855760384.000000 0.886073947 0.330892801 2.965059042 0.529628336 -0.028410008 -0.173338190 -0.829843760
1413393325905760512.000000 1.033608675 0.118567348 2.925645590 0.529987574 -0.028384736 -0.173374593 -0.829607666
1413393325955760384.000000 1.049879551 0.103779554 2.902019978 0.529990375 -0.028414834 -0.173387498 -0.829602122
1413393326005760512.000000 1.070819378 0.091187954 2.880601883 0.529958665 -0.028436163 -0.173387602 -0.829621613
1413393326055760384.000000 1.092527270 0.077961802 2.858759165 0.529962540 -0.028408544 -0.173399419 -0.829617620
1413393326105760512.000000 1.114997029 0.064093232 2.836540222 0.529930949 -0.028406601 -0.173454180 -0.829626441
1413393326155760384.000000 1.138234973 0.049558520 2.813918114 0.529963255 -0.028432677 -0.173478678 -0.829599798
