1403715388312143104.000000 14.175104141 -3.895632029 11.666522980 0.045352232 0.843311727 -0.031157760 0.534600616
1403715388562142976.000000 14.372354507 -3.722387314 11.701828003 0.032899238 0.850677550 -0.030131346 0.523791492
1403715397612143104.000000 0.013149691 0.009007339 0.082936838 0.002193789 0.003151320 0.002678676 0.999989092
1403715397662142976.000000 0.011181851 0.013181625 0.111060262 0.002163061 0.008593326 0.001164705 0.999960065
1403715397712143104.000000 0.025577305 0.025758199 0.141593128 0.002655627 0.013311788 -0.000182209 0.999907911
1403715397762142976.000000 0.033426702 0.036177445 0.170887232 0.001893812 0.018314365 -0.003071126 0.999825835
1403715397812143104.000000 0.039680976 0.050983477 0.201554954 0.001966725 0.023682050 -0.005455621 0.999702811
1403715397862142976.000000 0.062828429 0.055750202 0.229064092 -0.000842072 0.024539093 -0.005473193 0.999683559
1403715397912143104.000000 0.072350502 0.070010461 0.259116054 -0.002413994 0.028167795 -0.009444950 0.999555707
1403715397962142976.000000 0.086356878 0.094183542 0.284573764 -0.001331019 0.035022866 -0.014443377 0.999281228
1403715398012143104.000000 0.095793217 0.109224550 0.314204216 -0.002852510 0.042114340 -0.018815152 0.998931646
1403715398062142976.000000 0.113181010 0.129969865 0.345032394 -0.003925133 0.047816459 -0.021696838 0.998612821
1403715398112143104.000000 0.124915957 0.126657307 0.371629179 -0.010494403 0.051515646 -0.021285908 0.998390198
1403715398162142976.000000 0.134288117 0.143297955 0.398750007 -0.011786829 0.055894155 -0.023597660 0.998088241
1403715398212143104.000000 0.141155615 0.163180441 0.424466223 -0.012543458 0.058277436 -0.025058612 0.997907043
1403715398262142976.000000 0.149689883 0.175627604 0.442703485 -0.014248658 0.057038855 -0.025697516 0.997939527
1403715398312143104.000000 0.155765206 0.196084008 0.469431221 -0.015086636 0.054829888 -0.026707968 0.998024464
1403715398362142976.000000 0.160545409 0.201086611 0.495712847 -0.019431334 0.053059421 -0.026729781 0.998044431
1403715398412143104.000000 0.166167125 0.215160325 0.515121400 -0.020339999 0.051451303 -0.024790958 0.998160541
1403715398462142976.000000 0.167900056 0.229908898 0.534759283 -0.022215331 0.049586430 -0.026172573 0.998179734
1403715398512143104.000000 0.170071229 0.246024877 0.551090658 -0.023793600 0.048502009 -0.027444664 0.998162508
1403715398562142976.000000 0.175549120 0.264583021 0.569025517 -0.025065271 0.047550928 -0.028357673 0.998151541
1403715398612143104.000000 0.175552011 0.269880116 0.591403306 -0.028768143 0.050759811 -0.028691379 0.997884154
1403715398662142976.000000 0.181529388 0.281253397 0.606923044 -0.031622376 0.053384524 -0.031578705 0.997573555
1403715398712143104.000000 0.183430851 0.292420715 0.619365036 -0.034432717 0.058167793 -0.037138343 0.997021437
1403715398762142976.000000 0.184589818 0.301119715 0.631074965 -0.038236581 0.062025100 -0.042264849 0.996445954
1403715398812143104.000000 0.186763898 0.311403185 0.640525401 -0.040631436 0.064595066 -0.046168141 0.996014655
1403715398862142976.000000 0.191930756 0.317631513 0.651982784 -0.043870423 0.065157056 -0.048633415 0.995723248
1403715398912143104.000000 0.194930255 0.321680665 0.657643437 -0.045288995 0.065732040 -0.050340787 0.995537102
1403715398962142976.000000 0.192499802 0.321831733 0.664094687 -0.046421938 0.066613220 -0.051547121 0.995364606
1403715399012143104.000000 0.193470597 0.326222956 0.668781638 -0.045877669 0.067456640 -0.052205328 0.995298743
1403715399062142976.000000 0.192307860 0.323818892 0.671405613 -0.044960693 0.066998087 -0.051140949 0.995426714
1403715399112143104.000000 0.190150782 0.323894083 0.676950574 -0.042894445 0.064815275 -0.049302455 0.995755196
1403715399162142976.000000 0.188173220 0.321510673 0.677189887 -0.039959166 0.063418709 -0.045463648 0.996149838
1403715399212143104.000000 0.183877379 0.316273391 0.676077604 -0.037942071 0.063255586 -0.043569960 0.996323645
1403715399262142976.000000 0.181976408 0.306799918 0.676276147 -0.036426634 0.063161969 -0.041749276 0.996464074
1403715399312143104.000000 0.177425936 0.297117412 0.669375300 -0.035721660 0.061122786 -0.042041779 0.996604502
1403715399362142976.000000 0.173030764 0.286984503 0.662914813 -0.034804028 0.057936616 -0.042963285 0.996787965
1403715399412143104.000000 0.164847404 0.275762409 0.656431556 -0.035099171 0.053913936 -0.044263795 0.996946394
1403715399462142976.000000 0.163302034 0.263807505 0.650141060 -0.035171326 0.049551833 -0.045014750 0.997136533
1403715399512143104.000000 0.153503686 0.248416036 0.639891505 -0.036732156 0.048314508 -0.047960799 0.997003675
1403715399562142976.000000 0.147227868 0.234191224 0.633728921 -0.037629861 0.042153779 -0.048017785 0.997246921
1403715399612143104.000000 0.142689437 0.221897170 0.619513929 -0.035595555 0.032948479 -0.044477973 0.997832239
1403715399662142976.000000 0.134049580 0.203363076 0.610505641 0.034779437 -0.025065608 0.040426511 -0.998262465
1403715399712143104.000000 0.128076673 0.185787737 0.599153161 -0.034743607 0.018000469 -0.036370758 0.998571992
1403715399762142976.000000 0.122715667 0.168933362 0.590239286 0.034983806 -0.012738717 0.033772763 -0.998735845
1403715399812143104.000000 0.120540045 0.155604929 0.582007229 -0.034279842 0.008538842 -0.031396974 0.998882532
1403715399862142976.000000 0.116646498 0.137207627 0.573511183 0.034838188 -0.005950338 0.030385129 -0.998913288
1403715399912143104.000000 0.113755465 0.115654454 0.564427078 -0.035892081 0.003765062 -0.030041555 0.998896956
1403715399962142976.000000 0.111611560 0.096632071 0.557857335 -0.038166530 0.002118524 -0.029897921 0.998821855
1403715400012143104.000000 0.110701166 0.076846384 0.552525222 0.042229813 -0.001952041 0.030188097 -0.998649895
1403715400062142976.000000 0.110888444 0.056778021 0.548254251 0.047165111 -0.003278309 0.030040031 -0.998429954
1403715400112143104.000000 0.111720212 0.036056921 0.545585871 0.053266931 -0.004990824 0.029880038 -0.998120725
1403715400162142976.000000 0.113402672 -0.000119741 0.539081395 -0.062582754 0.007259664 -0.028412383 0.997608900
1403715400212143104.000000 0.115251750 -0.022154786 0.539009809 0.070940092 -0.008768529 0.027186651 -0.997071505
1403715400262142976.000000 0.117795996 -0.045034394 0.540155768 0.081201881 -0.008942384 0.028593063 -0.996247351
1403715400312143104.000000 0.125607893 -0.062274635 0.539811373 -0.089612849 0.008085856 -0.027930006 0.995552182
1403715400362142976.000000 0.128364056 -0.087277189 0.543444991 -0.100930735 0.008342580 -0.027394978 0.994481206
1403715400412143104.000000 0.133582667 -0.115419365 0.543841243 -0.112150706 0.007539509 -0.024761433 0.993354023
1403715400462142976.000000 0.136202157 -0.145135552 0.550812066 -0.123141006 0.008272572 -0.018816823 0.992176354
1403715400512143104.000000 0.139936164 -0.175280869 0.556408823 -0.133861095 0.008446215 -0.010495932 0.990908563
1403715400562142976.000000 0.142539203 -0.205585048 0.564679205 -0.145106882 0.008048815 -0.001720925 0.989381790
1403715400612143104.000000 0.142847762 -0.252011567 0.575021386 -0.159330904 0.009483448 0.008478978 0.987143338
1403715400662142976.000000 0.145184860 -0.283749759 0.585512459 -0.171704441 0.008565661 0.018646978 0.984934807
1403715400712143104.000000 0.152279153 -0.306984425 0.594022095 -0.182414755 0.006519223 0.028226146 0.982794821
1403715400762142976.000000 0.154684126 -0.339199305 0.606703758 -0.195427403 0.005961626 0.038647164 0.979938328
1403715400812143104.000000 0.160442606 -0.375663757 0.624820113 -0.207938239 0.007361597 0.049827442 0.976844311
1403715400862142976.000000 0.163443878 -0.407846093 0.639521182 -0.220304564 0.009528331 0.061430734 0.973448277
1403715400912143104.000000 0.167377725 -0.442822844 0.654325664 -0.231479913 0.009303066 0.072225526 0.970110297
1403715400962142976.000000 0.170516267 -0.474039018 0.671650052 -0.240585297 0.008753264 0.081993893 0.967118979
1403715401012143104.000000 0.169051439 -0.515178680 0.696870327 -0.252169758 0.009865078 0.090949103 0.963349044
1403715401062142976.000000 0.173954353 -0.544080615 0.715607762 -0.259422719 0.007558788 0.096393950 0.960911512
1403715401112143104.000000 0.180312186 -0.571250439 0.734151006 0.265491039 -0.006767294 -0.100330800 -0.958854795
1403715401162142976.000000 0.187035739 -0.601228237 0.758386493 -0.271999121 0.005063575 0.101895399 0.956874192
1403715401212143104.000000 0.195845082 -0.625190437 0.778449655 -0.277449846 0.002976626 0.101129360 0.955398142
1403715401262142976.000000 0.206319153 -0.647422433 0.800009489 0.282191575 -0.000772138 -0.099165268 -0.954218864
1403715401312143104.000000 0.216439366 -0.672791123 0.827614307 -0.286850274 -0.000595874 0.097446062 0.953006268
1403715401362142976.000000 0.229499817 -0.692560971 0.851772070 -0.289442778 0.000835475 0.096772961 0.952290535
1403715401412143104.000000 0.243813500 -0.714347959 0.881132722 -0.291509986 0.003038652 0.096388802 0.951694250
1403715401462142976.000000 0.259549171 -0.731427550 0.908349335 -0.292895317 0.005315643 0.095378712 0.951360643
1403715401512143104.000000 0.276301801 -0.750358939 0.939647496 -0.293616593 0.009210145 0.095465086 0.951099873
1403715401562142976.000000 0.293714136 -0.765079737 0.968192577 -0.293448120 0.012943070 0.096886210 0.950964630
1403715401612143104.000000 0.312523603 -0.779980719 0.996797562 0.292797118 -0.019363051 -0.098123983 -0.950929403
1403715401662142976.000000 0.332019866 -0.794907451 1.030247927 -0.293383688 0.024394188 0.099229611 0.950518012
1403715401712143104.000000 0.351581782 -0.806484103 1.059616446 -0.293596834 0.032422408 0.103721760 0.949732363
1403715401762142976.000000 0.371731907 -0.818510294 1.091314316 -0.294668108 0.040054407 0.110663146 0.948324859
1403715401812143104.000000 0.390701711 -0.827339172 1.120775700 -0.297688961 0.044962507 0.113968335 0.946768701
1403715401862142976.000000 0.410065472 -0.835582912 1.153229833 -0.301733464 0.048179612 0.116818808 0.944980979
1403715401912143104.000000 0.428002357 -0.842413902 1.181496620 -0.305573463 0.048492681 0.115376391 0.943907678
1403715401962142976.000000 0.446573257 -0.848599792 1.211161852 -0.309885561 0.047290586 0.111248471 0.943058014
1403715402012143104.000000 0.462471277 -0.853610992 1.238302469 -0.313184232 0.045974348 0.106599890 0.942570150
1403715402062142976.000000 0.480347067 -0.858644009 1.267111897 -0.315760344 0.044163369 0.102368146 0.942266285
1403715402112143104.000000 0.495810986 -0.862375736 1.294122338 -0.316995651 0.046683632 0.098359033 0.942157090
1403715402162142976.000000 0.513653934 -0.866743505 1.322102785 -0.319008917 0.054004692 0.093029767 0.941627502
1403715402212143104.000000 0.527734220 -0.870382190 1.348194480 -0.320966274 0.060244061 0.090039007 0.940874219
1403715402262142976.000000 0.543199480 -0.875007212 1.374370098 -0.323751897 0.063932449 0.088824876 0.939791203
1403715402312143104.000000 0.553981185 -0.879121065 1.398056269 -0.327623993 0.062171489 0.087316528 0.938708186
1403715402362142976.000000 0.563508034 -0.883208632 1.420596600 0.333060175 -0.057193354 -0.086469933 -0.937188804
1403715402412143104.000000 0.576612115 -0.889351726 1.445684910 -0.340695024 0.053932238 0.085450083 0.934728026
1403715402462142976.000000 0.585001230 -0.894203782 1.466374040 -0.349643141 0.051270105 0.083720468 0.931725264
1403715402512143104.000000 0.596221924 -0.901362658 1.489640951 -0.359419197 0.050953638 0.080208302 0.928325474
1403715402562142976.000000 0.605451286 -0.908159614 1.510328889 -0.366854131 0.050648313 0.078784302 0.925551653
1403715402612143104.000000 0.615204394 -0.915955007 1.531610489 0.373331517 -0.052609418 -0.077165112 -0.922985017
1403715402662142976.000000 0.623968601 -0.925234199 1.552875519 0.378929824 -0.053672805 -0.076325044 -0.920709491
1403715402712143104.000000 0.632684052 -0.936207891 1.574526191 0.382901847 -0.055083580 -0.077199541 -0.918908179
1403715402762142976.000000 0.640569985 -0.949017465 1.596663475 0.383846104 -0.054465957 -0.085220046 -0.917841673
1403715402812143104.000000 0.651746154 -0.969031513 1.626348376 -0.384525806 0.054262344 0.093890339 0.916722476
1403715402862142976.000000 0.659858108 -0.985371172 1.648789167 -0.383884609 0.054071307 0.102486245 0.916081607
1403715402912143104.000000 0.668498099 -1.004663587 1.672695041 -0.383108079 0.053429920 0.111217014 0.915425777
1403715402962142976.000000 0.676314354 -1.022226810 1.694836140 -0.382272035 0.050949387 0.119850799 0.914826810
1403715403012143104.000000 0.683548212 -1.040573597 1.718228817 -0.380678028 0.047514003 0.129310399 0.914388061
1403715403062142976.000000 0.691713572 -1.057435513 1.739345074 -0.379823238 0.041711435 0.136704937 0.913950920
1403715403112143104.000000 0.700297952 -1.073135853 1.759809136 -0.378710032 0.036797088 0.143622577 0.913563013
1403715403162142976.000000 0.707137764 -1.087947130 1.781669855 -0.377781302 0.032082915 0.148844033 0.913289428
1403715403212143104.000000 0.717236340 -1.100620747 1.800754786 -0.377139509 0.029179271 0.152895018 0.912982762
1403715403262142976.000000 0.727974474 -1.111279011 1.819670916 -0.377403289 0.025302328 0.152879745 0.912992001
1403715403312143104.000000 0.738401294 -1.121471643 1.841387510 -0.378252208 0.023116758 0.150833040 0.913039148
1403715403362142976.000000 0.749858737 -1.128796339 1.860094190 -0.380022973 0.022316201 0.148124650 0.912767053
1403715403412143104.000000 0.761279821 -1.134675264 1.880408049 -0.382876486 0.022263708 0.145861179 0.911939979
1403715403462142976.000000 0.773377240 -1.138290167 1.899325013 -0.386597037 0.022843067 0.144565135 0.910561323
1403715403512143104.000000 0.785593808 -1.140096545 1.918317080 -0.391728371 0.024286283 0.144326255 0.908366144
1403715403562142976.000000 0.797443151 -1.140558958 1.939597368 -0.397663265 0.025837332 0.146161616 0.905446410
1403715403612143104.000000 0.808732629 -1.139866352 1.959591150 -0.404443055 0.025385085 0.149278417 0.901940942
1403715403662142976.000000 0.819679379 -1.138094068 1.979734302 -0.412044376 0.024795387 0.152915686 0.897898316
1403715403712143104.000000 0.830071747 -1.134344578 2.001433134 -0.419684380 0.022874868 0.158538327 0.893424571
1403715403762142976.000000 0.840401649 -1.130333185 2.021831989 -0.427294254 0.021815401 0.165937036 0.888486743
1403715403812143104.000000 0.851296008 -1.123175740 2.043592215 -0.435472131 0.021816555 0.173179343 0.883117795
1403715403862142976.000000 0.862998128 -1.115486622 2.063768864 -0.444206625 0.022632215 0.179415062 0.877484202
1403715403912143104.000000 0.874890327 -1.105877161 2.083716393 -0.453384608 0.022906207 0.184914351 0.871621728
1403715403962142976.000000 0.887228549 -1.094241500 2.103604794 -0.462640166 0.023841720 0.190011218 0.865616202
1403715404012143104.000000 0.900976658 -1.082687616 2.120893955 0.472491503 -0.024718368 -0.193302512 -0.859520197
1403715404062142976.000000 0.913419127 -1.062480330 2.145558119 -0.483252287 0.027473988 0.194580972 0.853141665
1403715404112143104.000000 0.927565813 -1.046240330 2.163885117 -0.494079053 0.029392377 0.194534913 0.846863687
1403715404162142976.000000 0.941920459 -1.028710485 2.182035446 -0.506197035 0.030211611 0.191309959 0.840388238
1403715404212143104.000000 0.955409169 -1.007405758 2.202684641 -0.517557502 0.030595629 0.189043999 0.833942831
1403715404262142976.000000 0.969454169 -0.988066554 2.221794605 -0.527886093 0.030449696 0.185621038 0.828223407
1403715404312143104.000000 0.982442498 -0.966825485 2.243292570 -0.536946118 0.028936259 0.182775900 0.823070168
1403715404362142976.000000 0.995687842 -0.946933031 2.264280558 -0.543387234 0.028088674 0.182382777 0.818949282
1403715404412143104.000000 1.009032011 -0.927086711 2.286132336 -0.549192250 0.027226368 0.181039497 0.815396428
1403715404462142976.000000 1.022176385 -0.905249953 2.312056065 -0.553722978 0.028095266 0.180316746 0.812457681
1403715404512143104.000000 1.035738349 -0.885272145 2.336482525 -0.557509005 0.028218320 0.178735331 0.810210586
1403715404562142976.000000 1.049061775 -0.865673661 2.362146139 -0.560197234 0.028963258 0.177850902 0.808522999
1403715404612143104.000000 1.061533451 -0.845551491 2.391172171 -0.562153220 0.030553140 0.177826226 0.807111025
1403715404662142976.000000 1.073895454 -0.827369690 2.419199944 -0.562104583 0.034510255 0.180659249 0.806355894
1403715404712143104.000000 1.086276054 -0.807835221 2.450363159 -0.562020421 0.038173247 0.182849035 0.805755675
1403715404762142976.000000 1.098533750 -0.790065289 2.480317354 -0.561262786 0.043253910 0.186010852 0.805303156
1403715404812143104.000000 1.110418558 -0.772580147 2.510581732 -0.561252654 0.045826357 0.189364448 0.804385900
1403715404862142976.000000 1.122810125 -0.755249739 2.539986610 0.562868774 -0.047634542 -0.192613766 -0.802377582
1403715404912143104.000000 1.133646011 -0.736559391 2.573694944 -0.565686762 0.050235424 0.195335925 0.799574137
1403715404962142976.000000 1.144899607 -0.719610214 2.603845358 -0.569579244 0.053742193 0.198615372 0.795765877
1403715405012143104.000000 1.155760169 -0.702781916 2.633481741 -0.574597061 0.057910278 0.202188134 0.790951669
1403715405062142976.000000 1.166159749 -0.685441971 2.664090395 -0.580639660 0.061832063 0.206884027 0.785005391
1403715405112143104.000000 1.175441980 -0.670545340 2.692045689 -0.587051511 0.066259429 0.213601157 0.778045535
1403715405162142976.000000 1.184948444 -0.654870987 2.721049309 -0.594905853 0.068593986 0.220962659 0.769777596
1403715405212143104.000000 1.192032576 -0.641766787 2.746199608 -0.603717566 0.070155293 0.228757724 0.760442853
1403715405262142976.000000 1.198183775 -0.629227161 2.770162582 -0.613390148 0.071180098 0.236421227 0.750193954
1403715405312143104.000000 1.203569174 -0.617093086 2.792911291 0.624130368 -0.070604883 -0.242635086 -0.739327133
1403715405362142976.000000 1.213405728 -0.600645304 2.818894386 0.635127723 -0.069181249 -0.248343900 -0.728115380
1403715405412143104.000000 1.217476010 -0.589089155 2.838673830 0.646146357 -0.066694573 -0.253455698 -0.716803312
1403715405462142976.000000 1.223919392 -0.575332642 2.859993935 0.656588733 -0.064770289 -0.259538651 -0.705220342
1403715405512143104.000000 1.227445602 -0.563739538 2.877804279 0.667058706 -0.063534334 -0.265071183 -0.693349361
1403715405562142976.000000 1.232821941 -0.550808191 2.896327734 0.677572250 -0.062001105 -0.270135522 -0.681233168
1403715405612143104.000000 1.235938072 -0.539186239 2.912508965 0.688551605 -0.058300599 -0.273426771 -0.669130564
1403715405662142976.000000 1.237011433 -0.526540756 2.927444935 0.699059546 -0.052620441 -0.276590437 -0.657301068
1403715405712143104.000000 1.243023157 -0.513966560 2.943670750 0.708852768 -0.047754124 -0.280164570 -0.645565748
1403715405762142976.000000 1.245150089 -0.500489473 2.958016872 0.718264222 -0.043373194 -0.283354551 -0.633975983
1403715405812143104.000000 1.246751308 -0.486512899 2.972233772 0.726676285 -0.039699551 -0.288135439 -0.622369230
1403715405862142976.000000 1.251182079 -0.472828627 2.987376213 0.735035658 -0.036399331 -0.292526275 -0.610594928
1403715405912143104.000000 1.252476215 -0.457405567 3.001069546 0.743419290 -0.036604192 -0.296766102 -0.598262310
1403715405962142976.000000 1.255452156 -0.441877365 3.015701771 0.752359211 -0.038632393 -0.299215496 -0.585605025
1403715406012143104.000000 1.256690145 -0.424046993 3.028394938 0.762017965 -0.041229058 -0.299785942 -0.572500825
1403715406062142976.000000 1.259098530 -0.407263041 3.042751789 0.771264493 -0.044537686 -0.301189899 -0.558974266
1403715406112143104.000000 1.259049892 -0.388159752 3.055248737 0.780153513 -0.046397526 -0.302530676 -0.545603395
1403715406162142976.000000 1.257947206 -0.368836403 3.067870140 0.788335383 -0.048523512 -0.304955095 -0.532142162
1403715406212143104.000000 1.258529544 -0.352714062 3.083260059 0.796025276 -0.050627001 -0.307844639 -0.518663943
1403715406262142976.000000 1.256384134 -0.333354950 3.095499039 0.803283215 -0.051315136 -0.310971111 -0.505370975
1403715406312143104.000000 1.255373836 -0.315308094 3.110878944 0.809877455 -0.052086800 -0.314714372 -0.492280722
1403715406362142976.000000 1.252364755 -0.296184540 3.122877836 0.815228701 -0.053729761 -0.320353389 -0.479467481
1403715406412143104.000000 1.249490380 -0.279275417 3.136599541 0.820303857 -0.054799743 -0.326082677 -0.466656923
1403715406462142976.000000 1.245287418 -0.260100365 3.147366762 0.824653804 -0.057762332 -0.332508296 -0.453925073
1403715406512143104.000000 1.241281271 -0.242603302 3.158091784 0.829214752 -0.058681361 -0.337962151 -0.441294789
1403715406562142976.000000 1.236763597 -0.224060059 3.172351599 0.833651245 -0.060097303 -0.343096435 -0.428601027
1403715406612143104.000000 1.231295109 -0.206539154 3.181231976 0.838296473 -0.061348874 -0.346927732 -0.416096717
1403715406662142976.000000 1.225603104 -0.189421654 3.188857555 0.843073189 -0.062201913 -0.349834174 -0.403701216
1403715406712143104.000000 1.220174909 -0.171436071 3.199892521 0.847891450 -0.062723607 -0.352033466 -0.391431153
1403715406762142976.000000 1.213074923 -0.154875994 3.205265284 0.853259742 -0.061791230 -0.352792472 -0.379034460
1403715406812143104.000000 1.205998421 -0.137830973 3.212318659 0.858626962 -0.061109602 -0.353228122 -0.366408736
1403715406862142976.000000 1.198357821 -0.122555256 3.215750933 0.863776863 -0.059817094 -0.353751123 -0.353796005
1403715406912143104.000000 1.192223072 -0.109707117 3.218128681 0.868496895 -0.058240119 -0.354718149 -0.341315657
1403715406962142976.000000 1.184298992 -0.090064764 3.223339558 0.873301327 -0.056662519 -0.355141431 -0.328646958
1403715407012143104.000000 1.177586794 -0.075792074 3.224646330 0.877166152 -0.055779763 -0.356852144 -0.316425025
1403715407062142976.000000 1.170776606 -0.061545849 3.225128412 0.880353570 -0.055728696 -0.359571934 -0.304269522
1403715407112143104.000000 1.163165331 -0.044203281 3.226316929 0.883202374 -0.055325884 -0.362752944 -0.292066514
1403715407162142976.000000 1.155506134 -0.030525208 3.225630045 0.885205925 -0.054658566 -0.366834849 -0.280811578
1403715407212143104.000000 1.148136854 -0.015125751 3.225401640 0.885895491 -0.052635778 -0.372633964 -0.271224469
1403715407262142976.000000 1.140995622 -0.001507759 3.223102093 0.885802448 -0.050730098 -0.378835559 -0.263181090
1403715407312143104.000000 1.133323789 0.014369488 3.220221043 0.885336637 -0.047350362 -0.384722143 -0.256760359
1403715407362142976.000000 1.126543164 0.029338598 3.215030193 0.885193229 -0.045181386 -0.388740659 -0.251539975
1403715407412143104.000000 1.120206594 0.045181036 3.208017826 0.885631025 -0.043409213 -0.390567034 -0.247448504
1403715407462142976.000000 1.112835884 0.062948942 3.198018074 0.886954069 -0.043121420 -0.389570206 -0.244311556
1403715407512143104.000000 1.106412768 0.080031157 3.186519146 0.888245225 -0.041630033 -0.388343513 -0.241819561
1403715407562142976.000000 1.099056482 0.098337650 3.172917843 0.889498055 -0.042451188 -0.386569858 -0.239906102
1403715407612143104.000000 1.092998743 0.117270708 3.157666683 0.891138315 -0.041864399 -0.383634686 -0.238630101
1403715407662142976.000000 1.086998940 0.136514902 3.141161203 0.893125415 -0.039250676 -0.379651159 -0.238015845
1403715407712143104.000000 1.081970453 0.156348228 3.122867107 0.895782709 -0.034614962 -0.373676598 -0.238203749
1403715407762142976.000000 1.076712608 0.177148104 3.103982925 0.897739410 -0.030505637 -0.368903846 -0.238837779
1403715407812143104.000000 1.070993900 0.198859215 3.084533215 0.898787677 -0.027473150 -0.365950704 -0.239804447
1403715407862142976.000000 1.066888094 0.220475197 3.063781500 0.899667501 -0.025514025 -0.363363087 -0.240654871
1403715407912143104.000000 1.060446024 0.243924618 3.043950558 0.899928033 -0.027247865 -0.362013966 -0.241522416
1403715407962142976.000000 1.054768205 0.268035173 3.023398876 0.899734139 -0.027857725 -0.361841619 -0.242431685
1403715408012143104.000000 1.054729700 0.292107821 3.000539780 0.899897635 -0.031666543 -0.360899687 -0.242761016
1403715408062142976.000000 1.053149223 0.317035675 2.978113651 0.899589777 -0.033329666 -0.361151516 -0.243304551
1403715408112143104.000000 1.057385087 0.341881514 2.953606606 0.899551153 -0.035575714 -0.360701203 -0.243796632
1403715408162142976.000000 1.062190294 0.366692543 2.928285122 0.899468541 -0.037808713 -0.360150158 -0.244578764
1403715408212143104.000000 1.071545362 0.392111540 2.900487185 0.899661958 -0.040064465 -0.358939558 -0.245287165
1403715408262142976.000000 1.079321384 0.416776896 2.873135090 0.899708807 -0.040854152 -0.358305454 -0.245910957
1403715408312143104.000000 1.088269711 0.442635059 2.845250607 0.899510086 -0.042373519 -0.358202040 -0.246530712
1403715408362142976.000000 1.093922138 0.467767239 2.818809986 0.899669230 -0.043522812 -0.357309937 -0.247043908
1403715408412143104.000000 1.098314047 0.494619370 2.792181015 0.900219262 -0.045291048 -0.354716450 -0.248455733
1403715408462142976.000000 1.098928213 0.520493984 2.768085480 0.900942564 -0.046216793 -0.350919724 -0.251041681
1403715408512143104.000000 1.096972585 0.547968149 2.744961262 0.901519775 -0.048498541 -0.345979065 -0.255359620
1403715408562142976.000000 1.091654897 0.574078321 2.724421024 0.901598930 -0.049349014 -0.341241121 -0.261225313
1403715408612143104.000000 1.084288001 0.601780891 2.704950809 0.901652813 -0.051396202 -0.335250288 -0.268305629
1403715408662142976.000000 1.075538278 0.627483130 2.687487602 0.901355326 -0.050880112 -0.329112411 -0.276866287
1403715408712143104.000000 1.067302227 0.652299643 2.672055721 0.900137305 -0.051538080 -0.323965102 -0.286606461
1403715408762142976.000000 1.058518052 0.679502010 2.655795574 0.897918880 -0.052686270 -0.320013881 -0.297585189
1403715408812143104.000000 1.051956534 0.702676773 2.642190933 0.895154715 -0.053047661 -0.316254586 -0.309624135
1403715408862142976.000000 1.045549035 0.727366686 2.628782749 0.891242385 -0.054035414 -0.314251125 -0.322511375
1403715408912143104.000000 1.041468382 0.748621941 2.617233276 0.886810064 -0.054855101 -0.312313467 -0.336183339
1403715408962142976.000000 1.037458181 0.772411823 2.605852365 0.882019997 -0.054716267 -0.310403436 -0.350280881
1403715409012143104.000000 1.035752296 0.792194605 2.595889568 0.876927257 -0.055700611 -0.307855904 -0.364857286
1403715409062142976.000000 1.034150839 0.813321590 2.586923599 0.871365726 -0.055779308 -0.305872917 -0.379542261
1403715409112143104.000000 1.035490155 0.830601692 2.578554153 0.865268290 -0.058025755 -0.304478973 -0.394000381
1403715409162142976.000000 1.035973668 0.848824978 2.571031332 0.859257340 -0.061330087 -0.303719282 -0.407026052
1403715409212143104.000000 1.038753152 0.862876415 2.563504219 0.853417158 -0.063119777 -0.303995937 -0.418666482
1403715409262142976.000000 1.042258978 0.875932693 2.556595802 0.848042369 -0.063688956 -0.305647373 -0.428190947
1403715409312143104.000000 1.044638276 0.890325546 2.550087452 0.843490183 -0.065004900 -0.306591988 -0.436233997
1403715409362142976.000000 1.050321817 0.900470972 2.542749405 0.839989424 -0.065557644 -0.306620926 -0.442835897
1403715409412143104.000000 1.054868817 0.910899401 2.535660028 0.837644517 -0.065168567 -0.305813968 -0.447864413
1403715409462142976.000000 1.061719894 0.918141603 2.527984619 0.836407959 -0.063510418 -0.303791940 -0.451772809
1403715409512143104.000000 1.068175077 0.925519466 2.520509243 0.836402118 -0.060540028 -0.300548881 -0.454353094
1403715409562142976.000000 1.076021314 0.930235386 2.512739658 0.836935759 -0.055381246 -0.299464196 -0.454744667
1403715409612143104.000000 1.082100391 0.935653210 2.506449699 0.836560011 -0.053009663 -0.302795112 -0.453511238
1403715409662142976.000000 1.090284109 0.939215422 2.499650002 0.836029232 -0.051323432 -0.306745917 -0.452026576
1403715409712143104.000000 1.097678900 0.943174362 2.493017197 0.834987640 -0.049600810 -0.312414140 -0.450258613
1403715409762142976.000000 1.106171608 0.945765734 2.486467838 0.834035158 -0.047255751 -0.318273664 -0.448167622
1403715409812143104.000000 1.114716291 0.948960781 2.479582787 0.833121955 -0.044693846 -0.324131429 -0.445924938
1403715409862142976.000000 1.122568011 0.953018188 2.473132610 0.832717419 -0.042418048 -0.329048455 -0.443294048
1403715409912143104.000000 1.131763697 0.956737757 2.465704441 0.831789076 -0.040282968 -0.335363299 -0.440494835
1403715409962142976.000000 1.139554739 0.961636543 2.457810879 0.831380546 -0.037616126 -0.340014219 -0.437929034
1403715410012143104.000000 1.148805737 0.966981173 2.449053764 0.831198633 -0.036558911 -0.344019115 -0.435227811
1403715410062142976.000000 1.157946110 0.974189281 2.439574242 0.831799984 -0.036158785 -0.345673472 -0.432794839
1403715410112143104.000000 1.165991068 0.981147528 2.429328918 0.833707035 -0.036808856 -0.344001591 -0.430395842
1403715410162142976.000000 1.175036907 0.990339756 2.417787075 0.836464047 -0.037698001 -0.339601219 -0.428459853
1403715410212143104.000000 1.181820393 1.000185728 2.407021523 0.838843942 -0.039719619 -0.335565120 -0.426801175
1403715410262142976.000000 1.183979750 1.009110212 2.396538496 0.841120839 -0.041469928 -0.331487268 -0.425337791
1403715410312143104.000000 1.184633493 1.020660639 2.388019085 0.842976868 -0.042655528 -0.328136146 -0.424142927
1403715410362142976.000000 1.181645632 1.031261683 2.380761623 0.844280422 -0.043546125 -0.325499713 -0.423490644
1403715410412143104.000000 1.178157330 1.044113636 2.374550343 0.845266461 -0.042860143 -0.323680341 -0.422987938
1403715410462142976.000000 1.173654079 1.056375742 2.369478703 0.845934331 -0.040818173 -0.322315842 -0.422896534
1403715410512143104.000000 1.168612242 1.067735195 2.362505436 0.846640110 -0.037015613 -0.320765764 -0.423012614
1403715410562142976.000000 1.164922714 1.080990553 2.357822180 0.847425878 -0.034038253 -0.318668813 -0.423274130
1403715410612143104.000000 1.161079884 1.095063686 2.353778362 0.847323775 -0.032132268 -0.318145931 -0.424020290
1403715410662142976.000000 1.157227874 1.107642412 2.348366261 0.847350955 -0.031434782 -0.316986889 -0.424885392
1403715410712143104.000000 1.153728485 1.122888565 2.345096111 0.847037315 -0.032806553 -0.316574723 -0.425713629
1403715410762142976.000000 1.150834084 1.137940168 2.340824127 0.847524822 -0.035923455 -0.313326269 -0.426893353
1403715410812143104.000000 1.148984551 1.153662205 2.337557793 0.848727643 -0.041617539 -0.307961285 -0.427889317
1403715410862142976.000000 1.147320509 1.167862415 2.334609032 0.849902511 -0.044984195 -0.302267492 -0.429274559
1403715410912143104.000000 1.145249128 1.182341337 2.333233118 0.849809229 -0.049269859 -0.299519897 -0.430911481
1403715410962142976.000000 1.143257380 1.195904493 2.332445621 0.848990440 -0.049290296 -0.299161881 -0.432767659
1403715411012143104.000000 1.140109777 1.208541870 2.333906412 0.846734464 -0.049678180 -0.302124411 -0.435079038
1403715411062142976.000000 1.137734413 1.220639229 2.335926056 0.844395220 -0.049540516 -0.305357277 -0.437378049
1403715411112143104.000000 1.135737419 1.231212139 2.338617563 0.841914117 -0.048816618 -0.308922559 -0.439732313
1403715411162142976.000000 1.133141041 1.244284391 2.342526913 0.839490414 -0.049947735 -0.312408537 -0.441771507
1403715411212143104.000000 1.132255554 1.254563332 2.345234871 0.837269723 -0.053008139 -0.315457553 -0.443459243
1403715411262142976.000000 1.132281303 1.263872862 2.348007202 0.835458577 -0.055770136 -0.317440301 -0.445118487
1403715411312143104.000000 1.131266117 1.275067091 2.351223946 0.834627450 -0.059030257 -0.317308545 -0.446349323
1403715411362142976.000000 1.131716013 1.283128977 2.353760719 0.834522605 -0.062698610 -0.315247595 -0.447504133
1403715411412143104.000000 1.131902695 1.290411234 2.356274366 0.834637463 -0.067280978 -0.312485158 -0.448560745
1403715411462142976.000000 1.130318403 1.299890280 2.359209299 0.835246623 -0.071348578 -0.308857113 -0.449310392
1403715411512143104.000000 1.129914522 1.304993868 2.361978054 0.835588515 -0.072272986 -0.306290299 -0.450282961
1403715411562142976.000000 1.128636241 1.309125423 2.365147829 0.835013092 -0.070404522 -0.306414694 -0.451560080
1403715411612143104.000000 1.127594352 1.311785936 2.368378162 0.834359288 -0.067287832 -0.307245135 -0.452678055
1403715411662142976.000000 1.125517488 1.316654921 2.371847868 0.833459079 -0.063633434 -0.308816433 -0.453794271
1403715411712143104.000000 1.124694586 1.317595959 2.375050306 0.832755864 -0.061046463 -0.309675217 -0.454854220
1403715411762142976.000000 1.123798370 1.318705320 2.378170013 0.832174242 -0.058673937 -0.310245901 -0.455840945
1403715411812143104.000000 1.122284651 1.319667816 2.381730556 0.832135916 -0.057379037 -0.309604883 -0.456511110
1403715411862142976.000000 1.120694041 1.319102526 2.385790825 0.831639111 -0.056444965 -0.309984088 -0.457274854
1403715411912143104.000000 1.119317651 1.317969084 2.389970779 0.831403196 -0.056294590 -0.309939563 -0.457752407
1403715411962142976.000000 1.118089199 1.315732956 2.394659519 0.830982089 -0.057211921 -0.310298830 -0.458159715
1403715412012143104.000000 1.116873503 1.313491106 2.399146318 0.830620348 -0.057418708 -0.310764045 -0.458474249
1403715412062142976.000000 1.115534663 1.310937405 2.403700352 0.830220163 -0.057716683 -0.311586946 -0.458603144
1403715412112143104.000000 1.115350962 1.311489582 2.408853769 0.830096543 -0.057648804 -0.312127411 -0.458467931
1403715412162142976.000000 1.114168644 1.308406115 2.413326740 0.829741657 -0.056227252 -0.313454032 -0.458381921
1403715412212143104.000000 1.112928987 1.305257559 2.417909622 0.829401672 -0.055407394 -0.314448714 -0.458415747
1403715412262142976.000000 1.112109780 1.301917315 2.423382759 0.829365611 -0.054400265 -0.314967990 -0.458245069
1403715412312143104.000000 1.110336542 1.298006296 2.428316355 0.829212844 -0.053721357 -0.315587819 -0.458175093
1403715412362142976.000000 1.108496308 1.294004440 2.433125496 0.829021752 -0.053295787 -0.316458970 -0.457969755
1403715412412143104.000000 1.107683897 1.290250540 2.438463211 0.828854859 -0.052994933 -0.317260623 -0.457751989
1403715412462142976.000000 1.105845809 1.285878897 2.443408966 0.828234255 -0.052809015 -0.319163561 -0.457573861
1403715412512143104.000000 1.106735706 1.282119751 2.449319839 0.827837467 -0.052043565 -0.320675761 -0.457322359
1403715412562142976.000000 1.104611039 1.277675390 2.454247236 0.827332735 -0.051543090 -0.322106689 -0.457286805
1403715412612143104.000000 1.102951527 1.273988008 2.458770990 0.827327251 -0.050101042 -0.322580248 -0.457123220
1403715412662142976.000000 1.103048801 1.270826340 2.462807417 0.827119648 -0.049486879 -0.323146433 -0.457165778
1403715412712143104.000000 1.101274252 1.267335415 2.466570377 0.826655984 -0.047799867 -0.324382037 -0.457308918
1403715412762142976.000000 1.099955082 1.264192581 2.469695091 0.826502800 -0.046813753 -0.324944943 -0.457288235
1403715412812143104.000000 1.101290226 1.261058092 2.473978043 0.826307595 -0.045791924 -0.325778216 -0.457151532
1403715412862142976.000000 1.100288749 1.258494139 2.476562262 0.826036692 -0.045205306 -0.326346546 -0.457294017
1403715412912143104.000000 1.100324869 1.257000923 2.478809357 0.826175690 -0.044596646 -0.326349705 -0.457100511
1403715412962142976.000000 1.100084066 1.255412817 2.480424643 0.826599181 -0.045024574 -0.325608850 -0.456821203
1403715413012143104.000000 1.099809408 1.254605055 2.482264280 0.827558398 -0.045665462 -0.323571354 -0.456468493
1403715413062142976.000000 1.098870754 1.253484011 2.485938549 0.828415036 -0.045624170 -0.321925193 -0.456082553
1403715413112143104.000000 1.093945503 1.253354549 2.489707947 0.829036355 -0.045758221 -0.320543230 -0.455913305
1403715413162142976.000000 1.087219596 1.253599644 2.494372368 0.829639256 -0.046423327 -0.319240034 -0.455663770
1403715413212143104.000000 1.078842640 1.253490448 2.500494003 0.830211163 -0.046330996 -0.317884773 -0.455579042
1403715413262142976.000000 1.067937374 1.253919601 2.507678270 0.830422699 -0.047480337 -0.317278564 -0.455497772
1403715413312143104.000000 1.055557489 1.254448891 2.516584635 0.830252945 -0.050517369 -0.317622006 -0.455241114
1403715413362142976.000000 1.040483952 1.257366180 2.524735928 0.829773188 -0.054565281 -0.318442374 -0.455075473
1403715413412143104.000000 1.027305841 1.257544756 2.533806324 0.829267561 -0.058462389 -0.319366455 -0.454865545
1403715413462142976.000000 1.015055895 1.257343054 2.542254925 0.828776598 -0.061619982 -0.320296049 -0.454689831
1403715413512143104.000000 1.003561378 1.257219315 2.549268961 0.828555584 -0.063392349 -0.320497066 -0.454707295
1403715413562142976.000000 0.993540525 1.255701065 2.555778980 0.828773201 -0.062928952 -0.320190638 -0.454591006
1403715413612143104.000000 0.984600663 1.254930496 2.560560942 0.829430521 -0.061593272 -0.319088310 -0.454350084
1403715413662142976.000000 0.976711690 1.251816511 2.565311670 0.830370009 -0.059736121 -0.317132503 -0.454251409
1403715413712143104.000000 0.969678104 1.248245955 2.569633007 0.831450582 -0.057189286 -0.314847499 -0.454192013
1403715413762142976.000000 0.962070823 1.246053934 2.573396206 0.832020700 -0.054481365 -0.314152598 -0.453962088
1403715413812143104.000000 0.953141212 1.242031097 2.578646660 0.832131982 -0.052560531 -0.314326912 -0.453863919
1403715413862142976.000000 0.943036020 1.238161802 2.584637165 0.832221687 -0.050672155 -0.314583778 -0.453736246
1403715413912143104.000000 0.932394743 1.236512661 2.589979649 0.832604229 -0.049899310 -0.313745141 -0.453700691
1403715413962142976.000000 0.921605885 1.232590437 2.596811056 0.833250105 -0.048598941 -0.312027812 -0.453840375
1403715414012143104.000000 0.913129210 1.229403496 2.601353645 0.833504200 -0.047775794 -0.311600506 -0.453754753
1403715414062142976.000000 0.906562209 1.225012541 2.607784271 0.833171487 -0.047567111 -0.312357515 -0.453867346
1403715414112143104.000000 0.901870489 1.220852613 2.614673138 0.832569301 -0.046006765 -0.314367652 -0.453745276
1403715414162142976.000000 0.901173413 1.216105700 2.619717836 0.831148803 -0.044258170 -0.318347454 -0.453748524
1403715414212143104.000000 0.902031898 1.211642265 2.624595165 0.829226077 -0.041508321 -0.323973805 -0.453544170
1403715414262142976.000000 0.906494796 1.209055662 2.627080441 0.827486575 -0.039037921 -0.328809500 -0.453460485
1403715414312143104.000000 0.911555350 1.206330061 2.629956722 0.825728059 -0.036576338 -0.333643675 -0.453340083
1403715414362142976.000000 0.916768193 1.204966545 2.631991386 0.824742138 -0.033624612 -0.336628973 -0.453156501
1403715414412143104.000000 0.921599984 1.205572367 2.632832766 0.824645996 -0.032214828 -0.337061107 -0.453112721
1403715414462142976.000000 0.925666809 1.207725286 2.633912086 0.825084031 -0.031774517 -0.336148292 -0.453024447
1403715414512143104.000000 0.927818775 1.211003304 2.635663509 0.825978696 -0.031859435 -0.334093273 -0.452908278
1403715414562142976.000000 0.928085923 1.215720892 2.637654781 0.827424169 -0.033205044 -0.330548495 -0.452774197
1403715414612143104.000000 0.927409291 1.221168518 2.640603542 0.829150498 -0.034649022 -0.326276869 -0.452606291
1403715414662142976.000000 0.925543308 1.228134155 2.643965006 0.830090165 -0.037667993 -0.323960632 -0.452306271
1403715414712143104.000000 0.923101544 1.235772848 2.648075819 0.831091344 -0.041636188 -0.321700573 -0.451732695
1403715414762142976.000000 0.919672728 1.243018866 2.653573036 0.831467927 -0.046402652 -0.320847183 -0.451181710
1403715414812143104.000000 0.915465593 1.251130342 2.658945084 0.831168890 -0.051453538 -0.321973711 -0.450381786
1403715414862142976.000000 0.910436869 1.258853197 2.665012836 0.830512404 -0.057863750 -0.323884219 -0.449444056
1403715414912143104.000000 0.904172003 1.266908407 2.670889854 0.829816103 -0.064975858 -0.325869560 -0.448321879
1403715414962142976.000000 0.896942496 1.274492025 2.676489353 0.829114616 -0.070648365 -0.327918023 -0.447266847
1403715415012143104.000000 0.888769805 1.280403376 2.682392120 0.828706205 -0.075964451 -0.329528213 -0.445967019
1403715415062142976.000000 0.880254924 1.286321163 2.687195301 0.828534722 -0.079724751 -0.330802768 -0.444683820
1403715415112143104.000000 0.871082485 1.291446447 2.691433907 0.828716338 -0.082024343 -0.331698865 -0.443257451
1403715415162142976.000000 0.861709177 1.295121670 2.695042610 0.829078615 -0.083652847 -0.332397610 -0.441749513
1403715415212143104.000000 0.852402866 1.297791243 2.697260857 0.830176950 -0.083963014 -0.331636816 -0.440197080
1403715415262142976.000000 0.843220294 1.299338579 2.698488235 0.831126153 -0.083112895 -0.331116825 -0.438957065
1403715415312143104.000000 0.834691048 1.299447536 2.698992014 0.833848298 -0.076096036 -0.327406079 -0.437848985
1403715415362142976.000000 0.826441586 1.299036026 2.697941065 0.836269081 -0.068368576 -0.324591130 -0.436601043
1403715415412143104.000000 0.819681168 1.297667980 2.695888996 0.839270413 -0.060624223 -0.320367068 -0.435103357
1403715415462142976.000000 0.813317895 1.296430588 2.694627762 0.841284513 -0.051709414 -0.318374008 -0.433825433
1403715415512143104.000000 0.808989942 1.295005083 2.692298889 0.843465209 -0.046007182 -0.315010875 -0.432686925
1403715415562142976.000000 0.805159926 1.293772697 2.690686941 0.844510555 -0.042752229 -0.313731700 -0.431910396
1403715415612143104.000000 0.800852060 1.292936802 2.690183640 0.845882177 -0.040732279 -0.311511338 -0.431027859
1403715415662142976.000000 0.794584572 1.292117596 2.691560745 0.846934736 -0.039065182 -0.310424298 -0.429898083
1403715415712143104.000000 0.788065553 1.292657137 2.692300320 0.847248971 -0.038484596 -0.310619384 -0.429189682
1403715415762142976.000000 0.784844756 1.292773485 2.693028212 0.846511066 -0.038985889 -0.312652826 -0.429123908
1403715415812143104.000000 0.788374066 1.293315411 2.691977978 0.846930444 -0.037880287 -0.311672717 -0.429108471
1403715415862142976.000000 0.791056991 1.294014692 2.692272902 0.847728193 -0.038515393 -0.309634596 -0.428952217
1403715415912143104.000000 0.792084217 1.295063496 2.694619894 0.848388314 -0.040622335 -0.308338076 -0.428386122
1403715415962142976.000000 0.791267574 1.296410799 2.698218584 0.848341346 -0.040233184 -0.308179051 -0.428630352
1403715416012143104.000000 0.791287661 1.296434641 2.699551821 0.847402692 -0.037490115 -0.309981853 -0.429435045
1403715416062142976.000000 0.792674303 1.295572281 2.698767424 0.847957730 -0.036324244 -0.309365213 -0.428884029
1403715416112143104.000000 0.793212235 1.295789480 2.699036121 0.848346114 -0.036677200 -0.309033990 -0.428324312
1403715416162142976.000000 0.793044984 1.295928001 2.699767113 0.848404467 -0.037323523 -0.308966696 -0.428201437
1403715416212143104.000000 0.792895854 1.295654774 2.700042248 0.847823024 -0.037564389 -0.310654998 -0.428110540
1403715416262142976.000000 0.792173147 1.295562267 2.700873613 0.847231925 -0.037634242 -0.311998636 -0.428297371
1403715416312143104.000000 0.791904330 1.295412779 2.701409101 0.847102463 -0.037872769 -0.312373459 -0.428259373
1403715416362142976.000000 0.791630447 1.295118093 2.701259613 0.846897125 -0.037507903 -0.312906444 -0.428308249
1403715416412143104.000000 0.791677952 1.294931412 2.701223850 0.846787333 -0.037591197 -0.313185334 -0.428314358
1403715416462142976.000000 0.791705966 1.294463634 2.701582909 0.846566737 -0.037387084 -0.313723207 -0.428374618
1403715416512143104.000000 0.791747332 1.293943167 2.702412605 0.846662521 -0.037692063 -0.313690931 -0.428182185
1403715416562142976.000000 0.791931331 1.293215036 2.702802658 0.846871555 -0.037793674 -0.313049525 -0.428229243
1403715416612143104.000000 0.791892648 1.292587996 2.702902079 0.846678317 -0.037621863 -0.313519388 -0.428282708
1403715416662142976.000000 0.791880071 1.292001486 2.703275442 0.846532881 -0.037994847 -0.313883245 -0.428270727
1403715416712143104.000000 0.791937768 1.291329861 2.703974247 0.846522629 -0.037953876 -0.313890517 -0.428289324
1403715416762142976.000000 0.792015195 1.290703773 2.704836845 0.846460223 -0.038002297 -0.314001024 -0.428327352
1403715416812143104.000000 0.792003632 1.290267229 2.705565453 0.846622288 -0.038213301 -0.313591272 -0.428288579
1403715416862142976.000000 0.792108297 1.290178299 2.705927134 0.846423090 -0.038082376 -0.314024866 -0.428376287
1403715416912143104.000000 0.791929841 1.289976358 2.707000732 0.846281171 -0.038016737 -0.314429849 -0.428365320
1403715416962142976.000000 0.791714072 1.289910078 2.707797050 0.846395373 -0.038027961 -0.314087301 -0.428389966
1403715417012143104.000000 0.791685939 1.290064573 2.708580494 0.846461594 -0.038330052 -0.313903093 -0.428367198
1403715417062142976.000000 0.791338921 1.290346861 2.708494663 0.846465528 -0.038165513 -0.313879251 -0.428391695
1403715417112143104.000000 0.791251481 1.290648460 2.708451748 0.846313298 -0.038203053 -0.314274311 -0.428399384
1403715417162142976.000000 0.791312575 1.290584326 2.708282471 0.846281171 -0.038237985 -0.314367205 -0.428391606
1403715417212143104.000000 0.791427553 1.290789604 2.708359480 0.846342504 -0.038353033 -0.314166784 -0.428407222
1403715417262142976.000000 0.791383386 1.290561438 2.708264351 0.846316338 -0.038355462 -0.314202994 -0.428432196
1403715417312143104.000000 0.791114509 1.290567875 2.707987070 0.846364081 -0.038436145 -0.314110130 -0.428398579
1403715417362142976.000000 0.790856600 1.290730953 2.707624912 0.846244693 -0.038377944 -0.314353108 -0.428461462
1403715417412143104.000000 0.790390134 1.291140079 2.707239151 0.846240103 -0.038395394 -0.314435661 -0.428408265
1403715417462142976.000000 0.789990366 1.291247368 2.706883430 0.846255720 -0.038484443 -0.314371586 -0.428416520
1403715417512143104.000000 0.789423823 1.291885138 2.706400156 0.846266270 -0.038544059 -0.314278811 -0.428458512
1403715417562142976.000000 0.788094461 1.293017387 2.704834223 0.846289754 -0.038524024 -0.314275265 -0.428416550
1403715417612143104.000000 0.786427379 1.294841766 2.703632116 0.846252918 -0.038529683 -0.314384580 -0.428408414
1403715417662142976.000000 0.785576761 1.295552492 2.703028679 0.846234560 -0.038502373 -0.314410150 -0.428428382
1403715417712143104.000000 0.784867704 1.296009064 2.702610493 0.846266270 -0.038601205 -0.314321190 -0.428422242
1403715417762142976.000000 0.784346342 1.296480894 2.702139378 0.846307874 -0.038589820 -0.314213902 -0.428419709
1403715417812143104.000000 0.783937931 1.297053099 2.701890707 0.846306741 -0.038548559 -0.314256310 -0.428394645
1403715417862142976.000000 0.783370435 1.297521591 2.701195717 0.846320808 -0.038518313 -0.314212918 -0.428401321
1403715417912143104.000000 0.783151925 1.297821522 2.700864315 0.846339881 -0.038474146 -0.314161658 -0.428405195
1403715417962142976.000000 0.783004284 1.297903538 2.700718164 0.846359134 -0.038528383 -0.314051270 -0.428443342
1403715418012143104.000000 0.783125579 1.297764301 2.700718403 0.846385121 -0.038552478 -0.313964933 -0.428453058
1403715418062142976.000000 0.783944130 1.297280550 2.701703548 0.846372366 -0.038488951 -0.314003587 -0.428455561
1403715418112143104.000000 0.784553289 1.296447039 2.702386379 0.846372962 -0.038405519 -0.314032584 -0.428440690
1403715418162142976.000000 0.785003781 1.295938730 2.702856541 0.846396148 -0.038413297 -0.313976228 -0.428435504
1403715418212143104.000000 0.785654724 1.295344830 2.703527212 0.846414149 -0.038402416 -0.313932300 -0.428433210
1403715418262142976.000000 0.785962462 1.295091867 2.703953743 0.846446693 -0.038429823 -0.313851118 -0.428425878
1403715418312143104.000000 0.786198020 1.294951677 2.704176426 0.846429050 -0.038403355 -0.313913763 -0.428417206
1403715418362142976.000000 0.786311090 1.294878960 2.704302311 0.846426785 -0.038366072 -0.313903719 -0.428432375
1403715418412143104.000000 0.786471725 1.294792652 2.704456568 0.846446514 -0.038395032 -0.313837022 -0.428439617
1403715418462142976.000000 0.786425471 1.294873714 2.704409599 0.846458197 -0.038371526 -0.313802361 -0.428444117
1403715418512143104.000000 0.786384881 1.294936419 2.704351425 0.846446872 -0.038345028 -0.313793778 -0.428475112
1403715418562142976.000000 0.786324561 1.294914246 2.704380512 0.846451104 -0.038311806 -0.313800693 -0.428464592
1403715418612143104.000000 0.786336780 1.294889688 2.704299450 0.846451879 -0.038327113 -0.313854992 -0.428421944
1403715418662142976.000000 0.786324799 1.294907570 2.704323769 0.846484005 -0.038315706 -0.313776433 -0.428417027
1403715418712143104.000000 0.786256433 1.294994831 2.704226017 0.846494019 -0.038247384 -0.313736349 -0.428432643
1403715418762142976.000000 0.786298037 1.295004845 2.704297066 0.846491516 -0.038276497 -0.313742220 -0.428430706
1403715418812143104.000000 0.786239266 1.295027494 2.704166889 0.846489549 -0.038287409 -0.313797146 -0.428393453
