1413393919755760384.000000 -0.002414248 0.125920966 0.048851036 -0.043541759 0.010425300 -0.002830919 0.998993278
1413393919805760512.000000 -0.014602677 0.168934926 0.055478100 -0.055633027 0.019118007 -0.015446298 0.998148799
1413393919855760384.000000 -0.011768072 0.214435548 0.059079465 -0.066588156 0.024252063 -0.030107168 0.997031331
1413393919905760512.000000 -0.028565163 0.264509559 0.061989527 -0.074723341 0.029294504 -0.045432594 0.995738029
1413393919955760384.000000 -0.029685417 0.311840534 0.060754463 -0.081651784 0.026794037 -0.057682220 0.994629562
1413393920005760512.000000 -0.046580907 0.383568048 0.064279571 -0.084966704 0.022314016 -0.066605680 0.993904650
1413393920055760384.000000 -0.059550390 0.410670578 0.048920792 -0.089112528 0.015860181 -0.072920360 0.993222058
1413393920105760512.000000 -0.088371575 0.481456697 0.052743871 -0.088954143 0.012651942 -0.076568678 0.993007720
1413393920155760384.000000 -0.103709280 0.538441002 0.036744002 -0.087859094 0.006571465 -0.079856195 0.992905140
1413393920205760512.000000 -0.120504141 0.565811694 0.027132487 -0.090396106 0.000352035 -0.081241630 0.992586672
1413393920255760384.000000 -0.165224925 0.644243419 0.003558273 -0.086530723 0.000055182 -0.083163179 0.992772043
1413393920305760512.000000 -0.195070177 0.694603026 -0.015802668 -0.084570065 -0.002937704 -0.084233373 0.992846429
1413393920355760384.000000 -0.219912469 0.742372513 -0.039376020 -0.083568439 -0.007154997 -0.085894741 0.992767453
1413393920405760512.000000 -0.249194026 0.778880954 -0.060636651 -0.084318653 -0.015617512 -0.086681455 0.992538571
1413393920455760384.000000 -0.273761094 0.820855439 -0.085846655 -0.084395379 -0.027398311 -0.086354628 0.992305219
1413393920505760512.000000 -0.309512347 0.879476845 -0.121162310 -0.082254149 -0.036813080 -0.087522566 0.992078066
1413393920555760384.000000 -0.330881268 0.914146066 -0.146495163 -0.082368895 -0.045548934 -0.087565601 0.991702020
1413393920605760512.000000 -0.351503581 0.965298474 -0.180070058 -0.079819076 -0.051983640 -0.089427151 0.991427958
1413393920655760384.000000 -0.377806664 0.994250894 -0.206091702 -0.080145225 -0.056273721 -0.091401644 0.990987301
1413393920705760512.000000 -0.389783829 1.022721171 -0.237975046 -0.080554135 -0.060844675 -0.092098512 0.990619421
1413393920755760384.000000 -0.439737260 1.084096074 -0.271856606 -0.077275507 -0.058094073 -0.095342614 0.990738869
1413393920805760512.000000 -0.466690153 1.121596575 -0.299909562 -0.076202296 -0.059193466 -0.095362097 0.990754962
1413393920855760384.000000 -0.467042744 1.129676938 -0.328415453 -0.077797391 -0.063092425 -0.096485771 0.990281463
1413393920905760512.000000 -0.501616061 1.161443472 -0.357735008 -0.078679010 -0.066915318 -0.099235646 0.989688993
1413393920955760384.000000 -0.513128817 1.181496382 -0.389313549 -0.080393478 -0.075700097 -0.100748815 0.988764942
1413393921005760512.000000 -0.565580368 1.258510947 -0.415553272 -0.077946633 -0.083698422 -0.104346082 0.987942755
1413393921055760384.000000 -0.562301517 1.250212431 -0.441832423 -0.081340589 -0.097737305 -0.103076987 0.986512184
1413393921105760512.000000 -0.599773526 1.303022981 -0.464311481 -0.080403186 -0.107036211 -0.105408385 0.985376954
1413393921155760384.000000 -0.636835575 1.346953630 -0.482341379 -0.079740167 -0.113158457 -0.107387900 0.984532654
1413393921205760512.000000 -0.652018845 1.370797396 -0.502114534 -0.081023626 -0.119636096 -0.109866530 0.983387887
1413393921255760384.000000 -0.680437148 1.397391558 -0.522956729 -0.082075603 -0.122431122 -0.111605331 0.982760668
1413393921305760512.000000 -0.696691632 1.426587343 -0.535463750 -0.080692150 -0.124455445 -0.112009078 0.982574999
1413393921355760384.000000 -0.709017932 1.444202542 -0.544118524 -0.080541842 -0.127045140 -0.110228740 0.982457280
1413393921405760512.000000 -0.731869578 1.462025881 -0.547859192 -0.079905719 -0.123633675 -0.109202161 0.983058870
1413393921455760384.000000 -0.727064550 1.460551620 -0.546505451 -0.080475420 -0.118743151 -0.105591483 0.984009326
1413393921505760512.000000 -0.756572306 1.489893198 -0.553079903 -0.078358002 -0.105819702 -0.105031230 0.985713303
1413393921555760384.000000 -0.766373396 1.508639097 -0.552148223 -0.075408816 -0.092970781 -0.103099436 0.987441361
1413393921605760512.000000 -0.780730009 1.517795086 -0.547738791 -0.075652562 -0.081635773 -0.104258962 0.988302827
1413393921655760384.000000 -0.789632618 1.527432442 -0.541998684 -0.075170785 -0.075300209 -0.102899775 0.988984823
1413393921705760512.000000 -0.802329719 1.536393404 -0.539268494 -0.075699344 -0.070145376 -0.102341354 0.989381433
1413393921755760384.000000 -0.822638690 1.548981667 -0.525851905 -0.076042823 -0.066347539 -0.102171704 0.989634514
1413393921805760512.000000 -0.843711078 1.557741523 -0.519248128 0.076509379 0.062250488 0.102304444 -0.989851058
1413393921855760384.000000 -0.866440833 1.568621993 -0.509131670 -0.076408841 -0.056667436 -0.102867357 0.990135789
1413393921905760512.000000 -0.891342461 1.578567982 -0.501651466 0.076103456 0.047546607 0.102458566 -0.990681529
1413393921955760384.000000 -0.915549099 1.584757447 -0.491522223 -0.076337799 -0.038121685 -0.103425138 0.990970492
1413393922005760512.000000 -0.941469848 1.592976093 -0.485461533 0.076080568 0.031964019 0.102950312 -0.991257429
1413393922055760384.000000 -0.968761384 1.600399375 -0.480682194 0.077135086 0.034199759 0.102582023 -0.991139531
1413393922105760512.000000 -0.995617986 1.604247451 -0.471744657 -0.078801297 -0.039537273 -0.102171563 0.990852296
1413393922155760384.000000 -1.022369385 1.605152607 -0.466669619 -0.081233010 -0.049693774 -0.101660900 0.990250885
1413393922205760512.000000 -1.052175045 1.609488726 -0.463934213 0.083779268 0.066824228 0.099652544 -0.989234567
1413393922255760384.000000 -1.081773520 1.611262560 -0.457741529 -0.086666308 -0.082555898 -0.098544620 0.987908125
1413393922305760512.000000 -1.111379623 1.612867475 -0.452329218 -0.088864774 -0.098807916 -0.095468223 0.986522138
1413393922355760384.000000 -1.140376449 1.614628196 -0.446918786 -0.090743892 -0.113259837 -0.092829615 0.985048473
1413393922405760512.000000 -1.165021300 1.609266281 -0.435989052 -0.093487613 -0.125061974 -0.090485588 0.983581245
1413393922455760384.000000 -1.190383315 1.609454632 -0.424679220 -0.093275659 -0.131375417 -0.082951590 0.983442545
1413393922505760512.000000 -1.211864233 1.605225205 -0.406390578 -0.092065170 -0.131201237 -0.073611319 0.984322965
1413393922555760384.000000 -1.232385278 1.605224133 -0.387706608 -0.089636117 -0.124192141 -0.063419186 0.986164093
1413393922605760512.000000 -1.248603702 1.601154804 -0.362346590 -0.086986668 -0.113959089 -0.053398877 0.988228321
1413393922655760384.000000 -1.265331388 1.602749467 -0.337300479 -0.084088758 -0.105273508 -0.044990465 0.989859879
1413393922705760512.000000 -1.278176188 1.601818919 -0.307439834 -0.082459129 -0.097178169 -0.039991133 0.991038740
1413393922755760384.000000 -1.291767359 1.607026339 -0.278324485 -0.080371335 -0.093031056 -0.036992125 0.991724372
1413393922805760512.000000 -1.302316546 1.610063553 -0.245250612 -0.080127254 -0.092159167 -0.037366625 0.991811514
1413393922855760384.000000 -1.312980533 1.619727254 -0.213430181 -0.081193738 -0.095931374 -0.041950494 0.991183579
1413393922905760512.000000 -1.319508314 1.626616359 -0.178147748 -0.083221786 -0.102153577 -0.047490511 0.990143180
1413393922955760384.000000 -1.323485136 1.639148116 -0.143775895 -0.085845053 -0.108673319 -0.056175478 0.988769531
1413393923005760512.000000 -1.322093964 1.647987962 -0.105839610 -0.090342499 -0.115960643 -0.067876272 0.986805081
1413393923055760384.000000 -1.317818880 1.660836697 -0.068430386 -0.093828201 -0.121343240 -0.078151099 0.985070884
1413393923105760512.000000 -1.308620930 1.669202805 -0.025730662 -0.097099230 -0.125070617 -0.084683895 0.983746827
1413393923155760384.000000 -1.297212601 1.680274487 0.017444804 -0.099362902 -0.128666610 -0.089542754 0.982626140
1413393923205760512.000000 -1.280956030 1.686793327 0.066659994 -0.101130150 -0.130035236 -0.092400707 0.982000887
1413393923255760384.000000 -1.263543606 1.695323348 0.116473116 -0.101794526 -0.128095418 -0.093299516 0.982102156
1413393923305760512.000000 -1.244729996 1.700295091 0.172123015 -0.100753523 -0.123590775 -0.088196762 0.983257592
1413393923355760384.000000 -1.225309372 1.706905246 0.228553787 -0.095925815 -0.116090417 -0.076930046 0.985597849
1413393923405760512.000000 -1.205147147 1.712601781 0.287683129 0.087804712 0.109501325 0.062076494 -0.988153040
1413393923455760384.000000 -1.184545875 1.716108322 0.352948099 -0.076688103 -0.102499604 -0.049754996 0.990523756
1413393923505760512.000000 -1.162294626 1.723500490 0.415189922 -0.062458083 -0.094713435 -0.040776428 0.992706299
1413393923555760384.000000 -1.139157653 1.733002901 0.478314877 0.045776896 0.087132968 0.036712646 -0.994467020
1413393923605760512.000000 -1.115658879 1.740342736 0.546898127 -0.027152766 -0.083442606 -0.037196357 0.995447934
1413393923655760384.000000 -1.090684652 1.753975272 0.610032439 -0.008206495 -0.081619367 -0.046852697 0.995527864
1413393923705760512.000000 -1.065011740 1.766682744 0.677325130 0.011074719 -0.081604600 -0.061625630 0.994696140
1413393923755760384.000000 -1.039488435 1.784089088 0.739901125 0.031005390 -0.086329028 -0.079757847 0.992584825
1413393923805760512.000000 -1.015181780 1.803134084 0.803227305 -0.051967304 0.092381619 0.095730282 -0.989747882
1413393923855760384.000000 -0.989421368 1.818117380 0.872859359 0.073036231 -0.097957119 -0.110008329 0.986391604
1413393923905760512.000000 -0.964147627 1.838653803 0.935241044 0.094899051 -0.102696620 -0.122754179 0.982537091
1413393923955760384.000000 -0.939024687 1.859504819 0.997309148 0.117115363 -0.107405029 -0.132297590 0.978389263
1413393924005760512.000000 -0.913158357 1.874593616 1.067915916 0.137700364 -0.113697588 -0.141243264 0.973736048
1413393924055760384.000000 -0.888800919 1.895910263 1.130667448 0.157593697 -0.118710317 -0.149498314 0.968876839
1413393924105760512.000000 -0.863744915 1.916547775 1.197233438 -0.175922677 0.123019725 0.161042958 -0.963318527
1413393924155760384.000000 -0.837268531 1.928923249 1.267969012 0.191556081 -0.124246001 -0.176991671 0.957362592
1413393924205760512.000000 -0.811476767 1.946937799 1.334398508 0.206736073 -0.121209413 -0.195782587 0.950914145
1413393924255760384.000000 -0.785577476 1.962583065 1.400726199 0.221251324 -0.114495069 -0.216833130 0.943886697
1413393924305760512.000000 -0.759535015 1.967514753 1.472291946 0.233388856 -0.108647890 -0.236305773 0.936955094
1413393924355760384.000000 -0.734590769 1.977287412 1.537592649 0.244050726 -0.102627337 -0.254844278 0.930032969
1413393924405760512.000000 -0.710096717 1.983063221 1.601212740 0.252611548 -0.095772706 -0.272295713 0.923509598
1413393924455760384.000000 -0.687494457 1.974818826 1.667650461 0.257648170 -0.089624181 -0.289543688 0.917469025
1413393924505760512.000000 -0.664295614 1.969959259 1.726649404 0.262620747 -0.082984030 -0.302746594 0.912408113
1413393924555760384.000000 -0.641656041 1.959618568 1.781232357 0.266977280 -0.076207079 -0.313153923 0.908212662
1413393924605760512.000000 -0.622081101 1.933027506 1.836122990 0.270246863 -0.065904856 -0.321384996 0.905171216
1413393924655760384.000000 -0.600575924 1.909601808 1.881627440 -0.273396045 0.054305959 0.327640265 -0.902749896
1413393924705760512.000000 -0.579191327 1.878560901 1.920903921 -0.275998592 0.041309390 0.332536101 -0.900854051
1413393924755760384.000000 -0.555411458 1.842721224 1.951569319 0.278210491 -0.029915238 -0.334199727 0.900008142
1413393924805760512.000000 -0.534703553 1.789487123 1.976108193 0.276955068 -0.023443868 -0.334573567 0.900448143
1413393924855760384.000000 -0.518613160 1.724803567 1.997144461 0.276777089 -0.024437644 -0.324930698 0.904000759
1413393924905760512.000000 -0.496314764 1.660843015 2.006399393 0.277600735 -0.033272762 -0.309311211 0.908931971
1413393924955760384.000000 -0.472749531 1.589549780 2.008702278 0.280206382 -0.050064772 -0.287208706 0.914597809
1413393925005760512.000000 -0.444551200 1.514166117 2.001554012 0.284823209 -0.065813676 -0.265167564 0.918820143
1413393925055760384.000000 -0.419803739 1.432111382 1.993807077 0.289644033 -0.080475055 -0.245828450 0.921519697
1413393925105760512.000000 -0.387941599 1.343557119 1.980394006 0.296174198 -0.094017163 -0.228651792 0.922583342
1413393925155760384.000000 -0.354770333 1.251442790 1.965689540 0.304650158 -0.108542375 -0.212514743 0.922087014
1413393925205760512.000000 -0.331460357 1.170099378 1.951320291 0.315366179 -0.125071108 -0.196340203 0.919973910
1413393925255760384.000000 -0.299107492 1.074817896 1.936882257 0.327506810 -0.141075879 -0.184027866 0.915953398
1413393925305760512.000000 -0.266115457 0.980246902 1.923373580 0.340301931 -0.153632060 -0.175180092 0.910990536
1413393925355760384.000000 -0.240644217 0.897001863 1.913781047 0.351495326 -0.160861686 -0.173359588 0.905826211
1413393925405760512.000000 -0.205168322 0.801625848 1.906977654 0.360764176 -0.161234111 -0.177035525 0.901394069
1413393925455760384.000000 -0.174378544 0.715790391 1.902837276 0.369177669 -0.158318073 -0.179548219 0.898001015
1413393925505760512.000000 -0.137679636 0.621268213 1.901695132 0.376227170 -0.153055117 -0.183388188 0.895207286
1413393925555760384.000000 -0.101548553 0.527041376 1.903136373 0.382354766 -0.149464056 -0.185998708 0.892675698
1413393925605760512.000000 -0.067135900 0.434159756 1.908136129 0.387839139 -0.147156075 -0.185956404 0.890699804
1413393925655760384.000000 -0.044762313 0.359013200 1.913103700 0.392096549 -0.144609973 -0.186879694 0.889058053
1413393925705760512.000000 -0.019486636 0.266792953 1.923667550 0.395341635 -0.142751753 -0.189124674 0.887445152
1413393925755760384.000000 -0.001074374 0.175843060 1.937061787 0.397787243 -0.139621228 -0.191126779 0.886420786
1413393925805760512.000000 0.003468633 0.102843165 1.949588776 0.400034785 -0.136040986 -0.191926822 0.885792911
1413393925855760384.000000 0.007069468 0.015786231 1.968188524 0.401844144 -0.132036164 -0.192206681 0.885519326
1413393925905760512.000000 0.005252838 -0.069817156 1.988901138 0.403535515 -0.126010507 -0.192572832 0.885548532
1413393925955760384.000000 -0.004274219 -0.137807846 2.005895138 0.405850559 -0.118430831 -0.190053970 0.886080682
1413393926005760512.000000 -0.015368730 -0.220221043 2.029947758 0.407856822 -0.109844595 -0.187097922 0.886894286
1413393926055760384.000000 -0.028632581 -0.301372349 2.054615259 0.410771877 -0.100115575 -0.180681571 0.888030171
1413393926105760512.000000 -0.042838782 -0.364468873 2.071719646 0.413448095 -0.091327757 -0.173766211 0.889114857
1413393926155760384.000000 -0.056904376 -0.440833509 2.096103191 0.415302336 -0.086345725 -0.168496102 0.889762640
1413393926205760512.000000 -0.070401967 -0.514818549 2.120184183 0.416181028 -0.085008129 -0.164328769 0.890260100
1413393926255760384.000000 -0.083470970 -0.582116842 2.143072367 0.416128784 -0.085985161 -0.162020996 0.890613675
1413393926305760512.000000 -0.091101348 -0.634567857 2.153904915 0.414969981 -0.090334438 -0.161219209 0.890869260
1413393926355760384.000000 -0.101829112 -0.699895799 2.176517010 0.413630158 -0.096799262 -0.162139028 0.890646338
1413393926405760512.000000 -0.110719889 -0.760137022 2.197227478 0.413088799 -0.102976836 -0.165570989 0.889572799
1413393926455760384.000000 -0.114759535 -0.812534988 2.210494518 0.414534271 -0.104484402 -0.167828262 0.888300717
1413393926505760512.000000 -0.122314692 -0.870510221 2.231890440 0.418165922 -0.102189437 -0.168452740 0.886745989
1413393926555760384.000000 -0.132747740 -0.926194429 2.253965378 0.423049122 -0.097221769 -0.170263544 0.884639919
1413393926605760512.000000 -0.143063515 -0.970176458 2.268530846 0.429038674 -0.091561250 -0.172333449 0.881954432
1413393926655760384.000000 -0.160318375 -1.020858049 2.291298628 0.435982108 -0.087976523 -0.175068349 0.878368258
1413393926705760512.000000 -0.177429944 -1.069506884 2.313614368 0.443414807 -0.085219137 -0.179999694 0.873911500
1413393926755760384.000000 -0.187395692 -1.111690044 2.325460434 0.451529860 -0.085494205 -0.183548838 0.868977189
1413393926805760512.000000 -0.198826849 -1.156502843 2.344392061 0.460287541 -0.087115750 -0.187277243 0.863408089
1413393926855760384.000000 -0.206098348 -1.200536966 2.361922264 0.469927490 -0.090323873 -0.191435605 0.856949389
1413393926905760512.000000 -0.205644041 -1.238618255 2.370765209 0.478819370 -0.096622519 -0.196987480 0.850054204
1413393926955760384.000000 -0.205607504 -1.279497623 2.384636879 0.488025188 -0.104515269 -0.201504901 0.842795253
1413393927005760512.000000 -0.201726168 -1.319023609 2.397386789 0.495620728 -0.113941312 -0.207488358 0.835659087
1413393927055760384.000000 -0.189386666 -1.350160599 2.404388428 0.502021253 -0.125556663 -0.210985631 0.829273999
1413393927105760512.000000 -0.178657115 -1.389593601 2.416766167 0.508007824 -0.135409713 -0.212042719 0.823790133
1413393927155760384.000000 -0.166540086 -1.429314256 2.430031300 0.513879836 -0.145011023 -0.209673256 0.819107115
1413393927205760512.000000 -0.149431765 -1.471406698 2.439089537 0.518410385 -0.152705833 -0.206532314 0.815644622
1413393927255760384.000000 -0.136021614 -1.510727406 2.455581665 0.522220254 -0.162319496 -0.203932628 0.812003672
1413393927305760512.000000 -0.122239470 -1.550287485 2.474375486 0.524881899 -0.171465874 -0.205805674 0.807924867
1413393927355760384.000000 -0.103533745 -1.587942362 2.490503311 0.527204573 -0.177066997 -0.212835014 0.803370357
1413393927405760512.000000 -0.087304354 -1.629204392 2.514455318 0.530055523 -0.177038118 -0.222334713 0.798915505
1413393927455760384.000000 -0.069560528 -1.672404051 2.540645123 0.533793688 -0.168716207 -0.234270021 0.794806123
1413393927505760512.000000 -0.047662973 -1.715067506 2.563129425 0.537397385 -0.156111673 -0.245926112 0.791425109
1413393927555760384.000000 -0.028355956 -1.762116551 2.591634035 0.540994167 -0.143730700 -0.257131308 0.787750125
1413393927605760512.000000 -0.008906364 -1.811332703 2.619714260 0.545724571 -0.130938768 -0.268211931 0.783008337
1413393927655760384.000000 0.013323426 -1.859100461 2.640655518 0.551277816 -0.117386520 -0.277943015 0.777856648
1413393927705760512.000000 0.033123732 -1.912244558 2.665391684 0.558358312 -0.102413528 -0.285307318 0.772235274
1413393927755760384.000000 0.053234696 -1.967667818 2.687128544 0.564587355 -0.086085297 -0.292514354 0.766984880
1413393927805760512.000000 0.075525522 -2.018591881 2.700277567 0.569883525 -0.070313901 -0.297762632 0.762644231
1413393927855760384.000000 0.095615029 -2.076340199 2.714599133 0.574699998 -0.058514521 -0.300019860 0.759133816
1413393927905760512.000000 0.114750504 -2.140387774 2.727995157 0.579288065 -0.052061636 -0.298743814 0.756615460
1413393927955760384.000000 0.134167910 -2.181624174 2.726317406 0.582329273 -0.047192186 -0.298048139 0.754872739
1413393928005760512.000000 0.151378155 -2.239590883 2.726795197 0.584617794 -0.043404140 -0.296783566 0.753828704
1413393928055760384.000000 0.165805340 -2.295973778 2.722585440 0.585727334 -0.039982963 -0.297201306 0.752991557
1413393928105760512.000000 0.180023432 -2.348392248 2.708520889 0.586094201 -0.036504570 -0.296922773 0.752992690
1413393928155760384.000000 0.188974500 -2.402826309 2.696228266 0.586815059 -0.034437228 -0.296090841 0.752856195
1413393928205760512.000000 0.195279598 -2.454274416 2.679162979 0.586530805 -0.034099787 -0.295932323 0.753155291
1413393928255760384.000000 0.199157000 -2.500057697 2.655656338 0.586323977 -0.039236575 -0.293513000 0.754012525
1413393928305760512.000000 0.198984504 -2.550268412 2.631120920 0.587366164 -0.051163413 -0.286061883 0.755348921
1413393928355760384.000000 0.197625399 -2.595373154 2.601019144 0.590179801 -0.064010151 -0.272263169 0.757273674
1413393928405760512.000000 0.193142772 -2.642680168 2.570188284 0.593232214 -0.074508741 -0.257158697 0.759205759
1413393928455760384.000000 0.185513377 -2.687809706 2.537812948 0.595551312 -0.084227107 -0.243460536 0.760888636
1413393928505760512.000000 0.178173423 -2.724857807 2.504137278 0.597733080 -0.090933420 -0.230643794 0.762397349
1413393928555760384.000000 0.166871786 -2.766280174 2.471072674 0.599528909 -0.093503013 -0.219155967 0.764063478
1413393928605760512.000000 0.155166984 -2.804630518 2.438044548 0.601810396 -0.090670720 -0.207851619 0.765768111
1413393928655760384.000000 0.145258784 -2.839374542 2.402625561 0.603088558 -0.088381611 -0.199010924 0.767377138
1413393928705760512.000000 0.134407640 -2.873287678 2.369925499 0.602877080 -0.085626483 -0.195935562 0.768646002
1413393928755760384.000000 0.124606252 -2.907233238 2.330981255 0.601321220 -0.084384687 -0.195559502 0.770096481
1413393928805760512.000000 0.116554618 -2.934819698 2.298370361 0.598626256 -0.079033986 -0.200598836 0.771466374
1413393928855760384.000000 0.109481573 -2.959709644 2.265373707 0.595613182 -0.074853994 -0.206339821 0.772700310
1413393928905760512.000000 0.104465842 -2.982367516 2.227582932 0.591480017 -0.068121523 -0.213302493 0.774605036
1413393928955760384.000000 0.099269986 -3.001729012 2.193919182 0.585621595 -0.061967246 -0.220483452 0.777556777
1413393929005760512.000000 0.094059706 -3.019026279 2.162523746 0.578234315 -0.057332318 -0.226724118 0.781635642
1413393929055760384.000000 0.091912985 -3.033072948 2.117485762 0.569149256 -0.055904116 -0.230188608 0.787373543
1413393929105760512.000000 0.089015484 -3.045394421 2.078949213 0.559191525 -0.053857997 -0.233099461 0.793768823
1413393929155760384.000000 0.087350368 -3.053039312 2.038263559 0.548902452 -0.052356470 -0.234289140 0.800670683
1413393929205760512.000000 0.085625648 -3.061243057 1.995370626 0.536779463 -0.053723581 -0.235890672 0.808292806
1413393929255760384.000000 0.084420204 -3.067456007 1.950472593 0.523498356 -0.057212502 -0.235131085 0.816939235
1413393929305760512.000000 0.083504140 -3.075425148 1.895571470 0.509411991 -0.063049756 -0.232398614 0.826144695
1413393929355760384.000000 0.082787275 -3.079015017 1.846033573 0.494642705 -0.070029035 -0.227767050 0.835791111
1413393929405760512.000000 0.082632542 -3.082922697 1.792654037 0.479421586 -0.076777853 -0.221553594 0.845679760
1413393929455760384.000000 0.082760513 -3.085387945 1.739746690 0.463607609 -0.081716433 -0.216010198 0.855412185
1413393929505760512.000000 0.083621681 -3.087291718 1.684673905 0.446144164 -0.086066805 -0.212586939 0.865074992
1413393929555760384.000000 0.084806859 -3.088154554 1.629746914 0.428430915 -0.090001322 -0.209066704 0.874435782
1413393929605760512.000000 0.086873949 -3.091762781 1.575740576 0.410031229 -0.091872297 -0.206323624 0.883665383
1413393929655760384.000000 0.088876843 -3.092016935 1.518939734 0.391119897 -0.093247592 -0.204070866 0.892572224
1413393929705760512.000000 0.091368616 -3.092366695 1.461637616 0.372942775 -0.093278557 -0.200745776 0.901062727
1413393929755760384.000000 0.093642831 -3.092269421 1.403918266 0.354712129 -0.094319731 -0.196136862 0.909292877
1413393929805760512.000000 0.096861482 -3.096683264 1.345627308 0.337347031 -0.096357703 -0.188072056 0.917355478
1413393929855760384.000000 0.099284470 -3.096784353 1.287552476 0.320985526 -0.099812709 -0.176106781 0.925198436
1413393929905760512.000000 0.102413505 -3.097275734 1.228840470 0.305901647 -0.103267103 -0.160519451 0.932734489
1413393929955760384.000000 0.104713723 -3.103100538 1.177886724 0.291273594 -0.106768571 -0.145340353 0.939487278
1413393930005760512.000000 0.108346269 -3.101471424 1.121227264 0.276729167 -0.109243788 -0.131713495 0.945588887
1413393930055760384.000000 0.110361069 -3.098228931 1.066006184 0.262272567 -0.111406811 -0.119851567 0.951019049
1413393930105760512.000000 0.107799858 -3.095125914 1.008006692 0.248010039 -0.112645015 -0.109914146 0.955887556
1413393930155760384.000000 0.107849777 -3.087867260 0.956667662 0.236295357 -0.112240806 -0.103290439 0.959634125
1413393930205760512.000000 0.106295563 -3.078434467 0.907368660 0.226490632 -0.111389481 -0.098444089 0.962602317
1413393930255760384.000000 0.102346033 -3.073615313 0.863619924 0.218105212 -0.110150203 -0.097804062 0.964744270
1413393930305760512.000000 0.097876467 -3.059796810 0.817996144 0.210969388 -0.107909843 -0.100577496 0.966297925
1413393930355760384.000000 0.091731571 -3.044010639 0.773902774 0.203484952 -0.103988372 -0.112414323 0.967028081
1413393930405760512.000000 0.082142949 -3.033171654 0.737024546 0.197555870 -0.100715429 -0.124605753 0.967109859
1413393930455760384.000000 0.071082361 -3.013860941 0.695889592 0.192665413 -0.097755142 -0.137055025 0.966716111
1413393930505760512.000000 0.055200055 -2.993275166 0.656315267 0.189214513 -0.095540114 -0.146892101 0.966174304
1413393930555760384.000000 0.031766340 -2.980309248 0.624776483 0.188063994 -0.093872674 -0.150783554 0.965962887
1413393930605760512.000000 0.004941061 -2.957992792 0.587551117 0.189424083 -0.092080139 -0.148571908 0.966212273
1413393930655760384.000000 -0.027271351 -2.934472799 0.551745415 0.192163035 -0.090099096 -0.143786073 0.966582179
1413393930705760512.000000 -0.063585475 -2.914950848 0.524129927 0.195499197 -0.087768391 -0.138272867 0.966931939
1413393930755760384.000000 -0.101796493 -2.889899254 0.490399420 0.199274153 -0.084617682 -0.132350862 0.967270911
1413393930805760512.000000 -0.139876157 -2.864261866 0.457434058 0.202864826 -0.081678160 -0.128939867 0.967237890
1413393930855760384.000000 -0.181666777 -2.852006674 0.435100853 0.205625013 -0.079943225 -0.125792980 0.967214346
1413393930905760512.000000 -0.214731470 -2.825027227 0.402871579 0.207720026 -0.079775691 -0.126004487 0.966752887
1413393930955760384.000000 -0.244103730 -2.797374725 0.370037347 0.209702194 -0.081173390 -0.128824160 0.965836585
1413393931005760512.000000 -0.272180945 -2.777793884 0.344068527 0.211745515 -0.082722358 -0.128919214 0.965246439
1413393931055760384.000000 -0.292401433 -2.749977112 0.310894787 0.212532043 -0.084828705 -0.131605685 0.964528024
1413393931105760512.000000 -0.307957381 -2.722341061 0.277153015 0.214983895 -0.085876428 -0.130966529 0.963978708
1413393931155760384.000000 -0.323337585 -2.702518463 0.250305414 0.215649754 -0.089486435 -0.131687477 0.963403225
1413393931205760512.000000 -0.331686169 -2.674884081 0.216461867 0.216416329 -0.093100041 -0.132081628 0.962834775
1413393931255760384.000000 -0.338411570 -2.647253036 0.183200702 0.218297482 -0.097432226 -0.131075248 0.962118745
1413393931305760512.000000 -0.352467895 -2.629121065 0.154448837 0.218770593 -0.101329684 -0.129285410 0.961850882
1413393931355760384.000000 -0.362767994 -2.599950552 0.123751238 0.220274523 -0.104837216 -0.126414388 0.961513281
1413393931405760512.000000 -0.375524849 -2.569660902 0.094828963 0.222474456 -0.109316073 -0.122236207 0.961048126
1413393931455760384.000000 -0.391994923 -2.544448376 0.072068706 0.223829940 -0.112069912 -0.117911220 0.960956573
1413393931505760512.000000 -0.407707900 -2.511342049 0.046776697 0.225736931 -0.114666834 -0.113631539 0.960719645
1413393931555760384.000000 -0.425146282 -2.473228216 0.021514267 0.227525249 -0.116105206 -0.110954471 0.960437894
1413393931605760512.000000 -0.447287977 -2.444872856 0.003616109 0.228378326 -0.118523106 -0.109341696 0.960125029
1413393931655760384.000000 -0.468978941 -2.406207085 -0.016118690 0.229748204 -0.118391603 -0.108513057 0.959908426
1413393931705760512.000000 -0.491785228 -2.366057158 -0.033067375 0.230605513 -0.118650831 -0.108375341 0.959686339
1413393931755760384.000000 -0.515636325 -2.329366446 -0.045984700 0.231686249 -0.118545569 -0.108979471 0.959370613
1413393931805760512.000000 -0.540858209 -2.286411047 -0.057497010 0.232308313 -0.118283845 -0.110097043 0.959124863
1413393931855760384.000000 -0.566170394 -2.241852760 -0.066909224 0.232851565 -0.118115045 -0.111505307 0.958851159
1413393931905760512.000000 -0.588509917 -2.200557232 -0.074390776 0.233214334 -0.118314207 -0.112746209 0.958593309
1413393931955760384.000000 -0.610630274 -2.154044867 -0.079425253 0.233713821 -0.117582887 -0.114341490 0.958372712
1413393932005760512.000000 -0.630626976 -2.106597900 -0.082565956 0.233779177 -0.116982296 -0.116742954 0.958140671
1413393932055760384.000000 -0.646142423 -2.061861992 -0.085744098 0.233412832 -0.116986498 -0.120923661 0.957710862
1413393932105760512.000000 -0.661898017 -2.013320208 -0.085107349 0.232711256 -0.116970792 -0.125926703 0.957238615
1413393932155760384.000000 -0.675980449 -1.964280725 -0.082980230 0.231354386 -0.116578519 -0.133124426 0.956641257
1413393932205760512.000000 -0.686896205 -1.917561293 -0.081851460 0.229453281 -0.115514457 -0.141147211 0.956077993
1413393932255760384.000000 -0.698239386 -1.868596315 -0.076747872 0.227412730 -0.113398559 -0.150611430 0.955374539
1413393932305760512.000000 -0.708283067 -1.819752932 -0.071467035 0.225521773 -0.112166822 -0.158780843 0.954645038
1413393932355760384.000000 -0.715906024 -1.775843859 -0.066392347 0.223279998 -0.110785902 -0.165724367 0.954153061
1413393932405760512.000000 -0.724644721 -1.729556322 -0.059209891 0.221738756 -0.110293761 -0.170566246 0.953716099
1413393932455760384.000000 -0.732640684 -1.685811520 -0.051380590 0.219928086 -0.110000946 -0.174799562 0.953402638
1413393932505760512.000000 -0.739511013 -1.645393133 -0.044160694 0.217958704 -0.109466396 -0.177872241 0.953348100
1413393932555760384.000000 -0.746907651 -1.604840398 -0.035012588 0.216608971 -0.107671157 -0.180346608 0.953395307
1413393932605760512.000000 -0.753076494 -1.567069411 -0.026353106 0.215904117 -0.104256175 -0.181151032 0.953782141
1413393932655760384.000000 -0.758404076 -1.532060862 -0.017245717 0.214807600 -0.100097783 -0.181041867 0.954495668
1413393932705760512.000000 -0.763755262 -1.498230577 -0.008314788 0.214284360 -0.097156525 -0.180312082 0.955055177
1413393932755760384.000000 -0.768230081 -1.466223359 0.000288777 0.213527411 -0.094351329 -0.179221153 0.955711126
1413393932805760512.000000 -0.772815585 -1.435772061 0.009127371 0.212593779 -0.091228634 -0.178476468 0.956361532
1413393932855760384.000000 -0.776637375 -1.406976104 0.017164089 0.211083144 -0.089243330 -0.180075347 0.956583738
1413393932905760512.000000 -0.779782832 -1.379212141 0.024800539 0.209648013 -0.086424395 -0.181452200 0.956897914
1413393932955760384.000000 -0.782374561 -1.354724765 0.031976685 0.209136650 -0.079073243 -0.180983782 0.957733870
1413393933005760512.000000 -0.783497751 -1.331322312 0.037418753 0.210720435 -0.068137102 -0.179247275 0.958553433
1413393933055760384.000000 -0.782464862 -1.308927298 0.040709063 0.213040158 -0.058188297 -0.177936301 0.958940387
1413393933105760512.000000 -0.786864281 -1.288960934 0.043353274 0.215476826 -0.047896989 -0.175513953 0.959411561
1413393933155760384.000000 -0.787788391 -1.268743038 0.042123035 0.217513695 -0.042021409 -0.172403485 0.959791124
1413393933205760512.000000 -0.788742125 -1.248961449 0.038119949 0.219451532 -0.038973033 -0.167762712 0.960300922
1413393933255760384.000000 -0.791065753 -1.229755044 0.032457188 0.221941739 -0.039915469 -0.160321549 0.960960805
1413393933305760512.000000 -0.790735483 -1.210426331 0.022552948 0.224963486 -0.041961133 -0.149499938 0.961915016
1413393933355760384.000000 -0.788584948 -1.190829039 0.008543983 0.228023455 -0.044966824 -0.139577791 0.962549448
1413393933405760512.000000 -0.790561080 -1.169842005 -0.002803400 0.230560809 -0.050630488 -0.128212646 0.963244438
1413393933455760384.000000 -0.788685620 -1.147442698 -0.019393854 0.232391775 -0.060071792 -0.117642842 0.963610709
1413393933505760512.000000 -0.786663175 -1.123205423 -0.037107829 0.234245211 -0.072312996 -0.107619792 0.963492632
1413393933555760384.000000 -0.787371039 -1.096578836 -0.052150279 0.235157639 -0.084354013 -0.099517234 0.963162303
1413393933605760512.000000 -0.786406338 -1.067388535 -0.068970747 0.234976709 -0.094702750 -0.094300427 0.962769330
1413393933655760384.000000 -0.785847902 -1.035449982 -0.083983295 0.233687654 -0.100988284 -0.094076648 0.962466180
1413393933705760512.000000 -0.788182735 -1.001587391 -0.095682465 0.231220707 -0.104027137 -0.100431204 0.962096155
1413393933755760384.000000 -0.788200557 -0.964871705 -0.108236134 0.227573544 -0.104109384 -0.111787513 0.961704314
1413393933805760512.000000 -0.789651334 -0.926069140 -0.119712323 0.223827511 -0.103168651 -0.124238431 0.961156785
1413393933855760384.000000 -0.795704961 -0.886778772 -0.127736196 0.220989689 -0.103034034 -0.133990109 0.960517704
1413393933905760512.000000 -0.800409496 -0.846541882 -0.137011483 0.219031483 -0.102250464 -0.140822828 0.960072398
1413393933955760384.000000 -0.805262566 -0.806601882 -0.145401716 0.217603266 -0.098541930 -0.146440521 0.959944546
1413393934005760512.000000 -0.809026778 -0.767551243 -0.151487455 0.217755675 -0.086816333 -0.151921451 0.960190296
1413393934055760384.000000 -0.807644963 -0.729408026 -0.161268696 0.217771217 -0.074901864 -0.156474277 0.960458934
1413393934105760512.000000 -0.802370310 -0.691794693 -0.174857646 0.219008908 -0.063680090 -0.159446314 0.960498214
1413393934155760384.000000 -0.798050225 -0.656153083 -0.183498710 0.219120070 -0.058117047 -0.162584558 0.960299492
1413393934205760512.000000 -0.789811373 -0.620664120 -0.199974358 0.219556123 -0.054735526 -0.164636657 0.960048914
1413393934255760384.000000 -0.782170475 -0.585895121 -0.218578562 0.221223339 -0.056986235 -0.162933916 0.959825754
1413393934305760512.000000 -0.776679695 -0.551599801 -0.234891951 0.222709522 -0.060939133 -0.160023570 0.959728837
1413393934355760384.000000 -0.773487985 -0.516450405 -0.255125225 0.224352106 -0.069362447 -0.155067921 0.959587872
1413393934405760512.000000 -0.773696125 -0.480774224 -0.275371253 0.226143762 -0.078905195 -0.148714304 0.959435821
1413393934455760384.000000 -0.777486742 -0.445545435 -0.291784108 0.227424726 -0.087102056 -0.143081442 0.959280431
1413393934505760512.000000 -0.784799814 -0.408046156 -0.310811251 0.228682369 -0.094322190 -0.137697116 0.959086716
1413393934555760384.000000 -0.794861317 -0.369419545 -0.329196990 0.230206415 -0.100502461 -0.131838590 0.958917618
1413393934605760512.000000 -0.805685818 -0.331001639 -0.343310714 0.231251344 -0.105230704 -0.126475126 0.958881319
1413393934655760384.000000 -0.818915129 -0.289862573 -0.359352291 0.232879922 -0.108719572 -0.119358204 0.959010243
1413393934705760512.000000 -0.833729088 -0.247087568 -0.374108911 0.234512880 -0.111814700 -0.112625420 0.959070742
1413393934755760384.000000 -0.850162148 -0.205109432 -0.383605808 0.238393843 -0.117413327 -0.103035487 0.958522975
1413393934805760512.000000 -0.868912399 -0.159437686 -0.394846559 0.244235620 -0.125212610 -0.093351521 0.957056046
1413393934855760384.000000 -0.888517261 -0.109789573 -0.406325519 0.251826167 -0.134037420 -0.088149324 0.954383194
1413393934905760512.000000 -0.907701492 -0.065179743 -0.406304628 0.260249794 -0.143852144 -0.087549783 0.950742722
1413393934955760384.000000 -0.928721189 -0.013143197 -0.409217119 0.269392610 -0.152832434 -0.095610633 0.946006656
1413393935005760512.000000 -0.949668586 0.042885013 -0.410351157 0.278998524 -0.156824902 -0.114269696 0.940483034
1413393935055760384.000000 -0.969976187 0.092572436 -0.402044237 0.289225489 -0.158129513 -0.140146807 0.933650196
1413393935105760512.000000 -0.990466475 0.146513656 -0.394554615 0.301596582 -0.158254579 -0.164430067 0.925720155
1413393935155760384.000000 -1.008753419 0.198581383 -0.384715408 0.316154093 -0.158347085 -0.184891805 0.916944861
1413393935205760512.000000 -1.022886157 0.250158787 -0.374902725 0.332770020 -0.158532649 -0.201182425 0.907555580
1413393935255760384.000000 -1.032981634 0.292855620 -0.360203654 0.350671917 -0.159540340 -0.213592127 0.897749722
1413393935305760512.000000 -1.039928079 0.335787445 -0.347234547 0.369362354 -0.160400808 -0.222690433 0.887835622
1413393935355760384.000000 -1.043442369 0.372169614 -0.331723690 0.388446480 -0.161791712 -0.227995276 0.878038168
1413393935405760512.000000 -1.043169498 0.404150456 -0.315358162 0.407505155 -0.160007849 -0.235359803 0.867722809
1413393935455760384.000000 -1.041825414 0.426773429 -0.297578484 0.426026165 -0.157522097 -0.243730128 0.856903791
1413393935505760512.000000 -1.034812689 0.450293839 -0.281265140 0.444858640 -0.151961207 -0.251270950 0.846091866
1413393935555760384.000000 -1.025504708 0.469745249 -0.265428007 0.462806195 -0.148598984 -0.259384274 0.834534943
1413393935605760512.000000 -1.014412403 0.485459805 -0.249927744 0.478516340 -0.142896205 -0.269775867 0.823300540
1413393935655760384.000000 -1.003100634 0.497453690 -0.234628052 0.491293073 -0.138330176 -0.280451775 0.812922359
1413393935705760512.000000 -0.991936684 0.506019890 -0.220064163 0.502130389 -0.130688518 -0.292470872 0.803272367
1413393935755760384.000000 -0.981704772 0.511325181 -0.206925333 0.511112213 -0.122537434 -0.304041415 0.794548810
1413393935805760512.000000 -0.972436428 0.512978554 -0.195334911 0.519350886 -0.112270333 -0.316163331 0.785945833
1413393935855760384.000000 -0.964168847 0.510552168 -0.186802566 0.528036594 -0.101666562 -0.326927692 0.777148366
1413393935905760512.000000 -0.957641125 0.504216373 -0.182127982 0.537964702 -0.095242351 -0.332653821 0.768677056
1413393935955760384.000000 -0.953136086 0.494300753 -0.182052732 0.551177084 -0.098569095 -0.327018470 0.761279762
1413393936005760512.000000 -0.949916005 0.480775088 -0.186558723 0.566904008 -0.106383719 -0.315399289 0.753542125
1413393936055760384.000000 -0.947511494 0.464025825 -0.194904357 0.583339870 -0.114923544 -0.303765833 0.744468689
1413393936105760512.000000 -0.945702016 0.444418907 -0.206629172 0.601192117 -0.123725109 -0.290962368 0.733894527
1413393936155760384.000000 -0.944157898 0.421819776 -0.221506521 0.619493783 -0.132607773 -0.278396815 0.721898854
1413393936205760512.000000 -0.942749143 0.397302151 -0.236702934 0.637745678 -0.143538162 -0.266630799 0.708226919
1413393936255760384.000000 -0.942116141 0.369303137 -0.255633354 0.655625999 -0.152948827 -0.257846445 0.693019867
1413393936305760512.000000 -0.941236436 0.340585709 -0.271535248 0.672745347 -0.162150234 -0.251475513 0.676669121
1413393936355760384.000000 -0.940829396 0.310909003 -0.286691040 0.689605474 -0.169633344 -0.247593865 0.659064591
1413393936405760512.000000 -0.940296352 0.279933959 -0.300307155 0.705703735 -0.174473941 -0.245654017 0.641245067
1413393936455760384.000000 -0.939083219 0.247157186 -0.312319458 0.721184731 -0.176276490 -0.246022433 0.623130977
1413393936505760512.000000 -0.936907291 0.212865591 -0.322627366 0.737123311 -0.171011046 -0.247564867 0.605075300
1413393936555760384.000000 -0.934549034 0.177285612 -0.331564009 0.752657771 -0.162819192 -0.248730317 0.587477207
1413393936605760512.000000 -0.931195378 0.140565753 -0.338867933 0.767774582 -0.153337613 -0.247692376 0.570664704
1413393936655760384.000000 -0.927530110 0.103029430 -0.344592899 0.782510579 -0.143297032 -0.244225517 0.554524302
1413393936705760512.000000 -0.922793567 0.065116584 -0.348992139 0.795957863 -0.133919969 -0.239952192 0.539388120
1413393936755760384.000000 -0.918635309 0.027291656 -0.352083564 0.808022559 -0.126760289 -0.236420274 0.524534881
1413393936805760512.000000 -0.915293992 -0.008563221 -0.352092445 0.818832099 -0.121325485 -0.234039024 0.509921432
1413393936855760384.000000 -0.907574296 -0.044579387 -0.354475111 0.829357743 -0.115314752 -0.232836187 0.494626731
1413393936905760512.000000 -0.898553312 -0.071113586 -0.353483230 0.839661777 -0.107916728 -0.231105030 0.479492038
1413393936955760384.000000 -0.894967198 -0.109680474 -0.351038128 0.849219024 -0.104367837 -0.231547445 0.462947398
1413393937005760512.000000 -0.882052302 -0.132720828 -0.352749914 0.859328747 -0.095452912 -0.231216177 0.446074039
1413393937055760384.000000 -0.870482087 -0.161655903 -0.349203765 0.868825138 -0.088831276 -0.231845856 0.428368330
1413393937105760512.000000 -0.860349536 -0.184829175 -0.346941173 0.877956867 -0.083657622 -0.232270807 0.410175025
1413393937155760384.000000 -0.849764466 -0.212993503 -0.340839922 0.886383355 -0.080961175 -0.232551783 0.392032623
1413393937205760512.000000 -0.835025907 -0.231295943 -0.330808759 0.894775510 -0.078169979 -0.231488541 0.373737007
1413393937255760384.000000 -0.819598436 -0.248095095 -0.319658637 0.902176023 -0.076508217 -0.231277809 0.355999410
1413393937305760512.000000 -0.805002153 -0.260692358 -0.304220676 0.908990145 -0.076377109 -0.230552346 0.338746428
1413393937355760384.000000 -0.787921786 -0.271754652 -0.288375437 0.914549530 -0.076610141 -0.231506497 0.322699219
1413393937405760512.000000 -0.768997073 -0.280990392 -0.273151040 0.918890357 -0.077410109 -0.232427984 0.309233487
1413393937455760384.000000 -0.750800431 -0.288207650 -0.254734397 0.921341777 -0.079530008 -0.237147853 0.297599107
1413393937505760512.000000 -0.778613091 -0.380851001 -0.094669878 -0.921371698 0.085750699 0.246926039 -0.287660539
1413393937555760384.000000 -0.773382664 -0.402525723 -0.035009205 -0.920718610 0.094805911 0.255257726 -0.279522210
1413393937605760512.000000 -0.781339169 -0.419318736 0.023631632 -0.919744492 0.102823950 0.262376279 -0.273232669
1413393937655760384.000000 -0.785828173 -0.429436564 0.066717923 -0.918447375 0.112369381 0.268434525 -0.267900169
1413393937705760512.000000 -0.793731332 -0.439568788 0.112068415 -0.916615546 0.120393440 0.274910659 -0.264093727
1413393937755760384.000000 -0.803398490 -0.450595707 0.158792973 -0.914130807 0.126896665 0.282947809 -0.261156470
1413393937805760512.000000 -0.812995553 -0.463380665 0.205947518 -0.911515355 0.133085251 0.290633470 -0.258766949
1413393937855760384.000000 -0.822076023 -0.478638411 0.253099859 -0.909227729 0.138510257 0.296271831 -0.257571012
1413393937905760512.000000 -0.829445720 -0.497084618 0.299498469 -0.908693433 0.138381526 0.298182696 -0.257320702
1413393937955760384.000000 -0.836117744 -0.517969191 0.346131951 -0.910063505 0.133214846 0.295757949 -0.258002728
1413393938005760512.000000 -0.930230618 -0.522998452 0.482903838 -0.911448538 0.126331300 0.293230236 -0.259457290
1413393938055760384.000000 -0.946249664 -0.545366704 0.538284063 -0.913250327 0.116694391 0.290237069 -0.260995686
1413393938105760512.000000 -0.959410131 -0.569710374 0.592230380 -0.915707767 0.103387482 0.286685616 -0.261919379
1413393938155760384.000000 -0.971933901 -0.594434083 0.646126390 -0.918929636 0.086945482 0.281904846 -0.261798680
1413393938205760512.000000 -0.984002769 -0.618467212 0.699877322 -0.922648907 0.069213420 0.276753247 -0.259492189
1413393938255760384.000000 -0.995960176 -0.640805304 0.753712177 -0.926219821 0.055103276 0.271699309 -0.255460590
1413393938305760512.000000 -1.007695317 -0.660764515 0.807735085 -0.929617167 0.048102319 0.266702741 -0.249735415
1413393938355760384.000000 -1.090815306 -0.697736382 0.830948770 -0.933317125 0.049136106 0.260771483 -0.241874024
1413393938405760512.000000 -1.101393700 -0.706855178 0.880023241 -0.936927080 0.055922795 0.255185068 -0.232208803
1413393938455760384.000000 -1.117178679 -0.720057011 0.933699608 -0.940459967 0.070396520 0.248901069 -0.220516875
1413393938505760512.000000 -1.133124113 -0.731800914 0.988882244 -0.943394601 0.083873041 0.244886622 -0.207370520
1413393938555760384.000000 -1.149481297 -0.742816806 1.045979977 -0.945867777 0.095223933 0.242330983 -0.193758503
1413393938605760512.000000 -1.167746782 -0.753540277 1.105123878 -0.948237777 0.103803001 0.240563154 -0.179441944
1413393938655760384.000000 -1.189501047 -0.764047861 1.167411804 -0.950049281 0.111835830 0.240202770 -0.164929792
1413393938705760512.000000 -1.215434313 -0.774684072 1.232884288 -0.951201737 0.118817881 0.241506413 -0.150905117
1413393938755760384.000000 -1.244634986 -0.785921931 1.301495552 0.952918351 -0.123677090 -0.240489334 0.137170151
1413393938805760512.000000 -1.318409681 -0.893578053 1.353235126 0.955353022 -0.125051826 -0.237200931 0.124090694
1413393938855760384.000000 -1.376572967 -0.649751782 1.574773550 0.958378613 -0.121900186 -0.232763365 0.111678652
1413393938905760512.000000 -1.421605110 -0.718943834 1.635585904 0.960853696 -0.118541390 -0.229940996 0.099173404
1413393938955760384.000000 -1.483037710 -0.569880009 1.813911438 0.962797284 -0.114932112 -0.228707254 0.086632043
1413393939005760512.000000 -1.529103518 -0.627440095 1.890915632 0.964135647 -0.112469353 -0.228771448 0.073869474
1413393939055760384.000000 -1.582697153 -0.531796932 2.024289846 0.965797544 -0.109212033 -0.226804450 0.062191300
1413393939105760512.000000 -1.629204154 -0.532006264 2.128105640 0.969783783 -0.106638066 -0.213305235 0.051465619
1413393939155760384.000000 -1.675948501 -0.533168912 2.235326052 0.973709941 -0.103890486 -0.198549062 0.040915713
1413393939205760512.000000 -1.725541830 -0.534615993 2.346907616 0.974972606 -0.102797158 -0.194855541 0.029875403
1413393939255760384.000000 -1.778289080 -0.536652207 2.463435650 0.973808587 -0.101762474 -0.202363387 0.019759765
1413393939305760512.000000 -1.833813429 -0.539594650 2.584331512 0.970577955 -0.102081574 -0.217813700 0.010731331
1413393939355760384.000000 -1.892708778 -0.543374300 2.709541798 0.964840233 -0.102286324 -0.242104113 0.002538803
1413393939405760512.000000 -1.955368400 -0.547706246 2.837581158 0.956383824 -0.107177474 -0.271695375 -0.004970097
1413393939455760384.000000 -2.022177935 -0.552787781 2.967208862 0.946026862 -0.114932679 -0.302804410 -0.011540263
1413393939505760512.000000 -2.092988968 -0.558919072 3.096846581 0.934823275 -0.124866769 -0.332028031 -0.016470876
1413393939555760384.000000 -2.167739391 -0.566603303 3.224914789 0.924193382 -0.134853959 -0.356757015 -0.020136615
1413393939605760512.000000 -2.246646881 -0.576524734 3.350471020 0.914472401 -0.143271625 -0.377791077 -0.022078276
1413393939655760384.000000 -2.329557419 -0.588976860 3.472200155 0.905873299 -0.149525270 -0.395607412 -0.023036202
1413393939705760512.000000 -2.415666819 -0.604928255 3.588338137 0.901064157 -0.147079125 -0.407346785 -0.022800511
1413393939755760384.000000 -2.504693031 -0.624375820 3.697900772 0.901082337 -0.140511453 -0.409698248 -0.021320455
1413393939805760512.000000 -2.595726252 -0.647078633 3.800344944 0.907777667 -0.131757140 -0.397806436 -0.018158644
1413393939855760384.000000 -2.688016891 -0.672699332 3.895886421 0.920720637 -0.125200346 -0.369371921 -0.012764703
1413393939905760512.000000 -2.780713558 -0.701043606 3.986980438 0.936598063 -0.122592568 -0.328217447 -0.005345695
1413393939955760384.000000 -2.873574257 -0.731509566 4.076409340 0.952461541 -0.120211333 -0.279929996 0.002356750
1413393940005760512.000000 -2.967758656 -0.763419509 4.167553902 0.964950919 -0.119825490 -0.233290911 0.009331997
1413393940055760384.000000 -3.062886238 -0.796633124 4.261985779 0.973965168 -0.124138497 -0.189097136 0.014957659
1413393940105760512.000000 -3.159426928 -0.831247091 4.361937046 0.979802072 -0.128561169 -0.151954725 0.019230064
1413393940155760384.000000 -3.257812023 -0.867432117 4.469448090 0.982744396 -0.135809124 -0.123715267 0.021537490
1413393940205760512.000000 -3.356584311 -0.905776501 4.586584091 0.984615624 -0.140162468 -0.101743348 0.023127604
1413393940255760384.000000 -3.457571030 -0.945934534 4.712475300 0.984931469 -0.144033551 -0.092820324 0.023428472
1413393940305760512.000000 -3.560587406 -0.988280773 4.847264290 0.983744442 -0.146266416 -0.101801045 0.022129888
1413393940355760384.000000 -3.665576458 -1.032875299 4.992030144 0.981140852 -0.143980175 -0.127429724 0.019850587
1413393940405760512.000000 -3.771187067 -1.080354929 5.145142555 0.976619005 -0.139924332 -0.162274748 0.017419877
1413393940455760384.000000 -3.878686666 -1.130220890 5.305201530 0.969163597 -0.138500527 -0.203302205 0.014418687
1413393940505760512.000000 -3.988818169 -1.182213306 5.470110893 0.958028138 -0.139247179 -0.250357002 0.010666657
1413393940555760384.000000 -4.100058556 -1.236370087 5.637459278 0.944771588 -0.144766554 -0.293941230 0.006924636
1413393940605760512.000000 -4.211871147 -1.293249369 5.804471493 0.931702018 -0.153396487 -0.329209179 0.004707503
1413393940655760384.000000 -4.324161530 -1.353636265 5.968679428 0.920788407 -0.162115932 -0.354756862 0.003844353
1413393940705760512.000000 -4.437687874 -1.417906046 6.128376007 0.911855042 -0.172974631 -0.372270465 0.003879255
1413393940755760384.000000 -4.552789688 -1.486571550 6.283027172 0.904636621 -0.186991557 -0.382934242 0.005302801
1413393940805760512.000000 -4.668743134 -1.560956478 6.431135654 0.902823865 -0.196159899 -0.382580251 0.007922993
1413393940855760384.000000 -4.784946442 -1.642099857 6.572846413 0.909236312 -0.194143087 -0.368026227 0.012437374
1413393940905760512.000000 -4.902544975 -1.728915215 6.710024834 0.919787586 -0.183076695 -0.346664518 0.017248865
1413393940955760384.000000 -5.021823883 -1.819863319 6.844236851 0.931990504 -0.171102390 -0.318806499 0.021911394
1413393941005760512.000000 -5.142721176 -1.914386272 6.977209568 0.944807589 -0.159054071 -0.285169899 0.026806770
1413393941055760384.000000 -5.264972210 -2.011518478 7.110796928 0.956534326 -0.151511207 -0.247173280 0.031493686
1413393941105760512.000000 -5.388751984 -2.110754490 7.246858597 0.966369629 -0.143646091 -0.210364297 0.035249352
1413393941155760384.000000 -5.514485359 -2.211554050 7.387241840 0.973376036 -0.138409749 -0.178854167 0.037325699
1413393941205760512.000000 -5.642472267 -2.313439846 7.533513546 0.978073537 -0.134414524 -0.154386997 0.038335260
1413393941255760384.000000 -5.773292542 -2.416233540 7.686449051 0.980325222 -0.131179884 -0.142560169 0.037828207
1413393941305760512.000000 -5.907918453 -2.519604206 7.846683979 0.979633570 -0.128862783 -0.149964333 0.034973145
1413393941355760384.000000 -6.045054913 -2.623653412 8.013879776 0.976723015 -0.128323466 -0.169140264 0.030606976
1413393941405760512.000000 -6.184460163 -2.728393555 8.187219620 0.971715391 -0.128527358 -0.196479321 0.025412543
1413393941455760384.000000 -6.325657845 -2.833980083 8.365350723 0.965108991 -0.129086643 -0.226930022 0.020103887
1413393941505760512.000000 -6.469013214 -2.940855026 8.547036171 0.956580162 -0.128879279 -0.261026293 0.014487932
1413393941555760384.000000 -6.613645554 -3.049204826 8.730381966 0.947439790 -0.128722206 -0.292745918 0.009401061
1413393941605760512.000000 -6.759413242 -3.159047604 8.913645744 0.938448191 -0.128725529 -0.320502281 0.004796463
1413393941655760384.000000 -6.906237602 -3.270599365 9.095094681 0.931058943 -0.128145307 -0.341623574 0.001194556
1413393941705760512.000000 -7.055852890 -3.383708000 9.274133682 0.924922347 -0.127722576 -0.358058214 -0.000116390
1413393941755760384.000000 -7.209634781 -3.498044491 9.450279236 0.919820011 -0.126409724 -0.371418327 0.000525914
1413393941805760512.000000 -7.367751122 -3.613396645 9.623248100 0.916463256 -0.124439962 -0.380270094 0.002121166
