1403638608527829504.000000 -0.053011857 -0.073855706 0.051206034 -0.000502364 -0.003263683 0.000228949 0.999994576
1403638608577829376.000000 -0.008988898 -0.012684686 0.017265469 0.001818983 -0.005032243 0.000753593 0.999985397
1403638608627829504.000000 -0.012227629 -0.014852985 0.021747487 0.003727972 -0.001721126 0.003288852 0.999986231
1403638608677829376.000000 -0.017467869 -0.020694990 0.025741694 0.004346582 0.002584061 0.003701564 0.999980450
1403638608727829504.000000 -0.019467950 -0.024536628 0.021767106 0.004620534 0.003392826 0.004179773 0.999974847
1403638608777829376.000000 -0.187068418 -0.248780474 0.158727258 0.000317760 0.003977469 0.003607403 0.999985576
1403638608827829504.000000 -0.027355133 -0.033709425 0.030950943 0.005524743 -0.001261389 0.005332378 0.999969721
1403638608877829376.000000 -0.192951560 -0.256223530 0.164973825 0.001901788 -0.002821109 0.005280933 0.999980330
1403638608927829504.000000 -0.196042314 -0.258167803 0.168065906 0.003904708 -0.006272329 0.005562654 0.999957263
1403638608977829376.000000 -0.198144168 -0.263780236 0.169174448 0.003437096 -0.009741736 0.007233151 0.999920547
1403638609027829504.000000 -0.295830160 -0.408497751 0.223451644 0.002745178 -0.011203310 0.009150998 0.999891639
1403638609077829376.000000 -0.088250116 -0.118932307 0.079187952 0.006336585 -0.016200501 0.011352622 0.999784291
1403638609127829504.000000 -0.300295144 -0.415499359 0.226267487 0.003565625 -0.014074769 0.008203316 0.999860942
1403638609177829376.000000 -0.303445190 -0.419416308 0.227607086 0.004167831 -0.011979633 0.010196392 0.999867618
1403638609227829504.000000 -0.304904133 -0.422996521 0.228471965 0.005913914 -0.010026995 0.015201904 0.999816656
1403638609277829376.000000 -0.375282079 -0.546085417 0.262800455 0.006222470 -0.007706298 0.019951226 0.999751985
1403638609327829504.000000 -0.309529394 -0.427572548 0.232258826 0.008240081 -0.008501098 0.019527106 0.999739289
1403638609377829376.000000 -0.313064963 -0.431275725 0.232735246 0.007333948 -0.008641924 0.017832454 0.999776781
1403638609427829504.000000 -0.382195979 -0.553834796 0.267000914 0.005998912 -0.009955419 0.016900757 0.999789596
1403638609477829376.000000 -0.385233462 -0.556958616 0.267966300 0.004964504 -0.011247835 0.015290875 0.999807477
1403638609527829504.000000 -0.472809523 -0.636699855 0.287957937 0.002390470 -0.010007366 0.014487322 0.999842167
1403638609577829376.000000 -0.476223022 -0.636895239 0.289908618 0.003108548 -0.010635705 0.011087210 0.999877155
1403638609627829504.000000 -0.480202347 -0.641787529 0.290030390 0.001418436 -0.010960581 0.012334614 0.999862850
1403638609677829376.000000 -0.483661771 -0.643051922 0.291043699 0.001127534 -0.010906616 0.009244258 0.999897182
1403638609727829504.000000 -0.487094611 -0.644857705 0.292483538 0.000999582 -0.011930363 0.008155371 0.999895155
1403638609777829376.000000 -0.636492789 -0.737651825 0.333883643 0.000722225 -0.012183475 0.008492466 0.999889493
1403638609827829504.000000 -0.638796389 -0.737408102 0.337498605 0.002464695 -0.014171713 0.010360627 0.999842942
1403638609877829376.000000 -0.496822327 -0.648226738 0.295893818 0.003085434 -0.013328314 0.008484272 0.999870479
1403638609927829504.000000 -0.645452380 -0.738856494 0.338822871 0.003442263 -0.013176576 0.009160543 0.999865294
1403638609977829376.000000 -0.648906350 -0.740078151 0.338907480 0.003815257 -0.011781029 0.008843456 0.999884248
1403638610027829504.000000 -0.758177340 -0.805433512 0.358524621 0.001330874 -0.008735147 0.010794600 0.999902785
1403638610077829376.000000 -0.651553929 -0.741906464 0.340583175 0.005156212 -0.008068674 0.010124076 0.999902904
1403638610127829504.000000 -0.655400574 -0.743469894 0.339059949 0.004816881 -0.004520310 0.010695444 0.999921024
1403638610177829376.000000 -0.767026424 -0.809634626 0.357369632 0.000504292 0.001207505 0.009108075 0.999957740
1403638610227829504.000000 -0.768693805 -0.810170412 0.356616944 0.001254029 0.002290523 0.009430558 0.999952197
1403638610277829376.000000 -0.854501128 -0.854451895 0.361838490 0.000853409 0.003981153 0.011070498 0.999930501
1403638610327829504.000000 -0.856553853 -0.854630232 0.362456053 0.001284042 0.004153322 0.011233716 0.999927461
1403638610377829376.000000 -0.860020757 -0.856003702 0.361138850 0.001282761 0.004102556 0.011879700 0.999920249
1403638610427829504.000000 -0.863440692 -0.856464267 0.361261427 0.001461030 0.005817594 0.011540312 0.999915421
1403638610477829376.000000 -0.865916193 -0.856669068 0.361280292 0.000906014 0.005853380 0.010827078 0.999923885
1403638610527829504.000000 -0.986860991 -0.884759367 0.354641587 -0.000416536 0.011009094 0.009197877 0.999897063
1403638610577829376.000000 -0.990310013 -0.885655701 0.353488475 -0.000573088 0.016733259 0.008891711 0.999820292
1403638610627829504.000000 -0.994632840 -0.885027230 0.352197498 -0.000310371 -0.024178013 -0.008498151 -0.999671519
1403638610677829376.000000 -0.998966336 -0.885206878 0.349943161 -0.000952045 -0.026599888 -0.009072093 -0.999604523
1403638610727829504.000000 -1.110953093 -0.897709548 0.326281071 0.000282705 0.023516344 0.009311819 0.999680042
1403638610777829376.000000 -1.119803667 -0.898943007 0.319695592 0.000931893 0.017944938 0.011042485 0.999777555
1403638610827829504.000000 -1.127783537 -0.900060713 0.312513411 0.001447283 0.010994399 0.012195025 0.999864161
1403638610877829376.000000 -1.134089231 -0.901069701 0.304392993 0.001753867 0.006181218 0.012397033 0.999902546
1403638610927829504.000000 -1.225800872 -0.900802910 0.265534163 0.003479009 0.003837304 0.012404882 0.999909699
1403638610977829376.000000 -1.232851386 -0.901967227 0.256580979 0.003278515 0.004586631 0.012818841 0.999902010
1403638611027829504.000000 -1.240371108 -0.902937233 0.247243360 0.003622854 0.007443552 0.014333735 0.999863029
1403638611077829376.000000 -1.254174232 -0.918091059 0.239939898 0.001649715 0.012894563 0.014338408 0.999812722
1403638611127829504.000000 -1.264115334 -0.918343544 0.230409175 0.002091348 0.014735465 0.015164477 0.999774277
1403638611177829376.000000 -1.304659605 -0.915411413 0.206866607 0.002360583 0.014687806 0.014644917 0.999782145
1403638611227829504.000000 -1.316280007 -0.915178359 0.197223589 0.002097159 0.015281567 0.014401058 0.999777377
1403638611277829376.000000 -1.327587605 -0.914747775 0.186977401 0.001895780 0.014989606 0.013735812 0.999791503
1403638611327829504.000000 -1.339599967 -0.913371205 0.175527707 -0.000777768 -0.014803611 -0.011144651 -0.999828100
1403638611377829376.000000 -1.479835391 -0.860238671 0.073003717 0.002885374 0.010743166 0.003938903 0.999930382
1403638611427829504.000000 -1.489545584 -0.859067321 0.059539169 -0.000807559 0.011218206 -0.004643761 0.999925971
1403638611477829376.000000 -1.498975396 -0.857861996 0.045798313 0.003599012 -0.010392088 0.011338150 -0.999875247
1403638611527829504.000000 -1.557731867 -0.837217033 -0.016222771 -0.005386695 0.008707687 -0.017459238 0.999795198
1403638611577829376.000000 -1.566047788 -0.837224126 -0.031934731 -0.007299255 0.005968786 -0.019996630 0.999755621
1403638611627829504.000000 -1.573945761 -0.837974131 -0.048362054 -0.008251811 0.004202181 -0.020276660 0.999751568
1403638611677829376.000000 -1.614935160 -0.832006156 -0.101566732 -0.008362584 0.002814557 -0.019076696 0.999779165
1403638611727829504.000000 -1.591189384 -0.841374755 -0.080037653 0.007480087 -0.000596938 0.014472297 -0.999867201
1403638611777829376.000000 -1.633621097 -0.836439252 -0.133951843 -0.005898374 -0.000989972 -0.008297734 0.999947786
1403638611827829504.000000 -1.614794612 -0.844392180 -0.111642279 0.004690740 0.002399259 0.002732502 -0.999982417
1403638611877829376.000000 -1.729706764 -0.812349856 -0.259459078 -0.001712307 -0.006385969 0.001640521 0.999976873
1403638611927829504.000000 -1.742181063 -0.814788520 -0.275427878 -0.001560344 -0.007539014 0.005155047 0.999957144
1403638611977829376.000000 -1.755046010 -0.817252457 -0.291135103 -0.001258846 -0.008455962 0.007711412 0.999933779
1403638612027829504.000000 -1.754034758 -0.834025681 -0.272465825 -0.001796236 -0.008354982 0.010409042 0.999909401
1403638612077829376.000000 -1.782756805 -0.819220662 -0.323151976 0.001977895 0.010374904 -0.009278794 -0.999901235
1403638612127829504.000000 -1.778425574 -0.837192357 -0.304883897 -0.002075623 -0.009083974 0.013897652 0.999860108
1403638612177829376.000000 -1.789136648 -0.838454485 -0.321799606 -0.003095165 -0.009263595 0.012998010 0.999867857
1403638612227829504.000000 -1.798581243 -0.839407623 -0.338402897 -0.003479845 -0.009459747 0.013891754 0.999852777
1403638612277829376.000000 -1.934695840 -0.782586217 -0.538740337 -0.000486281 -0.011269808 0.012398556 0.999859571
1403638612327829504.000000 -1.942676902 -0.782101870 -0.556357741 -0.001238128 -0.011837682 0.011875836 0.999858737
1403638612377829376.000000 -1.950452089 -0.781413198 -0.574022710 -0.002593979 -0.010697014 0.010801644 0.999881089
1403638612427829504.000000 -1.838778734 -0.830073357 -0.413183600 0.006054461 0.006186049 -0.011999620 -0.999890566
1403638612477829376.000000 -1.991645455 -0.764014065 -0.652311325 -0.003819634 -0.008168893 0.009703949 0.999912322
1403638612527829504.000000 -1.981373668 -0.775051236 -0.628774941 0.006378046 0.005868305 -0.007617999 -0.999933481
1403638612577829376.000000 -2.014540434 -0.760011256 -0.687996864 -0.007435158 -0.004956467 0.005726723 0.999943733
1403638612627829504.000000 -2.027480125 -0.758019507 -0.705583096 -0.009776243 -0.005168428 0.002206032 0.999936461
1403638612677829376.000000 -2.099757910 -0.720096588 -0.817938387 -0.010269051 -0.005298747 -0.001365338 0.999932349
1403638612727829504.000000 -2.054939032 -0.753817976 -0.734617591 0.013876924 0.002928654 0.002584931 -0.999896109
1403638612777829376.000000 -2.129507780 -0.716490388 -0.850209713 -0.013996650 -0.003217012 -0.003927134 0.999889195
1403638612827829504.000000 -2.145109177 -0.715130210 -0.866836965 -0.015411985 -0.001069137 -0.003797147 0.999873459
1403638612877829376.000000 -2.160392284 -0.714221776 -0.884070516 -0.016643565 0.001131873 -0.003642490 0.999854267
1403638612927829504.000000 -2.238204002 -0.683261454 -0.985957146 -0.015856437 0.000861257 -0.002691523 0.999870300
1403638612977829376.000000 -2.130367279 -0.750456452 -0.814380646 0.019622313 -0.004453879 0.000864753 -0.999797225
1403638613027829504.000000 -2.266277552 -0.683480740 -1.021279454 -0.016845243 -0.001002699 -0.000016429 0.999857664
1403638613077829376.000000 -2.278709173 -0.684080720 -1.040131927 -0.016994124 -0.000933068 0.001727170 0.999853671
1403638613127829504.000000 -2.330469131 -0.664702773 -1.133096337 -0.016337467 -0.003101480 0.001668576 0.999860346
1403638613177829376.000000 -2.300568104 -0.686206162 -1.078132987 0.017487040 0.003741978 -0.003759295 -0.999833047
1403638613227829504.000000 -2.351260900 -0.667177618 -1.172940612 -0.016940463 -0.004581852 0.003491962 0.999839962
1403638613277829376.000000 -2.360251665 -0.668680131 -1.193554997 -0.017639408 -0.005126778 0.003376184 0.999825597
1403638613327829504.000000 -2.395457029 -0.652372360 -1.292057395 -0.016596392 -0.006610847 0.002934975 0.999836206
1403638613377829376.000000 -2.402823687 -0.654261410 -1.313062549 -0.017322136 -0.005695259 0.002091068 0.999831617
1403638613427829504.000000 -2.410863876 -0.656306267 -1.334128380 -0.017842771 -0.005432162 0.001802795 0.999824464
1403638613477829376.000000 -2.419686556 -0.658433378 -1.355222464 -0.018647093 -0.003368736 0.002675962 0.999816895
1403638613527829504.000000 -2.451095104 -0.643850386 -1.453900337 -0.019132785 -0.002774907 0.003792408 0.999805987
1403638613577829376.000000 -2.438744068 -0.660669923 -1.397254109 0.023155425 0.000878841 -0.005286252 -0.999717534
1403638613627829504.000000 -2.472990990 -0.647617161 -1.495748520 -0.022993660 0.000984551 0.009206888 0.999692738
1403638613677829376.000000 -2.485388279 -0.648321867 -1.514965534 0.024353826 -0.003527841 -0.011299192 -0.999633372
1403638613727829504.000000 -2.509419918 -0.653825164 -1.533016086 0.025462927 -0.008861422 -0.014325676 -0.999533892
1403638613777829376.000000 -2.528795481 -0.656761825 -1.553353667 0.028003037 -0.012619882 -0.016599573 -0.999390364
1403638613827829504.000000 -2.550210714 -0.659474373 -1.574416518 0.032345250 -0.015295320 -0.018068934 -0.999196410
1403638613877829376.000000 -2.571273327 -0.660865963 -1.596450686 0.038029239 -0.017807109 -0.020332620 -0.998911083
1403638613927829504.000000 -2.600367308 -0.665197730 -1.618622303 0.043826863 -0.016995549 -0.022255652 -0.998646677
1403638613977829376.000000 -2.667248249 -0.625133634 -1.808188796 -0.049630865 0.014204040 0.023803424 0.998382926
1403638614027829504.000000 -2.566028118 -0.673278809 -1.484049916 0.062403169 -0.019547125 -0.026880214 -0.997497559
1403638614077829376.000000 -2.698605061 -0.617831767 -1.856877923 -0.069462642 0.015846794 0.028938379 0.997038901
1403638614127829504.000000 -2.724794626 -0.616414428 -1.880974054 -0.080208629 0.013899212 0.031412352 0.996186137
1403638614177829376.000000 -2.800605297 -0.608803511 -1.980153918 -0.089258499 0.006487668 0.033332877 0.995429516
1403638614227829504.000000 -2.829575062 -0.605668366 -2.016385555 -0.099226512 0.005155941 0.036533147 0.994380713
1403638614277829376.000000 -2.858096123 -0.602693677 -2.053733349 -0.107573487 0.003773784 0.040477779 0.993365645
1403638614327829504.000000 -2.885829449 -0.599802017 -2.091757536 -0.114947274 0.002192539 0.042555206 0.992457330
1403638614377829376.000000 -2.922325134 -0.593599379 -2.166546345 -0.120621465 -0.000107149 0.045182206 0.991669834
1403638614427829504.000000 -2.934678078 -0.593345821 -2.175732851 0.125793859 -0.000632601 -0.049109496 -0.990839958
1403638614477829376.000000 -2.968962669 -0.587383568 -2.250097513 -0.129337311 -0.000182247 0.051613335 0.990256488
1403638614527829504.000000 -2.994757414 -0.583922803 -2.314694881 -0.132932574 -0.000979748 0.054753199 0.989611089
1403638614577829376.000000 -3.014491320 -0.580195069 -2.360064268 -0.137852564 -0.001271626 0.057119533 0.988803566
1403638614627829504.000000 -3.033385754 -0.575763285 -2.405651093 -0.142501131 -0.000141859 0.061535973 0.987879992
1403638614677829376.000000 -3.050053835 -0.570521533 -2.452226639 -0.148121104 -0.000152272 0.065904982 0.986770868
1403638614727829504.000000 -3.062175512 -0.566939175 -2.498842001 0.153376907 0.001050937 -0.073897250 -0.985400259
1403638614777829376.000000 -3.080274343 -0.559430540 -2.576136827 -0.158911869 -0.003985521 0.081739984 0.983895242
1403638614827829504.000000 -3.092102528 -0.552375138 -2.627536297 -0.166787133 -0.005946976 0.088586986 0.981987298
1403638614877829376.000000 -3.102705479 -0.544259787 -2.680358171 -0.174897924 -0.009239906 0.096052863 0.979846537
1403638614927829504.000000 -3.109831333 -0.536378264 -2.729649782 0.185896143 0.010588099 -0.100355737 -0.977373660
1403638614977829376.000000 -3.116871595 -0.521863163 -2.802877665 -0.196889296 -0.012669953 0.106098779 0.974585712
1403638615027829504.000000 -3.124275923 -0.509215176 -2.856946945 -0.209805161 -0.013054136 0.110160209 0.971430004
1403638615077829376.000000 -3.131221294 -0.494937271 -2.912083626 -0.224410906 -0.013203068 0.112865768 0.967846513
1403638615127829504.000000 -3.137508392 -0.479179740 -2.968271971 -0.239864066 -0.012517708 0.114975825 0.963892758
1403638615177829376.000000 -3.142689943 -0.462118059 -3.025906086 -0.256188065 -0.008697473 0.115331694 0.959682643
1403638615227829504.000000 -3.137633562 -0.438264012 -3.098709822 -0.273264825 -0.008371611 0.113812461 0.955145597
1403638615277829376.000000 -3.145092964 -0.441060603 -3.107985020 0.290839255 0.004731669 -0.115286522 -0.949789047
1403638615327829504.000000 -3.152472973 -0.414208263 -3.192750931 0.306415498 0.003516479 -0.117709048 -0.944585502
1403638615377829376.000000 -3.159279585 -0.395952016 -3.251505852 0.322510153 0.002111096 -0.120937802 -0.938806117
1403638615427829504.000000 -3.161214352 -0.365403086 -3.332260609 -0.337549329 -0.000791572 0.123954393 0.933110476
1403638615477829376.000000 -3.170512438 -0.346515000 -3.391371250 -0.352831721 0.000323153 0.127583608 0.926947773
1403638615527829504.000000 -3.181583881 -0.327785373 -3.450916529 -0.367000073 0.000656597 0.131941959 0.920815945
1403638615577829376.000000 -3.174659252 -0.297138333 -3.509882450 -0.378930897 0.000942305 0.135859653 0.915397584
1403638615627829504.000000 -3.187306643 -0.280524135 -3.568134785 -0.389727712 0.001372271 0.138558775 0.910445988
1403638615677829376.000000 -3.200088263 -0.264281809 -3.626936436 -0.398478746 0.001614418 0.141394362 0.906211734
1403638615727829504.000000 -3.202335358 -0.240629196 -3.678181171 -0.405066013 0.001779606 0.143976212 0.902878284
1403638615777829376.000000 -3.218046665 -0.240037680 -3.737698078 0.411161721 -0.002740679 -0.146354273 -0.899732769
1403638615827829504.000000 -3.225928783 -0.226682544 -3.798085690 0.416462362 -0.003138071 -0.148408219 -0.896952748
1403638615877829376.000000 -3.231629848 -0.216753483 -3.848858833 0.421417505 -0.004297859 -0.152254194 -0.893984020
1403638615927829504.000000 -3.220185995 -0.171757579 -3.908022642 -0.426374882 0.004316166 0.154531509 0.891238451
1403638615977829376.000000 -3.249159813 -0.192280054 -3.971119404 0.432993114 -0.004587859 -0.157538444 -0.887512088
1403638616027829504.000000 -3.240535975 -0.147381306 -4.031877518 -0.438530773 0.004226557 0.159329936 0.884469807
1403638616077829376.000000 -3.240995169 -0.122815490 -4.080498695 -0.445001394 0.003919951 0.161278144 0.880878985
1403638616127829504.000000 -3.255861759 -0.111870289 -4.141355991 -0.451972276 0.003981330 0.163289368 0.876950324
1403638616177829376.000000 -3.273077250 -0.102171063 -4.200976372 0.459397107 -0.004040218 -0.166568384 -0.872463763
1403638616227829504.000000 -3.287254572 -0.075468540 -4.247162342 -0.467023522 0.004063225 0.170381337 0.867665172
1403638616277829376.000000 -3.313323498 -0.065152407 -4.307492733 -0.475912154 0.004730910 0.174145386 0.862066567
1403638616327829504.000000 -3.343379259 -0.055248737 -4.368083000 -0.485366374 0.004765190 0.177591965 0.856071234
1403638616377829376.000000 -3.376080036 -0.045393229 -4.429067612 -0.494840622 0.005112404 0.181122586 0.849883080
1403638616427829504.000000 -3.402102470 -0.012581587 -4.456232071 -0.503396213 0.004365635 0.184623182 0.844089746
1403638616477829376.000000 -3.437944412 -0.001639366 -4.522760868 -0.510620296 0.005077790 0.188737214 0.838820279
1403638616527829504.000000 -3.474706650 0.009042263 -4.590080261 -0.517286360 0.004208173 0.191426843 0.834118068
1403638616577829376.000000 -3.504850149 0.032918453 -4.607198715 -0.522553861 0.002143245 0.194304988 0.830167770
1403638616627829504.000000 -3.549676418 0.031267166 -4.728003979 0.527264237 -0.000008490 -0.197817147 -0.826354027
1403638616677829376.000000 -3.589169979 0.041967392 -4.798171043 0.530099988 0.003899427 -0.202396244 -0.823416352
1403638616727829504.000000 -3.623711586 0.065516472 -4.817376614 -0.530424893 -0.008924577 0.210298643 0.821184754
1403638616777829376.000000 -3.666498423 0.078884363 -4.880004883 0.530162692 0.012710835 -0.218674242 -0.819113851
1403638616827829504.000000 -3.692190409 0.112430096 -4.851196766 -0.528755486 -0.016337778 0.225964606 0.817979693
1403638616877829376.000000 -3.734494448 0.127393246 -4.922494888 -0.528245389 -0.018611621 0.230694950 0.816939533
1403638616927829504.000000 -3.775320053 0.144037247 -4.995883465 -0.529234886 -0.018448263 0.230089009 0.816473663
1403638616977829376.000000 -3.813282490 0.160455942 -5.062166214 0.531729102 0.018351870 -0.224639118 -0.816372871
1403638617027829504.000000 -3.828495026 0.204328299 -5.049690247 -0.532896817 -0.017935008 0.219976768 0.816890240
1403638617077829376.000000 -3.863491297 0.225344419 -5.125356197 -0.534228861 -0.016743772 0.214909002 0.817394197
1403638617127829504.000000 -3.896632195 0.247934341 -5.198256969 0.536104023 0.016603189 -0.208078086 -0.817936718
1403638617177829376.000000 -3.905078411 0.291214228 -5.205749512 -0.536060214 -0.016990302 0.204389170 0.818886995
1403638617227829504.000000 -3.935899496 0.315004826 -5.282703400 -0.535787404 -0.019531526 0.202159688 0.819562078
1403638617277829376.000000 -3.965713263 0.339165211 -5.360409737 -0.534426332 -0.022237383 0.202302799 0.820345998
1403638617327829504.000000 -3.994458675 0.364042282 -5.438955307 -0.533073425 -0.024447840 0.203228325 0.820934415
1403638617377829376.000000 -3.982304096 0.419511318 -5.412121773 -0.531518042 -0.029465413 0.204131097 0.821553946
1403638617427829504.000000 -4.007816792 0.447989464 -5.490170956 -0.530404806 -0.032553393 0.204150632 0.822151780
1403638617477829376.000000 -4.002480984 0.464902401 -5.459825516 -0.530144155 -0.033456031 0.204355180 0.822232902
1403638617527829504.000000 -4.023226261 0.496124744 -5.536136150 -0.529385269 -0.035075128 0.203405529 0.822889566
1403638617577829376.000000 -4.042188168 0.528052807 -5.613065720 -0.528681755 -0.034978900 0.202924684 0.823464513
1403638617627829504.000000 -4.059624195 0.561246395 -5.690249920 -0.528437674 -0.034773637 0.200912416 0.824123025
1403638617677829376.000000 -4.033931255 0.640863419 -5.708819389 -0.526852012 -0.035987895 0.198597446 0.825645745
1403638617727829504.000000 -4.044819355 0.677918434 -5.780489445 -0.526999533 -0.035589021 0.195747748 0.826249182
1403638617777829376.000000 -4.054167747 0.715504169 -5.852375984 -0.526410937 -0.033928763 0.195030063 0.826863825
1403638617827829504.000000 -4.062421799 0.753895760 -5.924586296 -0.526102960 -0.035856225 0.193519875 0.827333093
1403638617877829376.000000 -4.026922703 0.786124229 -5.847869873 -0.526506841 -0.035531007 0.192155123 0.827408314
1403638617927829504.000000 -4.027128220 0.827337742 -5.906637669 -0.525986731 -0.033844952 0.192327648 0.827769637
1403638617977829376.000000 -4.027530670 0.869146347 -5.964808464 -0.525402665 -0.032769106 0.191828400 0.828299582
1403638618027829504.000000 -4.029066563 0.911432266 -6.022305965 -0.525001526 -0.032560006 0.191500396 0.828637958
1403638618077829376.000000 -4.031699657 0.954302788 -6.079135895 -0.524554491 -0.031840701 0.190922454 0.829082310
1403638618127829504.000000 -3.992332458 1.040925026 -6.100063801 -0.522293031 -0.033005118 0.192573085 0.830082119
1403638618177829376.000000 -4.018866539 1.026773930 -6.110837936 0.523244560 0.030859716 -0.192240924 -0.829642296
1403638618227829504.000000 -3.996441603 1.124498844 -6.182401180 -0.521493137 -0.032234464 0.191752598 0.830804944
1403638618277829376.000000 -4.000108719 1.166709423 -6.222255230 -0.521289468 -0.032271240 0.191097796 0.831082165
1403638618327829504.000000 -3.986295223 1.235442638 -6.240621567 -0.521226287 -0.032242693 0.189955220 0.831384778
1403638618377829376.000000 -3.989737749 1.275459766 -6.272383213 -0.520891607 -0.031797364 0.189873248 0.831630409
1403638618427829504.000000 -3.993408203 1.315904617 -6.303414345 -0.520705640 -0.031833429 0.189101472 0.831921279
1403638618477829376.000000 -3.997473478 1.356529236 -6.333577156 -0.520149469 -0.031761687 0.189090133 0.832274437
1403638618527829504.000000 -3.987931252 1.436389923 -6.361650467 -0.519878805 -0.031451363 0.188133478 0.832672000
1403638618577829376.000000 -3.991994381 1.476115227 -6.386321545 -0.520840347 -0.031337447 0.187087849 0.832310915
1403638618627829504.000000 -3.996374607 1.516392708 -6.410392761 -0.522797763 -0.030971032 0.187662944 0.830966890
1403638618677829376.000000 -4.000561714 1.556813240 -6.433806419 -0.525059938 -0.031388052 0.187105343 0.829649627
1403638618727829504.000000 -4.003526211 1.597268105 -6.456739902 -0.526862621 -0.031210888 0.186870962 0.828565598
1403638618777829376.000000 -3.986248493 1.698400021 -6.491131783 -0.528388560 -0.031194182 0.187535793 0.827443540
1403638618827829504.000000 -3.986404896 1.739204407 -6.511367798 -0.529863954 -0.029470038 0.187994048 0.826458693
1403638618877829376.000000 -3.984888792 1.779998779 -6.531660080 -0.532729208 -0.028339427 0.186637819 0.824962378
1403638618927829504.000000 -3.982679367 1.820894718 -6.551486015 -0.536620259 -0.025494261 0.186838254 0.822484255
1403638618977829376.000000 -3.962208509 1.914677620 -6.581841469 -0.542077661 -0.022777410 0.186412096 0.819074869
1403638619027829504.000000 -3.962243795 1.954884529 -6.598855495 -0.548963130 -0.020109991 0.186725646 0.814474404
1403638619077829376.000000 -3.963907242 1.994606972 -6.615213871 -0.557538927 -0.018790033 0.187129959 0.808566511
1403638619127829504.000000 -3.967014313 2.033720493 -6.630768299 -0.566690683 -0.016632270 0.188042790 0.802013099
1403638619177829376.000000 -3.955001831 2.131231308 -6.656059265 -0.575745702 -0.015785053 0.191273361 0.794784427
1403638619227829504.000000 -3.960180283 2.169559479 -6.668421268 -0.586110950 -0.013152762 0.194194213 0.786504686
1403638619277829376.000000 -3.967187643 2.207250595 -6.679958344 -0.596485913 -0.011110543 0.198868573 0.777516901
1403638619327829504.000000 -3.976362467 2.244090080 -6.690831184 -0.607736170 -0.009787741 0.202076659 0.767936230
1403638619377829376.000000 -3.976076603 2.341756821 -6.710168839 -0.617922544 -0.008579986 0.205926955 0.758743882
1403638619427829504.000000 -3.987134457 2.378196716 -6.719465256 -0.626669109 -0.006126118 0.209649906 0.750530005
1403638619477829376.000000 -3.998423576 2.413959503 -6.728180408 -0.634256244 -0.003978472 0.213402733 0.743076444
1403638619527829504.000000 -4.009644508 2.449405193 -6.736234188 -0.640246272 -0.001353856 0.216290429 0.737089872
1403638619577829376.000000 -4.025413513 2.566581726 -6.716795444 -0.646654129 0.000906415 0.219253048 0.730592728
1403638619627829504.000000 -4.037586212 2.601337433 -6.723979473 -0.649937689 0.004539300 0.224205405 0.726148963
1403638619677829376.000000 -4.050326347 2.635550022 -6.731159210 -0.651578605 0.010578472 0.230391651 0.722670853
1403638619727829504.000000 -4.063783646 2.668899536 -6.738856316 -0.652893722 0.013736460 0.235620916 0.719738781
1403638619777829376.000000 -4.077382088 2.701578617 -6.747426987 -0.654315412 0.017820576 0.238713056 0.717335343
1403638619827829504.000000 -4.073669910 2.784981251 -6.779401302 -0.653996348 0.018275013 0.241509840 0.716678321
1403638619877829376.000000 -4.087942123 2.817189693 -6.789257526 -0.655496895 0.019900464 0.242433727 0.714950144
1403638619927829504.000000 -4.102992535 2.848551750 -6.800334454 -0.656663477 0.021198867 0.243693367 0.713412404
1403638619977829376.000000 -4.118788719 2.879231930 -6.812724590 -0.657964826 0.021209896 0.243839681 0.712162018
1403638620027829504.000000 -4.133372307 2.967689514 -6.818421364 -0.659304559 0.021358177 0.243075788 0.711178958
1403638620077829376.000000 -4.148177147 2.997665405 -6.833323479 -0.660480380 0.023427071 0.242024586 0.710380852
1403638620127829504.000000 -4.161762714 3.026317596 -6.850228786 -0.662311435 0.023917289 0.239067331 0.709660828
1403638620177829376.000000 -4.173972130 3.053932190 -6.868998528 -0.663856685 0.025593074 0.236363038 0.709064007
1403638620227829504.000000 -4.209771633 3.200234413 -6.855710983 0.666470528 -0.025894571 -0.234561622 -0.707196891
1403638620277829376.000000 -4.219383240 3.225939274 -6.877266884 0.666983008 -0.023462929 -0.233865052 -0.707029223
1403638620327829504.000000 -4.227323532 3.250178814 -6.900617599 0.667694032 -0.021421241 -0.232218012 -0.706965864
1403638620377829376.000000 -4.232251644 3.279494286 -6.921888351 0.667820752 -0.019955903 -0.232148722 -0.706911743
1403638620427829504.000000 -4.213160038 3.286247253 -6.969809532 -0.665508986 0.017818587 0.232265845 0.709107101
1403638620477829376.000000 -4.217498779 3.309032440 -6.995912552 -0.665126503 0.016558122 0.231969997 0.709593177
1403638620527829504.000000 -4.222227573 3.330965996 -7.022757530 -0.664895594 0.015769964 0.231329247 0.710036576
1403638620577829376.000000 -4.228093147 3.352012634 -7.050031662 -0.664085329 0.014996150 0.232027739 0.710583627
1403638620627829504.000000 -4.235480785 3.420193672 -7.071381569 -0.662813127 0.013282262 0.233490765 0.711325884
1403638620677829376.000000 -4.244519234 3.443388939 -7.097951889 -0.661515653 0.012601014 0.235415831 0.711911261
1403638620727829504.000000 -4.255127907 3.465641975 -7.124697685 -0.659874260 0.011210575 0.238421530 0.712457359
1403638620777829376.000000 -4.266845703 3.493329048 -7.147724152 -0.658761680 0.009955456 0.240174204 0.712916732
1403638620827829504.000000 -4.288468361 3.552476883 -7.172550201 -0.658094108 0.007444173 0.240429297 0.713477790
1403638620877829376.000000 -4.292710781 3.539383888 -7.200829029 -0.658332825 0.003361662 0.237983763 0.714108050
1403638620927829504.000000 -4.315567493 3.597820282 -7.226402760 -0.658550739 0.001568699 0.235193983 0.714837253
1403638620977829376.000000 -4.330260754 3.620060921 -7.253383160 -0.659021735 -0.000502214 0.231770188 0.715522707
1403638621027829504.000000 -4.339142799 3.665245056 -7.278650761 -0.658985794 -0.001354400 0.228044614 0.716750681
1403638621077829376.000000 -4.354391098 3.688177109 -7.304939270 -0.659368873 -0.001550016 0.224974632 0.717368007
1403638621127829504.000000 -4.368582249 3.710238457 -7.331262589 -0.658750594 -0.000050251 0.224350065 0.718132854
1403638621177829376.000000 -4.380719185 3.734214783 -7.354839802 0.658574760 -0.001027918 -0.222968981 -0.718723238
1403638621227829504.000000 -4.391454697 3.780201912 -7.382815361 -0.658085823 0.001769696 0.221318394 0.719679177
1403638621277829376.000000 -4.400393009 3.802266121 -7.409221172 -0.657947123 0.002051343 0.219850063 0.720255077
1403638621327829504.000000 -4.408014297 3.823708534 -7.435892105 -0.657968163 0.000199810 0.218746603 0.720574617
1403638621377829376.000000 -4.417228222 3.848111153 -7.459231853 0.657882333 0.000298820 -0.217488542 -0.721033633
1403638621427829504.000000 -4.432093143 3.898869514 -7.486483574 -0.657842577 0.001775244 0.216045931 0.721501291
1403638621477829376.000000 -4.442713737 3.918743134 -7.510737419 -0.658222318 0.001955136 0.213946208 0.721780241
1403638621527829504.000000 -4.454228401 3.937845230 -7.534240723 -0.658204615 0.004222466 0.211879119 0.722396135
1403638621577829376.000000 -4.466850758 3.955974579 -7.556966782 -0.658190668 0.005220982 0.210354283 0.722847760
1403638621627829504.000000 -4.467932701 3.990020752 -7.578548908 -0.657543838 0.005693328 0.209608063 0.723649204
1403638621677829376.000000 -4.482409477 4.007197380 -7.599458218 -0.657327652 0.005891028 0.209125936 0.723983467
1403638621727829504.000000 -4.497382641 4.023127556 -7.619853497 -0.657653630 0.007001631 0.207857504 0.724042833
1403638621777829376.000000 -4.513093948 4.037884712 -7.639894485 -0.657986104 0.007945375 0.206251979 0.724190176
1403638621827829504.000000 -4.531446457 4.055233955 -7.657752037 0.658850491 -0.009512395 -0.203957558 -0.724035144
1403638621877829376.000000 -4.573101044 4.119531631 -7.680959702 -0.660234928 0.011194841 0.200462610 0.723726034
1403638621927829504.000000 -4.590991020 4.130747795 -7.699369431 -0.660772741 0.013085481 0.198482871 0.723749101
1403638621977829376.000000 -4.609272003 4.140556335 -7.717162609 -0.660992622 0.014884239 0.197513744 0.723778665
1403638622027829504.000000 -4.599256039 4.136190414 -7.726047039 -0.659613729 0.015459444 0.198312894 0.724805295
1403638622077829376.000000 -4.618873119 4.143114090 -7.741712570 -0.659544945 0.016222268 0.199433848 0.724543631
1403638622127829504.000000 -4.639116287 4.148477554 -7.756787300 -0.658886433 0.016749321 0.201533616 0.724549830
1403638622177829376.000000 -4.685472488 4.171604156 -7.775619507 0.659699500 -0.017691918 -0.202230334 -0.723592758
1403638622227829504.000000 -4.720750809 4.199664116 -7.780261040 -0.659850717 0.018990444 0.203509659 0.723063111
1403638622277829376.000000 -4.738170147 4.201274872 -7.795475960 -0.659432232 0.021220820 0.204841286 0.723006845
1403638622327829504.000000 -4.754507542 4.200818062 -7.811233521 -0.659387112 0.020912873 0.205928400 0.722748160
1403638622377829376.000000 -4.768879414 4.198667526 -7.827729225 -0.659887135 0.019905545 0.205764979 0.722366571
1403638622427829504.000000 -4.739339828 4.188344002 -7.844428062 -0.658366561 0.016630530 0.205934465 0.723787189
1403638622477829376.000000 -4.750492573 4.183006287 -7.861627579 -0.659188092 0.015011348 0.204416737 0.723505020
1403638622527829504.000000 -4.760741234 4.176032066 -7.879137039 -0.659813046 0.015206899 0.203661010 0.723144293
1403638622577829376.000000 -4.769672871 4.167564392 -7.896752357 -0.660932362 0.013676969 0.201574862 0.722737134
1403638622627829504.000000 -4.776713371 4.161684036 -7.911957264 0.662518442 -0.014474680 -0.198238596 -0.722192049
1403638622677829376.000000 -4.775923729 4.165997505 -7.931366920 -0.663432121 0.016536249 0.195280761 0.722114861
1403638622727829504.000000 -4.777407646 4.153074265 -7.949821949 -0.665508986 0.023314714 0.188760132 0.721750557
1403638622777829376.000000 -4.776474476 4.138682365 -7.968481064 -0.667366803 0.030809764 0.183394134 0.721137226
1403638622827829504.000000 -4.772238731 4.126031876 -7.984423637 0.668956339 -0.035615306 -0.179353938 -0.720459044
1403638622877829376.000000 -4.764092922 4.117877007 -8.004960060 -0.669121206 0.036047600 0.178492740 0.720498264
1403638622927829504.000000 -4.761050224 4.097626686 -8.021740913 -0.668908179 0.035842661 0.180574000 0.720187664
1403638622977829376.000000 -4.758957386 4.074640274 -8.037924767 -0.668406785 0.032449182 0.184063062 0.719930768
1403638623027829504.000000 -4.758120537 4.049201012 -8.053262711 -0.667175531 0.029796090 0.189135790 0.719872713
1403638623077829376.000000 -4.758408070 4.021507263 -8.068119049 -0.666136742 0.026369162 0.193749040 0.719741523
1403638623127829504.000000 -4.756709576 4.002450943 -8.083135605 -0.664591193 0.024264244 0.198609561 0.719919443
1403638623177829376.000000 -4.758839607 3.970675468 -8.096790314 -0.663405120 0.023882326 0.202268004 0.720007658
1403638623227829504.000000 -4.762016296 3.937019348 -8.110085487 -0.662654698 0.022998823 0.205077529 0.719932675
1403638623277829376.000000 -4.767436504 3.908235550 -8.123339653 -0.661511898 0.021149587 0.208391041 0.720088780
1403638623327829504.000000 -4.771420479 3.868512154 -8.133405685 0.661286652 -0.020062476 -0.210488707 -0.719716668
1403638623377829376.000000 -4.778614521 3.835781097 -8.147770882 -0.660274029 0.019212047 0.212893918 0.719962060
1403638623427829504.000000 -4.785512924 3.797954559 -8.159905434 -0.660574436 0.015929347 0.212908015 0.719762385
1403638623477829376.000000 -4.794383526 3.760395050 -8.170449257 0.660462737 -0.016796721 -0.213871196 -0.719559669
1403638623527829504.000000 -4.804398537 3.728980064 -8.185527802 -0.659762383 0.015855731 0.214646220 0.719992518
1403638623577829376.000000 -4.810092926 3.688096046 -8.197935104 -0.660717070 0.015415769 0.212917164 0.719639897
1403638623627829504.000000 -4.814270020 3.645839691 -8.210948944 -0.661411524 0.015146638 0.211796969 0.719338298
1403638623677829376.000000 -4.816929817 3.602471352 -8.224712372 -0.661570907 0.014082440 0.212175936 0.719101548
1403638623727829504.000000 -4.817919254 3.558221817 -8.239144325 0.662322640 -0.013054235 -0.211547434 -0.718614042
1403638623777829376.000000 -4.818142891 3.511564255 -8.254272461 0.662662685 -0.011190268 -0.212144673 -0.718155742
1403638623827829504.000000 -4.816908836 3.463270187 -8.270111084 0.663257003 -0.010910063 -0.211314306 -0.717856169
1403638623877829376.000000 -4.815673351 3.412864685 -8.286128998 0.663484275 -0.008894321 -0.212541863 -0.717311382
1403638623927829504.000000 -4.814782619 3.361468315 -8.301998138 0.664247811 -0.007795971 -0.212568849 -0.716609120
1403638623977829376.000000 -4.815629959 3.308191299 -8.317388535 0.664593637 -0.006604556 -0.213309631 -0.716080189
1403638624027829504.000000 -4.817184448 3.288619041 -8.333592415 0.664214790 -0.006918549 -0.213796154 -0.716283500
1403638624077829376.000000 -4.819537163 3.240718842 -8.347346306 0.664100111 -0.007622516 -0.215910152 -0.715748370
1403638624127829504.000000 -4.823167324 3.192360878 -8.360534668 0.664089024 -0.008246672 -0.217064604 -0.715402544
1403638624177829376.000000 -4.827470303 3.144546509 -8.373565674 0.663900793 -0.009785539 -0.218566179 -0.715100586
1403638624227829504.000000 -4.833323956 3.096246719 -8.386108398 0.663911223 -0.010380614 -0.220112130 -0.714608133
1403638624277829376.000000 -4.839737415 3.047659874 -8.398585320 0.663909554 -0.011911649 -0.221080571 -0.714286804
1403638624327829504.000000 -4.846902847 2.999716759 -8.411069870 0.664388955 -0.012469530 -0.221381038 -0.713738263
1403638624377829376.000000 -4.854933739 2.952547073 -8.423294067 0.664619982 -0.013217798 -0.222130984 -0.713276505
1403638624427829504.000000 -4.864116192 2.904511452 -8.435245514 0.665042102 -0.013185349 -0.222158194 -0.712875128
1403638624477829376.000000 -4.873776913 2.858380318 -8.447768211 0.665836632 -0.012895923 -0.221575066 -0.712320089
1403638624527829504.000000 -4.883930206 2.811302185 -8.459787369 0.666238844 -0.018712610 -0.221675798 -0.711783290
1403638624577829376.000000 -4.894511700 2.764121056 -8.472095490 0.667094529 -0.027979355 -0.220047444 -0.711183012
1403638624627829504.000000 -4.906421661 2.716377258 -8.484887123 0.668288827 -0.034120683 -0.216205806 -0.710971773
1403638624677829376.000000 -4.918173790 2.668868065 -8.497929573 0.668485343 -0.032801699 -0.213926554 -0.711538374
1403638624727829504.000000 -4.929628849 2.619722366 -8.510834694 0.667974114 -0.027373837 -0.211259350 -0.713043272
1403638624777829376.000000 -4.940057755 2.570092201 -8.524797440 0.666462839 -0.020491293 -0.209316149 -0.715258062
1403638624827829504.000000 -4.947935581 2.521680832 -8.539037704 0.664618313 -0.014368564 -0.208636150 -0.717319310
1403638624877829376.000000 -4.953671455 2.471400261 -8.554594040 0.662753701 -0.009884611 -0.207695469 -0.719390273
1403638624927829504.000000 -4.955628872 2.433873177 -8.568429947 0.659830630 -0.008551992 -0.209719300 -0.721504211
1403638624977829376.000000 -4.958549023 2.385339737 -8.583328247 0.656810999 -0.008944431 -0.212162152 -0.723537624
1403638625027829504.000000 -4.961147785 2.338611603 -8.597605705 0.654481411 -0.010064553 -0.212942302 -0.725402236
1403638625077829376.000000 -4.964611530 2.293249130 -8.611233711 0.651636958 -0.011508586 -0.215651438 -0.727139175
1403638625127829504.000000 -4.970164776 2.246432304 -8.625081062 0.649469435 -0.013098104 -0.217883915 -0.728384852
1403638625177829376.000000 -4.976908684 2.201395035 -8.638116837 0.647644520 -0.013638865 -0.219371021 -0.729552507
1403638625227829504.000000 -4.984458447 2.156813622 -8.651572227 0.646366954 -0.013468076 -0.220052779 -0.730482876
1403638625277829376.000000 -4.992335320 2.111744881 -8.664790154 0.645651221 -0.013242069 -0.219819441 -0.731189847
1403638625327829504.000000 -5.000590324 2.068330765 -8.678554535 0.645005524 -0.013442365 -0.219829768 -0.731752753
1403638625377829376.000000 -5.008440495 2.026106834 -8.693160057 0.644564569 -0.013429885 -0.219725087 -0.732172847
1403638625427829504.000000 -5.014748573 1.983747482 -8.707279205 0.644339442 -0.013662519 -0.219023317 -0.732576907
1403638625477829376.000000 -5.020435333 1.940710068 -8.722380638 0.644033253 -0.014635423 -0.219402343 -0.732713878
1403638625527829504.000000 -5.023828506 1.898599625 -8.737413406 0.644248307 -0.013791408 -0.218488902 -0.732814193
1403638625577829376.000000 -5.027112961 1.856721878 -8.753147125 0.644078016 -0.013291441 -0.219046146 -0.732806683
1403638625627829504.000000 -5.027585030 1.815546036 -8.770587921 0.644117117 -0.011261100 -0.219416231 -0.732695639
1403638625677829376.000000 -5.026678562 1.774013519 -8.789185524 0.643704474 -0.010733005 -0.220452622 -0.732755065
1403638625727829504.000000 -5.025640011 1.729895592 -8.807723999 0.642894447 -0.007610425 -0.223185450 -0.732678056
1403638625777829376.000000 -5.025549889 1.687031746 -8.824968338 0.642090917 -0.004831451 -0.225885332 -0.732578874
1403638625827829504.000000 -5.027047634 1.643810272 -8.844203949 0.641511321 -0.001709695 -0.228216782 -0.732378006
1403638625877829376.000000 -5.030718803 1.600204468 -8.861855507 0.641590774 -0.000812405 -0.228453636 -0.732236087
1403638625927829504.000000 -5.035115242 1.559979439 -8.879699707 0.641859651 0.000565372 -0.228406593 -0.732015252
1403638625977829376.000000 -5.040292740 1.520021439 -8.897624016 0.642158806 0.000438911 -0.228461340 -0.731735826
1403638626027829504.000000 -5.047390938 1.478747368 -8.914780617 0.641940832 0.001559563 -0.229933575 -0.731464386
1403638626077829376.000000 -5.054678917 1.436366081 -8.932756424 0.641472459 0.001351092 -0.231701195 -0.731317878
1403638626127829504.000000 -5.063174248 1.396947861 -8.949438095 0.641441643 0.001077676 -0.232516319 -0.731086671
1403638626177829376.000000 -5.072274685 1.357364655 -8.964138985 0.641650796 0.002087873 -0.232263401 -0.730981350
1403638626227829504.000000 -5.082848549 1.316470146 -8.981008530 0.642212451 0.001915748 -0.231221691 -0.730818748
1403638626277829376.000000 -5.096047401 1.276111603 -8.999783516 0.643358350 0.001781422 -0.228529036 -0.730658233
1403638626327829504.000000 -5.108618259 1.236406326 -9.016889572 0.645196855 0.003184994 -0.223719284 -0.730520844
1403638626377829376.000000 -5.121621609 1.194403648 -9.033228874 0.646777868 0.004145848 -0.219360366 -0.730439782
1403638626427829504.000000 -5.133733273 1.154226303 -9.049760818 0.647644222 0.003791014 -0.216160059 -0.730628073
1403638626477829376.000000 -5.147913456 1.111490250 -9.066546440 0.647758245 0.004022134 -0.215513006 -0.730717003
1403638626527829504.000000 -5.160657406 1.072488785 -9.081310272 0.647590220 0.006751034 -0.215666384 -0.730800569
1403638626577829376.000000 -5.175344467 1.034938812 -9.094911575 0.647146642 0.008027324 -0.216621459 -0.730898023
1403638626627829504.000000 -5.190228462 0.995125771 -9.109875679 0.646480799 0.009049824 -0.218635544 -0.730875671
1403638626677829376.000000 -5.204150200 0.957778931 -9.123407364 0.645954669 0.010130098 -0.219153821 -0.731171370
1403638626727829504.000000 -5.216129303 0.922106743 -9.136245728 0.644846559 0.012245643 -0.222515300 -0.731101871
1403638626777829376.000000 -5.227284431 0.884974480 -9.150650978 0.643842220 0.014298895 -0.225157768 -0.731140733
1403638626827829504.000000 -5.234310150 0.850397110 -9.165316582 0.643171310 0.015989702 -0.226948962 -0.731142342
1403638626877829376.000000 -5.239737034 0.818070412 -9.179287910 0.642623365 0.018167667 -0.227704674 -0.731338382
1403638626927829504.000000 -5.244614601 0.785181999 -9.194423676 0.642251968 0.019510098 -0.228666812 -0.731329799
1403638626977829376.000000 -5.248293877 0.751118660 -9.208492279 0.642005265 0.019143399 -0.228895634 -0.731484532
1403638627027829504.000000 -5.252486229 0.720682144 -9.222467422 0.641770363 0.019298444 -0.228852749 -0.731699944
1403638627077829376.000000 -5.256714821 0.690524101 -9.235236168 0.641421497 0.019064069 -0.228993535 -0.731967926
1403638627127829504.000000 -5.262666225 0.661631584 -9.247233391 0.641326189 0.018679034 -0.228854150 -0.732104957
1403638627177829376.000000 -5.270650864 0.634655952 -9.259222984 0.640983224 0.018558718 -0.229119346 -0.732325315
1403638627227829504.000000 -5.276236057 0.608035088 -9.272412300 0.640910625 0.018294819 -0.228848636 -0.732480228
1403638627277829376.000000 -5.284758568 0.580978394 -9.285523415 0.641256392 0.019589512 -0.227537021 -0.732552648
1403638627327829504.000000 -5.293652534 0.557823181 -9.295996666 0.641604602 0.020149032 -0.226001963 -0.732707858
1403638627377829376.000000 -5.302605152 0.532983780 -9.308009148 0.641951740 0.020135565 -0.224695697 -0.732805789
1403638627427829504.000000 -5.310695648 0.512520790 -9.317353249 0.641921401 0.020852627 -0.224638805 -0.732829809
1403638627477829376.000000 -5.320393085 0.493753433 -9.326875687 0.641788661 0.020997744 -0.224754587 -0.732906461
1403638627527829504.000000 -5.330089092 0.473612785 -9.334963799 0.641911745 0.020256290 -0.224686295 -0.732840478
1403638627577829376.000000 -5.338551044 0.452671051 -9.342579842 0.642756701 0.020127963 -0.222902641 -0.732648075
1403638627627829504.000000 -5.346467018 0.432047844 -9.349525452 0.643968463 0.019317890 -0.220284894 -0.732397497
1403638627677829376.000000 -5.352840424 0.412144661 -9.355291367 0.644667864 0.016968543 -0.218677118 -0.732322216
1403638627727829504.000000 -5.361760616 0.394589424 -9.363186836 0.645371079 0.015465003 -0.216963008 -0.732245922
1403638627777829376.000000 -5.371106148 0.378804207 -9.370652199 0.645915926 0.015490555 -0.215629146 -0.732159019
1403638627827829504.000000 -5.378381729 0.369642258 -9.376255989 0.646265090 0.014431711 -0.215085492 -0.732032359
1403638627877829376.000000 -5.387592793 0.356409073 -9.381210327 0.646575928 0.015206019 -0.214673072 -0.731863320
1403638627927829504.000000 -5.396478653 0.341669083 -9.385478973 0.646295011 0.016712036 -0.215790436 -0.731749892
1403638627977829376.000000 -5.404720306 0.328654289 -9.387670517 0.646216094 0.018451478 -0.216383204 -0.731602788
1403638628027829504.000000 -5.414305210 0.317351341 -9.387797356 0.646488369 0.019835331 -0.216640681 -0.731249750
1403638628077829376.000000 -5.421356201 0.303869247 -9.387204170 0.646560431 0.020723296 -0.217140704 -0.731013119
1403638628127829504.000000 -5.426347733 0.289052963 -9.386717796 0.646775901 0.021735711 -0.217762932 -0.730607808
1403638628177829376.000000 -5.431158066 0.277554512 -9.386467934 0.647221029 0.022328494 -0.217677251 -0.730221212
1403638628227829504.000000 -5.432387352 0.269255638 -9.385781288 0.647179961 0.022208542 -0.218336329 -0.730064511
1403638628277829376.000000 -5.433584690 0.261768341 -9.385310173 0.647456229 0.022901658 -0.218482614 -0.729754269
1403638628327829504.000000 -5.435913563 0.250290871 -9.383946419 0.647169530 0.022996133 -0.220088556 -0.729523063
1403638628377829376.000000 -5.435125351 0.239308357 -9.383419037 0.647070646 0.022939837 -0.220793068 -0.729399562
1403638628427829504.000000 -5.434697628 0.236266136 -9.380342484 0.646530867 0.020858016 -0.222428843 -0.729443729
1403638628477829376.000000 -5.431737900 0.232316017 -9.375097275 0.646120250 0.015025321 -0.224487722 -0.729320288
1403638628527829504.000000 -5.428627968 0.227978706 -9.370115280 0.645702064 0.006887447 -0.225671947 -0.729447424
1403638628577829376.000000 -5.425773621 0.225483894 -9.368144035 0.645461679 -0.000618076 -0.226081267 -0.729565740
1403638628627829504.000000 -5.422705173 0.224956512 -9.364120483 0.645558894 -0.006973617 -0.226079255 -0.729447186
1403638628677829376.000000 -5.420077324 0.223959923 -9.362572670 0.644703090 -0.009862514 -0.228101164 -0.729541361
1403638628727829504.000000 -5.417048454 0.221072197 -9.361706734 0.644727826 -0.009062420 -0.228267446 -0.729477882
1403638628777829376.000000 -5.413406849 0.217111588 -9.358051300 0.645172715 -0.006844237 -0.228086263 -0.729165316
1403638628827829504.000000 -5.414562702 0.212365150 -9.355485916 0.645851076 -0.004477229 -0.226676136 -0.729022861
1403638628877829376.000000 -5.416242599 0.209218025 -9.355764389 0.646719813 -0.003009946 -0.224729449 -0.728862882
1403638628927829504.000000 -5.420397282 0.206264496 -9.357394218 0.647590041 -0.001470583 -0.223169461 -0.728574276
1403638628977829376.000000 -5.423200607 0.202236176 -9.355735779 0.648395360 0.001177108 -0.221075699 -0.728496850
1403638629027829504.000000 -5.427249432 0.199080467 -9.356296539 0.648979187 0.003382548 -0.219452262 -0.728460968
1403638629077829376.000000 -5.430338860 0.193139076 -9.356804848 0.649607062 0.006070982 -0.217545509 -0.728455722
1403638629127829504.000000 -5.429833889 0.191752434 -9.354116440 0.649673939 0.007794706 -0.217172280 -0.728491068
1403638629177829376.000000 -5.434386730 0.184092522 -9.352730751 0.649964929 0.009564655 -0.216111869 -0.728525817
1403638629227829504.000000 -5.434087276 0.180733681 -9.352595329 0.649784803 0.010579265 -0.216275796 -0.728623807
1403638629277829376.000000 -5.432729244 0.178475380 -9.351664543 0.649886787 0.010676832 -0.215720803 -0.728695929
1403638629327829504.000000 -5.432858944 0.176972389 -9.351036072 0.650014818 0.012742228 -0.216105849 -0.728434384
1403638629377829376.000000 -5.430322170 0.174608231 -9.349476814 0.649428964 0.015865825 -0.218343139 -0.728228390
1403638629427829504.000000 -5.429322243 0.172911644 -9.346030235 0.648744404 0.018533599 -0.220810875 -0.728031456
1403638629477829376.000000 -5.427132607 0.171616554 -9.345183372 0.647781670 0.021619936 -0.224412844 -0.727702200
1403638629527829504.000000 -5.425984859 0.175692558 -9.339236259 0.646518946 0.023690019 -0.228340968 -0.727538645
1403638629577829376.000000 -5.422715664 0.174400330 -9.336388588 0.645704448 0.023895247 -0.230898872 -0.727447927
1403638629627829504.000000 -5.423411846 0.175884247 -9.334251404 0.644076705 0.019503560 -0.235980377 -0.727391362
1403638629677829376.000000 -5.420603275 0.174303055 -9.331276894 0.642710030 0.013643378 -0.240293905 -0.727321446
1403638629727829504.000000 -5.417657375 0.180073738 -9.328685760 0.641961396 0.006999634 -0.242772326 -0.727253914
1403638629777829376.000000 -5.413302898 0.183069229 -9.326217651 0.642212212 0.001097322 -0.242472634 -0.727165282
1403638629827829504.000000 -5.412162781 0.185759544 -9.321023941 0.642599940 -0.004312171 -0.241655946 -0.727082670
1403638629877829376.000000 -5.414111614 0.191926003 -9.321825981 0.643777132 -0.009330148 -0.238721296 -0.726963639
1403638629927829504.000000 -5.416929722 0.197638512 -9.320713997 0.646518588 -0.010101705 -0.231833518 -0.726749539
1403638629977829376.000000 -5.421048641 0.203747749 -9.321781158 0.649448156 -0.010482937 -0.223864511 -0.726630569
1403638630027829504.000000 -5.427430630 0.210279465 -9.321098328 0.651996851 -0.011459716 -0.216503739 -0.726563871
1403638630077829376.000000 -5.435743809 0.209756851 -9.320848465 0.653521061 -0.009660657 -0.212283805 -0.726465762
1403638630127829504.000000 -5.448797226 0.208779335 -9.321269035 0.653932750 -0.006513673 -0.210586742 -0.726624191
1403638630177829376.000000 -5.462788582 0.205549240 -9.319525719 0.653968573 -0.002713567 -0.210248470 -0.726714075
1403638630227829504.000000 -5.478806019 0.201922417 -9.317295074 0.653485119 0.001140491 -0.211590737 -0.726763606
1403638630277829376.000000 -5.494810104 0.197731972 -9.313597679 0.652913988 0.004489079 -0.213426203 -0.726727247
1403638630327829504.000000 -5.512829304 0.194075584 -9.312106133 0.652750373 0.012317382 -0.216221243 -0.725957036
1403638630377829376.000000 -5.514891148 0.191543579 -9.307600021 0.644804955 0.031176498 -0.233387247 -0.727176070
1403638630427829504.000000 -5.504088402 0.192415237 -9.307333946 0.644373834 0.012432002 -0.233181298 -0.728185654
1403638630477829376.000000 -5.493100643 0.196521759 -9.304288864 0.649501622 0.004331577 -0.216204301 -0.728961289
1403638630527829504.000000 -5.486875534 0.195692062 -9.303752899 0.650018454 0.004475038 -0.215132058 -0.728817046
1403638630577829376.000000 -5.484914780 0.193678856 -9.303013802 0.649888694 0.002845092 -0.216642767 -0.728493273
1403638630627829504.000000 -5.489474773 0.192759514 -9.300713539 0.650866866 0.003584670 -0.214364558 -0.728290677
1403638630677829376.000000 -5.507329941 0.188282967 -9.293338776 0.641271114 0.029836886 -0.232476145 -0.730640769
1403638630727829504.000000 -5.509929180 0.181776047 -9.299748421 0.634056091 0.038373098 -0.237295777 -0.734977007
1403638630777829376.000000 -5.506997585 0.172212601 -9.311094284 0.638228178 0.042714413 -0.233292520 -0.732403576
1403638630827829504.000000 -5.505835056 0.167604446 -9.312006950 0.638255894 0.036718290 -0.234622419 -0.732279718
1403638630877829376.000000 -5.504478931 0.163144112 -9.311008453 0.636250257 0.037852876 -0.235066146 -0.733823419
1403638630927829504.000000 -5.504584789 0.155472755 -9.313620567 0.636742473 0.037720744 -0.234681249 -0.733526349
1403638630977829376.000000 -5.501617432 0.150083542 -9.312582970 0.636573017 0.037709810 -0.235265449 -0.733486831
1403638631027829504.000000 -5.501628876 0.140720367 -9.315481186 0.636516929 0.037742160 -0.235520124 -0.733452141
1403638631077829376.000000 -5.500202656 0.136151314 -9.316722870 0.636774778 0.038266569 -0.234820634 -0.733425438
1403638631127829504.000000 -5.497177601 0.136912346 -9.314910889 0.636425972 0.037533510 -0.236222804 -0.733315825
1403638631177829376.000000 -5.496047974 0.131687164 -9.317281723 0.636849105 0.038278688 -0.235257193 -0.733220339
1403638631227829504.000000 -5.493167877 0.129071236 -9.314880371 0.636500239 0.037731059 -0.236189887 -0.733251810
1403638631277829376.000000 -5.491611481 0.119814873 -9.320327759 0.636755109 0.038329467 -0.235486582 -0.733225703
1403638631327829504.000000 -5.489165306 0.122769356 -9.316454887 0.636562943 0.037483856 -0.236294195 -0.733176410
1403638631377829376.000000 -5.489023685 0.120584488 -9.317968369 0.636686325 0.038236067 -0.235936761 -0.733145595
1403638631427829504.000000 -5.485998154 0.122111320 -9.315428734 0.636679709 0.037690431 -0.236217782 -0.733089149
1403638631477829376.000000 -5.486425877 0.111529350 -9.319898605 0.636709809 0.037976090 -0.236357063 -0.733003259
1403638631527829504.000000 -5.485401154 0.108920097 -9.319702148 0.636715770 0.037824266 -0.236524358 -0.732951999
1403638631577829376.000000 -5.483709812 0.102832794 -9.321339607 0.636712432 0.037897017 -0.236566663 -0.732937455
1403638631627829504.000000 -5.482223034 0.096698761 -9.324110031 0.636778116 0.038106598 -0.236511812 -0.732887208
1403638631677829376.000000 -5.481718063 0.090275764 -9.326526642 0.636708140 0.037673499 -0.237174064 -0.732756376
