1403715530062142976.000000 0.050949521 -0.034391563 0.021317266 0.002229067 0.011601913 -0.004320098 0.999920905
1403715530112143104.000000 0.050448433 -0.034067042 0.022629665 0.002714431 0.021598002 -0.006425948 0.999742448
1403715530162142976.000000 0.063971862 -0.044105362 0.024673376 -0.000637783 0.020169411 -0.009759396 0.999748766
1403715530212143104.000000 0.071668528 -0.049929287 0.025744244 -0.001987599 0.018886678 -0.012707288 0.999738932
1403715530262142976.000000 0.078987695 -0.050971173 0.025698029 -0.001403751 0.016501533 -0.014600405 0.999756277
1403715530312143104.000000 0.162605613 -0.108408168 0.038664047 -0.004424254 0.008847048 -0.021199919 0.999726415
1403715530362142976.000000 0.102724552 -0.063050762 0.022871783 -0.001270361 0.010231924 -0.013562992 0.999854922
1403715530412143104.000000 0.187213734 -0.118930101 0.033704706 -0.000710596 0.005586353 -0.012775108 0.999902546
1403715530462142976.000000 0.198822290 -0.126306117 0.030871712 0.003295391 0.005529338 -0.008616111 0.999942243
1403715530512143104.000000 0.213900417 -0.137436375 0.028929867 0.006595850 0.005041978 -0.007375473 0.999938309
1403715530562142976.000000 0.332279265 -0.220348835 0.025811808 0.008980133 0.002555049 -0.009112043 0.999914885
1403715530612143104.000000 0.347058266 -0.226850867 0.021665893 0.014642323 0.002130501 -0.007633532 0.999861419
1403715530662142976.000000 0.359216928 -0.239422381 0.022305556 0.017665032 0.002510493 -0.007148741 0.999815226
1403715530712143104.000000 0.374070436 -0.241721690 0.018628178 0.025510592 0.001541898 -0.004811369 0.999661803
1403715530762142976.000000 0.377529502 -0.251216739 0.016401637 0.031454816 0.004067895 -0.006249711 0.999477327
1403715530812143104.000000 0.479477286 -0.359079748 0.027973684 0.033305984 0.001412572 -0.009103502 0.999402821
1403715530862142976.000000 0.486318111 -0.369725972 0.030637972 0.042029645 0.002270803 -0.011274152 0.999050200
1403715530912143104.000000 0.500748158 -0.374544084 0.025062425 0.052781563 0.000524162 -0.011247365 0.998542607
1403715530962142976.000000 0.520962954 -0.394306213 0.029863531 0.055471197 -0.005635200 -0.015557053 0.998323262
1403715531012143104.000000 0.528797209 -0.398356706 0.023825146 0.064334258 -0.009623897 -0.014561379 0.997775793
1403715531062142976.000000 0.574992895 -0.493998140 0.028029468 0.067027323 -0.012177094 -0.019809829 0.997480154
1403715531112143104.000000 0.581917346 -0.505154133 0.029341832 0.071812212 -0.023499051 -0.020521285 0.996930182
1403715531162142976.000000 0.588087499 -0.515830934 0.030147951 0.075990856 -0.032822248 -0.020924198 0.996348500
1403715531212143104.000000 0.594344079 -0.522119522 0.029601544 0.084266379 -0.039998390 -0.014779775 0.995530546
1403715531262142976.000000 0.602746725 -0.535616994 0.032210618 0.088927746 -0.038631100 -0.006747005 0.995265841
1403715531312143104.000000 0.672877967 -0.635999978 0.058691803 0.090414286 -0.033143394 0.000774482 0.995352328
1403715531362142976.000000 0.683975518 -0.644478559 0.062251270 0.094689041 -0.025293225 0.006592570 0.995163798
1403715531412143104.000000 0.690496564 -0.654054582 0.064665884 0.097371258 -0.015570979 0.010093017 0.995075166
1403715531462142976.000000 0.626245201 -0.561595082 0.042145725 0.106052384 -0.001720094 0.012535014 0.994280040
1403715531512143104.000000 0.631065905 -0.574398041 0.049204983 0.105743781 0.004101589 0.010780427 0.994326591
1403715531562142976.000000 0.770732582 -0.753730416 0.132792845 0.098631084 -0.001618681 0.007545343 0.995094180
1403715531612143104.000000 0.769605339 -0.760155439 0.141177267 0.099838220 0.001646101 0.009718690 0.994954884
1403715531662142976.000000 0.774421334 -0.769124150 0.150329649 0.100109816 -0.000239079 0.010769721 0.994918108
1403715531712143104.000000 0.778392434 -0.774147511 0.159516111 0.100117020 0.000168973 0.007465887 0.994947672
1403715531762142976.000000 0.786348879 -0.781663656 0.166299045 0.097335905 0.000184776 0.002794716 0.995247662
1403715531812143104.000000 0.811852217 -0.836567283 0.236873746 0.094692819 0.005527225 -0.003542735 0.995484948
1403715531862142976.000000 0.816947937 -0.840430498 0.247682557 0.093000799 0.011349364 -0.008469678 0.995565355
1403715531912143104.000000 0.819092095 -0.842256844 0.252920240 0.092829049 0.018614052 -0.011162363 0.995445549
1403715531962142976.000000 0.822591960 -0.845425248 0.261412442 0.091304600 0.024096156 -0.013475532 0.995440304
1403715532012143104.000000 0.825325429 -0.847756505 0.268470973 0.090740450 0.027052896 -0.014408167 0.995402753
1403715532062142976.000000 0.853347003 -0.897158206 0.318251878 0.082565621 0.027317839 -0.015707431 0.996087372
1403715532112143104.000000 0.857221842 -0.904771924 0.351146728 0.083863653 0.030103501 -0.019337837 0.995834708
1403715532162142976.000000 0.862030506 -0.914018214 0.364663303 -0.082948141 -0.031248296 0.019890659 -0.995865226
1403715532212143104.000000 0.867325366 -0.925348282 0.380547822 0.083352238 0.032244507 -0.019802667 0.995801508
1403715532262142976.000000 0.874768853 -0.941746771 0.383521318 0.082988732 0.032058023 -0.018527670 0.995862424
1403715532312143104.000000 0.878850341 -0.955177546 0.399753302 0.086274594 0.031235147 -0.017155614 0.995633841
1403715532362142976.000000 0.876362622 -0.956983089 0.415140957 0.092109233 0.028909624 -0.015049835 0.995215356
1403715532412143104.000000 0.878699183 -0.967535257 0.424851298 0.095480807 0.026562190 -0.010382957 0.995022714
1403715532462142976.000000 0.884750485 -0.985253394 0.418960869 0.095369369 0.022333989 -0.005915311 0.995173812
1403715532512143104.000000 0.886173606 -0.994298577 0.427020580 -0.098202363 -0.020222789 0.001851971 -0.994959295
1403715532562142976.000000 0.879260123 -0.993301511 0.447184443 0.105865717 0.021335714 0.002268395 0.994148970
1403715532612143104.000000 0.876959324 -0.997503757 0.453153729 0.110428073 0.022067096 0.009315920 0.993595481
1403715532662142976.000000 0.877258480 -1.002483606 0.459586173 0.114128783 0.023346083 0.017318124 0.993040621
1403715532712143104.000000 0.876742005 -1.006006122 0.463722497 0.117441371 0.025469773 0.024354741 0.992454410
1403715532762142976.000000 0.875551641 -1.005935431 0.468688667 0.120117553 0.027100056 0.029636133 0.991947174
1403715532812143104.000000 0.872643709 -1.003188491 0.471843928 0.121284693 0.028361592 0.033562828 0.991644740
1403715532862142976.000000 0.869737744 -0.996859550 0.475675613 0.120386302 0.029064484 0.036787927 0.991619468
1403715532912143104.000000 0.860647976 -0.983333349 0.475802362 0.118410371 0.029251613 0.039440334 0.991749883
1403715532962142976.000000 0.853955865 -0.970750928 0.479785144 0.113179930 0.027939055 0.044122804 0.992201090
1403715533012143104.000000 0.848049641 -0.960538328 0.486577868 0.104630075 0.025858175 0.049775448 0.992928207
1403715533062142976.000000 0.835988343 -0.942132235 0.491525978 -0.095223479 -0.023820145 -0.054803729 -0.993660808
1403715533112143104.000000 0.825471103 -0.932406783 0.487582386 0.079528965 0.021344937 0.060319718 0.994776905
1403715533162142976.000000 0.810296118 -0.907666624 0.492292732 0.065816566 0.023851128 0.063035265 0.995553076
1403715533212143104.000000 0.772288918 -0.848616660 0.490194589 0.057198744 0.035095423 0.060914274 0.995884597
1403715533262142976.000000 0.761384845 -0.817269027 0.491818190 0.042371564 0.041293532 0.062063061 0.996317089
1403715533312143104.000000 0.752576888 -0.783878624 0.489795148 -0.027835162 -0.045294814 -0.061618838 -0.996682882
1403715533362142976.000000 0.735801399 -0.736433029 0.474820793 0.016623532 0.045743980 0.060643125 0.996972203
1403715533412143104.000000 0.729764998 -0.694154024 0.464068860 0.006406806 0.043931399 0.060062893 0.997206867
1403715533462142976.000000 0.729291141 -0.654383123 0.455277860 -0.001999447 0.039129034 0.061231017 0.997354448
1403715533512143104.000000 0.725162745 -0.604292154 0.433574229 -0.007227600 0.034099188 0.065740213 0.997227848
1403715533562142976.000000 0.729525030 -0.561205745 0.419726819 0.010655726 -0.029184395 -0.074372947 -0.996746421
1403715533612143104.000000 0.731750011 -0.507013619 0.392276645 -0.012348479 0.024705062 0.082053877 0.996245146
1403715533662142976.000000 0.741295755 -0.459627122 0.374162346 -0.013374789 0.019160666 0.091215216 0.995557070
1403715533712143104.000000 0.752595246 -0.408913761 0.346997559 -0.015247319 0.014698041 0.098402396 0.994921327
1403715533762142976.000000 0.767235994 -0.355250955 0.325055093 -0.016441464 0.011831342 0.104069151 0.994363785
1403715533812143104.000000 0.779038966 -0.277413905 0.283617318 -0.017665718 0.009541417 0.102679417 0.994511902
1403715533862142976.000000 0.795291603 -0.217670128 0.260690421 -0.021137029 0.007467246 0.099432096 0.994791806
1403715533912143104.000000 0.809977829 -0.146391302 0.226838827 -0.025464734 0.005010791 0.092244990 0.995398104
1403715533962142976.000000 0.822138369 -0.083078824 0.204968691 0.029145095 -0.004176289 -0.085952215 -0.995864093
1403715534012143104.000000 0.828131437 -0.000109851 0.172456801 -0.031289883 0.003444714 0.078727476 0.996399105
1403715534062142976.000000 0.833682001 0.065988600 0.153200760 -0.034062788 0.002601068 0.072670311 0.996770799
1403715534112143104.000000 0.834523141 0.148372278 0.123831026 -0.036848273 0.003038582 0.064290188 0.997246146
1403715534162142976.000000 0.833863676 0.216158733 0.107158937 -0.039230723 0.002299412 0.056784321 0.997612774
1403715534212143104.000000 0.830342233 0.284196854 0.091769800 -0.042099461 0.001204198 0.048670150 0.997926593
1403715534262142976.000000 0.820834994 0.375453800 0.060629129 -0.043434881 0.000889732 0.041270044 0.998203099
1403715534312143104.000000 0.812166810 0.442952484 0.048273802 -0.044385143 0.000253020 0.036993410 0.998329341
1403715534362142976.000000 0.803432226 0.484702587 0.048614901 0.046816591 0.000751010 -0.034095902 -0.998321235
1403715534412143104.000000 0.782588661 0.600388765 0.010842862 -0.047669619 -0.000674792 0.031690743 0.998360157
1403715534462142976.000000 0.766270876 0.666234374 0.002053665 -0.051241424 -0.001346476 0.031654723 0.998183668
1403715534512143104.000000 0.751971066 0.706803203 0.008495411 0.057384953 0.002203001 -0.032614015 -0.997816920
1403715534562142976.000000 0.723605454 0.821377039 -0.026777593 -0.062094003 -0.001567450 0.033395857 0.997510195
1403715534612143104.000000 0.705076158 0.885999739 -0.032898009 -0.069303200 -0.002264516 0.037255924 0.996897161
1403715534662142976.000000 0.687105417 0.951159954 -0.040906388 0.078282684 0.003632569 -0.040561877 -0.996099114
1403715534712143104.000000 0.661418498 1.037079096 -0.057395842 -0.087539956 -0.004893009 0.044184878 0.995168567
1403715534762142976.000000 0.642666101 1.100272894 -0.063139960 -0.099173807 -0.009402395 0.048975561 0.993819714
1403715534812143104.000000 0.623777449 1.162719965 -0.068479858 -0.112517878 -0.014786100 0.053364366 0.992105544
1403715534862142976.000000 0.597202480 1.246241808 -0.083497211 -0.126036003 -0.020002630 0.057863984 0.990134656
1403715534912143104.000000 0.578643739 1.307185769 -0.087471962 -0.140674025 -0.025470570 0.063120641 0.987713456
1403715534962142976.000000 0.555740297 1.381863236 -0.095766559 -0.154794693 -0.029494135 0.067334540 0.985207975
1403715535012143104.000000 0.539088011 1.441490173 -0.097245410 -0.168299288 -0.032389265 0.071352400 0.982616484
1403715535062142976.000000 0.523555756 1.501361609 -0.099154927 0.179978892 0.036061622 -0.075680137 -0.980091751
1403715535112143104.000000 0.499442458 1.578732252 -0.101690836 -0.189460859 -0.040787090 0.079356343 0.977825999
1403715535162142976.000000 0.485244155 1.636538982 -0.098634511 -0.197611034 -0.046086267 0.084352449 0.975556612
1403715535212143104.000000 0.465903819 1.705690026 -0.095212311 -0.203578308 -0.051910661 0.088831685 0.973637581
1403715535262142976.000000 0.454333276 1.763339996 -0.087552749 -0.208952591 -0.056676120 0.093272813 0.971816301
1403715535312143104.000000 0.444607079 1.821145535 -0.077412859 -0.213323966 -0.060400199 0.097384125 0.970237672
1403715535362142976.000000 0.429275423 1.894452333 -0.065629490 -0.215678573 -0.061616916 0.101655968 0.969201863
1403715535412143104.000000 0.422746867 1.953354120 -0.050257340 0.216177061 0.059538383 -0.111909963 -0.968090355
1403715535462142976.000000 0.413621873 2.022444487 -0.032131404 -0.216010422 -0.052879516 0.120457053 0.967488170
1403715535512143104.000000 0.410504341 2.083640814 -0.012330577 -0.215992570 -0.043924190 0.126945317 0.967110515
1403715535562142976.000000 0.412841588 2.138004065 0.008058190 0.216928050 0.034723539 -0.128769338 -0.967034101
1403715535612143104.000000 0.412093788 2.202350378 0.030347690 0.217451349 0.023987031 -0.127326280 -0.967433572
1403715535662142976.000000 0.411224842 2.267641068 0.053974375 0.216996700 0.017162448 -0.124178924 -0.968089640
1403715535712143104.000000 0.410592139 2.333631277 0.078761205 0.215012878 0.013032596 -0.118956178 -0.969251812
1403715535762142976.000000 0.398193538 2.422742605 0.105055168 -0.209757403 -0.009867582 0.113178268 0.971130848
1403715535812143104.000000 0.396805584 2.491727352 0.126990378 -0.205013245 -0.008352098 0.103928551 0.973189950
1403715535862142976.000000 0.393215865 2.559471607 0.150125131 0.199634865 0.009136716 -0.092486732 -0.975453079
1403715535912143104.000000 0.382191211 2.642388105 0.184105992 -0.191788137 -0.012501115 0.083032772 0.977837741
1403715535962142976.000000 0.379380703 2.709533215 0.208285153 -0.183330044 -0.016976515 0.074736625 0.980059385
1403715536012143104.000000 0.376352698 2.776114225 0.234126389 0.174671501 0.022395011 -0.070106730 -0.981872439
1403715536062142976.000000 0.372392297 2.846295118 0.268471271 -0.166858882 -0.028385788 0.065458030 0.983395994
1403715536112143104.000000 0.371986121 2.911284924 0.296043575 -0.159432769 -0.033596087 0.062626109 0.984647453
1403715536162142976.000000 0.370954126 2.978433132 0.330707908 -0.152968869 -0.038225204 0.059140678 0.985718906
1403715536212143104.000000 0.373826057 3.043125391 0.362280965 -0.147959158 -0.043041606 0.054000579 0.986579716
1403715536262142976.000000 0.378621727 3.106703043 0.395877033 -0.143793404 -0.046633773 0.048401207 0.987322748
1403715536312143104.000000 0.381208956 3.170998812 0.437636673 -0.140175715 -0.047997922 0.042564850 0.988046169
1403715536362142976.000000 0.390354306 3.231686831 0.475460410 -0.137265921 -0.046914455 0.035454106 0.988787234
1403715536412143104.000000 0.401067883 3.290431738 0.515339017 0.136022076 0.044178590 -0.025996903 -0.989378810
1403715536462142976.000000 0.409792513 3.349905491 0.560838401 -0.135549739 -0.040325049 0.016178135 0.989817381
1403715536512143104.000000 0.424255461 3.404241800 0.604367971 -0.135469481 -0.036373865 0.007730447 0.990083456
1403715536562142976.000000 0.440207958 3.455614090 0.649746060 -0.135415837 -0.031677097 0.000883422 0.990281999
1403715536612143104.000000 0.452115506 3.505753756 0.699562311 -0.135159209 -0.026173150 -0.004114870 0.990469635
1403715536662142976.000000 0.470496684 3.550265312 0.748000085 -0.135295972 -0.019663118 -0.008747915 0.990571499
1403715536712143104.000000 0.489830643 3.590946674 0.797435403 -0.134910509 -0.011361679 -0.011106383 0.990730405
1403715536762142976.000000 0.505257905 3.629200697 0.849284708 -0.133520067 0.001131367 -0.012939709 0.990961015
1403715536812143104.000000 0.526463151 3.661362648 0.899268210 0.131556273 -0.012334085 0.015482099 -0.991111040
1403715536862142976.000000 0.545598924 3.689454556 0.948695719 -0.130084097 0.022514287 -0.020193916 0.991041601
1403715536912143104.000000 0.567739129 3.713265896 0.996893227 -0.129980624 0.032180231 -0.026843691 0.990630627
1403715536962142976.000000 0.589852273 3.732564926 1.043133140 -0.131625697 0.041183800 -0.035702202 0.989799976
1403715537012143104.000000 0.611177623 3.747616053 1.087819576 0.133437634 -0.050260257 0.043934956 -0.988806427
1403715537062142976.000000 0.625723124 3.756916761 1.129935861 -0.134789512 0.062122624 -0.050156131 0.987652242
1403715537112143104.000000 0.648495078 3.759846449 1.168967724 -0.136244282 0.075498395 -0.055902518 0.986211121
1403715537162142976.000000 0.670565248 3.756461620 1.204332352 0.137596369 -0.090246066 0.060236726 -0.984527528
1403715537212143104.000000 0.686358809 3.745408773 1.233477116 -0.138121903 0.104444608 -0.062238742 0.982924283
1403715537262142976.000000 0.707660973 3.728466272 1.259585977 -0.137685671 0.117062978 -0.060878698 0.981648028
1403715537312143104.000000 0.722531199 3.703893661 1.278998971 -0.133172870 0.126028910 -0.049435336 0.981803417
1403715537362142976.000000 0.740280509 3.673679590 1.293990135 -0.126918286 0.127347246 -0.032868989 0.983155191
1403715537412143104.000000 0.755481780 3.638455153 1.303709507 -0.121351190 0.119132102 -0.015340239 0.985315263
1403715537462142976.000000 0.770745635 3.598934889 1.309043884 0.115378693 -0.105100505 -0.003849369 -0.987738311
1403715537512143104.000000 0.770677209 3.555880070 1.304952383 -0.110161521 0.086213924 0.021175312 0.989941001
1403715537562142976.000000 0.780065835 3.511708498 1.300528049 -0.106212385 0.065410249 0.035783138 0.991544247
1403715537612143104.000000 0.787699938 3.466472864 1.292867064 -0.103173807 0.046884857 0.048415206 0.992377460
1403715537662142976.000000 0.793201149 3.420205832 1.279239416 -0.101775467 0.034307532 0.056887336 0.992586851
1403715537712143104.000000 0.802842498 3.375224829 1.266644597 0.101416133 -0.032129135 -0.063354485 -0.992304742
1403715537762142976.000000 0.812988997 3.330786228 1.252589822 0.102380358 -0.036627870 -0.066189125 -0.991864800
1403715537812143104.000000 0.821839333 3.286307812 1.234533548 -0.103012323 0.045921925 0.068251938 0.991272569
1403715537862142976.000000 0.830440640 3.243394613 1.217018127 -0.104974814 0.053540546 0.067299284 0.990749478
1403715537912143104.000000 0.836234629 3.201251030 1.197147489 0.105596855 -0.058379859 -0.067990124 -0.990362823
1403715537962142976.000000 0.841435790 3.158177376 1.173012733 -0.106569514 0.056727119 0.066872858 0.990430713
1403715538012143104.000000 0.842728019 3.116860628 1.149622917 -0.105521061 0.051549427 0.069932647 0.990614712
1403715538062142976.000000 0.843180478 3.076501846 1.124134064 -0.106022030 0.046567436 0.072662525 0.990611434
1403715538112143104.000000 0.844733417 3.035641193 1.093861461 -0.106167994 0.040839408 0.078023419 0.990440726
1403715538162142976.000000 0.841885507 2.997871637 1.065063238 -0.108284019 0.035362393 0.083464190 0.989978671
1403715538212143104.000000 0.838244855 2.960749865 1.033652425 -0.112435780 0.030489700 0.087944143 0.989289880
1403715538262142976.000000 0.829542756 2.926245689 1.003720641 -0.118401647 0.027411459 0.091358714 0.988374114
1403715538312143104.000000 0.818232477 2.893156290 0.973736227 -0.125714451 0.027377175 0.094503328 0.987175584
1403715538362142976.000000 0.806502998 2.859876633 0.941325724 -0.134255841 0.029083494 0.096542425 0.985803843
1403715538412143104.000000 0.790625691 2.830174923 0.910679162 -0.145058617 0.036023762 0.095649585 0.984129846
1403715538462142976.000000 0.773611009 2.801690817 0.878628254 -0.158129215 0.043893620 0.090732045 0.982260823
1403715538512143104.000000 0.758322597 2.771708965 0.841683269 -0.171458185 0.052462630 0.086441778 0.979988635
1403715538562142976.000000 0.740839839 2.743812799 0.804986179 -0.185669288 0.058450274 0.081975639 0.977440834
1403715538612143104.000000 0.722877502 2.715306044 0.765654862 0.199151635 -0.062211104 -0.081020199 -0.974630237
1403715538662142976.000000 0.704411805 2.685204983 0.722827911 -0.212421536 0.062873475 0.082294695 0.971674681
1403715538712143104.000000 0.684000075 2.655457258 0.679238439 -0.226191580 0.060585417 0.085930496 0.968391895
1403715538762142976.000000 0.662222564 2.624084949 0.633478642 -0.240442261 0.053613517 0.091299467 0.964871824
1403715538812143104.000000 0.639293551 2.592436790 0.586325884 -0.255138904 0.043622162 0.098345079 0.960900426
1403715538862142976.000000 0.615965664 2.560150862 0.537343085 -0.271386892 0.034651775 0.104827732 0.956116915
1403715538912143104.000000 0.591257036 2.527234077 0.487539113 0.288431466 -0.026665792 -0.112090625 -0.950542986
1403715538962142976.000000 0.563387632 2.493441105 0.439580977 -0.306526542 0.021203140 0.119066991 0.944147766
1403715539012143104.000000 0.533557236 2.459767580 0.389841348 -0.325955003 0.017714107 0.125550777 0.936843932
1403715539062142976.000000 0.500688314 2.425408602 0.340693891 -0.345518827 0.014990565 0.133333355 0.928770363
1403715539112143104.000000 0.464693844 2.389718056 0.291431129 0.365452170 -0.012456208 -0.140902981 -0.920019507
1403715539162142976.000000 0.452830493 2.366671801 0.236180186 -0.383864075 0.007075567 0.149738565 0.911140382
1403715539212143104.000000 0.412144721 2.330049992 0.188234627 -0.403158695 0.006041309 0.158227161 0.901327252
1403715539262142976.000000 0.369036824 2.293280363 0.142350733 0.421691597 -0.002754647 -0.166092053 -0.891393363
1403715539312143104.000000 0.326259047 2.258211851 0.105508447 -0.439190298 -0.001974653 0.174199134 0.881341398
1403715539362142976.000000 0.278002471 2.219764948 0.060547709 -0.455212861 -0.006855216 0.182209343 0.871512532
1403715539412143104.000000 0.229467332 2.181706429 0.016072035 -0.470049381 -0.011108746 0.188806891 0.862138152
1403715539462142976.000000 0.187765002 2.148570061 -0.016460657 -0.483604670 -0.012847571 0.192946613 0.853658617
1403715539512143104.000000 0.145737499 2.111761093 -0.060918212 -0.493980646 -0.014520324 0.198979422 0.846273899
1403715539562142976.000000 0.108323276 2.076637506 -0.104273677 0.501129985 0.014001760 -0.208473951 -0.839768589
1403715539612143104.000000 0.083063960 2.044886351 -0.134292722 -0.506817341 -0.012477589 0.216334954 0.834373891
1403715539662142976.000000 0.055566907 2.011595964 -0.179737747 -0.510982335 -0.008662002 0.222794831 0.830171406
1403715539712143104.000000 0.032566935 1.979447126 -0.226467907 -0.515183449 -0.003501735 0.226406798 0.826627970
1403715539762142976.000000 -0.026505351 1.939127207 -0.243710339 -0.520237029 0.005749607 0.227612972 0.823111653
1403715539812143104.000000 -0.042636096 1.908604741 -0.292333007 -0.522379100 0.007960030 0.227330208 0.821813762
1403715539862142976.000000 -0.056230754 1.878649712 -0.342091024 -0.522756279 0.005926670 0.227101162 0.821654379
1403715539912143104.000000 -0.066428334 1.850700140 -0.391284585 0.521326065 -0.000468556 -0.229630902 -0.821881175
1403715539962142976.000000 -0.066166699 1.833607554 -0.425597697 -0.517631352 -0.002576547 0.234726489 0.822772563
1403715540012143104.000000 -0.071580261 1.807574749 -0.479253650 -0.513297021 -0.009902995 0.239978448 0.823916614
1403715540062142976.000000 -0.065192550 1.790668249 -0.518954039 -0.508239031 -0.016439494 0.248492435 0.824423671
1403715540112143104.000000 -0.069254130 1.770128489 -0.571655989 -0.502162993 -0.022926824 0.257836908 0.825122297
1403715540162142976.000000 -0.071547955 1.753105402 -0.624841928 -0.496562898 -0.024875825 0.265880167 0.825902104
1403715540212143104.000000 -0.074990690 1.748708010 -0.666762054 -0.492722362 -0.025871851 0.271138310 0.826461971
1403715540262142976.000000 -0.075644284 1.739997149 -0.720465243 -0.491362512 -0.023861732 0.271334857 0.827267110
1403715540312143104.000000 -0.076089025 1.735050678 -0.774886072 -0.491506070 -0.023909578 0.267192334 0.828527868
1403715540362142976.000000 -0.071345896 1.743106127 -0.815528274 -0.493130296 -0.026381200 0.259728909 0.829859912
1403715540412143104.000000 -0.072350562 1.745656013 -0.869502425 -0.494062901 -0.030398387 0.253280699 0.831159890
1403715540462142976.000000 -0.072250336 1.752245307 -0.920160055 0.495433211 0.035192538 -0.246879816 -0.832080364
1403715540512143104.000000 -0.072369888 1.766537666 -0.961476505 -0.496301442 -0.044645987 0.242259741 0.832467377
1403715540562142976.000000 -0.075435951 1.778012395 -1.011813045 -0.496751696 -0.052503183 0.241482362 0.831966043
1403715540612143104.000000 -0.078959629 1.792477727 -1.060713053 -0.497249007 -0.060027007 0.241279483 0.831218660
1403715540662142976.000000 -0.080275014 1.816769123 -1.095427632 -0.496619076 -0.064169027 0.245759100 0.829972446
1403715540712143104.000000 -0.083592102 1.838538885 -1.139807224 -0.495269656 -0.062964685 0.254214972 0.828322470
1403715540762142976.000000 -0.086854771 1.863928318 -1.182633758 -0.494354278 -0.060579356 0.261697263 0.826715529
1403715540812143104.000000 -0.088592827 1.893501282 -1.222513437 0.495587707 0.054455668 -0.264987707 -0.825353861
1403715540862142976.000000 -0.091503471 1.934085846 -1.249690890 -0.497544080 -0.048488848 0.264858276 0.824590147
1403715540912143104.000000 -0.094302222 1.971172452 -1.289436698 -0.499384403 -0.042033415 0.264156163 0.824057043
1403715540962142976.000000 -0.097302407 2.015865326 -1.321218610 -0.502229631 -0.036869977 0.260118097 0.823859632
1403715541012143104.000000 -0.100049764 2.060034752 -1.358726978 -0.504932880 -0.033600837 0.255034119 0.823936522
1403715541062142976.000000 -0.102943689 2.106776237 -1.395726085 -0.506858289 -0.031275470 0.250619531 0.824200511
1403715541112143104.000000 -0.108049244 2.161278725 -1.423281074 -0.508308828 -0.031630900 0.246856764 0.824429154
1403715541162142976.000000 -0.112461656 2.212093592 -1.458241224 -0.507979512 -0.029062927 0.247361556 0.824575365
1403715541212143104.000000 -0.116730034 2.265273333 -1.492603183 -0.506406069 -0.020031568 0.251461565 0.824571848
1403715541262142976.000000 -0.121756643 2.325646400 -1.519781709 -0.505586982 -0.008661942 0.254445285 0.824356973
1403715541312143104.000000 -0.126464128 2.382912636 -1.553846836 -0.507136941 0.000659221 0.254206777 0.823523283
1403715541362142976.000000 -0.132682800 2.442218304 -1.587576270 0.510834515 -0.003916262 -0.248971358 -0.822828054
1403715541412143104.000000 -0.140845746 2.506243229 -1.618928432 -0.514127731 0.003906241 0.243428141 0.822435558
1403715541462142976.000000 -0.150248915 2.566795111 -1.653808236 -0.516223967 -0.003416149 0.240344301 0.822031498
1403715541512143104.000000 -0.160253435 2.628307104 -1.688629389 -0.517167270 -0.012449727 0.239845201 0.821497023
1403715541562142976.000000 -0.172028899 2.695732355 -1.718662500 -0.518063784 -0.022428591 0.239671767 0.820770562
1403715541612143104.000000 -0.181973279 2.759443045 -1.752118349 -0.517528057 -0.030134769 0.241731092 0.820257783
1403715541662142976.000000 -0.191202343 2.824430466 -1.785225630 -0.518375874 -0.037846819 0.239461705 0.820068419
1403715541712143104.000000 -0.199940711 2.891877651 -1.817347169 0.520126045 0.044758838 -0.234262332 -0.820113897
1403715541762142976.000000 -0.209634632 2.967964172 -1.842248678 -0.523820102 -0.049083956 0.222256616 0.820856452
1403715541812143104.000000 -0.215604305 3.038669348 -1.871029854 -0.528232038 -0.053387966 0.208831266 0.821285665
1403715541862142976.000000 -0.218815163 3.109838963 -1.896975756 0.532886922 0.054425847 -0.193899304 -0.821871340
1403715541912143104.000000 -0.225867301 3.187475681 -1.915661454 -0.535895884 -0.056176960 0.180485234 0.822851717
1403715541962142976.000000 -0.227140233 3.258828640 -1.934951425 -0.537048459 -0.058108781 0.169096515 0.824383914
1403715542012143104.000000 -0.227476537 3.330182552 -1.949621201 0.536383152 0.061072357 -0.158879563 -0.826632082
1403715542062142976.000000 -0.225615561 3.399883747 -1.960377455 0.534288764 0.060159765 -0.147574589 -0.830143452
1403715542112143104.000000 -0.221712857 3.467770576 -1.966857433 0.530267775 0.054950811 -0.138943955 -0.834560513
1403715542162142976.000000 -0.226265997 3.535734892 -1.961820126 -0.525491595 -0.048139870 0.129205689 0.839551747
1403715542212143104.000000 -0.218276441 3.599003315 -1.959741116 -0.518698096 -0.038257718 0.121744990 0.845379710
1403715542262142976.000000 -0.208070636 3.659176350 -1.954000235 -0.510510564 -0.027791932 0.115758911 0.851590574
1403715542312143104.000000 -0.205156863 3.725681305 -1.942741871 -0.499658346 -0.015761731 0.113884941 0.858558893
1403715542362142976.000000 -0.191838413 3.778528214 -1.930507421 -0.488105893 -0.004101390 0.112030692 0.865554750
1403715542412143104.000000 -0.177473813 3.827828407 -1.915990353 -0.474203110 0.010099320 0.114477925 0.872882724
1403715542462142976.000000 -0.170029894 3.876916885 -1.898564100 -0.460091323 0.026411075 0.116733037 0.879768133
1403715542512143104.000000 -0.153418973 3.919540167 -1.882115841 -0.447020561 0.039459251 0.119174577 0.885670960
1403715542562142976.000000 -0.137033015 3.958971500 -1.865721941 -0.435901612 0.047400855 0.120263547 0.890662491
1403715542612143104.000000 -0.124161243 3.994910240 -1.849364996 0.425778359 -0.047582813 -0.122811817 -0.895190418
1403715542662142976.000000 -0.125668004 4.025495529 -1.834632754 -0.417002887 0.044426512 0.125124335 0.899154544
1403715542712143104.000000 -0.114748061 4.055728912 -1.820291042 0.409364432 -0.043158010 -0.127797008 -0.902344882
1403715542762142976.000000 -0.104898676 4.083530426 -1.806472301 0.403649151 -0.039539445 -0.128365874 -0.905000746
1403715542812143104.000000 -0.096451953 4.109026432 -1.792918921 0.398916364 -0.034281980 -0.129300475 -0.907178044
1403715542862142976.000000 -0.089671537 4.132556915 -1.779539824 0.394455910 -0.029271627 -0.131890133 -0.908929527
1403715542912143104.000000 -0.094592229 4.155151367 -1.768311381 -0.390185505 0.026874274 0.134799883 0.910418630
1403715542962142976.000000 -0.092978194 4.174486160 -1.755160689 -0.386200815 0.025966927 0.139952123 0.911366105
1403715543012143104.000000 -0.093385532 4.192714691 -1.742249727 -0.382726431 0.027308960 0.145025328 0.911999166
1403715543062142976.000000 -0.092419028 4.209910393 -1.730756760 0.380459875 -0.030647252 -0.148388073 -0.912300467
1403715543112143104.000000 -0.095385730 4.226224899 -1.718932271 0.378876299 -0.032613363 -0.151651174 -0.912354708
1403715543162142976.000000 -0.099687546 4.241691589 -1.708027482 0.378916055 -0.034649514 -0.152558297 -0.912111878
1403715543212143104.000000 -0.112190515 4.252822876 -1.702461958 -0.379457802 0.038398113 0.153115675 0.911643028
1403715543262142976.000000 -0.118184686 4.266780853 -1.694069266 -0.379968971 0.042488668 0.154385999 0.911034226
1403715543312143104.000000 -0.125456750 4.279081345 -1.688095808 0.380510479 -0.045381144 -0.156198323 -0.910359561
1403715543362142976.000000 -0.133243769 4.288880348 -1.686033487 -0.381798297 0.045710407 0.155647174 0.909898162
1403715543412143104.000000 -0.141496986 4.299795628 -1.683259845 -0.383482456 0.046589613 0.154619560 0.909320354
1403715543462142976.000000 -0.150268704 4.309709549 -1.681917429 -0.385808110 0.044909291 0.151192874 0.908997297
1403715543512143104.000000 -0.159892529 4.318073273 -1.682473898 0.388384402 -0.043241452 -0.147631258 -0.908566415
1403715543562142976.000000 -0.167054802 4.321605682 -1.688628554 -0.390947461 0.044909269 0.143423095 0.908060133
1403715543612143104.000000 -0.176922798 4.327974796 -1.691362143 -0.393369168 0.048040662 0.138915747 0.907554567
1403715543662142976.000000 -0.187321648 4.332328320 -1.696026683 -0.396643966 0.051745072 0.131588653 0.907017350
1403715543712143104.000000 -0.197404683 4.330411434 -1.705736637 -0.401481599 0.053639039 0.124417782 0.905790031
1403715543762142976.000000 -0.210429430 4.330459595 -1.713414907 -0.408960760 0.054144286 0.115722388 0.903563976
1403715543812143104.000000 -0.223269314 4.324557304 -1.724592566 -0.418169439 0.052587319 0.107270129 0.900478840
1403715543862142976.000000 -0.238397658 4.318310261 -1.734296322 -0.428461552 0.049374722 0.101348922 0.896499395
1403715543912143104.000000 -0.254257113 4.308322906 -1.744293451 -0.439764440 0.045396622 0.097501174 0.891650081
1403715543962142976.000000 -0.268918306 4.292162418 -1.755330563 -0.452024937 0.038952198 0.096850403 0.885875940
1403715544012143104.000000 -0.285863221 4.273893833 -1.765067458 -0.465127498 0.032023918 0.097238965 0.879303992
1403715544062142976.000000 -0.305941880 4.246817589 -1.778088331 -0.479261279 0.025756549 0.099953339 0.871581733
1403715544112143104.000000 -0.325784504 4.220324993 -1.785125136 -0.492123038 0.022021879 0.111985989 0.863011658
1403715544162142976.000000 -0.348220289 4.190589428 -1.790353894 -0.505795419 0.019190911 0.126869455 0.853057384
1403715544212143104.000000 -0.376089334 4.155247688 -1.796605229 -0.520500481 0.017575016 0.142303735 0.841736317
1403715544262142976.000000 -0.403739631 4.119820595 -1.798918009 0.536815643 -0.016136877 -0.157212645 -0.828765869
1403715544312143104.000000 -0.434866011 4.082821846 -1.798941493 -0.553621113 0.015270093 0.172929093 0.814472914
1403715544362142976.000000 -0.468474150 4.043475151 -1.797551155 -0.570292234 0.014984651 0.188578993 0.799362421
1403715544412143104.000000 -0.509291768 4.000282288 -1.795020819 -0.586259604 0.015942333 0.203763708 0.783917010
1403715544462142976.000000 -0.546634197 3.957709789 -1.791247487 -0.602472603 0.017261431 0.215682924 0.768251121
1403715544512143104.000000 -0.583853662 3.913854122 -1.787331223 0.617775977 -0.017746748 -0.225392029 -0.753151000
1403715544562142976.000000 -0.621909618 3.868590355 -1.781565666 -0.631364882 0.018731022 0.233503833 0.739258826
1403715544612143104.000000 -0.653266251 3.823177338 -1.778589487 0.642977536 -0.019352386 -0.239294007 -0.727285206
1403715544662142976.000000 -0.681290686 3.776665688 -1.774872422 -0.652112901 0.019344926 0.243508965 0.717689335
1403715544712143104.000000 -0.700808167 3.730253696 -1.775207639 -0.660821617 0.021102460 0.241979212 0.710151851
1403715544762142976.000000 -0.714026868 3.683129787 -1.777261138 -0.667641044 0.023938728 0.239116788 0.704631567
1403715544812143104.000000 -0.720610023 3.634510756 -1.781217456 -0.672710598 0.026061043 0.236065254 0.700752854
1403715544862142976.000000 -0.721734703 3.584403992 -1.783276081 -0.676299036 0.027274473 0.233261630 0.698186755
1403715544912143104.000000 -0.716256082 3.532382250 -1.790627003 -0.677572787 0.026683873 0.233081624 0.697033763
1403715544962142976.000000 -0.707904816 3.478567839 -1.798448682 -0.677603185 0.023715874 0.235089362 0.696437061
1403715545012143104.000000 -0.698635697 3.423300266 -1.806114078 -0.677466393 0.018932654 0.238398477 0.695591152
1403715545062142976.000000 -0.689018309 3.366757870 -1.813568830 -0.678259432 0.015578430 0.241502240 0.693828583
1403715545112143104.000000 -0.679750085 3.311892986 -1.823698759 0.680391788 -0.011933262 -0.244426787 -0.690782368
1403715545162142976.000000 -0.670712531 3.253738642 -1.822602987 -0.683388412 0.008729178 0.247230798 0.686863184
1403715545212143104.000000 -0.666209161 3.194728136 -1.827495337 -0.687202632 0.006814751 0.250795245 0.681768179
1403715545262142976.000000 -0.664615512 3.135508537 -1.830989957 -0.691544831 0.003889251 0.254540861 0.675987899
1403715545312143104.000000 -0.665378571 3.075901985 -1.833049178 -0.696360111 0.002445316 0.258742422 0.669424415
1403715545362142976.000000 -0.666926801 3.020091534 -1.830698252 -0.700751960 0.003400951 0.263342023 0.663012981
1403715545412143104.000000 -0.670969903 2.959971905 -1.830767632 -0.703506649 0.008681936 0.269672066 0.657480180
1403715545462142976.000000 -0.673693419 2.899668217 -1.830580473 -0.705082595 0.015154543 0.277108908 0.652563810
1403715545512143104.000000 -0.675652444 2.839373589 -1.831108689 -0.705774844 0.022600219 0.284814715 0.648268282
1403715545562142976.000000 -0.677450478 2.780090809 -1.833583713 -0.706519961 0.028670415 0.291853338 0.644072413
1403715545612143104.000000 -0.672992826 2.728614807 -1.832657695 -0.706904173 0.035349477 0.297514558 0.640719950
1403715545662142976.000000 -0.671504796 2.668631315 -1.839350343 -0.706807494 0.039934292 0.301458120 0.638710797
1403715545712143104.000000 -0.670389533 2.608525276 -1.847999215 -0.706012845 0.042540662 0.303487182 0.638460457
1403715545762142976.000000 -0.670475781 2.548224926 -1.858703017 -0.704998553 0.042197276 0.303896368 0.639408767
1403715545812143104.000000 -0.671368539 2.487789392 -1.871137977 -0.703629434 0.039525013 0.302073956 0.641946077
1403715545862142976.000000 -0.672492146 2.427439690 -1.885359883 -0.701407790 0.037136573 0.298422009 0.646213830
1403715545912143104.000000 -0.674853623 2.369585037 -1.900053144 -0.698363245 0.031168057 0.293200791 0.652189195
1403715545962142976.000000 -0.675757885 2.308710098 -1.913010120 -0.694054782 0.025644943 0.285645992 0.660330772
1403715546012143104.000000 -0.677182078 2.248831749 -1.929796100 -0.687821388 0.019470753 0.277871549 0.670306027
1403715546062142976.000000 -0.678180993 2.189111233 -1.947226524 -0.679912329 0.014942494 0.269559592 0.681787074
1403715546112143104.000000 -0.675984561 2.148049116 -1.957728148 -0.669923961 0.010710630 0.261330456 0.694833517
1403715546162142976.000000 -0.677916825 2.064793110 -1.985284925 -0.656710804 0.009046004 0.256140202 0.709254086
1403715546212143104.000000 -0.677622080 2.012139082 -1.997727633 -0.642880738 0.007967333 0.248746008 0.724407613
1403715546262142976.000000 -0.676879525 1.953952551 -2.014122009 -0.626808345 0.007218745 0.243198320 0.740212023
1403715546312143104.000000 -0.675488472 1.896598577 -2.030642509 -0.609789312 0.007065115 0.237871110 0.755992353
1403715546362142976.000000 -0.673131287 1.838953495 -2.046596050 -0.592234910 0.007134158 0.231520608 0.771754622
1403715546412143104.000000 -0.670735478 1.782328367 -2.062168121 -0.573457360 0.006052068 0.226704672 0.787219882
1403715546462142976.000000 -0.667703271 1.725667834 -2.078379154 -0.554372072 0.005802753 0.220891654 0.802399457
1403715546512143104.000000 -0.613329947 1.640459776 -2.089730024 0.535113573 -0.001132558 -0.218716621 -0.815975070
1403715546562142976.000000 -0.607535720 1.582247734 -2.102054358 0.515310645 -0.000737609 -0.212330192 -0.830283284
1403715546612143104.000000 -0.654385269 1.576352477 -2.113367319 -0.494716465 0.000632481 0.199603096 0.845821440
1403715546662142976.000000 -0.598709822 1.469687104 -2.128528595 0.474444121 0.007120419 -0.197729468 -0.857761741
1403715546712143104.000000 -0.650333285 1.463716388 -2.143010855 -0.452326655 -0.011379656 0.185581207 0.872256160
1403715546762142976.000000 -0.650292158 1.410634398 -2.158320427 -0.429668844 -0.021993473 0.180593148 0.884470046
1403715546812143104.000000 -0.650582969 1.359353304 -2.172979116 -0.406304359 -0.031940799 0.177788317 0.895705342
1403715546862142976.000000 -0.650328875 1.310248375 -2.187050343 -0.383217067 -0.038955335 0.174879745 0.906114936
1403715546912143104.000000 -0.649351776 1.263870478 -2.200681210 -0.360750794 -0.042392042 0.171101704 0.915852666
1403715546962142976.000000 -0.647773147 1.220690370 -2.213726759 -0.340464890 -0.047566518 0.160194650 0.925288498
1403715547012143104.000000 -0.645869553 1.183338165 -2.227907658 -0.321181595 -0.051381435 0.146940276 0.934136450
1403715547062142976.000000 -0.642758250 1.143097639 -2.236096382 -0.301762521 -0.054824561 0.134986728 0.942184865
1403715547112143104.000000 -0.639226019 1.107547283 -2.244106770 -0.281774044 -0.056660220 0.124056421 0.949738443
1403715547162142976.000000 -0.634893239 1.073865652 -2.250070333 -0.261967510 -0.057690628 0.112768628 0.956727862
1403715547212143104.000000 -0.629771352 1.041669130 -2.253374338 -0.241828665 -0.058134936 0.101804025 0.963210940
1403715547262142976.000000 -0.623487115 1.011106014 -2.253904104 -0.222538784 -0.058666606 0.089970127 0.968989313
1403715547312143104.000000 -0.615452588 0.976845801 -2.248419523 -0.203750432 -0.059821371 0.078813531 0.974010110
1403715547362142976.000000 -0.607745528 0.946972489 -2.242485523 -0.185359135 -0.061157983 0.069639504 0.978290379
1403715547412143104.000000 -0.598146617 0.907382190 -2.225624800 -0.167325944 -0.063919924 0.062644564 0.981830955
1403715547462142976.000000 -0.587463558 0.872543871 -2.208649635 -0.149644345 -0.068312488 0.056888808 0.984735370
1403715547512143104.000000 -0.578240037 0.841891050 -2.191743851 -0.131961808 -0.072101176 0.051625598 0.987280250
1403715547562142976.000000 -0.564857721 0.806421995 -2.166454554 -0.114009984 -0.075465508 0.044364564 0.989615321
1403715547612143104.000000 -0.552813470 0.775191844 -2.141329527 -0.095434889 -0.077544823 0.036667619 0.991733074
1403715547662142976.000000 -0.539192677 0.741655231 -2.113518476 -0.077096678 -0.079469025 0.028001191 0.993457019
1403715547712143104.000000 -0.458450228 0.660145640 -2.078698874 0.059366427 0.081417173 -0.025005367 -0.994596243
1403715547762142976.000000 -0.441702098 0.626365006 -2.042408228 0.041338097 0.082165748 -0.016019693 -0.995632112
1403715547812143104.000000 -0.423017234 0.587818444 -2.002662420 0.023398532 0.082398444 -0.007993348 -0.996292710
1403715547862142976.000000 -0.403474212 0.553323627 -1.958173513 0.005379878 0.081777178 -0.001001473 -0.996635616
1403715547912143104.000000 -0.383200496 0.501007318 -1.910758257 -0.011545640 0.077554472 0.006786910 -0.996898234
1403715547962142976.000000 -0.361125797 0.461741745 -1.858885646 -0.027781336 0.071002528 0.011988658 -0.997017145
1403715548012143104.000000 -0.337898701 0.420253962 -1.804272532 -0.042054739 0.061751727 0.013929301 -0.997107923
1403715548062142976.000000 -0.315069139 0.377066672 -1.748108149 -0.053126268 0.050433580 0.017565783 -0.997158706
1403715548112143104.000000 -0.291108370 0.331561059 -1.690066814 -0.061523713 0.037773546 0.021557532 -0.997157633
1403715548162142976.000000 -0.270174563 0.282407999 -1.632048607 -0.067703031 0.027354229 0.024988547 -0.997017384
1403715548212143104.000000 -0.249282882 0.236132368 -1.574441433 -0.071728565 0.018348454 0.028793976 -0.996839643
1403715548262142976.000000 -0.229412660 0.188613236 -1.516769528 -0.073930226 0.010660994 0.032429948 -0.996679008
1403715548312143104.000000 -0.211113662 0.141738892 -1.456311464 -0.075388543 0.004856296 0.034598261 -0.996541977
1403715548362142976.000000 -0.195432663 0.094137877 -1.395047784 -0.075604774 0.002602912 0.035584897 -0.996499300
1403715548412143104.000000 -0.182538658 0.047025897 -1.333734274 -0.074614875 0.000874293 0.037581898 -0.996503651
1403715548462142976.000000 -0.171790794 -0.001244555 -1.270833373 -0.073661283 0.001300559 0.036935601 -0.996598303
1403715548512143104.000000 -0.161167547 -0.050700314 -1.208424687 -0.072784729 0.001808869 0.035400137 -0.996717632
1403715548562142976.000000 -0.150359273 -0.099017844 -1.146153808 -0.072223961 0.002674851 0.031065954 -0.996900916
1403715548612143104.000000 -0.139285222 -0.147139639 -1.086867094 -0.071433246 0.003828852 0.027110044 -0.997069597
1403715548662142976.000000 -0.127490789 -0.195803255 -1.027588129 -0.070041537 0.004594043 0.023609158 -0.997254074
1403715548712143104.000000 -0.115644313 -0.244589746 -0.970706105 -0.068567865 0.004591785 0.020272132 -0.997429907
1403715548762142976.000000 -0.102872826 -0.292898178 -0.913005888 -0.067078814 0.004174348 0.017693002 -0.997582078
1403715548812143104.000000 -0.090324134 -0.341669947 -0.854940653 -0.065234967 0.005012965 0.015486318 -0.997737169
1403715548862142976.000000 -0.075759239 -0.391002506 -0.797051132 -0.063095368 0.004352549 0.014169679 -0.997897446
1403715548912143104.000000 -0.062350214 -0.439677984 -0.740935147 -0.061564084 0.003599652 0.011827580 -0.998026609
1403715548962142976.000000 -0.047971085 -0.488869399 -0.682574868 -0.061714623 0.002761721 0.011238455 -0.998026788
1403715549012143104.000000 -0.033587433 -0.538105488 -0.626325667 -0.063623056 0.001598436 0.011543497 -0.997906029
1403715549062142976.000000 -0.020208571 -0.589351296 -0.570325077 -0.067489982 -0.000600068 0.012923105 -0.997636080
1403715549112143104.000000 -0.005990818 -0.639747560 -0.514655411 -0.072950408 -0.005528496 0.013467291 -0.997229338
1403715549162142976.000000 0.009205380 -0.691195428 -0.460771799 -0.077983409 -0.013074719 0.015432441 -0.996749461
1403715549212143104.000000 0.021496957 -0.740891516 -0.409672529 0.082690254 0.021243870 -0.017094893 0.996202171
1403715549262142976.000000 0.034442104 -0.791503489 -0.357960522 0.087335408 0.029514302 -0.017919054 0.995580375
1403715549312143104.000000 0.046673518 -0.841228724 -0.307436436 0.091217868 0.036191683 -0.019556487 0.994980931
1403715549362142976.000000 0.058075689 -0.891608596 -0.258697659 0.097116411 0.040582255 -0.015046435 0.994331479
1403715549412143104.000000 0.067793407 -0.940643191 -0.209888309 0.102907293 0.040873606 -0.009374911 0.993806601
1403715549462142976.000000 0.076310463 -0.988331497 -0.163883016 0.108839758 0.038237859 -0.002730447 0.993319809
1403715549512143104.000000 0.084719822 -1.034640551 -0.118189268 0.113647580 0.033843894 0.002512377 0.992941380
1403715549562142976.000000 0.091259986 -1.077773690 -0.074976176 0.118013710 0.025824042 0.007202570 0.992650092
1403715549612143104.000000 0.098168135 -1.118788958 -0.031320173 0.120797120 0.018024351 0.013058407 0.992427707
1403715549662142976.000000 0.104667425 -1.157478929 0.011434759 0.121235631 0.009446464 0.019221948 0.992392719
1403715549712143104.000000 0.111797787 -1.192614317 0.053045858 0.119003534 0.005138898 0.026701590 0.992521465
1403715549762142976.000000 0.119269416 -1.224680901 0.092830293 0.114392877 0.003604479 0.033871144 0.992851555
1403715549812143104.000000 0.128312394 -1.252205968 0.134014413 0.107105806 0.004942199 0.040989228 0.993390083
1403715549862142976.000000 0.137575224 -1.276375175 0.173579425 0.098071732 0.006727163 0.048607945 0.993968844
1403715549912143104.000000 0.146325603 -1.295756698 0.212435171 0.088347100 0.006763035 0.059166014 0.994308054
1403715549962142976.000000 0.156679630 -1.311351895 0.251583517 0.077293113 0.007040874 0.071963832 0.994382918
1403715550012143104.000000 0.166044950 -1.322189212 0.287856340 0.064537778 0.005876238 0.085009821 0.994270504
1403715550062142976.000000 0.175422445 -1.328140974 0.323053747 0.049229190 0.002915512 0.095734462 0.994184613
1403715550112143104.000000 0.185062006 -1.327593327 0.357481301 0.030853726 0.000335818 0.101644315 0.994342208
1403715550162142976.000000 0.196984127 -1.322003007 0.390954375 -0.010519597 0.002379761 -0.103503548 -0.994570673
1403715550212143104.000000 0.212026015 -1.311817884 0.421523780 0.009935261 0.004024201 -0.104737245 -0.994442165
1403715550262142976.000000 0.230525002 -1.296701193 0.451535523 0.030175548 0.006675927 -0.105535850 -0.993935168
1403715550312143104.000000 0.252168924 -1.276981354 0.479226142 0.049740825 0.009032113 -0.106942683 -0.992979169
1403715550362142976.000000 0.278313965 -1.254354000 0.506275117 0.069266975 0.009123202 -0.108235233 -0.991667330
1403715550412143104.000000 0.307002455 -1.227523208 0.531682372 0.089553773 0.008258277 -0.108170182 -0.990056157
1403715550462142976.000000 0.336719692 -1.199311852 0.555457354 0.110455088 0.007096966 -0.107701108 -0.988002956
1403715550512143104.000000 0.365727335 -1.167691588 0.578414977 0.131079242 0.005516399 -0.108546555 -0.985396087
1403715550562142976.000000 0.393513560 -1.135262489 0.602594554 0.151026264 0.005085442 -0.111363821 -0.982223690
1403715550612143104.000000 0.418719172 -1.101355553 0.627212644 0.169619098 0.004067299 -0.117516823 -0.978469551
1403715550662142976.000000 0.441672266 -1.065943599 0.651843488 0.187379092 0.002409075 -0.126284659 -0.974133253
1403715550712143104.000000 0.460370541 -1.028516769 0.677269220 0.204778731 0.000407281 -0.136098966 -0.969300091
1403715550762142976.000000 0.474905580 -0.990272641 0.703617394 0.220814735 -0.002136369 -0.148465216 -0.963947296
1403715550812143104.000000 0.486087680 -0.950446725 0.731127679 0.236183167 -0.004814177 -0.161993131 -0.958098471
1403715550862142976.000000 0.493742377 -0.907536983 0.757111669 0.251439124 -0.007142127 -0.174873129 -0.951917470
1403715550912143104.000000 0.498181731 -0.864040613 0.783928156 0.266608983 -0.009652871 -0.187746882 -0.945292354
1403715550962142976.000000 0.499804139 -0.816899061 0.810925305 0.282496721 -0.012151728 -0.198547959 -0.938417137
1403715551012143104.000000 0.500603735 -0.766846180 0.834178388 0.298942864 -0.013453732 -0.206841603 -0.931487381
1403715551062142976.000000 0.502376676 -0.714683414 0.854087710 0.317402780 -0.014100963 -0.209902987 -0.924660683
1403715551112143104.000000 0.506742358 -0.658393621 0.870854020 0.335790604 -0.015019380 -0.212551847 -0.917518795
1403715551162142976.000000 0.513013184 -0.597917080 0.882177174 0.353967935 -0.015835153 -0.215197548 -0.910025239
1403715551212143104.000000 0.521179914 -0.535991073 0.891642094 0.370580137 -0.017643372 -0.221130401 -0.901920438
1403715551262142976.000000 0.532096446 -0.471279740 0.896434963 0.386940032 -0.021405447 -0.227749154 -0.893280268
1403715551312143104.000000 0.543514550 -0.404324651 0.897827387 0.402413249 -0.024821611 -0.237131968 -0.883864164
1403715551362142976.000000 0.554580390 -0.336325824 0.897497773 0.417932093 -0.027785985 -0.246165290 -0.874050021
1403715551412143104.000000 0.564098835 -0.265878439 0.894438207 0.433623254 -0.031364501 -0.254587859 -0.863812625
1403715551462142976.000000 0.572500885 -0.193658888 0.887842357 0.450157940 -0.035066884 -0.260905117 -0.853262365
1403715551512143104.000000 0.578548253 -0.118719280 0.878938675 0.466990799 -0.037839204 -0.265781701 -0.842524767
1403715551562142976.000000 0.583144307 -0.042926133 0.866996348 0.485328108 -0.040598497 -0.267053187 -0.831559360
1403715551612143104.000000 0.585439146 0.034609020 0.854434848 0.504258454 -0.041165542 -0.265610605 -0.820658147
1403715551662142976.000000 0.587279737 0.113229036 0.835126281 0.524205804 -0.043238886 -0.260903925 -0.809486210
1403715551712143104.000000 0.589888155 0.190906137 0.809493303 0.543976843 -0.046515711 -0.255816996 -0.797798932
1403715551762142976.000000 0.588969290 0.270565987 0.782342315 0.562481344 -0.049556125 -0.252477288 -0.785757124
1403715551812143104.000000 0.588484824 0.347399920 0.753479838 0.580221772 -0.055507403 -0.250256389 -0.773067474
1403715551862142976.000000 0.586574674 0.424743325 0.721443772 0.597037733 -0.062504806 -0.249029368 -0.760015368
1403715551912143104.000000 0.583715737 0.496300220 0.692041814 0.613352835 -0.071853839 -0.247200087 -0.746677697
1403715551962142976.000000 0.579835176 0.565611005 0.656509697 0.629857719 -0.076832235 -0.244477913 -0.733216703
1403715552012143104.000000 0.575585783 0.630746365 0.618969738 0.646611392 -0.077111997 -0.240736693 -0.719717562
1403715552062142976.000000 0.570198894 0.692819715 0.578247726 0.662877619 -0.070949838 -0.237744570 -0.706425488
1403715552112143104.000000 0.563007712 0.750057876 0.539817512 0.676827908 -0.067290932 -0.238817319 -0.693067312
1403715552162142976.000000 0.557142615 0.801995099 0.500127554 0.690365613 -0.061959703 -0.240294665 -0.679569662
1403715552212143104.000000 0.550433040 0.850906551 0.459982395 0.704225719 -0.060322590 -0.239559755 -0.665611327
1403715552262142976.000000 0.543606400 0.895317316 0.417813778 0.719140053 -0.058841374 -0.235996127 -0.650907993
1403715552312143104.000000 0.535463154 0.938571751 0.376397610 0.733655572 -0.060144704 -0.232698888 -0.635596871
1403715552362142976.000000 0.527156532 0.976622522 0.336725712 0.747728348 -0.059872415 -0.231233805 -0.619555175
1403715552412143104.000000 0.519069195 1.008644819 0.296892643 0.761443436 -0.058138583 -0.231680915 -0.602617502
1403715552462142976.000000 0.510815442 1.038827658 0.257582068 0.774788916 -0.057210479 -0.233065262 -0.584901512
1403715552512143104.000000 0.503224850 1.063171744 0.219735384 0.787735879 -0.058276713 -0.235100269 -0.566395581
1403715552562142976.000000 0.495385945 1.083820343 0.182177544 0.800092936 -0.060986761 -0.238242045 -0.547149599
1403715552612143104.000000 0.488741249 1.098157644 0.147485495 0.812451184 -0.065156296 -0.240926430 -0.526908219
1403715552662142976.000000 0.481002897 1.108591437 0.114403605 0.823921442 -0.070284024 -0.245608672 -0.505855680
1403715552712143104.000000 0.472911298 1.115018964 0.081259966 0.834827781 -0.074175254 -0.251610070 -0.483996958
1403715552762142976.000000 0.465385616 1.144837737 0.064344764 0.845540404 -0.077173240 -0.258061171 -0.460988283
1403715552812143104.000000 0.455991656 1.142221451 0.034756780 0.855541468 -0.079559699 -0.265061349 -0.437563330
1403715552862142976.000000 0.446177900 1.107208967 -0.006879568 0.864366591 -0.080676571 -0.274047613 -0.413835287
1403715552912143104.000000 0.438267052 1.120713353 -0.019357204 0.872553289 -0.084204540 -0.282535493 -0.389530748
1403715552962142976.000000 0.428427637 1.103117704 -0.044619679 0.878748775 -0.088274509 -0.293742418 -0.365682423
1403715553012143104.000000 0.418630302 1.080716133 -0.069027305 0.884291053 -0.093621328 -0.304241091 -0.341616422
1403715553062142976.000000 0.407680571 1.054721594 -0.093089938 0.889512956 -0.098886192 -0.313200921 -0.317637414
1403715553112143104.000000 0.396057069 1.022180438 -0.117031813 0.894883573 -0.101875462 -0.319949418 -0.294002235
1403715553162142976.000000 0.383616984 0.986643076 -0.142137766 0.901439428 -0.101800881 -0.322354138 -0.270428181
1403715553212143104.000000 0.372393340 0.945008695 -0.166078329 0.908386886 -0.101304434 -0.321594238 -0.247281000
1403715553262142976.000000 0.360513270 0.898928881 -0.190294802 0.914719105 -0.103767321 -0.319497406 -0.224594593
1403715553312143104.000000 0.348082811 0.849973381 -0.215691924 0.921865344 -0.103500180 -0.314193219 -0.201828405
1403715553362142976.000000 0.337302595 0.773354232 -0.250586033 0.929918170 -0.100622743 -0.305319160 -0.178626686
1403715553412143104.000000 0.326025307 0.734951317 -0.260032088 0.937979341 -0.095732383 -0.294511378 -0.155862331
1403715553462142976.000000 0.318811327 0.649788320 -0.291397721 0.946400404 -0.084894106 -0.281978130 -0.132694200
1403715553512143104.000000 0.307062745 0.600543797 -0.297441036 0.953527749 -0.076893605 -0.269698411 -0.110158920
1403715553562142976.000000 0.298148841 0.507587314 -0.321684957 0.958928943 -0.066675588 -0.261141896 -0.088400982
1403715553612143104.000000 0.286600828 0.453106761 -0.320655733 0.962667584 -0.058143545 -0.255287319 -0.068694040
1403715553662142976.000000 0.280071437 0.354773551 -0.336811900 0.964917243 -0.047836859 -0.252942652 -0.051637840
1403715553712143104.000000 0.273975432 0.277693272 -0.328080535 0.965116322 -0.040387481 -0.255885065 -0.037978243
1403715553762142976.000000 0.268392146 0.201347589 -0.318905771 0.962814391 -0.030745737 -0.267049730 -0.026974207
1403715553812143104.000000 0.268113613 0.128001794 -0.307616532 0.958701491 -0.021434778 -0.283023894 -0.018152092
1403715553862142976.000000 0.265344888 0.050396565 -0.293460667 0.954186022 -0.012310670 -0.298738092 -0.011535206
1403715553912143104.000000 0.264743328 -0.026712142 -0.276843995 0.949784279 -0.003603415 -0.312814504 -0.006633579
1403715553962142976.000000 0.265338123 -0.102859683 -0.258539677 0.944738507 0.001797144 -0.327802271 -0.003396647
1403715554012143104.000000 0.266612440 -0.177835971 -0.239414632 0.938903391 0.003841754 -0.344158053 -0.000988360
1403715554062142976.000000 0.267661870 -0.251419574 -0.219645470 0.932195246 0.003319375 -0.361940742 0.000140051
1403715554112143104.000000 0.268887311 -0.323922873 -0.200434595 0.925055206 0.002508295 -0.379823834 0.000703978
1403715554162142976.000000 0.270166218 -0.395319104 -0.182624385 0.917807877 0.003280615 -0.397011042 0.000555953
1403715554212143104.000000 0.271594763 -0.465556473 -0.167883068 0.911849916 0.002600816 -0.410515457 0.000184419
1403715554262142976.000000 0.272696882 -0.534673810 -0.157070890 0.907024205 0.004792650 -0.421050102 -0.000955576
1403715554312143104.000000 0.272678196 -0.602762699 -0.150235653 0.903292656 0.010222904 -0.428896964 -0.002303341
1403715554362142976.000000 0.270240813 -0.669682086 -0.147683889 0.901386797 0.022966316 -0.432376862 -0.004970358
1403715554412143104.000000 0.265046984 -0.734429657 -0.149264008 0.902207851 0.043117605 -0.429018110 -0.010266495
1403715554462142976.000000 0.258224875 -0.795996368 -0.154791832 0.906562090 0.076523133 -0.414636672 -0.019127987
1403715554512143104.000000 0.247577548 -0.853093505 -0.162142575 0.910726428 0.112914428 -0.396160960 -0.029734917
1403715554562142976.000000 0.233741671 -0.903995037 -0.169844806 0.913289070 0.151484579 -0.376030594 -0.039452504
1403715554612143104.000000 0.217626274 -0.946752012 -0.177269503 0.914815009 0.186590537 -0.354974627 -0.047860604
1403715554662142976.000000 0.198607326 -0.980508566 -0.183234379 0.914626122 0.215519920 -0.337725878 -0.054328054
1403715554712143104.000000 0.177844048 -1.003725290 -0.187009647 0.914187312 0.237033993 -0.323426813 -0.058920074
1403715554762142976.000000 0.156490386 -1.014622688 -0.188036844 0.913840175 0.253539026 -0.311099499 -0.061897017
1403715554812143104.000000 0.136605114 -1.011149883 -0.186796725 0.914400876 0.265999556 -0.298328102 -0.064154454
1403715554862142976.000000 0.120897174 -0.991357565 -0.182611644 0.917177677 0.267998546 -0.287497610 -0.065628491
1403715554912143104.000000 0.111490846 -0.953660607 -0.175604552 0.920999050 0.262915343 -0.279980987 -0.065169744
1403715554962142976.000000 0.110841662 -0.897981226 -0.165761545 0.926929235 0.252209097 -0.270372570 -0.063965276
1403715555012143104.000000 0.117119744 -0.826199055 -0.152002752 0.933998883 0.225673124 -0.270315647 -0.060392994
1403715555062142976.000000 0.130108505 -0.740638256 -0.134288922 0.940450191 0.186475605 -0.278710872 -0.055683400
1403715555112143104.000000 0.148963645 -0.643812716 -0.113738127 0.944944799 0.139134407 -0.291801125 -0.050725803
1403715555162142976.000000 0.171172485 -0.539476037 -0.090853587 0.945679843 0.089211732 -0.309232771 -0.045891795
1403715555212143104.000000 0.194488421 -0.430986941 -0.066176444 0.943529606 0.040111482 -0.326125771 -0.042249423
1403715555262142976.000000 0.026482463 -0.233639345 0.302911967 0.937635601 -0.014752639 -0.345080853 -0.039257139
1403715555312143104.000000 0.706476450 -1.011623144 1.059809327 -0.929590881 0.070952892 0.359343380 0.041217498
1403715555362142976.000000 0.753858685 -0.943736315 1.143020988 -0.923905790 0.100498110 0.367053449 0.039624419
1403715555412143104.000000 0.801110804 -0.882136762 1.226163268 -0.920924664 0.118286036 0.369369656 0.038369622
1403715555462142976.000000 0.851783216 -0.828954458 1.307730794 -0.922804475 0.119064383 0.364492595 0.037426345
1403715555512143104.000000 0.906156898 -0.784102142 1.388032436 -0.925895393 0.113232881 0.358500898 0.037057061
1403715555562142976.000000 0.964584231 -0.747308731 1.467227221 -0.929764509 0.100932181 0.352060765 0.037469387
1403715555612143104.000000 1.026745796 -0.717584252 1.545952797 -0.932798922 0.089828342 0.346887946 0.038546424
1403715555662142976.000000 1.092815757 -0.694403708 1.624923706 -0.934504628 0.078040324 0.344950765 0.040247761
1403715555712143104.000000 1.161958933 -0.676674485 1.704913855 -0.934583068 0.069270536 0.346359223 0.042325273
1403715555762142976.000000 1.233826995 -0.663675189 1.785839558 -0.932785630 0.070420042 0.350590408 0.045148242
1403715555812143104.000000 1.309134722 -0.655781627 1.867092609 -0.930149317 0.075828552 0.356053352 0.047942415
1403715555862142976.000000 2.062891722 -1.162374020 2.681389809 -0.927486420 0.084732801 0.360260695 0.052930016
1403715555912143104.000000 2.275426865 -1.177864432 2.809730291 0.926592231 -0.083269820 -0.363013238 -0.052101433
1403715555962142976.000000 2.400824547 -1.193978906 2.930492401 0.924579084 -0.087439701 -0.366824538 -0.054293193
1403715556012143104.000000 2.526851177 -1.215452313 3.053204536 0.921865940 -0.095264055 -0.371422738 -0.055974834
1403715556062142976.000000 2.652414322 -1.242411256 3.177727222 0.918017507 -0.107748307 -0.377309084 -0.057201467
1403715556112143104.000000 2.777768373 -1.275420547 3.304048061 0.915843666 -0.115863368 -0.380014092 -0.058269862
1403715556162142976.000000 2.903330326 -1.315141439 3.431815624 0.916604817 -0.119075112 -0.377088785 -0.058828920
1403715556212143104.000000 3.039221764 -1.355994940 3.563027382 0.918550670 -0.120735817 -0.371714383 -0.059296779
1403715556262142976.000000 3.168972492 -1.414242506 3.687751770 0.921117783 -0.119013511 -0.365718275 -0.060233667
1403715556312143104.000000 2.001187563 0.361971021 3.828604937 0.927847207 -0.118876547 -0.349894792 -0.050415192
1403715556362142976.000000 2.077565432 0.379493952 4.001558304 0.929468513 -0.114847980 -0.346662104 -0.052189372
1403715556412143104.000000 2.153481483 0.393137813 4.178997993 0.930997431 -0.109529369 -0.343980491 -0.054079026
1403715556462142976.000000 2.227544308 0.403861403 4.361809731 0.932462394 -0.099061117 -0.342846334 -0.056190219
1403715556512143104.000000 2.299007893 0.411934495 4.550249577 0.933860004 -0.080860652 -0.343472481 -0.058255825
1403715556562142976.000000 2.367152214 0.418594956 4.744454384 0.934806764 -0.062330905 -0.344385356 -0.060414974
1403715556612143104.000000 2.432473183 0.424416184 4.944354057 0.935117722 -0.047075454 -0.345612407 -0.062377367
1403715556662142976.000000 2.494667530 0.429845452 5.150758743 0.933980942 -0.035511605 -0.349705368 -0.064224228
1403715556712143104.000000 2.553466320 0.435386539 5.363145828 0.931938052 -0.026883563 -0.355553925 -0.065955818
1403715556762142976.000000 2.609732628 0.441480160 5.580473423 0.930266500 -0.018388858 -0.360108733 -0.067733079
1403715556812143104.000000 2.664631367 0.448378325 5.801903725 0.930641592 -0.008256682 -0.359206021 -0.069347687
1403715556862142976.000000 2.719019890 0.456731081 6.027605057 0.931172550 -0.000512758 -0.357696474 -0.070503749
1403715556912143104.000000 2.773778439 0.466713905 6.257473946 0.931924641 0.007955528 -0.355376005 -0.071841389
1403715556962142976.000000 2.828760386 0.478668451 6.491817951 0.932285368 0.013859367 -0.354102939 -0.072546840
1403715557012143104.000000 2.883255959 0.493240118 6.730645657 0.930637360 0.014086047 -0.358346552 -0.072825253
1403715557062142976.000000 2.937620401 0.510365963 6.973735332 0.927765667 0.011118398 -0.365805119 -0.072897270
1403715557112143104.000000 3.034049511 0.559870481 7.233990669 0.924371660 0.006583457 -0.374326319 -0.073304936
1403715557162142976.000000 3.141932249 0.700890303 7.474524021 0.920695305 0.000876916 -0.383252650 -0.073735088
1403715557212143104.000000 3.750082731 1.191009283 7.566158295 0.919572294 -0.004299329 -0.385138482 -0.077696167
1403715557262142976.000000 3.998291969 0.828932047 7.947264194 0.916095257 -0.007882991 -0.393859476 -0.074714027
1403715557312143104.000000 4.122041702 1.020810127 8.170528412 0.914373219 -0.009735266 -0.397839189 -0.074503541
1403715557362142976.000000 4.410837173 1.380227566 8.318161011 0.913468957 -0.011606646 -0.399714440 -0.075287536
1403715557412143104.000000 4.641280174 1.529606819 8.525948524 0.914328158 -0.012913539 -0.397864401 -0.074440047
1403715557462142976.000000 4.788142204 1.629330635 8.772109032 0.916675329 -0.012165750 -0.392637908 -0.073443167
1403715557512143104.000000 5.188147545 1.677549839 8.966975212 0.921615601 -0.009530746 -0.381157845 -0.072475351
1403715557562142976.000000 5.615416527 1.649096489 9.174178123 0.926799059 -0.005788029 -0.368740112 -0.070999086
1403715557612143104.000000 5.797955513 1.757764816 9.416589737 0.930811644 -0.000636321 -0.358756661 -0.069878675
1403715557662142976.000000 5.984052658 1.870819092 9.662088394 0.934709549 0.004199350 -0.348657250 -0.068837486
1403715557712143104.000000 6.173727989 1.988508224 9.911340714 0.938039482 0.009460252 -0.339817315 -0.067205749
1403715557762142976.000000 6.864476681 1.439015865 10.185414314 0.940571249 0.011043711 -0.333397865 -0.063637234
1403715557812143104.000000 7.082601070 1.539958000 10.437920570 0.941648424 0.008791698 -0.330810606 -0.061525095
1403715557862142976.000000 7.307585239 1.645115376 10.694455147 0.942009509 0.005673285 -0.330333084 -0.058873318
1403715557912143104.000000 7.539770603 1.754374981 10.954893112 0.942060828 0.002680050 -0.330724895 -0.055994816
1403715557962142976.000000 7.779808044 1.867833138 11.218858719 0.942358494 -0.000078274 -0.330397069 -0.052899510
1403715558012143104.000000 8.027249336 1.985294342 11.486936569 0.942775786 -0.002741954 -0.329635680 -0.050067618
1403715558062142976.000000 8.282127380 2.106467247 11.758796692 0.943092287 -0.003204786 -0.329113811 -0.047443513
1403715558112143104.000000 8.544002533 2.231460571 12.034309387 0.942752421 -0.004438879 -0.330412388 -0.045009986
1403715558162142976.000000 8.812803268 2.360419750 12.313283920 0.942396343 -0.004589022 -0.331676304 -0.043116104
1403715558212143104.000000 9.086750031 2.493073940 12.596713066 0.941888332 -0.000675798 -0.333374590 -0.041318838
1403715558262142976.000000 9.365242004 2.629646778 12.884419441 0.941902399 0.003491257 -0.333501190 -0.039807953
1403715558312143104.000000 9.647986412 2.770230770 13.176392555 0.942732751 0.011828643 -0.331097692 -0.038593505
1403715558362142976.000000 9.934764862 2.915474892 13.473194122 0.944718778 0.017790424 -0.325243622 -0.037505642
1403715558412143104.000000 10.225656509 3.065876007 13.774848938 0.947271228 0.022333443 -0.317495555 -0.037081301
1403715558462142976.000000 10.519430161 3.221893311 14.082122803 0.950689793 0.018718587 -0.307356328 -0.037022371
1403715558512143104.000000 10.815597534 3.382714272 14.396099091 0.954866469 0.013721418 -0.294375956 -0.037210714
