1403715387912143104.000000 1.886602163 -0.616052806 0.769577742 -0.015368610 0.810356677 -0.042026252 0.584225833
1403715388162142976.000000 1.926427484 -0.391430020 0.719076395 -0.016449176 0.813343108 -0.044622466 0.579837322
1403715388412143104.000000 2.030194521 -0.181971103 0.703899384 -0.024054602 0.820578158 -0.047784120 0.569024980
1403715388812143104.000000 -0.017740527 0.117282569 0.040282976 0.000736810 0.001872351 -0.000855099 0.999997616
1403715388862142976.000000 -0.010059493 0.054101054 0.036970370 -0.004377230 0.001049597 -0.003426854 0.999984026
1403715388912143104.000000 -0.010981834 0.067148328 0.044133797 -0.005961064 0.001616909 -0.005865770 0.999963760
1403715388962142976.000000 -0.013949780 0.078810818 0.052714929 -0.007154433 0.003085686 -0.007316021 0.999942958
1403715389012143104.000000 -0.015727777 0.089925922 0.062382612 -0.008627870 0.004123460 -0.008579039 0.999917507
1403715389062142976.000000 -0.018805476 0.308722407 0.099142410 0.002664162 0.005285620 -0.006504023 0.999961317
1403715389112143104.000000 -0.013900608 0.113867201 0.072260588 -0.010762731 0.006394513 -0.011321642 0.999857605
1403715389162142976.000000 -0.028182736 0.201793268 0.088910177 -0.007643790 0.011038420 -0.011761068 0.999840736
1403715389212143104.000000 -0.014074629 0.346394062 0.115407281 0.000450663 0.008247252 -0.011650904 0.999898016
1403715389262142976.000000 -0.026414411 0.224890903 0.101164341 -0.010125482 0.014008002 -0.016677449 0.999711573
1403715389312143104.000000 0.031698890 0.490376264 0.142550275 0.003763447 0.006248375 -0.016250236 0.999841392
1403715389362142976.000000 0.034352064 0.500640035 0.148844212 0.002766671 0.006743364 -0.018368654 0.999804735
1403715389412143104.000000 0.037347306 0.512359321 0.152329490 0.002007992 0.007172531 -0.019916248 0.999773979
1403715389462142976.000000 -0.015787708 0.268776327 0.120347112 -0.014091265 0.015309841 -0.022525998 0.999529719
1403715389512143104.000000 0.038703315 0.531228721 0.162989274 0.000415649 0.007939549 -0.019964205 0.999769151
1403715389562142976.000000 0.075107232 0.656457245 0.185726508 0.006818280 0.005790950 -0.019107951 0.999777377
1403715389612143104.000000 0.075702973 0.667695463 0.192144766 0.008209183 0.006914252 -0.016754199 0.999802053
1403715389662142976.000000 0.077112108 0.676972747 0.196605220 0.010534591 0.007489854 -0.014639140 0.999809325
1403715389712143104.000000 0.081042498 0.684869468 0.199263334 0.013507682 0.006762926 -0.014466933 0.999781251
1403715389762142976.000000 0.081004515 0.692518115 0.205709353 0.017591167 0.007367847 -0.014230419 0.999716878
1403715389812143104.000000 0.096690252 0.780095398 0.238900915 0.027811993 0.006799579 -0.015008906 0.999477386
1403715389862142976.000000 0.097143598 0.788031578 0.244017154 0.033787034 0.005581841 -0.017091895 0.999267340
1403715389912143104.000000 0.099301808 0.795246005 0.248135105 0.040393572 0.002470161 -0.020312775 0.998974323
1403715389962142976.000000 0.101345524 0.803223014 0.253092736 0.047063552 -0.001229507 -0.023167172 0.998622477
1403715390012143104.000000 0.101187609 0.809307516 0.259279341 0.053105794 -0.005471358 -0.027434310 0.998196959
1403715390062142976.000000 0.112952128 0.916836023 0.293456256 0.067632049 -0.009947032 -0.032125674 0.997143388
1403715390112143104.000000 0.112637766 0.924349725 0.298674017 0.074881539 -0.012842919 -0.037418306 0.996407449
1403715390162142976.000000 0.116236120 0.928927124 0.304694980 0.081400990 -0.016631538 -0.043779179 0.995580554
1403715390212143104.000000 0.115664780 0.932709396 0.311549217 0.088042051 -0.018258249 -0.051996272 0.994591177
1403715390262142976.000000 0.117240347 0.943910837 0.317772657 0.096888356 -0.021388154 -0.056746725 0.993446052
1403715390312143104.000000 0.140685827 1.076355100 0.364124328 0.114645481 -0.022226430 -0.061726660 0.991237760
1403715390362142976.000000 0.140162185 1.083357811 0.373293370 0.123682745 -0.021354398 -0.067521326 0.989791632
1403715390412143104.000000 0.141321421 1.086985826 0.380596519 0.130963758 -0.020368863 -0.074614823 0.988365471
1403715390462142976.000000 0.142558292 1.094296336 0.390366554 0.139416963 -0.018953858 -0.081093870 0.986725628
1403715390512143104.000000 0.144138217 1.100433111 0.396655291 0.147731349 -0.017296109 -0.088194840 0.984935522
1403715390562142976.000000 0.161958590 1.180941939 0.467003226 0.161354601 -0.015842525 -0.096073851 0.982081234
1403715390612143104.000000 0.161873266 1.183112741 0.477441132 0.169469953 -0.012227301 -0.102599181 0.980104029
1403715390662142976.000000 0.163521156 1.186370134 0.485351235 0.177989602 -0.010450630 -0.107284777 0.978110671
1403715390712143104.000000 0.162825271 1.191635728 0.496421397 0.188611194 -0.009888534 -0.107515864 0.976098537
1403715390762142976.000000 0.151891142 1.122904301 0.440150172 0.194359586 -0.011105068 -0.105989978 0.975124180
1403715390812143104.000000 0.186525345 1.247012377 0.580566287 0.212826669 -0.014236087 -0.106979720 0.971111536
1403715390862142976.000000 0.186990723 1.247306705 0.588999331 -0.219928607 0.015956625 0.105929524 -0.969616294
1403715390912143104.000000 0.187350094 1.246612787 0.597405732 -0.224779010 0.017319029 0.106520258 -0.968415201
1403715390962142976.000000 0.187780738 1.244970679 0.605932772 -0.228728592 0.019028721 0.106053948 -0.967509031
1403715391012143104.000000 0.207772985 1.277060747 0.679260433 0.236997023 -0.022434179 -0.105715074 0.965480983
1403715391062142976.000000 0.191183165 1.268220305 0.688105464 -0.240661755 0.023170954 0.104068466 -0.964735568
1403715391112143104.000000 0.215139627 1.284956217 0.730720997 0.248138800 -0.026135659 -0.104210280 0.962748349
1403715391162142976.000000 0.219738021 1.287397504 0.757678986 0.255156964 -0.026922086 -0.102168202 0.961109698
1403715391212143104.000000 0.224940196 1.289195061 0.785585701 0.261868477 -0.027263587 -0.101139016 0.959402204
1403715391262142976.000000 0.235092744 1.290310144 0.818155944 -0.267994821 0.026216947 0.099168755 -0.957944214
1403715391312143104.000000 0.250869423 1.298526287 0.850433350 0.273428231 -0.025226081 -0.098137923 0.956540465
1403715391362142976.000000 0.259205788 1.299643517 0.882542729 0.276756018 -0.023698507 -0.098150283 0.955620766
1403715391412143104.000000 0.267929137 1.302093267 0.912988126 0.279059708 -0.022600926 -0.098897919 0.954900086
1403715391462142976.000000 0.276618421 1.303648353 0.946512282 0.280532867 -0.022862626 -0.099058487 0.954445422
1403715391512143104.000000 0.285829276 1.305038691 0.981319368 0.281281739 -0.022915304 -0.099733405 0.954153419
1403715391562142976.000000 0.301677614 1.311923146 1.021989107 0.283198774 -0.023113847 -0.099340282 0.953622460
1403715391612143104.000000 0.311754555 1.312891603 1.058415413 0.286120713 -0.024188053 -0.096956626 0.952968717
1403715391662142976.000000 0.323185027 1.314020634 1.095662951 0.289498061 -0.024163647 -0.095403120 0.952105701
1403715391712143104.000000 0.336931318 1.317298770 1.129737139 0.293220460 -0.023088617 -0.095852420 0.950947464
1403715391762142976.000000 0.353938490 1.318729043 1.166833520 0.297708035 -0.021606265 -0.097080432 0.949462235
1403715391812143104.000000 0.374394745 1.320031881 1.204071760 -0.302003652 0.019318409 0.101298302 -0.947712660
1403715391862142976.000000 0.397859573 1.322002649 1.241233945 0.306274146 -0.017131202 -0.107767671 0.945668459
1403715391912143104.000000 0.434094816 1.329721212 1.288187623 0.311399698 -0.016211057 -0.113990583 0.943278134
1403715391962142976.000000 0.461207718 1.331436276 1.325164795 0.314995587 -0.016263245 -0.119543083 0.941394091
1403715392012143104.000000 0.487943441 1.332873464 1.362463593 -0.317631125 0.019281326 0.124375120 -0.939824224
1403715392062142976.000000 0.514404058 1.333931684 1.400177360 -0.320272624 0.021001313 0.127959982 -0.938408613
1403715392112143104.000000 0.547719479 1.338318825 1.444408774 0.322716594 -0.023267649 -0.130173236 0.937212706
1403715392162142976.000000 0.573569298 1.338143110 1.483441114 0.324663520 -0.024318302 -0.131885543 0.936273754
1403715392212143104.000000 0.599626362 1.337193727 1.522872329 0.327767700 -0.024033761 -0.132645980 0.935091376
1403715392262142976.000000 0.625898004 1.335783005 1.561212063 -0.332092971 0.022159273 0.133921191 -0.933428288
1403715392312143104.000000 0.659867227 1.335014343 1.609749198 0.338333696 -0.020168874 -0.135049656 0.931066632
1403715392362142976.000000 0.686371624 1.330790162 1.649762511 0.345504105 -0.014768331 -0.136629492 0.928300202
1403715392412143104.000000 0.713357210 1.326166630 1.689580798 0.354431242 -0.006434898 -0.135979220 0.925119877
1403715392462142976.000000 0.740462840 1.321345806 1.729262948 0.364050835 0.003815228 -0.135293394 0.921492398
1403715392512143104.000000 0.774371564 1.318227291 1.778490782 0.373900622 0.011759834 -0.137290746 0.917175770
1403715392562142976.000000 0.798298359 1.314304352 1.816952825 0.383080333 0.015937356 -0.140355170 0.912850499
1403715392612143104.000000 0.820647240 1.310781717 1.854788661 0.391692936 0.016709417 -0.145095363 0.908429861
1403715392662142976.000000 0.841935515 1.307930827 1.891687155 0.401244968 0.017894035 -0.148848236 0.903618634
1403715392712143104.000000 0.871162653 1.305447817 1.940269828 0.411442131 0.019187892 -0.152378589 0.898403049
1403715392762142976.000000 0.890256405 1.304096460 1.975573778 0.420927376 0.019385125 -0.156348750 0.893308163
1403715392812143104.000000 0.908128500 1.302916765 2.010165215 0.429848403 0.016465288 -0.162552282 0.887995601
1403715392862142976.000000 0.925055504 1.302062154 2.043627262 0.438638866 0.011319393 -0.169199973 0.882518709
1403715392912143104.000000 0.942628503 1.301762581 2.077641487 0.447752595 0.007085952 -0.175735608 0.876689494
1403715392962142976.000000 0.966966748 1.299716830 2.123623610 0.457324684 0.003058167 -0.183589846 0.870137691
1403715393012143104.000000 0.982900023 1.298596978 2.154505253 0.466890901 0.000826899 -0.189961165 0.863670647
1403715393062142976.000000 0.998884618 1.297044635 2.184535980 0.477227598 -0.001490606 -0.194476515 0.856989205
1403715393112143104.000000 1.014247298 1.294715047 2.213896751 0.487405419 -0.001613269 -0.200421065 0.849861622
1403715393162142976.000000 1.029832959 1.292187810 2.244236708 0.497609615 0.000540469 -0.207063839 0.842323601
1403715393212143104.000000 1.049529552 1.287088156 2.284509182 0.508593678 0.003179005 -0.214235216 0.833921909
1403715393262142976.000000 1.055711627 1.285038114 2.299441576 0.519456506 0.007014066 -0.218667105 0.826014876
1403715393312143104.000000 1.073849678 1.278633595 2.336979628 0.531623900 0.010316092 -0.223579153 0.816873312
1403715393362142976.000000 1.084972858 1.273747563 2.361286402 0.543318748 0.013202220 -0.228037000 0.807854950
1403715393412143104.000000 1.095306635 1.268506765 2.384308338 0.554603279 0.016178207 -0.233403817 0.798546374
1403715393462142976.000000 1.103945613 1.264357090 2.407126904 0.565768838 0.019090926 -0.238817558 0.788991332
1403715393512143104.000000 1.120060921 1.256760120 2.439857721 0.577735841 0.021752918 -0.243592739 0.778723776
1403715393562142976.000000 1.127100945 1.251431704 2.458178043 0.588931859 0.025098762 -0.248334646 0.768673718
1403715393612143104.000000 1.133026958 1.246161222 2.474448204 0.600611210 0.026751330 -0.251938730 0.758338571
1403715393662142976.000000 1.137653589 1.241346836 2.488857508 0.612958908 0.025355322 -0.253315091 0.747977316
1403715393712143104.000000 1.140085340 1.237185240 2.502783060 0.625200331 0.021119250 -0.254674017 0.737441301
1403715393762142976.000000 1.149278045 1.232246876 2.522294998 0.637569726 0.015257122 -0.256307185 0.726346254
1403715393812143104.000000 1.150425673 1.227560520 2.531588554 0.648814857 0.009858595 -0.258698255 0.715553880
1403715393862142976.000000 1.151415110 1.223047018 2.539765835 0.659820378 0.004453888 -0.260543942 0.704793692
1403715393912143104.000000 1.138889313 1.222007513 2.531364441 0.669038534 0.003118934 -0.263341486 0.695002913
1403715393962142976.000000 1.152460814 1.214735031 2.553883314 0.680121005 -0.001399911 -0.266448200 0.682963371
1403715394012143104.000000 1.152380109 1.210541964 2.559564590 0.690419853 -0.003618148 -0.268059403 0.671901524
1403715394062142976.000000 1.138591528 1.209564209 2.548184395 0.699604690 -0.003969406 -0.269509971 0.661741555
1403715394112143104.000000 1.151013851 1.201621532 2.568839073 0.710304081 -0.006116326 -0.273008913 0.648765683
1403715394162142976.000000 1.161739826 1.199844122 2.586009502 0.720505536 -0.005687071 -0.276980311 0.635705471
1403715394212143104.000000 1.145223379 1.198470831 2.570704460 0.729485869 -0.004041111 -0.279808134 0.624132633
1403715394262142976.000000 1.158694148 1.192213058 2.594132900 0.739780128 -0.005355625 -0.283963442 0.609968424
1403715394312143104.000000 1.157153726 1.188474178 2.597229719 0.749803066 -0.004870867 -0.285856634 0.596705735
1403715394362142976.000000 1.154834270 1.186338425 2.600254059 0.759650290 -0.001674526 -0.288257539 0.582954824
1403715394412143104.000000 1.152694941 1.187578440 2.599111319 0.769223213 0.001762302 -0.290037155 0.569360256
1403715394462142976.000000 1.151306510 1.184554100 2.599870920 0.778770924 0.006162852 -0.291592836 0.555384219
1403715394512143104.000000 1.149498582 1.182085514 2.600081682 0.787774801 0.010010306 -0.293703169 0.541340232
1403715394562142976.000000 1.140852094 1.178841352 2.600259781 0.796445787 0.012160962 -0.296188623 0.527066052
1403715394612143104.000000 1.157451510 1.176385164 2.605792999 0.805731297 0.010941230 -0.298679829 0.511339188
1403715394662142976.000000 1.153966546 1.177159071 2.604503632 0.814384222 0.009381496 -0.300628096 0.496299505
1403715394712143104.000000 1.149967313 1.178963423 2.602535486 0.822420299 0.007393486 -0.303584039 0.481047779
1403715394762142976.000000 1.128260016 1.186362267 2.594404697 0.829406440 0.005778376 -0.307354331 0.466459960
1403715394812143104.000000 1.140938282 1.186810493 2.597744942 0.836998403 0.001808009 -0.312256008 0.449362516
1403715394862142976.000000 1.144402981 1.194435358 2.596422672 0.844274938 -0.000728215 -0.316696018 0.432322741
1403715394912143104.000000 1.114282370 1.199730635 2.585334778 0.850840569 -0.000557555 -0.320654750 0.416233808
1403715394962142976.000000 1.134747267 1.204276085 2.588919640 0.858515918 -0.003390562 -0.325113207 0.396535486
1403715395012143104.000000 1.129848838 1.209336281 2.584404945 0.865269661 -0.003501207 -0.329319298 0.377948612
1403715395062142976.000000 1.124691725 1.214684129 2.579210758 0.872107506 -0.003681760 -0.332620412 0.358857393
1403715395112143104.000000 1.119429469 1.219949126 2.573281050 0.878644824 -0.003780850 -0.335236877 0.339978427
1403715395162142976.000000 1.114055634 1.225105166 2.566806078 0.884393394 -0.003589370 -0.338070780 0.321782023
1403715395212143104.000000 1.119909763 1.243437290 2.564308167 0.889541149 -0.006186295 -0.341192633 0.303753197
1403715395262142976.000000 1.114169359 1.248849392 2.556963921 0.894279718 -0.006158020 -0.343264431 0.287046224
1403715395312143104.000000 1.107674122 1.254544973 2.548785210 0.898596346 -0.005561396 -0.344993651 0.271059245
1403715395362142976.000000 1.100606680 1.260158777 2.540437460 0.902282834 -0.005128527 -0.346816927 0.256080776
1403715395412143104.000000 1.093057036 1.263970017 2.532952785 -0.905520678 0.005526340 0.348592490 -0.241836965
1403715395462142976.000000 1.084908962 1.287833214 2.529535532 0.908325136 -0.005427726 -0.349856228 0.229165092
1403715395512143104.000000 1.075545311 1.292592883 2.520649195 0.910965741 -0.006412452 -0.351291358 0.216089725
1403715395562142976.000000 1.065389872 1.297288775 2.511278391 0.913474977 -0.007725446 -0.352275580 0.203484386
1403715395612143104.000000 1.056759238 1.304152966 2.503908396 -0.915802836 0.009495914 0.352598101 -0.192067012
1403715395662142976.000000 1.057710171 1.321741819 2.495145082 0.917697966 -0.011284824 -0.354122788 0.179722726
1403715395712143104.000000 1.046116710 1.326568365 2.485531330 0.919091403 -0.010464789 -0.355809242 0.169001266
1403715395762142976.000000 1.033868790 1.331079245 2.475164175 0.920934081 -0.009452436 -0.355897129 0.158519208
1403715395812143104.000000 1.020809531 1.335532427 2.464191914 0.922323227 -0.007325100 -0.356421888 0.149096191
1403715395862142976.000000 1.007421374 1.340011477 2.452902317 0.923562169 -0.008926557 -0.356431693 0.141101971
1403715395912143104.000000 0.993405342 1.344493628 2.441307783 0.924512923 -0.011477345 -0.356345743 0.134765908
1403715395962142976.000000 0.983075500 1.351724148 2.430984735 -0.925292552 0.015746212 0.355860502 -0.130188629
1403715396012143104.000000 0.976439834 1.382599592 2.422122240 0.925942719 -0.021339316 -0.355347633 0.126106262
1403715396062142976.000000 0.962193370 1.387152791 2.409265041 0.926840782 -0.028498564 -0.353373528 0.123617135
1403715396112143104.000000 0.948461056 1.390583515 2.396667480 0.927507758 -0.034386076 -0.351574630 0.122239001
1403715396162142976.000000 0.937708259 1.394679189 2.384697437 -0.928374887 0.038387485 0.348918229 -0.122075915
1403715396212143104.000000 0.931125522 1.407246947 2.374214172 0.928937852 -0.040034603 -0.347117066 0.122398950
1403715396262142976.000000 0.919571042 1.406979918 2.361763477 0.929424107 -0.037720554 -0.345757067 0.123288520
1403715396312143104.000000 0.908032656 1.405331850 2.349114418 0.929488063 -0.032102771 -0.345756441 0.124394268
1403715396362142976.000000 0.896644235 1.402760267 2.336352110 0.929756641 -0.024782237 -0.345229119 0.125520557
1403715396412143104.000000 0.891758800 1.409512997 2.323921204 0.929763794 -0.019637449 -0.345276803 0.126244515
1403715396462142976.000000 0.880513668 1.406688809 2.312479258 0.929498315 -0.013932587 -0.346097708 0.126709357
1403715396512143104.000000 0.869341969 1.404223204 2.300863981 0.929754794 -0.009120543 -0.346009940 0.125499338
1403715396562142976.000000 0.858112097 1.402437925 2.289013386 0.930367827 -0.006297445 -0.345200121 0.123341225
1403715396612143104.000000 0.846677542 1.401510715 2.277322531 0.930864394 -0.003654105 -0.345104605 0.119920544
1403715396662142976.000000 0.836907268 1.406095028 2.266640425 -0.931884944 0.001993498 0.343862027 -0.115522914
1403715396712143104.000000 0.830030799 1.411520123 2.253341675 0.932676673 -0.001911357 -0.343520105 0.110020995
1403715396762142976.000000 0.817831695 1.413866282 2.243050098 0.932965159 -0.003610508 -0.344293952 0.104999192
1403715396812143104.000000 0.805684745 1.416925192 2.232844114 0.933114290 -0.006286546 -0.345324427 0.100046493
1403715396862142976.000000 0.793680668 1.420503616 2.222768307 0.932727814 -0.008161268 -0.347617269 0.095470630
1403715396912143104.000000 0.783053637 1.425326347 2.213799715 0.932101250 -0.009786827 -0.350290149 0.091587573
1403715396962142976.000000 0.769508719 1.429927349 2.204190016 0.930464804 -0.010247104 -0.355493635 0.088059880
1403715397012143104.000000 0.755427837 1.434324503 2.194396496 0.928702354 -0.012123067 -0.360703498 0.085194118
1403715397062142976.000000 0.741248727 1.438423157 2.184158087 0.926992953 -0.012742730 -0.365659654 0.082551695
1403715397112143104.000000 0.727955937 1.443275213 2.173973083 -0.925731778 0.014531091 0.369275838 -0.080279939
1403715397162142976.000000 0.711807370 1.443064690 2.159424782 0.924665689 -0.018030543 -0.372294039 0.077881284
1403715397212143104.000000 0.696792364 1.446602106 2.146296740 0.924132884 -0.023216244 -0.373616159 0.076488428
1403715397262142976.000000 0.681466103 1.449566126 2.132063627 0.923694015 -0.029918212 -0.374467820 0.075287484
1403715397312143104.000000 0.664570212 1.450267196 2.115002155 0.923859715 -0.036461700 -0.373647034 0.074442893
1403715397362142976.000000 0.649150252 1.450887084 2.098073721 0.924079597 -0.041470539 -0.372669965 0.073988006
1403715397412143104.000000 0.633561134 1.450053096 2.080017805 0.924217641 -0.044900712 -0.371963561 0.073816605
1403715397462142976.000000 0.617801905 1.447560787 2.060922861 0.924104691 -0.047512617 -0.372014761 0.073335685
1403715397512143104.000000 0.602326632 1.442953587 2.041038036 -0.924105167 0.048593018 0.371910840 -0.073149510
1403715397562142976.000000 0.584847450 1.436752558 2.019770384 0.924599469 -0.049608853 -0.370601892 0.072863586
1403715397612143104.000000 0.569699407 1.428337693 1.997312546 0.925379038 -0.050476070 -0.368574888 0.072652891
1403715397662142976.000000 0.555617809 1.417930126 1.973673582 0.926762402 -0.049450338 -0.365230292 0.072615497
1403715397712143104.000000 0.542292595 1.405363798 1.949062347 -0.928902447 0.047604658 0.360022575 -0.072511144
1403715397762142976.000000 0.527853966 1.393932104 1.925571203 0.930594146 -0.044657808 -0.355953008 0.072785899
1403715397812143104.000000 0.515992641 1.378997684 1.900195122 0.932178855 -0.042592656 -0.351956248 0.073179439
1403715397862142976.000000 0.504594564 1.362853527 1.874423742 0.933318079 -0.040161017 -0.349123180 0.073603973
1403715397912143104.000000 0.493664980 1.345688343 1.848502636 0.934412718 -0.036029637 -0.346503526 0.074230090
1403715397962142976.000000 0.483457208 1.328016043 1.822509766 0.936440170 -0.031718183 -0.341254294 0.074961998
1403715398012143104.000000 0.473782003 1.308897734 1.797392964 -0.938646019 0.026945233 0.335290223 -0.076145768
1403715398062142976.000000 0.460408509 1.289977551 1.769213676 0.940583646 -0.022989171 -0.329947025 0.076869555
1403715398112143104.000000 0.449514210 1.271656871 1.745693207 0.942205966 -0.019839812 -0.325273335 0.077792227
1403715398162142976.000000 0.438379645 1.253772020 1.723293781 0.943539143 -0.016975502 -0.321307331 0.078787431
1403715398212143104.000000 0.426780581 1.236335754 1.702713370 0.944007576 -0.014903962 -0.319754720 0.079903625
1403715398262142976.000000 0.414685547 1.219480991 1.684164166 0.943685651 -0.013960013 -0.320431828 0.081154384
1403715398312143104.000000 0.402369440 1.202877045 1.667529225 0.942825437 -0.012585806 -0.322653830 0.082561828
1403715398362142976.000000 0.392094254 1.185913086 1.652201533 -0.942152023 0.011204750 0.324154288 -0.084546819
1403715398412143104.000000 0.366297424 1.156198025 1.616243601 0.941313207 -0.013065361 -0.326363593 0.085121110
1403715398462142976.000000 0.354982972 1.141107559 1.603257179 0.940471709 -0.011420210 -0.328420073 0.086734600
1403715398512143104.000000 0.344190359 1.126625776 1.591342688 0.939833224 -0.009833033 -0.329812199 0.088547856
1403715398562142976.000000 0.334117711 1.112677813 1.579928041 0.939499438 -0.007708238 -0.330373973 0.090191469
1403715398612143104.000000 0.325890243 1.100232363 1.571035385 -0.940215886 0.006357132 0.327849537 -0.092024796
1403715398662142976.000000 0.314546347 1.080352902 1.553137779 0.940954804 -0.002521893 -0.325385600 0.093391627
1403715398712143104.000000 0.307760596 1.069375515 1.544655442 0.942038417 0.003254085 -0.321787566 0.094899014
1403715398762142976.000000 0.301805735 1.059596777 1.537054539 0.942921698 0.009631400 -0.318557322 0.096577905
1403715398812143104.000000 0.296429157 1.051432610 1.530798197 0.943415523 0.014685087 -0.316510409 0.097840860
1403715398862142976.000000 0.291364849 1.045096755 1.525432229 0.943606257 0.018839899 -0.315447122 0.098719425
1403715398912143104.000000 0.287428200 1.041846871 1.524448872 -0.943816006 -0.021475714 0.314430207 -0.099417567
1403715398962142976.000000 0.278252006 1.027742386 1.509520531 0.943811178 0.022074709 -0.314485937 0.099155203
1403715399012143104.000000 0.275967002 1.028076887 1.507967472 0.944069803 0.022974122 -0.313682586 0.099033803
1403715399062142976.000000 0.274278760 1.028672934 1.505962253 0.944026172 0.021769013 -0.314029187 0.098622441
1403715399112143104.000000 0.272824764 1.032873631 1.506581664 0.943593323 0.019111320 -0.315782160 0.097714305
1403715399162142976.000000 0.268755615 1.040580273 1.511059523 -0.943613827 -0.014787081 0.316315323 -0.096535034
1403715399212143104.000000 0.268353343 1.048703194 1.514379621 -0.943607688 -0.012262611 0.316798568 -0.095356509
1403715399262142976.000000 0.266347528 1.049547672 1.509039164 0.943789124 0.009606692 -0.316797644 0.093856968
1403715399312143104.000000 0.267996848 1.059949636 1.514696360 0.943277478 0.009524762 -0.318600535 0.092901520
1403715399362142976.000000 0.270676792 1.068789124 1.519002080 0.942283809 0.009764889 -0.321693748 0.092298329
1403715399412143104.000000 0.272745609 1.077872038 1.523344278 0.940759003 0.010697114 -0.326319307 0.091508955
1403715399462142976.000000 0.275325000 1.090646029 1.530392528 0.939679682 0.011692443 -0.329542935 0.090922289
1403715399512143104.000000 0.277630866 1.103601456 1.536987305 0.938902855 0.014504505 -0.331656098 0.090859048
1403715399562142976.000000 0.275943935 1.127025843 1.549984932 0.936792791 0.014369269 -0.337581307 0.090839073
1403715399612143104.000000 0.278816998 1.145394921 1.561182380 0.934020340 0.009491104 -0.345207363 0.091366790
1403715399662142976.000000 0.282103658 1.164866209 1.572087526 0.931315362 0.004896408 -0.352350622 0.092070013
1403715399712143104.000000 0.285052001 1.181118369 1.576144934 0.928766370 0.000699028 -0.358844250 0.092862219
1403715399762142976.000000 0.288407028 1.198358774 1.581006646 0.926771998 -0.001890196 -0.363683939 0.093937539
1403715399812143104.000000 0.291701078 1.216439247 1.585231304 0.925386429 -0.003745869 -0.366883367 0.095092610
1403715399862142976.000000 0.295510411 1.235896230 1.589544058 0.924350739 -0.004575749 -0.369240701 0.096000612
1403715399912143104.000000 0.298630238 1.255488157 1.591778874 0.923406959 -0.004648439 -0.371352851 0.096928649
1403715399962142976.000000 0.302102566 1.275436401 1.593128562 0.922532678 -0.003954467 -0.372942775 0.099154182
1403715400012143104.000000 0.313005805 1.321283102 1.632190704 -0.922785223 0.002029638 0.370877028 -0.104468681
1403715400062142976.000000 0.311463237 1.331088185 1.605146408 0.922065198 -0.000802389 -0.371724397 0.107777886
1403715400112143104.000000 0.315175295 1.352641106 1.601707458 0.921926498 0.001587332 -0.370304823 0.113681212
1403715400162142976.000000 0.318395019 1.374649286 1.597347260 0.921483517 0.002755396 -0.369093776 0.120955721
1403715400212143104.000000 0.321161389 1.397074223 1.591688275 0.920854449 0.004946228 -0.367818743 0.129275277
1403715400262142976.000000 0.323797941 1.420483589 1.584836125 0.919447422 0.010203115 -0.367945284 0.138306648
1403715400312143104.000000 0.328204274 1.445839882 1.580623627 0.917843580 0.013767803 -0.367952466 0.148272216
1403715400362142976.000000 0.329784751 1.471779346 1.572830439 0.916088045 0.017642200 -0.367715716 0.158923373
1403715400412143104.000000 0.330477357 1.498865128 1.564095736 0.913817465 0.019506278 -0.368136853 0.170389250
1403715400462142976.000000 0.330558181 1.527130127 1.553943634 0.911893785 0.018191921 -0.367116421 0.182604507
1403715400512143104.000000 0.329939961 1.556450844 1.542429447 0.909622967 0.014733161 -0.366217256 0.195586488
1403715400562142976.000000 0.325330019 1.587508678 1.530936718 -0.906755149 -0.010846629 0.365781873 -0.209478289
1403715400612143104.000000 0.323796153 1.614686966 1.510807514 0.903663754 0.005497503 -0.365108877 0.223734632
1403715400662142976.000000 0.319972634 1.646610618 1.496697426 0.899881184 0.000836198 -0.364879400 0.238906398
1403715400712143104.000000 0.315633655 1.678523540 1.481364965 0.895851135 -0.002919406 -0.364155859 0.254623026
1403715400762142976.000000 0.310434937 1.710440040 1.464719057 0.891506791 -0.007532147 -0.363349944 0.270436466
1403715400812143104.000000 0.304860711 1.742248893 1.446905375 0.887650907 -0.012987424 -0.360494077 0.286271483
1403715400862142976.000000 0.294804454 1.773067713 1.430919409 0.883735240 -0.018799843 -0.356925040 0.302098066
1403715400912143104.000000 0.286198020 1.800316930 1.405047178 0.879234433 -0.024729386 -0.355835885 0.315778553
1403715400962142976.000000 0.277329803 1.830786705 1.385038137 0.875116527 -0.030162990 -0.354773641 0.327714711
1403715401012143104.000000 0.268515944 1.860073209 1.364076853 0.871207595 -0.034982700 -0.354043543 0.338270277
1403715401062142976.000000 0.260183096 1.887766600 1.341875076 0.867270172 -0.037267223 -0.355120540 0.346904844
1403715401112143104.000000 0.253247380 1.913416386 1.323996305 -0.864326119 0.038330846 0.354781479 -0.354402721
1403715401162142976.000000 0.240747809 1.934152126 1.291899204 0.861421406 -0.037915472 -0.356346518 0.359906703
1403715401212143104.000000 0.233689666 1.956483126 1.267019749 0.858853102 -0.035129305 -0.357956886 0.364697516
1403715401262142976.000000 0.226649761 1.976780415 1.240512609 0.856668591 -0.031565305 -0.359815836 0.368313998
1403715401312143104.000000 0.219389796 1.995592356 1.212356091 0.854873955 -0.028373774 -0.360979021 0.371590674
1403715401362142976.000000 0.212083459 2.013039112 1.181992531 0.854514778 -0.026522435 -0.359494507 0.373985082
1403715401412143104.000000 0.200839758 2.024798870 1.146567345 0.854710340 -0.025467828 -0.357569486 0.375454098
1403715401462142976.000000 0.193663239 2.038860321 1.112998962 0.855109096 -0.023741180 -0.355436862 0.376682132
1403715401512143104.000000 0.186539769 2.051309586 1.078240156 0.856284201 -0.023311479 -0.351769328 0.377481759
1403715401562142976.000000 0.179535389 2.062526226 1.042803288 0.857415318 -0.024303213 -0.348108053 0.378244787
1403715401612143104.000000 0.173053384 2.072311163 1.006439209 0.859678864 -0.025163364 -0.342031956 0.378593862
1403715401662142976.000000 0.163978457 2.076324940 0.966433048 0.861300588 -0.025748905 -0.337191850 0.379209816
1403715401712143104.000000 0.157853007 2.083579779 0.929621458 0.863235593 -0.029134031 -0.329142720 0.381628841
1403715401762142976.000000 0.151078343 2.089645863 0.893106222 0.864373386 -0.034509752 -0.321121514 0.385420382
1403715401812143104.000000 0.144312143 2.094298363 0.857027769 0.864278615 -0.035934750 -0.315869868 0.389817327
1403715401862142976.000000 0.138298392 2.098508596 0.823069811 0.863573968 -0.036662161 -0.311922014 0.394462436
1403715401912143104.000000 0.129738450 2.094172001 0.783837318 0.862427950 -0.033948086 -0.311739028 0.397346824
1403715401962142976.000000 0.123013377 2.096464157 0.751454592 0.861123800 -0.028640242 -0.313003659 0.399592727
1403715402012143104.000000 0.115982890 2.098492622 0.720196247 0.860082746 -0.023126999 -0.314499497 0.401014924
1403715402062142976.000000 0.108892679 2.099859715 0.689157486 0.859199047 -0.018431446 -0.316438049 0.401627094
1403715402112143104.000000 0.101571083 2.100706100 0.658435106 0.860034764 -0.014027542 -0.314406633 0.401611686
1403715402162142976.000000 0.093104362 2.105383158 0.636989117 0.862465918 -0.007374506 -0.307386279 0.402009636
1403715402212143104.000000 0.087150395 2.091065645 0.592220783 0.864065468 -0.003835403 -0.302274168 0.402500331
1403715402262142976.000000 0.079240859 2.092708111 0.565376520 0.864349306 -0.001317988 -0.298581988 0.404657155
1403715402312143104.000000 0.070633590 2.094983816 0.540304422 0.862417877 0.001508472 -0.300053269 0.407677889
1403715402362142976.000000 0.061806500 2.097708702 0.516870499 0.858742356 0.004118792 -0.304303795 0.412242442
1403715402412143104.000000 0.053276122 2.101040125 0.494521379 0.854843259 0.007685385 -0.306791335 0.418405354
1403715402462142976.000000 0.045677781 2.095238686 0.464636803 0.850448608 0.012412507 -0.308931261 0.425611019
1403715402512143104.000000 0.037644446 2.100342274 0.443100929 0.846701980 0.019465867 -0.308580369 0.433007091
1403715402562142976.000000 0.029466569 2.106437683 0.421290636 0.843461990 0.023726271 -0.308228344 0.439322561
1403715402612143104.000000 0.021636546 2.113756180 0.399152517 0.841362059 0.028016411 -0.305756629 0.444789916
1403715402662142976.000000 0.013401449 2.119166851 0.377290249 0.839265823 0.031073416 -0.304229230 0.449568689
1403715402712143104.000000 0.007285237 2.121160746 0.340188026 0.837341309 0.031587228 -0.302955568 0.453960031
1403715402762142976.000000 -0.002201617 2.132911205 0.317619324 0.835593462 0.024620304 -0.302524418 0.457882553
1403715402812143104.000000 -0.011500835 2.146515846 0.295169115 0.834304035 0.016784867 -0.301573426 0.461203367
1403715402862142976.000000 -0.020844698 2.161503315 0.272777796 0.833229721 0.008632236 -0.300827742 0.463849604
1403715402912143104.000000 -0.031406999 2.175240993 0.248053551 0.832022190 0.000346129 -0.300393999 0.466371715
1403715402962142976.000000 -0.040638089 2.187912941 0.214869976 0.830212891 -0.008201770 -0.302098721 0.468418360
1403715403012143104.000000 -0.049849153 2.203644753 0.192293406 0.828207970 -0.017719930 -0.304258615 0.470302343
1403715403062142976.000000 -0.058293343 2.218827963 0.170364618 0.825343490 -0.025203081 -0.308785230 0.472043157
1403715403112143104.000000 -0.065980911 2.232925177 0.148743868 0.822899878 -0.032268543 -0.312532932 0.473410755
1403715403162142976.000000 -0.072932363 2.245632887 0.127612352 0.820777178 -0.037814073 -0.316250116 0.474216074
1403715403212143104.000000 -0.077752471 2.254608631 0.104161501 0.819225311 -0.041937254 -0.318453163 0.475077689
1403715403262142976.000000 -0.087218285 2.259752750 0.073221922 0.817666054 -0.042189982 -0.322494894 0.475015074
1403715403312143104.000000 -0.091882944 2.266606331 0.051573277 0.816943645 -0.040198665 -0.324717194 0.474916756
1403715403362142976.000000 -0.096016645 2.271783590 0.030071735 0.816381812 -0.037006605 -0.325593650 0.475541800
1403715403412143104.000000 -0.101131320 2.273287296 0.008181095 0.815508187 -0.033788942 -0.325515598 0.477330416
1403715403462142976.000000 -0.108065009 2.272023439 -0.018368244 0.814249754 -0.031186406 -0.324874192 0.480084985
1403715403512143104.000000 -0.112148285 2.271127939 -0.039639711 0.812384009 -0.028788317 -0.322923362 0.484689653
1403715403562142976.000000 -0.116746426 2.268938065 -0.060734034 0.809763014 -0.028090173 -0.320539564 0.490662187
1403715403612143104.000000 -0.122094393 2.265484095 -0.081562281 0.805702150 -0.028263872 -0.319702148 0.497831017
1403715403662142976.000000 -0.127888799 2.261150360 -0.102017403 0.800986171 -0.028601572 -0.318808198 0.505929410
1403715403712143104.000000 -0.138592720 2.249400377 -0.128993750 0.795390427 -0.031084854 -0.318870425 0.514499247
1403715403762142976.000000 -0.145213246 2.242509842 -0.149143457 0.789506733 -0.034916338 -0.317820758 0.523879766
1403715403812143104.000000 -0.151575089 2.233758450 -0.169552803 0.783623159 -0.038301270 -0.315612257 0.533719718
1403715403862142976.000000 -0.157346606 2.223028183 -0.190085411 0.777748048 -0.040463839 -0.312704891 0.543770552
1403715403912143104.000000 -0.162518263 2.211691380 -0.209786415 0.771407127 -0.041693512 -0.310139447 0.554081559
1403715403962142976.000000 -0.167585015 2.197585106 -0.229662418 0.765247703 -0.042565323 -0.307068765 0.564174533
1403715404012143104.000000 -0.177953601 2.170362234 -0.256297350 0.759135962 -0.041599307 -0.304414928 0.573858559
1403715404062142976.000000 -0.181328535 2.153309584 -0.275583744 0.753455698 -0.038347006 -0.299827069 0.583898842
1403715404112143104.000000 -0.184282184 2.134740829 -0.294562101 0.747523367 -0.033778865 -0.296217293 0.593568206
1403715404162142976.000000 -0.186933577 2.114782572 -0.313520432 0.741055250 -0.025869422 -0.293850869 0.603174627
1403715404212143104.000000 -0.189947426 2.094096661 -0.332149744 0.734511435 -0.019285204 -0.291807443 0.612347484
1403715404262142976.000000 -0.198582590 2.062105179 -0.355112314 0.728737891 -0.012036522 -0.290309191 0.620094240
1403715404312143104.000000 -0.203143239 2.040616989 -0.374333620 0.722884953 -0.005927378 -0.290397942 0.626953959
1403715404362142976.000000 -0.208538711 2.019144058 -0.394365311 0.718281329 -0.003005815 -0.289965659 0.632441998
1403715404412143104.000000 -0.214585066 1.997883081 -0.414846420 0.714262605 0.000534990 -0.289820075 0.637050211
1403715404462142976.000000 -0.221177816 1.976627111 -0.436322689 0.711594880 0.003055506 -0.288148344 0.640776098
1403715404512143104.000000 -0.228590667 1.955548048 -0.458647847 0.709342062 0.006073061 -0.287490666 0.643541932
1403715404562142976.000000 -0.237060308 1.930840969 -0.482180357 0.707788467 0.008298434 -0.286107957 0.645839632
1403715404612143104.000000 -0.246398032 1.914765358 -0.503884315 0.707011282 0.009068280 -0.284270972 0.647489727
1403715404662142976.000000 -0.257334828 1.895630836 -0.528076053 0.707625151 0.006776242 -0.280126065 0.648652613
1403715404712143104.000000 -0.268894494 1.877058506 -0.552793264 0.708360612 0.005019738 -0.276348919 0.649485469
1403715404762142976.000000 -0.293133914 1.829532862 -0.584883571 0.709963858 0.002011128 -0.271030694 0.649992049
1403715404812143104.000000 -0.292850077 1.841059446 -0.603227019 0.709648132 -0.000636816 -0.268229604 0.651499867
1403715404862142976.000000 -0.305135667 1.823598146 -0.628469110 0.708204687 -0.002779844 -0.265644401 0.654118896
1403715404912143104.000000 -0.317843258 1.806380630 -0.653558016 0.706285954 -0.003949273 -0.262050778 0.657627583
1403715404962142976.000000 -0.330580890 1.789749146 -0.678106189 0.703625739 -0.005072628 -0.257313699 0.662325263
1403715405012143104.000000 -0.342794061 1.773280501 -0.702123404 0.700166702 -0.005933664 -0.251615167 0.668147683
1403715405062142976.000000 -0.375148416 1.705266595 -0.737970114 0.695965946 -0.007342719 -0.246267557 0.674484849
1403715405112143104.000000 -0.388595700 1.686759949 -0.761519194 0.690307498 -0.010396329 -0.239482611 0.682653308
1403715405162142976.000000 -0.398894250 1.681087971 -0.780333400 0.682706416 -0.013778954 -0.233885989 0.692112327
1403715405212143104.000000 -0.411696076 1.664858103 -0.800891399 0.673543930 -0.017038716 -0.228904128 0.702603161
1403715405262142976.000000 -0.422765255 1.655374765 -0.818327785 0.663357317 -0.019928632 -0.223977044 0.713718593
1403715405312143104.000000 -0.433239341 1.646598816 -0.834176302 0.652036965 -0.021157440 -0.220452189 0.725121379
1403715405362142976.000000 -0.443172097 1.638316631 -0.848642826 0.640205145 -0.021909252 -0.217537060 0.736434042
1403715405412143104.000000 -0.452587426 1.630817056 -0.861568689 0.627749026 -0.022176091 -0.215724260 0.747597873
1403715405462142976.000000 -0.461682200 1.623871326 -0.873241305 0.615350604 -0.023490328 -0.213166907 0.758519471
1403715405512143104.000000 -0.470072269 1.617400169 -0.883810639 0.602905691 -0.024229264 -0.209947988 0.769311130
1403715405562142976.000000 -0.477966636 1.611580491 -0.893205285 0.590175152 -0.024549456 -0.206925839 0.779918194
1403715405612143104.000000 -0.485210717 1.606220722 -0.901658416 0.576674104 -0.023187000 -0.206089959 0.790212870
1403715405662142976.000000 -0.493074358 1.601092935 -0.909218073 0.562659264 -0.022000682 -0.207168564 0.800007403
1403715405712143104.000000 -0.500687242 1.595998764 -0.915496588 0.549211979 -0.021544214 -0.207471043 0.809232891
1403715405762142976.000000 -0.507583976 1.590449333 -0.921498656 0.536006808 -0.020735456 -0.207398772 0.818078578
1403715405812143104.000000 -0.514367819 1.584838152 -0.927421451 0.523068368 -0.021722468 -0.206512138 0.826607704
1403715405862142976.000000 -0.521241665 1.578547359 -0.932140112 0.510210574 -0.022393877 -0.205188125 0.834914088
1403715405912143104.000000 -0.528354168 1.572284102 -0.936689138 0.498054713 -0.022573534 -0.200486064 0.843348920
1403715405962142976.000000 -0.534891248 1.564728737 -0.940896094 0.486346394 -0.020774866 -0.194126561 0.851675153
1403715406012143104.000000 -0.541445732 1.556610942 -0.944082022 0.474427074 -0.016882334 -0.187248752 0.859983683
1403715406062142976.000000 -0.548211455 1.547474861 -0.947185636 0.462401152 -0.013862767 -0.179454446 0.868210375
1403715406112143104.000000 -0.555927873 1.539695740 -0.948846817 0.449987203 -0.010995654 -0.173043951 0.876040220
1403715406162142976.000000 -0.563989997 1.531180024 -0.950478554 0.437587142 -0.009364904 -0.166245952 0.883624434
1403715406212143104.000000 -0.572549343 1.522636771 -0.950817287 0.425219387 -0.008424476 -0.159389526 0.890905440
1403715406262142976.000000 -0.553596854 1.582853317 -0.926189959 0.412140310 -0.008467981 -0.152724400 0.898189306
1403715406312143104.000000 -0.591887176 1.507325888 -0.951344848 0.400004119 -0.008229863 -0.148276210 0.904402196
1403715406362142976.000000 -0.601567328 1.500310540 -0.950657308 0.388076097 -0.010668758 -0.141802281 0.910590589
1403715406412143104.000000 -0.610995591 1.493152618 -0.949089468 0.376021206 -0.013396588 -0.135819003 0.916505218
1403715406462142976.000000 -0.620595992 1.486155868 -0.946357310 0.364681065 -0.016830066 -0.128046229 0.922132671
1403715406512143104.000000 -0.630045891 1.479668140 -0.942947865 0.352740586 -0.019492840 -0.122279510 0.927492261
1403715406562142976.000000 -0.639551997 1.473703146 -0.938654602 0.340990365 -0.021892002 -0.116027020 0.932622135
1403715406612143104.000000 -0.648743749 1.468538523 -0.933503509 0.329322904 -0.022944966 -0.110126711 0.937492430
1403715406662142976.000000 -0.656919241 1.464174747 -0.927285552 0.317632228 -0.023131642 -0.104698710 0.942132115
1403715406712143104.000000 -0.664748549 1.460557461 -0.919594765 0.306072414 -0.022827009 -0.099679336 0.946500301
1403715406762142976.000000 -0.672306061 1.458319664 -0.909083366 0.293767720 -0.020936964 -0.096082948 0.950805068
1403715406812143104.000000 -0.679281235 1.456533432 -0.898935556 0.281437725 -0.018831603 -0.092210069 0.954953194
1403715406862142976.000000 -0.685482502 1.455530167 -0.887915909 0.268825799 -0.016860193 -0.088889264 0.958930254
1403715406912143104.000000 -0.693126738 1.455556273 -0.880245030 0.256238788 -0.015486686 -0.085853904 0.962668717
1403715406962142976.000000 -0.697963357 1.455892444 -0.868545771 0.243593127 -0.013600094 -0.082736462 0.966246486
1403715407012143104.000000 -0.702147663 1.456756353 -0.856367350 0.231515348 -0.013162977 -0.079043664 0.969525456
1403715407062142976.000000 -0.678140044 1.526665211 -0.817686796 0.219352499 -0.014633701 -0.073437423 0.972767830
1403715407112143104.000000 -0.681438029 1.529015541 -0.804104805 -0.207646579 0.016019400 0.069136925 -0.975626171
1403715407162142976.000000 -0.684641063 1.532061696 -0.790086985 -0.196575165 0.018496245 0.065346338 -0.978133917
1403715407212143104.000000 -0.687449574 1.535704851 -0.775854468 -0.186642215 0.023318946 0.063233316 -0.980113566
1403715407262142976.000000 -0.689218223 1.539622784 -0.760784030 -0.178136125 0.028807890 0.061527949 -0.981657803
1403715407312143104.000000 -0.690427184 1.543697357 -0.744807005 -0.170714021 0.034352809 0.061791848 -0.982780993
1403715407362142976.000000 -0.705635905 1.547715425 -0.848096788 -0.164784342 0.037871864 0.061635610 -0.983673215
1403715407412143104.000000 -0.733175337 1.481208086 -0.864735782 -0.160650373 0.038463306 0.062645100 -0.984270155
1403715407462142976.000000 -0.731296659 1.482090116 -0.855373263 -0.157535031 0.036871787 0.061871901 -0.984883308
1403715407512143104.000000 -0.728061676 1.482789516 -0.844890118 -0.154589593 0.035190422 0.062462013 -0.985374212
1403715407562142976.000000 -0.725518703 1.483211040 -0.834318042 -0.153053746 0.032897245 0.061180186 -0.985773504
1403715407612143104.000000 -0.720354140 1.482876778 -0.822617650 -0.151623756 0.029506385 0.061526172 -0.986080229
1403715407662142976.000000 -0.713817716 1.482121587 -0.810552359 -0.150062248 0.025202207 0.064092398 -0.986275017
1403715407712143104.000000 -0.702891111 1.477418542 -0.798167825 -0.148548067 0.019007189 0.069001675 -0.986311853
1403715407762142976.000000 -0.662659287 1.544255376 -0.765972972 -0.146553367 0.014721962 0.072738342 -0.986415029
1403715407812143104.000000 -0.653919637 1.541013122 -0.753496766 -0.146327272 0.011836329 0.076166682 -0.986228645
1403715407862142976.000000 -0.649246216 1.534924865 -0.736644506 -0.147115767 0.009624932 0.078240611 -0.985973001
1403715407912143104.000000 -0.641010165 1.528935432 -0.724507928 -0.148614034 0.008171725 0.077066496 -0.985853910
1403715407962142976.000000 -0.632078588 1.522803426 -0.712850034 -0.149631664 0.008006033 0.076841161 -0.985718906
1403715408012143104.000000 -0.619916379 1.511278987 -0.702142954 -0.151404783 0.006836079 0.073521256 -0.985710144
1403715408062142976.000000 -0.584904432 1.465124965 -0.799473643 -0.152032107 0.007220604 0.072253659 -0.985704541
1403715408112143104.000000 -0.566771984 1.450554371 -0.802459717 -0.153316885 0.006611387 0.070363268 -0.985646665
1403715408162142976.000000 -0.544233561 1.435511947 -0.807927132 -0.154853195 0.005962709 0.068608470 -0.985534310
1403715408212143104.000000 -0.518442273 1.421563387 -0.815430284 -0.156348631 0.004604591 0.066854313 -0.985426009
1403715408262142976.000000 -0.493400633 1.405254364 -0.823030949 -0.157186165 0.003943135 0.066392414 -0.985326886
1403715408312143104.000000 -0.469127774 1.388445735 -0.831389010 -0.158325002 0.003806096 0.065200977 -0.985224605
1403715408362142976.000000 -0.446524680 1.371003866 -0.839906693 -0.159214586 0.002830157 0.064394176 -0.985137701
1403715408412143104.000000 -0.427539140 1.351233840 -0.856486917 -0.160626903 -0.000426368 0.063784391 -0.984951973
1403715408462142976.000000 -0.437518686 1.265766621 -0.882747650 -0.164485097 -0.004487197 0.064910844 -0.984231293
1403715408512143104.000000 -0.423893183 1.247318864 -0.888273180 -0.169460058 -0.009265218 0.064762793 -0.983363211
1403715408562142976.000000 -0.411712080 1.228062391 -0.899752915 -0.175353423 -0.013520597 0.066500381 -0.982164025
1403715408612143104.000000 -0.402040452 1.208007455 -0.913887501 0.182902828 0.018950265 -0.067679606 0.980615616
1403715408662142976.000000 -0.396272898 1.188314080 -0.925304055 0.190865487 0.024118070 -0.071792826 0.978690207
1403715408712143104.000000 -0.391457379 1.168807745 -0.939100206 0.200372934 0.028089091 -0.075150840 0.976429224
1403715408762142976.000000 -0.387166142 1.149527311 -0.955560088 0.211288035 0.030515691 -0.078360431 0.973799706
1403715408812143104.000000 -0.380654693 1.125561953 -0.972583592 0.222879648 0.032464623 -0.082681514 0.970790744
1403715408862142976.000000 -0.364214838 1.141064167 -0.983965814 0.234840289 0.031680405 -0.085671440 0.967732847
1403715408912143104.000000 -0.437816024 1.160403490 -1.058913708 0.248163819 0.031681158 -0.089854293 0.964021444
1403715408962142976.000000 -0.454098314 1.111465335 -1.102332711 0.262241602 0.031747885 -0.096040241 0.959686339
1403715409012143104.000000 -0.456682593 1.097975850 -1.144726515 0.276520818 0.031696893 -0.100519888 0.955210686
1403715409062142976.000000 -0.432372451 1.153910518 -1.158832788 0.290163547 0.030113880 -0.104735747 0.950751722
1403715409112143104.000000 -0.438555628 1.142532587 -1.201089025 0.304840505 0.028701933 -0.107876487 0.945838928
1403715409162142976.000000 -0.443865448 1.133178353 -1.246870756 0.318584412 0.026870310 -0.109452143 0.941170692
1403715409212143104.000000 -0.448541760 1.124862194 -1.301553607 0.330381840 0.024119396 -0.111859098 0.936885059
1403715409262142976.000000 -0.454248548 1.118876219 -1.352928519 0.339705557 0.020257186 -0.114497811 0.933316648
1403715409312143104.000000 -0.458719254 1.116121888 -1.401539087 0.347898692 0.017461712 -0.115934283 0.930172503
1403715409362142976.000000 -0.464498222 1.108664632 -1.456606269 0.354403973 0.015948007 -0.117707469 0.927517414
1403715409412143104.000000 -0.469300270 1.107346773 -1.514178395 0.359090477 0.015574958 -0.119883150 0.925440192
1403715409462142976.000000 -0.473908782 1.107788205 -1.573879361 0.362214535 0.016740179 -0.122952320 0.923798263
1403715409512143104.000000 -0.478251547 1.109709382 -1.635742545 0.363582879 0.019426823 -0.126901671 0.922673345
1403715409562142976.000000 -0.483139217 1.113398433 -1.699404716 0.361971736 0.020280203 -0.131894901 0.922588170
1403715409612143104.000000 -0.488909841 1.118241072 -1.764982462 0.359795958 0.016955113 -0.133317798 0.923301578
1403715409662142976.000000 -0.495184362 1.123882055 -1.832793355 0.357596248 0.013118090 -0.133966565 0.924124360
1403715409712143104.000000 -0.502037168 1.130420089 -1.902342081 0.355087459 0.007466968 -0.134439558 0.925085485
1403715409762142976.000000 -0.518537760 1.131150246 -1.975282192 0.352025867 0.001693700 -0.135288611 0.926159799
1403715409812143104.000000 -0.526716709 1.138044357 -2.048317432 0.348790884 -0.004116538 -0.136296064 0.927227795
1403715409862142976.000000 -0.534683287 1.145118356 -2.123051167 0.345232248 -0.008825738 -0.137026221 0.928418338
1403715409912143104.000000 -0.543189764 1.152109385 -2.198971987 0.341596305 -0.014984006 -0.137393922 0.929629207
1403715409962142976.000000 -0.551749110 1.158811212 -2.275918961 0.338041544 -0.019561134 -0.138410091 0.930692136
1403715410012143104.000000 -0.560331523 1.165083170 -2.353719234 0.334919184 -0.023208996 -0.138035744 0.931792200
1403715410062142976.000000 -0.568625212 1.170621276 -2.432340860 0.332373112 -0.024388570 -0.137370482 0.932771564
1403715410112143104.000000 -0.590175092 1.184498072 -2.535910606 0.330192506 -0.021885656 -0.136106059 0.933792889
1403715410162142976.000000 -0.633297682 1.122948289 -2.646004200 0.329034299 -0.015862400 -0.136140868 0.934318244
1403715410212143104.000000 -0.645470023 1.127786040 -2.728015423 0.328221440 -0.010978412 -0.134058610 0.934975147
1403715410262142976.000000 -0.661211431 1.132524014 -2.810270071 0.327493489 -0.006155464 -0.132240698 0.935533285
1403715410312143104.000000 -0.676423669 1.140726328 -2.884702682 0.326852679 -0.002161418 -0.131017700 0.935947180
1403715410362142976.000000 -0.699036896 1.145434022 -2.967310429 0.326527327 0.000879066 -0.130211994 0.936175168
1403715410412143104.000000 -0.722564340 1.148614645 -3.049493790 0.325802356 0.002984123 -0.130805999 0.936340690
1403715410462142976.000000 -0.715912938 1.218857288 -3.109338522 0.324528486 0.003686516 -0.131665513 0.936660051
1403715410512143104.000000 -0.742617965 1.223547459 -3.196395159 0.323201448 0.005081502 -0.135288730 0.936595976
1403715410562142976.000000 -0.769695878 1.227901459 -3.285561562 0.322371364 0.007138233 -0.138306513 0.936427891
1403715410612143104.000000 -0.797989130 1.231650710 -3.376603842 0.322404623 0.007456050 -0.140358075 0.936108649
1403715410662142976.000000 -0.826917648 1.234954238 -3.469681978 0.322875351 0.008465108 -0.141406298 0.935779989
1403715410712143104.000000 -0.856736660 1.237945557 -3.564738274 0.324255735 0.008822367 -0.140437171 0.935445309
1403715410762142976.000000 -0.886587977 1.240739346 -3.661907911 0.326525569 0.012245111 -0.138208658 0.934948921
1403715410812143104.000000 -0.916717291 1.243555546 -3.761422396 0.329730153 0.018103536 -0.133777842 0.934373498
1403715410862142976.000000 -0.947852850 1.246923804 -3.863158464 0.332353145 0.024056651 -0.131659225 0.933610499
1403715410912143104.000000 -0.980746746 1.251069427 -3.967254162 0.335575968 0.026861483 -0.128510773 0.932819545
1403715410962142976.000000 -1.026779652 1.237710834 -4.068919659 0.337339222 0.026895566 -0.129171535 0.932090998
1403715411012143104.000000 -1.064035416 1.242594004 -4.177924156 0.339634746 0.023282832 -0.129288390 0.931338191
1403715411062142976.000000 -1.102612734 1.248534441 -4.289521217 0.341741472 0.019373855 -0.129888564 0.930573225
1403715411112143104.000000 -1.142045736 1.255299091 -4.403443336 0.343605518 0.015044232 -0.131032050 0.929806173
1403715411162142976.000000 -1.181977749 1.262472987 -4.519471169 0.345996499 0.010927360 -0.130270123 0.929083824
1403715411212143104.000000 -1.221927404 1.270452738 -4.637613773 0.348686963 0.007527272 -0.127709284 0.928467095
1403715411262142976.000000 -1.262039542 1.279163241 -4.757820129 0.351267159 0.005223868 -0.125527874 0.927807570
1403715411312143104.000000 -1.302400947 1.288978815 -4.879948616 0.353680879 0.005282994 -0.122921333 0.927239120
1403715411362142976.000000 -1.343161941 1.299828529 -5.003973961 0.356127113 0.007486024 -0.120111875 0.926655650
