1403636659063555584.000000 -0.026256723 0.061761346 0.004726935 0.002264606 0.007050825 0.006414454 0.999952018
1403636659113555456.000000 -0.034881551 0.078778408 0.006438933 0.004161208 0.010105971 0.007850958 0.999909520
1403636659163555584.000000 -0.048114505 0.098792925 0.010237656 0.006606196 0.014349493 0.008776904 0.999836683
1403636659213555456.000000 -0.058591738 0.116146505 0.010092618 0.008737055 0.016918167 0.009569534 0.999772906
1403636659263555584.000000 -0.067859471 0.132579029 0.010963346 0.010117879 0.017551851 0.010192443 0.999742866
1403636659313555456.000000 -0.104811072 0.201839849 0.011498887 0.004477481 0.010957700 0.010683394 0.999872923
1403636659363555584.000000 -0.089924984 0.167288005 0.010968206 0.013306689 0.014062664 0.010226060 0.999760330
1403636659413555456.000000 -0.096741281 0.180736348 0.009437403 0.013743883 0.009245030 0.008959667 0.999822676
1403636659463555584.000000 -0.105933130 0.197251484 0.011976304 0.015152964 0.005494547 0.008557410 0.999833465
1403636659513555456.000000 -0.137985900 0.264510334 0.010832149 0.008391254 -0.000299377 0.006827824 0.999941468
1403636659563555584.000000 -0.160628602 0.324901104 0.000987803 0.004078401 -0.004452536 0.008894432 0.999942243
1403636659613555456.000000 -0.121931218 0.241090298 0.010087647 0.017569799 0.006945291 0.006942986 0.999797404
1403636659663555584.000000 -0.123919182 0.251895368 0.011042965 0.017259073 0.008125816 0.006695106 0.999795616
1403636659713555456.000000 -0.184926361 0.366179287 0.000606687 0.005317442 0.004974877 0.008198749 0.999939919
1403636659763555584.000000 -0.192770198 0.376809120 -0.000172155 0.005464112 0.007215743 0.009010035 0.999918520
1403636659813555456.000000 -0.214843556 0.430609792 -0.007976586 0.000128305 0.003363603 0.007451967 0.999966562
1403636659863555584.000000 -0.211649597 0.404636323 0.003523573 0.006789682 0.009790785 0.008992652 0.999888599
1403636659913555456.000000 -0.223756000 0.415311515 0.003284767 0.007107209 0.009522001 0.010045599 0.999879003
1403636659963555584.000000 -0.250335097 0.467183203 -0.006062773 0.001325013 0.001974703 0.008082722 0.999964535
1403636660013555456.000000 -0.264221430 0.474588871 -0.006191933 0.001156839 -0.000205852 0.008924556 0.999959469
1403636660063555584.000000 -0.303142041 0.514013350 -0.009941111 -0.003368179 -0.011434455 0.008830756 0.999889970
1403636660113555456.000000 -0.290750772 0.492460966 -0.005650512 0.001054169 -0.006017898 0.009165672 0.999939322
1403636660163555584.000000 -0.305678427 0.501085997 -0.004019670 0.001532301 -0.007524387 0.009092751 0.999929190
1403636660213555456.000000 -0.339948773 0.538159728 -0.009636739 -0.002424220 -0.016418118 0.007485925 0.999834299
1403636660263555584.000000 -0.340806693 0.522317410 -0.001777026 0.004135214 -0.005981979 0.008665641 0.999936044
1403636660313555456.000000 -0.404866964 0.578376710 0.001717953 -0.005656466 -0.027059652 0.007837564 0.999587119
1403636660363555584.000000 -0.418986410 0.583777428 0.005546251 -0.005911971 -0.032339510 0.007373236 0.999432325
1403636660413555456.000000 -0.427184820 0.588674784 0.006352818 -0.005877092 -0.038271945 0.007169086 0.999224424
1403636660463555584.000000 -0.434222937 0.594569862 0.006761214 -0.005051471 -0.041382745 0.007078424 0.999105573
1403636660513555456.000000 -0.437707573 0.595234156 0.012801890 -0.005888038 -0.041549791 0.006066489 0.999100685
1403636660563555584.000000 -0.470440656 0.622300386 0.035027958 -0.006509595 -0.040416028 0.005884989 0.999144435
1403636660613555456.000000 -0.453848600 0.602212727 0.020131838 -0.005320093 -0.027113043 0.004108184 0.999609768
1403636660663555584.000000 -0.452625006 0.602514148 0.029334139 -0.006625481 -0.020084938 0.002452011 0.999773383
1403636660713555456.000000 -0.484031051 0.629773736 0.053167503 -0.007418216 -0.015097915 -0.000015805 0.999858558
1403636660763555584.000000 -0.487993419 0.630735517 0.058639400 -0.008324090 -0.008080761 -0.003400201 0.999926925
1403636660813555456.000000 -0.525327086 0.641193449 0.104624450 -0.009763680 -0.002139185 -0.007261303 0.999923766
1403636660863555584.000000 -0.533255041 0.641852200 0.111517556 -0.011310025 0.002200885 -0.012080073 0.999860704
1403636660913555456.000000 -0.542476237 0.639964461 0.118657462 -0.012470355 0.006226860 -0.015256852 0.999786437
1403636660963555584.000000 -0.551150084 0.637689590 0.122668222 -0.011995652 0.008472171 -0.013621514 0.999799371
1403636661013555456.000000 -0.558507979 0.635265768 0.127090275 -0.010177381 0.009373692 -0.010168268 0.999852657
1403636661063555584.000000 -0.618313730 0.628663003 0.180465937 -0.008172614 0.010360912 -0.005644522 0.999897003
1403636661113555456.000000 -0.629005671 0.621681213 0.181521535 -0.007643228 0.012054494 -0.002882334 0.999894023
1403636661163555584.000000 -0.642592847 0.619144440 0.186484322 0.004254565 -0.013817168 -0.000783505 -0.999895275
1403636661213555456.000000 -0.654653728 0.613472342 0.187360510 0.002633509 -0.016659373 -0.003198629 -0.999852717
1403636661263555584.000000 -0.690477908 0.584748030 0.237781107 -0.004341875 0.011819190 0.005065955 0.999907970
1403636661313555456.000000 -0.703351736 0.581353843 0.233445615 -0.003315645 0.013457076 0.006483175 0.999882936
1403636661363555584.000000 -0.715312302 0.578090012 0.227159575 -0.002547135 0.014371645 0.007220440 0.999867439
1403636661413555456.000000 -0.782908142 0.571291804 0.257628798 -0.000381003 0.021469496 0.008970101 0.999729216
1403636661463555584.000000 -0.738528609 0.569537103 0.223900318 0.001193490 -0.015598554 -0.008149458 -0.999844491
1403636661513555456.000000 -0.747780621 0.566193461 0.215984255 0.000273766 -0.014848325 -0.008761061 -0.999851406
1403636661563555584.000000 -0.810945392 0.561155319 0.234245107 0.002937113 0.020668913 0.012399699 0.999705195
1403636661613555456.000000 -0.781148970 0.492217481 0.277403861 -0.000695317 0.008713044 0.011584195 0.999894738
1403636661663555584.000000 -0.787829459 0.488318503 0.265242100 0.000711628 0.009975662 0.013053911 0.999864817
1403636661713555456.000000 -0.793492198 0.484730333 0.251874387 0.001619053 0.011846703 0.013325728 0.999839723
1403636661763555584.000000 -0.832703054 0.456077725 0.267287970 0.003342271 0.018097978 0.020172743 0.999627113
1403636661813555456.000000 -0.837597013 0.452337056 0.252636045 0.006177286 0.019592233 0.025115877 0.999473512
1403636661863555584.000000 -0.841388524 0.449494898 0.236008063 0.008391402 0.021542713 0.028125854 0.999337018
1403636661913555456.000000 -0.855033576 0.409292102 0.253904849 0.008161079 0.022438716 0.030328611 0.999254763
1403636661963555584.000000 -0.857348561 0.407074541 0.235909775 0.009769446 0.023397427 0.031248076 0.999190032
1403636662013555456.000000 -0.794098079 0.376985967 0.242641166 0.007993106 0.016221454 0.027195638 0.999466598
1403636662063555584.000000 -0.794574380 0.374842197 0.223611951 0.008332945 0.017589668 0.026514530 0.999458909
1403636662113555456.000000 -0.795131981 0.373615503 0.203139231 0.008827316 0.018480260 0.025783384 0.999457717
1403636662163555584.000000 -0.855971575 0.345424056 0.200244665 0.008405250 0.025235146 0.027097836 0.999278903
1403636662213555456.000000 -0.859801650 0.344041407 0.179601297 0.007032327 0.024226943 0.022720495 0.999423563
1403636662263555584.000000 -0.865520716 0.343099892 0.158110544 0.005282880 0.023514263 0.017520005 0.999556065
1403636662313555456.000000 -0.879105687 0.338741601 0.149137825 0.005654272 0.027129330 0.015236314 0.999499857
1403636662363555584.000000 -0.881642818 0.334381700 0.121117353 -0.002773684 -0.020844590 -0.011479205 -0.999713063
1403636662413555456.000000 -0.899138629 0.333735883 0.107422948 0.003890722 0.022746062 0.011151213 0.999671519
1403636662463555584.000000 -0.790437043 0.276642352 0.134820461 -0.002832017 0.000471933 0.004000588 0.999987900
1403636662513555456.000000 -0.803380072 0.271991581 0.114768356 -0.002719460 -0.004127826 0.004203055 0.999979019
1403636662563555584.000000 -0.817401111 0.267061025 0.094558313 -0.001989277 -0.007368240 0.006542332 0.999949515
1403636662613555456.000000 -0.845898032 0.229291826 0.097332105 -0.001608723 -0.006643616 0.015564847 0.999855518
1403636662663555584.000000 -0.861233950 0.222384930 0.079123035 0.001318431 -0.006594288 0.024828574 0.999669075
1403636662713555456.000000 -0.877093196 0.215917736 0.061114702 0.004365002 -0.004866600 0.033084348 0.999431252
1403636662763555584.000000 -0.844147086 0.191925436 0.075141765 0.005395211 -0.008646619 0.035394449 0.999321520
1403636662813555456.000000 -0.860925257 0.186166778 0.059096463 0.006752949 -0.006672744 0.040231932 0.999145329
1403636662863555584.000000 -0.879134774 0.181464300 0.043108668 0.007783196 -0.007652369 0.042351183 0.999043226
1403636662913555456.000000 -0.899018943 0.154299334 0.057782508 0.006730630 -0.011083261 0.042216226 0.999024332
1403636662963555584.000000 -0.918724120 0.151015267 0.042903036 0.006920051 -0.014146986 0.042518955 0.998971581
1403636663013555456.000000 -0.938416600 0.148951724 0.027846321 0.008179980 -0.017408531 0.045658208 0.998772025
1403636663063555584.000000 -0.921744823 0.128752977 0.045162942 0.007488564 -0.023149896 0.047965650 0.998552620
1403636663113555456.000000 -0.938591957 0.128616989 0.030963225 0.009231346 -0.024679948 0.052065715 0.998296022
1403636663163555584.000000 -0.953829408 0.130246848 0.016613605 0.010025059 -0.026926318 0.053646404 0.998146594
1403636663213555456.000000 -0.946890712 0.115690440 0.038469821 0.006933795 -0.028942086 0.049321402 0.998339474
1403636663263555584.000000 -0.960002780 0.120583221 0.026160892 0.003341815 -0.028612521 0.038409229 0.998846829
1403636663313555456.000000 -0.974445641 0.126427993 0.014444170 0.000228491 -0.029485416 0.028951233 0.999145865
1403636663363555584.000000 -0.969747365 0.116679363 0.041756462 -0.003910197 -0.032738149 0.020052753 0.999255180
1403636663413555456.000000 -0.986774445 0.122868150 0.033735067 -0.005948627 -0.035718616 0.012875495 0.999261260
1403636663463555584.000000 -1.004825473 0.128947333 0.026629271 -0.006886519 -0.038681388 0.008382422 0.999192774
1403636663513555456.000000 -1.012037516 0.125721514 0.053021565 -0.008360784 -0.041742768 0.004504784 0.999083281
1403636663563555584.000000 -1.030340672 0.130527332 0.050612889 -0.008704060 -0.043491118 0.002143015 0.999013662
1403636663613555456.000000 -1.049218416 0.134908184 0.049317218 -0.008193956 -0.044512507 0.001615465 0.998973966
1403636663663555584.000000 -1.038397431 0.106211632 0.103760429 -0.010909502 -0.049223665 -0.000551965 0.998728037
1403636663713555456.000000 -1.054859281 0.109203957 0.107088037 -0.011617193 -0.048346266 -0.004899857 0.998751104
1403636663763555584.000000 -1.070047736 0.111598372 0.110811397 -0.012202140 -0.046161067 -0.009738492 0.998812020
1403636663813555456.000000 -1.063880920 0.087158620 0.163065523 -0.014998414 -0.043875944 -0.016887795 0.998781681
1403636663863555584.000000 -1.073923349 0.086508818 0.170003459 -0.015526609 -0.038616702 -0.023045328 0.998867631
1403636663913555456.000000 -1.082280278 0.084231377 0.177213520 -0.015191752 -0.033313364 -0.026262810 0.998984337
1403636663963555584.000000 -1.088571310 0.080270663 0.184172168 -0.015043041 -0.025580017 -0.031068455 0.999076664
1403636664013555456.000000 -1.060312033 0.035502624 0.254333436 -0.016707923 -0.019837411 -0.035510890 0.999032736
1403636664063555584.000000 -1.062479973 0.026200496 0.262135506 -0.015072490 -0.014475228 -0.035684403 0.999144673
1403636664113555456.000000 -1.063254237 0.014752178 0.269205153 -0.012021143 -0.009739853 -0.032807171 0.999341965
1403636664163555584.000000 -1.062865138 0.001564991 0.275428385 -0.008593163 -0.004842086 -0.028192248 0.999553919
1403636664213555456.000000 -1.055085897 -0.019075342 0.288363278 0.005822991 0.000927112 0.023328651 -0.999710500
1403636664263555584.000000 -1.053135276 -0.036614716 0.294071227 0.002283944 -0.003978507 0.018945150 -0.999809980
1403636664313555456.000000 -1.012225747 -0.121803991 0.398320824 -0.000108948 0.005745551 -0.015231388 0.999867499
1403636664363555584.000000 -1.010231018 -0.154219016 0.423083246 0.002576288 0.007734333 -0.012823484 0.999884605
1403636664413555456.000000 -1.104727745 -0.021244898 0.199958637 -0.013490634 -0.022336105 0.007326894 -0.999632716
1403636664463555584.000000 -1.036230445 -0.193134770 0.431061625 0.008032862 0.011091454 -0.009334284 0.999862671
1403636664513555456.000000 -1.052721739 -0.212876067 0.433155090 0.010787742 0.013431112 -0.007942926 0.999820054
1403636664563555584.000000 -1.035297871 -0.296817034 0.534189224 0.014300119 0.013836572 -0.005494046 0.999786913
1403636664613555456.000000 -1.043591976 -0.331607521 0.553241789 0.018970398 0.015064651 0.000398167 0.999706507
1403636664663555584.000000 -1.050950527 -0.366562515 0.570476830 0.022265637 0.016021645 0.002720924 0.999620020
1403636664713555456.000000 -1.056842208 -0.401555121 0.586194515 0.025802206 0.015064059 0.006116210 0.999534845
1403636664763555584.000000 -1.051360965 -0.444073975 0.607841730 0.025296485 0.012067538 0.001982358 0.999605179
1403636664813555456.000000 -1.053790092 -0.479840070 0.621583700 0.025868610 0.010554002 -0.001897014 0.999607861
1403636664863555584.000000 -1.054310441 -0.516007423 0.634122908 0.027623003 0.009945712 -0.003161588 0.999563992
1403636664913555456.000000 -1.051841378 -0.553877294 0.649188936 -0.029683253 -0.009748993 0.002277230 -0.999509215
1403636664963555584.000000 -1.047118664 -0.596095145 0.668547690 0.030823451 0.006238538 -0.003048647 0.999500751
1403636665013555456.000000 -1.043337226 -0.633498847 0.679329634 0.032897510 0.002308328 -0.001644543 0.999454796
1403636665063555584.000000 -1.038129926 -0.670649230 0.687923431 0.033942632 -0.002948094 -0.001937037 0.999417603
1403636665113555456.000000 -1.031381965 -0.708013356 0.695231020 0.035564352 -0.007125626 -0.001394799 0.999341071
1403636665163555584.000000 -1.018111229 -0.754799366 0.713469446 0.036180142 -0.010495699 -0.001447331 0.999289215
1403636665213555456.000000 -1.008746862 -0.792032540 0.719791889 0.038782757 -0.011499713 0.002627890 0.999178112
1403636665263555584.000000 -0.998417437 -0.828903019 0.725953400 0.041433211 -0.008399215 0.008884639 0.999066472
1403636665313555456.000000 -0.987044334 -0.865409136 0.733245313 0.043078803 -0.004090941 0.012339872 0.998987138
1403636665363555584.000000 -0.972559452 -0.904880702 0.749255717 0.043357987 -0.002385991 0.013256297 0.998968840
1403636665413555456.000000 -0.961461544 -0.940342247 0.758008718 0.042619847 -0.001104619 0.011268762 0.999027252
1403636665463555584.000000 -0.950830340 -0.974980354 0.766768813 0.040596128 -0.001734411 0.006485399 0.999153137
1403636665513555456.000000 -0.940947711 -1.008918643 0.774371505 0.037842881 -0.003016629 0.000545187 0.999279022
1403636665563555584.000000 -0.930165708 -1.042944551 0.781360328 0.035048954 -0.002803617 -0.005209271 0.999368072
1403636665613555456.000000 -0.919475555 -1.079530716 0.794248462 -0.033024061 0.004777278 0.009356963 -0.999399364
1403636665663555584.000000 -0.901408017 -1.120654702 0.805733323 0.030804461 -0.005344755 -0.011924649 0.999440074
1403636665713555456.000000 -0.897818387 -1.151115417 0.809759498 -0.030057361 0.003193553 0.012717100 -0.999462247
1403636665763555584.000000 -0.878576458 -1.193661332 0.821497619 0.028307609 -0.000242689 -0.013827911 0.999503672
1403636665813555456.000000 -0.866536617 -1.231240869 0.828951001 0.027744781 0.002661035 -0.012209191 0.999536991
1403636665863555584.000000 -0.854423046 -1.269878149 0.836051643 0.029922174 0.006450566 -0.004225072 0.999522567
1403636665913555456.000000 -0.843928874 -1.308076978 0.845938921 -0.032196354 -0.008096966 -0.004806227 -0.999437273
1403636665963555584.000000 -0.825737774 -1.354193211 0.853746891 0.033764448 0.008660661 0.012563386 0.999313354
1403636666013555456.000000 -0.816258669 -1.392277956 0.860998929 0.035206176 0.008092742 0.018497251 0.999176145
1403636666063555584.000000 -0.808160484 -1.429571867 0.868317425 0.036022399 0.007908217 0.021582898 0.999086678
1403636666113555456.000000 -0.801339984 -1.465750694 0.875344634 0.035263509 0.008734082 0.020321878 0.999133289
1403636666163555584.000000 -0.795668960 -1.501026750 0.882479012 0.033384394 0.010020775 0.016256999 0.999260187
1403636666213555456.000000 -0.786819637 -1.545993924 0.892119646 0.032704558 0.011566289 0.013389562 0.999308527
1403636666263555584.000000 -0.783748507 -1.580981851 0.899578750 0.032895971 0.012217989 0.013120978 0.999297976
1403636666313555456.000000 -0.782188773 -1.615298152 0.906742811 0.033504978 0.013805682 0.014681892 0.999235392
1403636666363555584.000000 -0.781993866 -1.648999214 0.913525820 0.035225056 0.015150037 0.017298581 0.999114871
1403636666413555456.000000 -0.782142639 -1.681959748 0.919344187 0.036988571 0.014226641 0.020551296 0.999003112
1403636666463555584.000000 -0.784244061 -1.719648361 0.927120030 0.037396334 0.011879435 0.023022801 0.998964667
1403636666513555456.000000 -0.782371461 -1.750796795 0.930395246 0.038717292 0.009969257 0.023468550 0.998924851
1403636666563555584.000000 -0.779115617 -1.780413508 0.931539357 0.038626336 0.007120257 0.021093559 0.999005735
1403636666613555456.000000 -0.773677111 -1.809092641 0.931218922 0.038630713 0.003531221 0.017752901 0.999089599
1403636666663555584.000000 -0.769522488 -1.841883898 0.933019578 0.037452746 0.000586775 0.012565646 0.999219239
1403636666713555456.000000 -0.756326497 -1.862035394 0.918520629 -0.038273346 0.003727493 -0.009537661 -0.999214888
1403636666763555584.000000 -0.747921467 -1.889425278 0.915553808 -0.038489457 0.008427297 -0.006675271 -0.999201238
1403636666813555456.000000 -0.745007813 -1.924302816 0.924460828 0.038548570 -0.013067702 0.005721526 0.999154925
1403636666863555584.000000 -0.737011969 -1.953188062 0.921901464 -0.040078416 0.018716505 -0.008284644 -0.998986900
1403636666913555456.000000 -0.732822478 -1.997611403 0.929500282 0.044067260 -0.025283620 0.016349152 0.998574793
1403636666963555584.000000 -0.727935016 -2.024450541 0.929553092 0.047708239 -0.030986665 0.024797659 0.998072624
1403636667013555456.000000 -0.723004341 -2.050133228 0.931436598 0.049661603 -0.031905595 0.028977601 0.997835696
1403636667063555584.000000 -0.718288481 -2.074327469 0.934971035 0.050564550 -0.030132506 0.030182188 0.997809827
1403636667113555456.000000 -0.714206219 -2.097551584 0.940130532 -0.049034283 0.021994358 -0.025582941 -0.998227179
1403636667163555584.000000 -0.717222393 -2.114410162 0.956755579 0.046390377 -0.012071998 0.018437060 0.998680353
1403636667213555456.000000 -0.706117034 -2.140447378 0.953786731 -0.044885419 0.003483271 -0.011950713 -0.998914599
1403636667263555584.000000 -0.711179674 -2.156218052 0.971487820 0.042363200 0.003110791 0.005193633 0.999083936
1403636667313555456.000000 -0.710466146 -2.177055359 0.979305208 0.041188210 0.007036909 0.000330293 0.999126613
1403636667363555584.000000 -0.711340725 -2.198053122 0.986882925 0.041019946 0.009544393 -0.001511547 0.999111652
1403636667413555456.000000 -0.713438630 -2.219403982 0.994238317 0.040894240 0.009176250 -0.002855171 0.999117315
1403636667463555584.000000 -0.717880130 -2.242504835 1.004590273 -0.041113053 -0.005949915 0.003773676 -0.999129713
1403636667513555456.000000 -0.719925523 -2.271669149 1.017673850 0.040534798 0.001003537 -0.004618357 0.999166965
1403636667563555584.000000 -0.725951016 -2.287463427 1.018909574 -0.043296427 0.004767181 0.000747103 -0.999050677
1403636667613555456.000000 -0.724286020 -2.303773880 1.013533473 -0.045184147 0.010621247 -0.003796042 -0.998915017
1403636667663555584.000000 -0.725048721 -2.326668024 1.019653320 -0.047129281 0.014851659 -0.007780910 -0.998748124
1403636667713555456.000000 -0.726576388 -2.362771988 1.043520331 0.047303058 -0.017149908 0.010322640 0.998680055
1403636667763555584.000000 -0.723809898 -2.410727739 1.064615846 0.048587799 -0.016190082 0.011794017 0.998618066
1403636667813555456.000000 -0.719350636 -2.432325363 1.070953965 0.048827659 -0.014945774 0.013038794 0.998610258
1403636667863555584.000000 -0.714667439 -2.453443766 1.077119827 0.048953671 -0.014492963 0.014285673 0.998593807
1403636667913555456.000000 -0.710288525 -2.473764420 1.082939148 0.049019177 -0.014053497 0.015662989 0.998576164
1403636667963555584.000000 -0.706717014 -2.493467569 1.089486122 0.048697423 -0.015092593 0.015576695 0.998578072
1403636668013555456.000000 -0.703992248 -2.501388550 1.098393559 0.046726037 -0.014862247 0.016261324 0.998664856
1403636668063555584.000000 -0.702950239 -2.520364285 1.107674360 0.044938456 -0.014039632 0.013949605 0.998793781
1403636668113555456.000000 -0.703488171 -2.538874388 1.118172526 0.043017551 -0.013197657 0.011418641 0.998921990
1403636668163555584.000000 -0.705262482 -2.557222128 1.129595041 0.040843125 -0.012847226 0.008678237 0.999045312
1403636668213555456.000000 -0.702107906 -2.595585108 1.147454143 0.038855646 -0.014415887 0.006024430 0.999122679
1403636668263555584.000000 -0.706289053 -2.613956690 1.160750031 0.036848281 -0.015436999 0.003878058 0.999194145
1403636668313555456.000000 -0.711202860 -2.632412910 1.174844742 0.034665320 -0.015993772 0.002632695 0.999267519
1403636668363555584.000000 -0.716779947 -2.651260376 1.189556003 0.033355076 -0.015907992 0.002486134 0.999313891
1403636668413555456.000000 -0.721165538 -2.671467304 1.205704451 -0.031855199 0.014760798 -0.002305157 -0.999380946
1403636668463555584.000000 -0.725877762 -2.689381123 1.221054554 0.029470425 -0.012736117 0.001683894 0.999483168
1403636668513555456.000000 -0.733708084 -2.710682154 1.238578439 -0.029336127 0.011580824 -0.002208315 -0.999500096
1403636668563555584.000000 -0.739064932 -2.729361534 1.254698157 0.027433498 -0.011468336 0.002263014 0.999555349
1403636668613555456.000000 -0.745574832 -2.749987602 1.271706700 0.026528224 -0.011236318 0.002249652 0.999582469
1403636668663555584.000000 -0.751984477 -2.770787001 1.289009809 0.025207425 -0.011350727 0.002022919 0.999615788
1403636668713555456.000000 -0.752572060 -2.805425167 1.310640812 0.022392221 -0.010810972 -0.001701391 0.999689341
1403636668763555584.000000 -0.762448967 -2.815923691 1.325528026 -0.020434838 0.008208863 0.006228034 -0.999738157
1403636668813555456.000000 -0.763397634 -2.850142002 1.346859217 0.017647490 -0.004931425 -0.010626735 0.999775708
1403636668863555584.000000 -0.767465115 -2.874197006 1.364005327 0.015697680 -0.001766030 -0.016340056 0.999741733
1403636668913555456.000000 -0.769594073 -2.899554014 1.380299687 0.013880779 0.002612566 -0.020630142 0.999687433
1403636668963555584.000000 -0.769584656 -2.930364370 1.395362020 -0.014195418 -0.005632957 0.018498791 -0.999712288
1403636669013555456.000000 -0.761448085 -2.973702192 1.415492654 0.015758475 0.007459461 -0.013517056 0.999756634
1403636669063555584.000000 -0.759698451 -3.003992081 1.427248001 0.017530983 0.009724805 -0.008238560 0.999765098
1403636669113555456.000000 -0.757026136 -3.035121202 1.436934471 0.019273106 0.011415200 -0.002962840 0.999744713
1403636669163555584.000000 -0.754693091 -3.066691399 1.445955157 0.019988105 0.012046349 0.000149777 0.999727666
1403636669213555456.000000 -0.753248632 -3.098428011 1.454475522 0.020353941 0.013324971 0.002073959 0.999701917
1403636669263555584.000000 -0.743754685 -3.146266699 1.469712734 0.019420296 0.014123715 0.002580331 0.999708354
1403636669313555456.000000 -0.746314108 -3.179565668 1.478061438 0.018889686 0.014167642 0.002078417 0.999719024
1403636669363555584.000000 -0.750678480 -3.213110685 1.486175060 0.019053522 0.013369708 0.003081069 0.999724329
1403636669413555456.000000 -0.755791903 -3.246908665 1.493855834 0.019244112 0.014827251 0.003592748 0.999698460
1403636669463555584.000000 -0.761930943 -3.280972719 1.501008391 0.019707087 0.017612256 0.004725865 0.999639511
1403636669513555456.000000 -0.768236339 -3.316707134 1.510475278 -0.019995889 -0.020197472 -0.004589676 -0.999585509
1403636669563555584.000000 -0.764349639 -3.367443800 1.517990589 0.019753773 0.024290130 0.004388759 0.999500155
1403636669613555456.000000 -0.772636831 -3.402102709 1.523250818 0.019963946 0.030243985 0.003771888 0.999336064
1403636669663555584.000000 -0.780561686 -3.436873198 1.526584983 0.020727998 0.035594452 0.003940584 0.999143600
1403636669713555456.000000 -0.787215650 -3.471896887 1.528291941 0.021319918 0.041058119 0.004029850 0.998921156
1403636669763555584.000000 -0.793043017 -3.507077932 1.528107643 0.022454938 0.043739006 0.005358889 0.998776257
1403636669813555456.000000 -0.798276186 -3.542286873 1.525510788 0.026947107 0.043747250 0.014414968 0.998575091
1403636669863555584.000000 -0.795780003 -3.598300695 1.519328952 0.032387238 0.041930981 0.028110096 0.998199761
1403636669913555456.000000 -0.797731519 -3.633358955 1.511413813 0.038556028 0.036072370 0.041939840 0.997724056
1403636669963555584.000000 -0.798709214 -3.666172981 1.502012491 0.042893298 0.030772582 0.051772293 0.997262716
1403636670013555456.000000 -0.798540413 -3.696298838 1.490530133 0.045435850 0.025445681 0.057393745 0.996992528
1403636670063555584.000000 -0.797727585 -3.723721027 1.477081060 0.047799248 0.021620845 0.061795715 0.996709168
1403636670113555456.000000 -0.794115186 -3.754271507 1.467286706 -0.051349971 -0.018421328 -0.065418221 -0.996365607
1403636670163555584.000000 -0.798338771 -3.785759926 1.439915419 0.054244876 0.019377261 0.068836577 0.995963693
1403636670213555456.000000 -0.794509172 -3.806140900 1.423376441 0.060314562 0.023187723 0.076050378 0.995007992
1403636670263555584.000000 -0.791766763 -3.823071241 1.406079888 0.066123590 0.027550893 0.082321383 0.994028151
1403636670313555456.000000 -0.791090965 -3.836400509 1.388329029 0.071627788 0.030412361 0.087748751 0.993098617
1403636670363555584.000000 -0.793790817 -3.847601652 1.367005229 0.077274077 0.030593840 0.091292433 0.992349982
1403636670413555456.000000 -0.803792119 -3.854331970 1.344609261 0.083040349 0.028954031 0.092763878 0.991796851
1403636670463555584.000000 -0.801540852 -3.854694605 1.326521993 0.091203794 0.026436033 0.094796114 0.990957499
1403636670513555456.000000 -0.811390996 -3.851976395 1.301439404 0.099131010 0.024350993 0.095002092 0.990229666
1403636670563555584.000000 -0.813921034 -3.843275785 1.277917266 0.108770266 0.022491025 0.093678594 0.989387453
1403636670613555456.000000 -0.814908087 -3.829249144 1.253168941 0.118658349 0.020872599 0.091149122 0.988522410
1403636670663555584.000000 -0.813032746 -3.811564922 1.228109121 0.129215360 0.020428443 0.087162994 0.987567127
1403636670713555456.000000 -0.820537984 -3.783888340 1.199573636 0.139063582 0.019948499 0.082252063 0.986660063
1403636670763555584.000000 -0.818046868 -3.754096746 1.172303915 0.150348842 0.019753713 0.078317076 0.985328138
1403636670813555456.000000 -0.816204906 -3.719753504 1.144885302 0.163041845 0.019435944 0.076344818 0.983468890
1403636670863555584.000000 -0.815681219 -3.680821657 1.117351174 0.177223101 0.019065388 0.076032519 0.981044173
1403636670913555456.000000 -0.819673002 -3.634725094 1.092674494 0.192295313 0.019434532 0.075946592 0.978200853
1403636670963555584.000000 -0.817856073 -3.586042166 1.057571769 0.209225461 0.021185802 0.077662736 0.974548340
1403636671013555456.000000 -0.818395019 -3.529666901 1.034232140 0.225666285 0.022755660 0.075001799 0.971046686
1403636671063555584.000000 -0.814388216 -3.467242479 1.003669024 0.241074905 0.024703631 0.068645641 0.967760563
1403636671113555456.000000 -0.808211446 -3.397889376 0.972539425 0.254983634 0.025826020 0.058004245 0.964858472
1403636671163555584.000000 -0.801806211 -3.320220232 0.937945426 0.268520653 0.025627991 0.046271712 0.961820602
1403636671213555456.000000 -0.793707490 -3.239806414 0.925629854 0.279817581 0.023158126 0.034060623 0.959169328
1403636671263555584.000000 -0.782530308 -3.150919437 0.873426318 0.288673431 0.020395244 0.021101309 0.956977785
1403636671313555456.000000 -0.773542881 -3.059580326 0.861130357 0.293419331 0.015357076 0.002399396 0.955857515
1403636671363555584.000000 -0.763240993 -2.963167906 0.829777896 0.295784980 0.010925445 -0.020086806 0.954980850
1403636671413555456.000000 -0.753446758 -2.863111496 0.799650967 0.297537684 0.006899050 -0.043567296 0.953690529
1403636671463555584.000000 -0.780031562 -2.742471218 0.764233947 0.305904329 0.004533223 -0.060847320 0.950105071
1403636671513555456.000000 -0.736623406 -2.670844793 0.768202543 0.306996673 -0.005580938 -0.078699298 0.948434711
1403636671563555584.000000 -0.731216848 -2.572108746 0.740100622 0.312096298 -0.013076747 -0.089331396 0.945750952
1403636671613555456.000000 -0.727221489 -2.474120617 0.713288665 0.316242337 -0.020949205 -0.098282814 0.943341136
1403636671663555584.000000 -0.724154770 -2.377442122 0.687711418 0.319570303 -0.028540274 -0.104628056 0.941335917
1403636671713555456.000000 -0.714494586 -2.283748627 0.686375856 0.322839379 -0.034870774 -0.109375000 0.939465761
1403636671763555584.000000 -0.712686360 -2.190202713 0.664776325 0.324651718 -0.039760802 -0.112966247 0.938221276
1403636671813555456.000000 -0.711109340 -2.098851681 0.645079851 0.325006187 -0.044143822 -0.118063346 0.937274516
1403636671863555584.000000 -0.708935738 -2.009984493 0.627025366 0.325095743 -0.049195647 -0.120905071 0.936629415
1403636671913555456.000000 -0.699938297 -1.938022971 0.634155571 0.324125469 -0.055706885 -0.124791674 0.936091125
1403636671963555584.000000 -0.693799078 -1.854987741 0.620995402 0.321843505 -0.061364405 -0.129574999 0.935874701
1403636672013555456.000000 -0.684901237 -1.775205731 0.609275043 0.318859369 -0.066743977 -0.135076925 0.935750127
1403636672063555584.000000 -0.672417700 -1.699399590 0.599479437 0.315322518 -0.066981897 -0.141640022 0.935961187
1403636672113555456.000000 -0.657122850 -1.627552271 0.591137409 0.311704129 -0.063346557 -0.149180815 0.936254680
1403636672163555584.000000 -0.635030031 -1.566708326 0.592127383 -0.308998346 0.059555601 0.154143095 -0.936596572
1403636672213555456.000000 -0.602862537 -1.516735792 0.609691858 0.306425869 -0.056778900 -0.158296645 0.936921299
1403636672263555584.000000 -0.582354188 -1.459823847 0.606643796 0.304218352 -0.054370716 -0.159840435 0.937521219
1403636672313555456.000000 -0.562081993 -1.407409310 0.605387986 0.302125096 -0.050211567 -0.162582740 0.937958539
1403636672363555584.000000 -0.542368829 -1.359388828 0.605753720 0.299930096 -0.042638551 -0.166548461 0.938341916
1403636672413555456.000000 -0.524977505 -1.315628767 0.607251525 0.298323542 -0.033328772 -0.170495570 0.938522041
1403636672463555584.000000 -0.498489469 -1.291748881 0.631623566 0.298685461 -0.021353126 -0.171214253 0.938624978
1403636672513555456.000000 -0.486770153 -1.256010294 0.635591388 0.301836133 -0.009147039 -0.162109509 0.939431727
1403636672563555584.000000 -0.478716016 -1.223807096 0.640104115 -0.306092054 -0.002800820 0.151056752 -0.939937055
1403636672613555456.000000 -0.476083130 -1.194384217 0.645822048 -0.310862660 -0.010931284 0.138513416 -0.940244138
1403636672663555584.000000 -0.477534920 -1.166948676 0.652151108 -0.314563543 -0.016922699 0.127828926 -0.940437794
1403636672713555456.000000 -0.480019629 -1.153333783 0.673454165 0.317540020 0.015736379 -0.120126136 0.940473497
1403636672763555584.000000 -0.487303078 -1.143640280 0.691175818 0.318898231 0.009714917 -0.116488263 0.940553129
1403636672813555456.000000 -0.500305951 -1.122508287 0.701502562 0.321468860 0.002570410 -0.114702165 0.939943910
1403636672863555584.000000 -0.512242436 -1.102829576 0.710889339 0.324710071 -0.000565173 -0.116245799 0.938642621
1403636672913555456.000000 -0.522363126 -1.084632277 0.719397664 0.329983562 -0.001619519 -0.118145756 0.936562836
1403636672963555584.000000 -0.530984759 -1.067830920 0.726825953 0.335914075 -0.002038566 -0.121863998 0.933973670
1403636673013555456.000000 -0.538094699 -1.054855227 0.737603962 0.343126476 -0.002245730 -0.125994086 0.930797875
1403636673063555584.000000 -0.543827057 -1.053709745 0.745478451 0.349287152 -0.002411154 -0.132115036 0.927652001
1403636673113555456.000000 -0.547641695 -1.041921377 0.751212239 0.356026888 -0.003963102 -0.136591405 0.924430668
1403636673163555584.000000 -0.548653305 -1.032193661 0.756442904 0.361436278 -0.009499898 -0.141450495 0.921555936
1403636673213555456.000000 -0.547904015 -1.023678064 0.760756254 0.365692139 -0.017050302 -0.146933258 0.918906510
1403636673263555584.000000 -0.545652568 -1.017211914 0.764652193 0.369037718 -0.024055433 -0.153240696 0.916378677
1403636673313555456.000000 -0.540141165 -1.016022921 0.774265945 0.371978819 -0.030611798 -0.156913504 0.914370239
1403636673363555584.000000 -0.538254499 -1.023021698 0.772782326 0.373887688 -0.034818642 -0.160634965 0.912793577
1403636673413555456.000000 -0.531443119 -1.024867773 0.778302670 0.376520723 -0.035490710 -0.162025124 0.911438763
1403636673463555584.000000 -0.525191188 -1.029613018 0.784865320 0.379067123 -0.034956109 -0.162201688 0.910371780
1403636673513555456.000000 -0.520043552 -1.037098408 0.792682767 0.380925387 -0.033484694 -0.162607744 0.909578741
1403636673563555584.000000 -0.515645087 -1.047201395 0.801250577 0.383156985 -0.030272886 -0.161839709 0.908890724
1403636673613555456.000000 -0.509365737 -1.060876131 0.808839798 0.385164678 -0.023162128 -0.159975290 0.908581138
1403636673663555584.000000 -0.510730863 -1.081684470 0.816452265 0.386797816 -0.016029548 -0.158026695 0.908382177
1403636673713555456.000000 -0.507522047 -1.098975062 0.826230049 0.389050275 -0.009073948 -0.155204669 0.908002853
1403636673763555584.000000 -0.504344344 -1.117468476 0.835329533 0.390734941 -0.000481987 -0.153111652 0.907679975
1403636673813555456.000000 -0.501626194 -1.136564493 0.842879713 0.392945260 0.004975798 -0.149912089 0.907246232
1403636673863555584.000000 -0.500501156 -1.155223131 0.847961843 0.393799394 0.009005968 -0.149060816 0.906985044
1403636673913555456.000000 -0.497457832 -1.182403803 0.854723036 0.392882407 0.009249640 -0.151491418 0.906977594
1403636673963555584.000000 -0.493181258 -1.204611897 0.858807325 0.393000603 0.009264413 -0.151747093 0.906883419
1403636674013555456.000000 -0.489898622 -1.228082895 0.862460375 0.393277615 0.007578235 -0.151128903 0.906882226
1403636674063555584.000000 -0.487486780 -1.253268600 0.866024733 0.393299341 0.007063434 -0.150832951 0.906926274
1403636674113555456.000000 -0.486878276 -1.279549241 0.869050264 0.393895030 0.006026154 -0.149398923 0.906912625
1403636674163555584.000000 -0.489774406 -1.308881283 0.874207675 0.394576877 0.006719535 -0.147775918 0.906877220
1403636674213555456.000000 -0.490257025 -1.343039155 0.877087653 0.395081669 0.007497758 -0.145446673 0.907027900
1403636674263555584.000000 -0.498112440 -1.366410613 0.880183578 0.396899551 0.008183434 -0.140332341 0.907033980
1403636674313555456.000000 -0.503030181 -1.401723146 0.882823110 0.399021208 0.006295670 -0.133769497 0.907109857
1403636674363555584.000000 -0.512457013 -1.431561112 0.885276258 0.402150303 0.003203372 -0.127646163 0.906626344
1403636674413555456.000000 -0.523513258 -1.461887836 0.887848616 0.407176077 0.000339549 -0.121670894 0.905209243
1403636674463555584.000000 -0.537105381 -1.492812157 0.891667068 0.413292915 -0.001046148 -0.117211424 0.903022408
1403636674513555456.000000 -0.547783256 -1.527695537 0.895601928 0.419783860 -0.001685021 -0.114957899 0.900312960
1403636674563555584.000000 -0.562940836 -1.557187557 0.900255144 0.425558120 -0.001839037 -0.115003750 0.897591829
1403636674613555456.000000 -0.578755319 -1.585974813 0.905759275 0.430328846 -0.000884440 -0.116134450 0.895169914
1403636674663555584.000000 -0.594998360 -1.614143729 0.912033021 0.434497118 0.000986873 -0.118322790 0.892866731
1403636674713555456.000000 -0.613501847 -1.644036651 0.919293821 0.438423216 -0.000486072 -0.119364589 0.890806913
1403636674763555584.000000 -0.632393301 -1.669835210 0.927740574 0.441143632 -0.005208543 -0.122537389 0.889016271
1403636674813555456.000000 -0.651243865 -1.695594072 0.936576962 0.443098783 -0.012813267 -0.126300484 0.887438774
1403636674863555584.000000 -0.672813654 -1.718384385 0.947849572 0.444647998 -0.020032560 -0.129623160 0.886050045
1403636674913555456.000000 -0.685067534 -1.744915724 0.955820024 0.445291638 -0.026820479 -0.133326277 0.884997308
1403636674963555584.000000 -0.706780434 -1.750096440 0.988335252 0.447435170 -0.032310229 -0.135186195 0.883449256
1403636675013555456.000000 -0.701151967 -1.800299525 0.979308307 0.445595175 -0.038104538 -0.140137821 0.883376718
1403636675063555584.000000 -0.707954228 -1.824443817 0.989441872 0.444867104 -0.041623179 -0.143998370 0.882963896
1403636675113555456.000000 -0.723120213 -1.830352426 1.026303768 0.445399374 -0.041122202 -0.146496743 0.882307827
1403636675163555584.000000 -0.721588433 -1.859858155 1.040009975 0.442896724 -0.039973706 -0.154410064 0.882271051
1403636675213555456.000000 -0.716698766 -1.891710877 1.054907799 0.440424860 -0.034928508 -0.162166402 0.882331014
1403636675263555584.000000 -0.710089803 -1.927127361 1.070790052 0.438060015 -0.030847909 -0.168155342 0.882539332
1403636675313555456.000000 -0.688201189 -1.987447858 1.063983440 0.434069961 -0.027536321 -0.175023764 0.883284688
1403636675363555584.000000 -0.679166198 -2.024714708 1.082369804 0.434499741 -0.020574937 -0.176094860 0.883049965
1403636675413555456.000000 -0.666381240 -2.069870234 1.100677252 0.436951250 -0.010821567 -0.175282508 0.882174969
1403636675463555584.000000 -0.657213509 -2.112396955 1.114394903 0.441148669 -0.004051566 -0.173733726 0.880447626
1403636675513555456.000000 -0.648330152 -2.159240723 1.130057096 0.445597440 0.003463664 -0.174717978 0.878011763
1403636675563555584.000000 -0.641389608 -2.207492352 1.145384789 0.449976563 0.010865509 -0.176043540 0.875449419
1403636675613555456.000000 -0.636100829 -2.256778240 1.160506248 0.454220176 0.017187219 -0.177561626 0.872846305
1403636675663555584.000000 -0.632762074 -2.306901693 1.174796939 0.459193826 0.021289079 -0.178552106 0.869946599
1403636675713555456.000000 -0.631369293 -2.357536793 1.187796712 0.465622783 0.024703545 -0.178093120 0.866526425
1403636675763555584.000000 -0.632112443 -2.408998966 1.199408054 0.473818183 0.027733186 -0.175488487 0.862514377
1403636675813555456.000000 -0.635052383 -2.459928989 1.209868193 0.484488547 0.026142186 -0.168302283 0.858057022
1403636675863555584.000000 -0.640306950 -2.512162685 1.219614267 0.496278852 0.022835882 -0.159735292 0.853036106
1403636675913555456.000000 -0.648077786 -2.562676191 1.229203105 0.508062184 0.015557441 -0.152699307 0.847533941
1403636675963555584.000000 -0.657797694 -2.611844540 1.238359928 0.519199193 0.007872782 -0.148583025 0.841601670
1403636676013555456.000000 -0.668282270 -2.659551859 1.248494983 0.528964221 0.001647426 -0.148892283 0.835479081
1403636676063555584.000000 -0.679717779 -2.706696749 1.259089112 0.537626445 -0.001594186 -0.152412593 0.829292297
1403636676113555456.000000 -0.691004992 -2.752726793 1.270747423 0.544513524 -0.002602331 -0.160231441 0.823300779
1403636676163555584.000000 -0.703127623 -2.798310757 1.282441378 0.550548255 0.000834844 -0.171756387 0.816942930
1403636676213555456.000000 -0.715760350 -2.843052626 1.294944286 0.556646764 0.004662668 -0.183104649 0.810305774
1403636676263555584.000000 -0.729465246 -2.887320757 1.307539701 0.562020540 0.010153219 -0.197273135 0.803189397
1403636676313555456.000000 -0.742913365 -2.932361126 1.319177389 0.568717182 0.012284895 -0.208875805 0.795475245
1403636676363555584.000000 -0.755081952 -2.976384640 1.329468012 0.575779438 0.018417379 -0.219333008 0.787421048
1403636676413555456.000000 -0.766327024 -3.020604849 1.337580681 0.582825959 0.022326868 -0.228886962 0.779375553
1403636676463555584.000000 -0.777052581 -3.064532518 1.342054129 0.591383159 0.022788843 -0.234367192 0.771244884
1403636676513555456.000000 -0.786055505 -3.108688354 1.343339205 0.600581467 0.020681955 -0.237229154 0.763280153
1403636676563555584.000000 -0.794032991 -3.153223515 1.342794657 0.610916436 0.017471381 -0.235318929 0.755712211
1403636676613555456.000000 -0.799671888 -3.197813034 1.339244843 0.620034099 0.014343719 -0.233605564 0.748852730
1403636676663555584.000000 -0.802997768 -3.243250370 1.333127022 0.627856791 0.011938725 -0.230848894 0.743210733
1403636676713555456.000000 -0.804898679 -3.288741589 1.324918509 0.634448767 0.009267860 -0.227619424 0.738632739
1403636676763555584.000000 -0.804724872 -3.334479809 1.315250874 0.639968216 0.007152532 -0.223972544 0.735000610
1403636676813555456.000000 -0.804095328 -3.378983021 1.304692268 0.644874871 0.004016660 -0.221277013 0.731544137
1403636676863555584.000000 -0.802648723 -3.422874928 1.293395758 0.649583936 -0.000289563 -0.218962744 0.728076935
1403636676913555456.000000 -0.800607681 -3.464402676 1.280903101 0.653063476 -0.001367642 -0.217231303 0.725477040
1403636676963555584.000000 -0.798588276 -3.505110979 1.270869493 0.655642390 -0.002559758 -0.215937436 0.723531306
1403636677013555456.000000 -0.799493670 -3.545419216 1.261549950 0.656655431 -0.001105880 -0.216853723 0.722341299
1403636677063555584.000000 -0.803623915 -3.585847139 1.254671335 0.656174481 0.003009832 -0.220258534 0.721742451
1403636677113555456.000000 -0.811480045 -3.626103878 1.247790098 0.655177414 0.007322241 -0.223762244 0.721539676
1403636677163555584.000000 -0.822716057 -3.666424036 1.242620707 0.653879046 0.010885010 -0.227133214 0.721619248
1403636677213555456.000000 -0.836068809 -3.707671881 1.238578558 0.653316915 0.014893590 -0.228332907 0.721678078
1403636677263555584.000000 -0.849545717 -3.746684074 1.231641054 0.653848290 0.019367110 -0.228263900 0.721112311
1403636677313555456.000000 -0.863077044 -3.786995173 1.224619389 0.656000674 0.023095293 -0.226978809 0.719451427
1403636677363555584.000000 -0.874464512 -3.826791525 1.217026949 0.659810960 0.028484840 -0.225027382 0.716380358
1403636677413555456.000000 -0.883507967 -3.866286278 1.207419872 0.664488316 0.033610214 -0.222497091 0.712615490
1403636677463555584.000000 -0.891504765 -3.905428886 1.196525574 0.670268893 0.037916306 -0.219055474 0.708037257
1403636677513555456.000000 -0.898399711 -3.941522121 1.183831692 0.676742196 0.039795276 -0.215881228 0.702731550
1403636677563555584.000000 -0.903142512 -3.974980593 1.171702385 0.683429956 0.040509176 -0.214074954 0.696745634
1403636677613555456.000000 -0.907375336 -4.009094715 1.158375978 0.690533221 0.038559273 -0.212871656 0.690190375
1403636677663555584.000000 -0.909701586 -4.039180756 1.143871307 0.697343826 0.035010226 -0.213374287 0.683342755
1403636677713555456.000000 -0.911339402 -4.067688465 1.129363537 0.705053806 0.030426845 -0.213530168 0.675557733
1403636677763555584.000000 -0.912140131 -4.095554829 1.114036560 0.712064445 0.025138663 -0.216244087 0.667510867
1403636677813555456.000000 -0.913123846 -4.121284962 1.099987507 0.719667256 0.016321864 -0.219407484 0.658538640
1403636677863555584.000000 -0.913984895 -4.147758961 1.085212708 0.727716982 0.006215899 -0.222079441 0.648899257
1403636677913555456.000000 -0.913499832 -4.174456120 1.072324753 0.735374629 -0.002401955 -0.226280481 0.638760924
1403636677963555584.000000 -0.910619497 -4.200419426 1.059525967 0.743014991 -0.008392137 -0.230171874 0.628394127
1403636678013555456.000000 -0.908894181 -4.226570606 1.048078060 0.749732077 -0.011413074 -0.235924244 0.618151546
1403636678063555584.000000 -0.904324889 -4.255500317 1.039601803 0.756314635 -0.011371580 -0.240041882 0.608472466
1403636678113555456.000000 -0.903214455 -4.284434795 1.032352924 0.761346638 -0.007062914 -0.245132774 0.600176096
1403636678163555584.000000 -0.902452052 -4.314160824 1.029147625 0.765598178 -0.002176516 -0.249645188 0.592901349
1403636678213555456.000000 -0.904231906 -4.346365452 1.026607513 0.768554807 0.003030506 -0.255387783 0.586593091
1403636678263555584.000000 -0.905471623 -4.375491142 1.025938511 0.771869361 0.007401614 -0.259679049 0.580284238
1403636678313555456.000000 -0.903837144 -4.402674198 1.023681641 0.775893629 0.009947249 -0.262725592 0.573467851
1403636678363555584.000000 -0.902294755 -4.429017067 1.021682262 0.780959189 0.009422260 -0.263436824 0.566228867
1403636678413555456.000000 -0.900774598 -4.455795765 1.017417908 0.785403371 0.008422649 -0.266037405 0.558833420
1403636678463555584.000000 -0.896711648 -4.485923767 1.012723446 0.789940774 0.008261034 -0.268502861 0.551209152
1403636678513555456.000000 -0.892194211 -4.512782097 1.008210659 0.794348598 0.008055393 -0.271689862 0.543258786
1403636678563555584.000000 -0.886291623 -4.539237022 1.001539230 0.799416900 0.008077739 -0.273346424 0.534929097
1403636678613555456.000000 -0.877286792 -4.564484596 0.996084690 0.805226505 0.008530488 -0.275407553 0.525060236
1403636678663555584.000000 -0.868805468 -4.591511726 0.991003036 0.810597360 0.012092104 -0.279071629 0.514688969
1403636678713555456.000000 -0.861745894 -4.617726803 0.985841274 0.815499902 0.018112259 -0.284274518 0.503805399
1403636678763555584.000000 -0.855002761 -4.642189980 0.980021954 0.820346355 0.025101088 -0.290375292 0.492020428
1403636678813555456.000000 -0.851890504 -4.669083118 0.973403454 0.824542701 0.032881375 -0.297235578 0.480311632
1403636678863555584.000000 -0.850613713 -4.693848133 0.967293739 0.828088880 0.039622385 -0.303729564 0.469518125
1403636678913555456.000000 -0.851519346 -4.717912674 0.960530281 0.831308663 0.046822149 -0.309256673 0.459449649
1403636678963555584.000000 -0.852076888 -4.740495682 0.954317570 0.834811389 0.050447192 -0.313595831 0.449669659
1403636679013555456.000000 -0.853768647 -4.760763168 0.945966721 0.839498103 0.051517077 -0.314793527 0.439879596
1403636679063555584.000000 -0.859475732 -4.779458046 0.935635090 0.844866931 0.050235398 -0.314443290 0.429885805
1403636679113555456.000000 -0.867969394 -4.798327923 0.925719738 0.850740492 0.048484385 -0.312813044 0.419568866
1403636679163555584.000000 -0.878536224 -4.814976692 0.913135529 0.857386947 0.043222401 -0.309383422 0.409024924
1403636679213555456.000000 -0.889699697 -4.831253052 0.899870872 0.865002036 0.036766611 -0.303983897 0.397509187
1403636679263555584.000000 -0.897637367 -4.845912933 0.887897015 0.872179747 0.030670878 -0.299473852 0.385586977
1403636679313555456.000000 -0.902125239 -4.859080315 0.876067638 0.878554881 0.024785047 -0.296599358 0.373571783
1403636679363555584.000000 -0.907392740 -4.864484787 0.873328686 0.884423792 0.021782566 -0.295245528 0.360763431
1403636679413555456.000000 -0.910750747 -4.877336502 0.865174770 0.889253974 0.019163128 -0.295752048 0.348411918
1403636679463555584.000000 -0.912205219 -4.884449005 0.867798805 0.893808722 0.017360291 -0.296622545 0.335886478
1403636679513555456.000000 -0.913341641 -4.881777763 0.868768215 0.897467613 0.016400374 -0.298763454 0.324073017
1403636679563555584.000000 -0.911758780 -4.892825127 0.861074448 0.900291920 0.015701359 -0.301135480 0.313919455
1403636679613555456.000000 -0.908137679 -4.904168606 0.853317738 0.902735651 0.014313454 -0.302837193 0.305210173
1403636679663555584.000000 -0.902870059 -4.915112495 0.847030640 -0.904090226 -0.012885347 0.305993587 -0.298031747
1403636679713555456.000000 -0.895670891 -4.925889492 0.841653347 -0.905236185 -0.012736180 0.308447957 -0.291967779
1403636679763555584.000000 -0.886196852 -4.936785698 0.837158203 -0.906144977 -0.014877703 0.310083121 -0.287277490
1403636679813555456.000000 -0.874177098 -4.947741985 0.832718134 -0.908015966 -0.017357457 0.307925224 -0.283527553
1403636679863555584.000000 -0.859813929 -4.959254265 0.827409267 -0.909548759 -0.020611903 0.305374146 -0.281145751
1403636679913555456.000000 -0.843624175 -4.970857143 0.822047949 0.910934806 0.027132388 -0.302576989 0.279121667
1403636679963555584.000000 -0.826377749 -4.982104778 0.816695690 0.910987973 0.031247193 -0.302894801 0.278171480
1403636680013555456.000000 -0.807387710 -4.992539406 0.811769724 0.910260439 0.039038368 -0.304260612 0.278078347
1403636680063555584.000000 -0.786878347 -5.001546860 0.807757139 0.909190536 0.046949651 -0.306108445 0.278326988
1403636680113555456.000000 -0.766049325 -5.008982658 0.804257393 0.908017516 0.056225073 -0.307630032 0.278759450
1403636680163555584.000000 -0.746661186 -5.014721870 0.801620960 0.907114208 0.060636621 -0.308716863 0.279572964
1403636680213555456.000000 -0.728829622 -5.018326283 0.799601078 0.907182574 0.059858192 -0.308148563 0.280145049
1403636680263555584.000000 -0.712060332 -5.020014763 0.798025608 0.907868683 0.060478181 -0.305418164 0.280778497
1403636680313555456.000000 -0.697137296 -5.020019531 0.797559738 0.907170117 0.064172506 -0.305667758 0.281942576
1403636680363555584.000000 -0.684201360 -5.018139362 0.798065186 0.905007958 0.069372736 -0.309640169 0.283321351
1403636680413555456.000000 -0.672846556 -5.014113426 0.799220085 0.902676344 0.072877057 -0.314095587 0.284970731
1403636680463555584.000000 -0.662947416 -5.007965088 0.800487995 0.900802910 0.074811600 -0.317637354 0.286468029
1403636680513555456.000000 -0.654712379 -4.999565125 0.801644325 0.899095476 0.076229513 -0.320665926 0.288079470
1403636680563555584.000000 -0.648284793 -4.988889694 0.802588463 0.898389995 0.073828526 -0.321888715 0.289538443
1403636680613555456.000000 -0.643308997 -4.975821495 0.803094387 0.898677647 0.069940120 -0.320838660 0.290773839
1403636680663555584.000000 -0.639805079 -4.960768700 0.803191662 0.898522615 0.067867801 -0.320532352 0.292079121
1403636680713555456.000000 -0.637946248 -4.943757057 0.802945137 0.898505807 0.063013159 -0.320634395 0.293104649
1403636680763555584.000000 -0.637411594 -4.924939156 0.802537441 0.899134874 0.053051885 -0.319699466 0.294167042
1403636680813555456.000000 -0.637671351 -4.904924393 0.801767349 0.900011480 0.042806737 -0.318045050 0.294947982
1403636680863555584.000000 -0.638927758 -4.884250641 0.801246166 0.900902510 0.030437516 -0.316271245 0.295670122
1403636680913555456.000000 -0.641605854 -4.863409519 0.801332235 -0.900994062 -0.017410588 0.316428453 -0.296276420
1403636680963555584.000000 -0.645859659 -4.842894077 0.802497625 -0.899456561 -0.007527303 0.320795000 -0.296668023
1403636681013555456.000000 -0.651495159 -4.823516846 0.804087877 -0.897040725 -0.002679524 0.327057481 -0.297227591
1403636681063555584.000000 -0.658463776 -4.805312157 0.806197882 -0.894402504 0.000643928 0.333974153 -0.297498047
1403636681113555456.000000 -0.665936828 -4.788723946 0.808224201 -0.892121077 0.000962131 0.339881808 -0.297656506
1403636681163555584.000000 -0.673443675 -4.773935795 0.809545517 -0.891717315 -0.001129997 0.340903848 -0.297697335
1403636681213555456.000000 -0.536875606 -4.768343925 1.685266972 -0.893048346 -0.007931846 0.337721348 -0.297230780
1403636681263555584.000000 -0.536384225 -4.755537987 1.721697092 -0.895145476 -0.015768670 0.332092434 -0.296952248
1403636681313555456.000000 -0.534418106 -4.747912407 1.762069941 -0.897263050 -0.020015445 0.326591611 -0.296405733
1403636681363555584.000000 -0.530925751 -4.741059303 1.802304745 -0.899318814 -0.023108952 0.320909172 -0.296157122
1403636681413555456.000000 -0.525783062 -4.734095573 1.843297482 -0.901257575 -0.023808898 0.316057742 -0.295424163
1403636681463555584.000000 -0.521984398 -4.297060013 2.346143961 -0.902939379 -0.022621475 0.311846823 -0.294856489
1403636681513555456.000000 -0.517978072 -4.284090519 2.422680378 0.903813243 0.022336273 -0.309569180 0.294600785
1403636681563555584.000000 -0.509695888 -4.261351585 2.492931604 -0.904254317 -0.022369741 0.309301615 -0.293523908
1403636681613555456.000000 -0.501788497 -4.238721371 2.565944910 0.904015541 0.024918934 -0.310437202 0.292854548
1403636681663555584.000000 -0.494751066 -4.215885162 2.641629934 0.904150248 0.026120374 -0.310644001 0.292113721
1403636681713555456.000000 -0.488593221 -4.192849636 2.719887018 0.904277265 0.027626688 -0.310998499 0.291203529
1403636681763555584.000000 -0.483237118 -4.169624329 2.800418139 0.904538274 0.028546834 -0.310816973 0.290496737
1403636681813555456.000000 -0.478354752 -4.145969868 2.883229256 0.904831886 0.029131062 -0.310688198 0.289660990
1403636681863555584.000000 -0.472811371 -4.121824265 2.967958450 0.905338407 0.028891757 -0.310039282 0.288796425
1403636681913555456.000000 -0.465801120 -4.097285271 3.054391861 0.905968189 0.028779360 -0.309010863 0.287933499
1403636681963555584.000000 -0.456880748 -4.072137833 3.142391682 0.906456351 0.027478980 -0.308589458 0.286974519
1403636682013555456.000000 -0.446051270 -4.046891689 3.231317282 0.906868696 0.026029862 -0.308237404 0.286184072
1403636682063555584.000000 -0.432891846 -4.021154404 3.321980476 -0.907219470 -0.024058903 0.308024377 -0.285473228
1403636682113555456.000000 -0.417486042 -3.994781971 3.414991856 -0.907645166 -0.023108123 0.307462394 -0.284803778
1403636682163555584.000000 -0.400942206 -3.968091488 3.510411263 -0.907825232 -0.021594971 0.307492018 -0.284316361
1403636682213555456.000000 -0.384609520 -3.941396236 3.608620644 -0.907201767 -0.019605741 0.309775263 -0.283971667
1403636682263555584.000000 -0.369357049 -3.914954662 3.709728241 -0.906277776 -0.016353639 0.312677056 -0.283947706
1403636682313555456.000000 -0.355692029 -3.888868332 3.813782692 -0.904452741 -0.014015434 0.317922294 -0.284067392
1403636682363555584.000000 -0.470519811 -4.454140186 3.995000362 -0.902689219 -0.010508072 0.322732478 -0.284403861
1403636682413555456.000000 -0.457135499 -4.441176414 4.103748322 -0.901819289 -0.009056096 0.325210035 -0.284391254
1403636682463555584.000000 -0.444759905 -4.440042019 4.218386650 -0.902284384 -0.009606702 0.323503107 -0.284844339
1403636682513555456.000000 -0.432711303 -4.440233707 4.335358143 -0.903102040 -0.012879929 0.320337206 -0.285700858
1403636682563555584.000000 -0.421324492 -4.441450596 4.454644203 -0.903976440 -0.016305301 0.316976696 -0.286507338
1403636682613555456.000000 -0.410808027 -4.443328857 4.576430321 -0.904784739 -0.019367695 0.314005554 -0.287036687
1403636682663555584.000000 -0.400805235 -4.445796490 4.700693607 -0.905421734 -0.021709682 0.311101079 -0.288021535
1403636682713555456.000000 -0.390344381 -4.448575974 4.827076912 -0.906116247 -0.021184457 0.308523983 -0.288647979
1403636682763555584.000000 -0.378302097 -4.451922417 4.955311775 -0.906794429 -0.020692887 0.305800438 -0.289451122
1403636682813555456.000000 -0.360427976 -4.440326691 5.078129768 0.907208264 0.020849233 -0.303446442 0.290617973
1403636682863555584.000000 -0.344445109 -4.443319321 5.209383011 0.907252073 0.023305275 -0.302626699 0.291148812
1403636682913555456.000000 -0.326715589 -4.446601868 5.342927933 0.906562984 0.026080064 -0.303273499 0.292384624
1403636682963555584.000000 -0.306995869 -4.449625015 5.478438854 0.906023562 0.028644992 -0.304074973 0.292983472
1403636683013555456.000000 -0.286014318 -4.452496052 5.616285324 0.905365765 0.031669740 -0.305523574 0.293198198
1403636683063555584.000000 -0.239681959 -4.469255924 5.759304047 0.905616522 0.032331396 -0.304573208 0.293340504
1403636683113555456.000000 -0.216171384 -4.481273651 5.904353619 0.905290186 0.031516280 -0.305614680 0.293353349
1403636683163555584.000000 -0.195834041 -4.485186577 6.050295353 0.905501127 0.029323231 -0.305552959 0.292993575
1403636683213555456.000000 -0.176646113 -4.489139557 6.199071884 0.905476511 0.026560597 -0.306401461 0.292446733
1403636683263555584.000000 -0.179402113 -4.505552292 6.339356422 0.905671239 0.024574993 -0.306889564 0.291503996
1403636683313555456.000000 -0.167562366 -4.510060310 6.497840405 0.906158447 0.023096200 -0.306457639 0.290563762
1403636683363555584.000000 -0.152247667 -4.516098976 6.654521942 -0.906440020 -0.021453576 0.306529254 -0.289734483
1403636683413555456.000000 -0.137504697 -4.522789955 6.813993931 -0.906679809 -0.020514548 0.306691825 -0.288878947
1403636683463555584.000000 -0.123460054 -4.530103683 6.976002216 -0.906992435 -0.018876640 0.306899518 -0.287786543
1403636683513555456.000000 -0.111722946 -4.538122177 7.142488956 -0.907045245 -0.018871397 0.307195216 -0.287304640
1403636683563555584.000000 -0.098119259 -4.547075272 7.309629917 -0.907334089 -0.018264849 0.306993842 -0.286646217
1403636683613555456.000000 -0.084975243 -4.556731224 7.479671001 -0.907026231 -0.017661674 0.308423489 -0.286123186
1403636683663555584.000000 -0.072211027 -4.567168236 7.652280331 -0.906657040 -0.016109481 0.310229331 -0.285431951
1403636683713555456.000000 -0.058858156 -4.578363419 7.827135086 -0.906060874 -0.014855065 0.312553316 -0.284856975
1403636683763555584.000000 -0.043928862 -4.590384483 8.003616333 -0.905618370 -0.012319254 0.314370334 -0.284385115
