1413393919755760384.000000 -0.002487432 0.126463816 0.048455134 -0.043525271 0.010430864 -0.002841350 0.998993874
1413393919805760512.000000 -0.008970044 0.170151159 0.058691029 -0.056398485 0.018765556 -0.014748359 0.998123050
1413393919855760384.000000 -0.014153218 0.218715563 0.065189153 -0.067466751 0.025317645 -0.029949281 0.996950567
1413393919905760512.000000 -0.024836669 0.264796197 0.074023016 -0.076949671 0.028519800 -0.045115225 0.995605409
1413393919955760384.000000 -0.029093914 0.315315157 0.072167844 -0.083946578 0.026665030 -0.058842558 0.994373977
1413393920005760512.000000 -0.046785217 0.385080159 0.063245535 -0.084931903 0.022330688 -0.066633813 0.993905365
1413393920055760384.000000 -0.073459670 0.425080389 0.075782575 -0.090810157 0.016964454 -0.075234652 0.992877424
1413393920105760512.000000 -0.094090760 0.465204090 0.065343969 -0.094232537 0.011839765 -0.077262707 0.992477000
1413393920155760384.000000 -0.123786226 0.517171979 0.065169483 -0.093355946 0.007440359 -0.082790725 0.992156744
1413393920205760512.000000 -0.132383600 0.568787098 0.034456972 -0.091177285 0.001121791 -0.082448959 0.992415071
1413393920255760384.000000 -0.165676028 0.646819472 0.001944122 -0.086469732 0.000063379 -0.083209448 0.992773533
1413393920305760512.000000 -0.183512777 0.651661456 0.002998816 -0.090830632 -0.005995591 -0.086002156 0.992127776
1413393920355760384.000000 -0.223359466 0.705756545 -0.021471601 -0.089476958 -0.008250357 -0.089372210 0.991936743
1413393920405760512.000000 -0.257475615 0.785225153 -0.060359586 -0.084577821 -0.014922335 -0.088032819 0.992408276
1413393920455760384.000000 -0.278232962 0.831110120 -0.085899860 -0.083849296 -0.027260907 -0.087405592 0.992263317
1413393920505760512.000000 -0.310318828 0.883204162 -0.123298608 -0.082181387 -0.036819540 -0.087590523 0.992077887
1413393920555760384.000000 -0.330383748 0.903993547 -0.137933552 -0.084357291 -0.046110716 -0.089407705 0.991344571
1413393920605760512.000000 -0.352402478 0.951120973 -0.170540333 -0.082438871 -0.052564591 -0.091436781 0.990999579
1413393920655760384.000000 -0.392742634 1.002786398 -0.208114430 -0.080300570 -0.054798588 -0.092270836 0.990976810
1413393920705760512.000000 -0.407730401 1.042356730 -0.238846183 -0.079228707 -0.059025090 -0.093772046 0.990679443
1413393920755760384.000000 -0.440945923 1.088983178 -0.274450541 -0.077201031 -0.058120426 -0.095435508 0.990734160
1413393920805760512.000000 -0.466189682 1.109017968 -0.297310859 -0.078031600 -0.059745971 -0.096800961 0.990439832
1413393920855760384.000000 -0.481529921 1.140700340 -0.325762302 -0.078149855 -0.062542170 -0.099307805 0.990009665
1413393920905760512.000000 -0.512881458 1.175237179 -0.354895592 -0.078604288 -0.067092091 -0.101883836 0.989413857
1413393920955760384.000000 -0.526020050 1.206454277 -0.383736432 -0.078697205 -0.075832866 -0.104177386 0.988535941
1413393921005760512.000000 -0.567157149 1.264422297 -0.418501198 -0.077870801 -0.083734453 -0.104461692 0.987933397
1413393921055760384.000000 -0.574387252 1.275204301 -0.438540995 -0.080898859 -0.098543152 -0.105399191 0.986222982
1413393921105760512.000000 -0.598262250 1.295055509 -0.455633044 -0.082556143 -0.109567247 -0.107193947 0.984727859
1413393921155760384.000000 -0.635180593 1.353491545 -0.486154109 -0.079874232 -0.114058301 -0.107729711 0.984380603
1413393921205760512.000000 -0.646026433 1.373658657 -0.503437996 -0.081584908 -0.121450424 -0.109967478 0.983107805
1413393921255760384.000000 -0.682300746 1.404052734 -0.526114166 -0.081996076 -0.122471064 -0.111741915 0.982746780
1413393921305760512.000000 -0.675520003 1.390316486 -0.523843586 -0.085803136 -0.128751010 -0.111675270 0.981626034
1413393921355760384.000000 -0.693324327 1.410288453 -0.533546925 -0.085423246 -0.130343273 -0.110769205 0.981551707
1413393921405760512.000000 -0.712058485 1.426018000 -0.537186682 -0.085156702 -0.127541900 -0.108712994 0.982172549
1413393921455760384.000000 -0.727027297 1.461504579 -0.548425317 -0.082004525 -0.119535260 -0.105572417 0.983789206
1413393921505760512.000000 -0.758594334 1.496923447 -0.556298375 -0.078258604 -0.105859302 -0.105167903 0.985702395
1413393921555760384.000000 -0.765208602 1.502245069 -0.552466035 -0.077096052 -0.093273036 -0.103697732 0.987219930
1413393921605760512.000000 -0.761246860 1.505215168 -0.540685713 -0.077072337 -0.085087970 -0.104344621 0.987892807
1413393921655760384.000000 -0.772738695 1.514617085 -0.534529090 -0.077002846 -0.078382224 -0.103204980 0.988572478
1413393921705760512.000000 -0.804606438 1.544255614 -0.541569650 -0.075362451 -0.070503600 -0.102462664 0.989369094
1413393921755760384.000000 -0.824672163 1.556024551 -0.529079020 -0.075923637 -0.066379413 -0.102298968 0.989628375
1413393921805760512.000000 -0.834488690 1.561747670 -0.526427925 -0.076002292 -0.063551053 -0.101971425 0.989841819
1413393921855760384.000000 -0.858811080 1.567574263 -0.518117130 -0.076924302 -0.057736292 -0.103264697 0.989992738
1413393921905760512.000000 -0.879781723 1.576827526 -0.510201454 -0.076698087 -0.049160626 -0.102893114 0.990511835
1413393921955760384.000000 -0.900519192 1.585658669 -0.503748357 -0.076234743 -0.040391177 -0.102971189 0.990935862
1413393922005760512.000000 -0.942711651 1.598122358 -0.487114429 -0.076172955 -0.032122266 -0.103120394 0.991227567
1413393922055760384.000000 -0.953909099 1.599886179 -0.487872303 -0.077510588 -0.036197379 -0.102287993 0.991069674
1413393922105760512.000000 -0.978958070 1.602517605 -0.483849883 -0.078893185 -0.041899428 -0.102574982 0.990706205
1413393922155760384.000000 -1.002288818 1.606189251 -0.480860502 -0.081022270 -0.052754585 -0.102063999 0.990068316
1413393922205760512.000000 -1.030094862 1.609687090 -0.472902268 -0.083656162 -0.070014350 -0.098785914 0.989111245
1413393922255760384.000000 -1.082676172 1.615974665 -0.461692125 -0.086874083 -0.082761914 -0.098750450 0.987852097
1413393922305760512.000000 -1.088193417 1.618427277 -0.463111937 -0.087864280 -0.102430768 -0.093761548 0.986405909
1413393922355760384.000000 -1.123434424 1.623318076 -0.446780115 -0.089555360 -0.116133489 -0.091714397 0.984927058
1413393922405760512.000000 -1.160400629 1.617388010 -0.438099563 0.093959630 0.125303015 0.091248699 -0.983435094
1413393922455760384.000000 -1.183003545 1.616021991 -0.424274594 0.094174899 0.131871998 0.084005333 -0.983200908
1413393922505760512.000000 -1.203579664 1.614118218 -0.406732321 0.092812829 0.131667167 0.074803516 -0.984100580
1413393922555760384.000000 -1.221734285 1.611949921 -0.385178387 0.090769336 0.124981590 0.064914405 -0.985863388
1413393922605760512.000000 -1.250350952 1.607010961 -0.366239339 -0.086764880 -0.113968238 -0.053535677 0.988239408
1413393922655760384.000000 -1.272553563 1.621370792 -0.341047257 0.082256690 0.105600819 0.044809766 -0.989987135
1413393922705760512.000000 -1.286792994 1.624337316 -0.312156349 0.080156125 0.097308271 0.039694007 -0.991226792
1413393922755760384.000000 -1.293931246 1.616332173 -0.280014277 -0.079674840 -0.093118317 -0.037070345 0.991769493
1413393922805760512.000000 -1.305219293 1.623307705 -0.247705594 -0.078945763 -0.092055909 -0.037342444 0.991916776
1413393922855760384.000000 -1.322028637 1.644485950 -0.210993066 0.078610048 0.096455917 0.041624520 -0.991354764
1413393922905760512.000000 -1.321415067 1.632749319 -0.181880802 -0.083009928 -0.102158487 -0.047633007 0.990153611
1413393922955760384.000000 -1.330079317 1.657901049 -0.141816735 0.084212251 0.108853869 0.056145046 -0.988891780
1413393923005760512.000000 -1.329753041 1.670841098 -0.104163140 0.088176318 0.115982823 0.067768157 -0.987005770
1413393923055760384.000000 -1.320199728 1.671081781 -0.067999169 -0.093137257 -0.121427968 -0.078278355 0.985115886
1413393923105760512.000000 -1.310878277 1.675762773 -0.029194355 -0.096923292 -0.125096411 -0.084841073 0.983747363
1413393923155760384.000000 -1.299564719 1.695661306 0.018315054 0.098282427 0.128971368 0.089588985 -0.982690573
1413393923205760512.000000 -1.283771157 1.705804229 0.066960976 0.099501744 0.130186304 0.092330173 -0.982153893
1413393923255760384.000000 -1.264374614 1.705564618 0.116390035 -0.100895651 -0.128185898 -0.093388453 0.982174635
1413393923305760512.000000 -1.247375846 1.707110643 0.169075906 -0.100585341 -0.123658016 -0.088355221 0.983252048
1413393923355760384.000000 -1.225033998 1.725397944 0.232378080 0.094002746 0.116541460 0.076774769 -0.985741973
1413393923405760512.000000 -1.206482053 1.720844984 0.289119005 -0.087539993 -0.109836683 -0.062257748 0.988127828
1413393923455760384.000000 -1.184723139 1.727598429 0.352381885 -0.075754680 -0.102609098 -0.049736332 0.990585148
1413393923505760512.000000 -1.161711931 1.735426068 0.417216569 -0.061478361 -0.094947003 -0.040765725 0.992745519
1413393923555760384.000000 -1.142225385 1.737222672 0.479514331 -0.046052407 -0.087496720 -0.036988322 0.994412124
1413393923605760512.000000 -1.111418009 1.755267620 0.549273312 0.025716348 0.083706953 0.037080791 -0.995468140
1413393923655760384.000000 -1.090848565 1.762633920 0.611944556 -0.007875613 -0.081884272 -0.046971638 0.995503187
1413393923705760512.000000 -1.063629270 1.778709054 0.678115070 0.011847530 -0.081779338 -0.061645627 0.994671643
1413393923755760384.000000 -1.042061567 1.788834691 0.740935206 0.030965669 -0.086514629 -0.079956375 0.992553949
1413393923805760512.000000 -1.009780169 1.815472722 0.810462952 -0.052788343 0.092811666 0.095845908 -0.989652991
1413393923855760384.000000 -0.988722384 1.828619003 0.873596132 0.073639140 -0.098132178 -0.110083573 0.986320972
1413393923905760512.000000 -0.961478233 1.849506617 0.939790547 0.095509529 -0.103053026 -0.122894429 0.982423007
1413393923955760384.000000 -0.940706134 1.861152530 1.002059579 0.116851859 -0.107698716 -0.132560894 0.978352845
1413393924005760512.000000 -0.907753110 1.895457029 1.070906162 -0.139062196 0.113923334 0.141209096 -0.973520994
1413393924055760384.000000 -0.886858284 1.905488253 1.134993315 0.158072948 -0.119024694 -0.149658620 0.968735516
1413393924105760512.000000 -0.859704912 1.927137136 1.202798963 0.176431224 -0.123463213 -0.161256790 0.963133037
1413393924155760384.000000 -0.839507997 1.933671474 1.268024564 0.191787735 -0.124295838 -0.177080899 0.957293332
1413393924205760512.000000 -0.804641843 1.966646433 1.342490554 -0.207808480 0.121558011 0.195834190 -0.950625241
1413393924255760384.000000 -0.776357830 1.983203053 1.412402034 -0.222360805 0.114971973 0.216954485 -0.943540096
1413393924305760512.000000 -0.755190074 1.983491421 1.477281809 0.234294474 -0.108806372 -0.236300707 0.936711967
1413393924355760384.000000 -0.728264928 1.993594289 1.547109127 -0.244912267 0.102973230 0.254928648 -0.929745138
1413393924405760512.000000 -0.712939262 1.981180549 1.605098009 0.252465934 -0.095988847 -0.272575915 0.923444390
1413393924455760384.000000 -0.675784111 2.001843452 1.680215836 -0.259165078 0.089982048 0.289471030 -0.917029619
1413393924505760512.000000 -0.650245428 1.997342587 1.742940426 -0.264167249 0.083460830 0.302752286 -0.911916196
1413393924555760384.000000 -0.636419177 1.968531609 1.791807294 0.267523319 -0.076602228 -0.313380241 0.907940626
1413393924605760512.000000 -0.613970995 1.951348305 1.845941067 -0.271298736 0.066275157 0.321409971 -0.904820561
1413393924655760384.000000 -0.604187131 1.910956860 1.883507967 0.273458809 -0.054418556 -0.327816844 0.902659953
1413393924705760512.000000 -0.580860019 1.880410194 1.925981641 0.276069611 -0.041552428 -0.332794964 0.900725543
1413393924755760384.000000 -0.556481481 1.842036128 1.960655928 0.277767420 -0.030222313 -0.334611207 0.899981797
1413393924805760512.000000 -0.533761621 1.792559862 1.985041499 -0.277021170 0.023779148 0.334798783 -0.900335312
1413393924855760384.000000 -0.520693898 1.730016470 1.997427225 0.276846737 -0.024880100 -0.325475752 0.903771222
1413393924905760512.000000 -0.498181105 1.666239262 2.006283283 0.277664691 -0.033718739 -0.309862494 0.908708215
1413393924955760384.000000 -0.474409401 1.595118046 2.008198500 0.280256271 -0.050515369 -0.287764013 0.914383173
1413393925005760512.000000 -0.426543295 1.532632113 2.012441158 -0.285894722 0.067095920 0.265904009 -0.918181598
1413393925055760384.000000 -0.395105630 1.453650713 2.003574133 0.291102052 -0.081896022 -0.246532246 0.920746744
1413393925105760512.000000 -0.380629599 1.358899355 1.983736634 -0.296746939 0.094751157 0.229189470 -0.922190726
1413393925155760384.000000 -0.352700114 1.257463932 1.961704373 0.304646581 -0.109161630 -0.213123307 0.921874583
1413393925205760512.000000 -0.332254231 1.176467657 1.949146628 0.315368414 -0.125543475 -0.196876645 0.919794142
1413393925255760384.000000 -0.299899846 1.083038926 1.933398366 0.327496529 -0.141559854 -0.184554964 0.915776372
1413393925305760512.000000 -0.266735405 0.988784730 1.919301629 0.340238214 -0.154196933 -0.175728962 0.910813212
1413393925355760384.000000 -0.232801259 0.895755112 1.907078028 0.351557493 -0.161509112 -0.173924029 0.905578613
1413393925405760512.000000 -0.208169058 0.813108385 1.903648376 0.360701531 -0.161692262 -0.177546933 0.901236475
1413393925455760384.000000 -0.160328269 0.708435416 1.893011212 0.369287580 -0.159098342 -0.180135086 0.897700250
1413393925505760512.000000 -0.122872055 0.615059018 1.890166283 0.376313716 -0.153867662 -0.183979809 0.894910157
1413393925555760384.000000 -0.096897438 0.533159494 1.894791842 0.382333428 -0.150089905 -0.186534956 0.892467916
1413393925605760512.000000 -0.063539445 0.441865206 1.897497654 0.387825429 -0.147803009 -0.186511725 0.890482545
1413393925655760384.000000 -0.031418204 0.349773586 1.902627468 0.392234951 -0.145390362 -0.187460691 0.888747394
1413393925705760512.000000 -0.005463958 0.258940637 1.910646915 0.395454079 -0.143552154 -0.189707607 0.887141466
1413393925755760384.000000 -0.004400969 0.194078207 1.930453897 0.397704601 -0.140020832 -0.191615790 0.886289299
1413393925805760512.000000 0.025548339 0.081637859 1.934663534 0.400205344 -0.136987984 -0.192554832 0.885433674
1413393925855760384.000000 0.012702614 0.020252526 1.959445238 0.401791871 -0.132587999 -0.192749470 0.885342598
1413393925905760512.000000 0.012768835 -0.064300060 1.977110863 0.403427124 -0.126568690 -0.193117708 0.885399699
1413393925955760384.000000 0.006917715 -0.146848887 1.999940753 0.405964196 -0.119128548 -0.190639287 0.885809302
1413393926005760512.000000 -0.014088780 -0.207021028 2.022831917 0.407858938 -0.110240586 -0.187579751 0.886742413
1413393926055760384.000000 -0.025095075 -0.287444830 2.044779301 0.410703808 -0.100554898 -0.181195736 0.887907267
1413393926105760512.000000 -0.036460906 -0.366047680 2.066565752 0.413440824 -0.092043236 -0.174415365 0.888917387
1413393926155760384.000000 -0.047796220 -0.442379564 2.087910652 0.415218204 -0.087137744 -0.169197381 0.889591575
1413393926205760512.000000 -0.058686972 -0.516361356 2.108945370 0.416023493 -0.085864946 -0.165089503 0.890110731
1413393926255760384.000000 -0.069907397 -0.584193289 2.130056143 0.416142136 -0.086683519 -0.162651256 0.890424848
1413393926305760512.000000 -0.078983128 -0.652360618 2.150071144 0.415100396 -0.091194890 -0.161924973 0.890592754
1413393926355760384.000000 -0.087045699 -0.718362570 2.169780016 0.413639188 -0.097716309 -0.162918434 0.890399754
1413393926405760512.000000 -0.093941271 -0.782171726 2.189245224 0.412981123 -0.104058661 -0.166463807 0.889330268
1413393926455760384.000000 -0.099340767 -0.844496012 2.208597660 0.414513648 -0.105707809 -0.168790042 0.887983263
1413393926505760512.000000 -0.117950916 -0.859704435 2.224099159 0.418231726 -0.102589265 -0.168987200 0.886566997
1413393926555760384.000000 -0.113615155 -0.962324619 2.248161077 0.422824085 -0.098633982 -0.171367884 0.884377897
1413393926605760512.000000 -0.126755804 -1.018029332 2.269268990 0.428786904 -0.093107134 -0.173463598 0.881693363
1413393926655760384.000000 -0.156111538 -1.026735544 2.287294865 0.435795844 -0.088693805 -0.175774768 0.878247499
1413393926705760512.000000 -0.173003316 -1.078407764 2.308875084 0.443138003 -0.086008646 -0.180765331 0.873816490
1413393926755760384.000000 -0.188310683 -1.128661394 2.329422951 0.451553285 -0.086399980 -0.184283331 0.868719995
1413393926805760512.000000 -0.194546044 -1.164382219 2.344886541 0.460500717 -0.087783217 -0.187867090 0.863098562
1413393926855760384.000000 -0.199904770 -1.189923286 2.353143454 0.469932735 -0.090645060 -0.191980228 0.856790721
1413393926905760512.000000 -0.203201771 -1.233896136 2.368362188 0.478997082 -0.097149491 -0.197546616 0.849764109
1413393926955760384.000000 -0.202800304 -1.276726484 2.382275105 0.488133460 -0.105098508 -0.202084124 0.842521250
1413393927005760512.000000 -0.198524207 -1.318361044 2.395061493 0.495677799 -0.114586212 -0.208094984 0.835386217
1413393927055760384.000000 -0.190761983 -1.360104799 2.407609463 0.501931012 -0.126299337 -0.211659953 0.829043984
1413393927105760512.000000 -0.181382656 -1.397616982 2.420545578 0.507962525 -0.136015341 -0.212683439 0.823553145
1413393927155760384.000000 -0.169374883 -1.438993931 2.434296131 0.513814747 -0.145644218 -0.210312679 0.818871677
1413393927205760512.000000 -0.146186233 -1.464621425 2.435758352 0.518598795 -0.153160617 -0.207067594 0.815303743
1413393927255760384.000000 -0.132838130 -1.505654693 2.453257799 0.522394717 -0.162781402 -0.204471663 0.811663330
1413393927305760512.000000 -0.119093120 -1.546753883 2.472944975 0.525054932 -0.171943665 -0.206327334 0.807577729
1413393927355760384.000000 -0.104807317 -1.588832259 2.495239258 0.527525067 -0.177519724 -0.213292614 0.802938521
1413393927405760512.000000 -0.089128971 -1.632026434 2.520208836 0.530359924 -0.177502930 -0.222774893 0.798487663
1413393927455760384.000000 -0.076604962 -1.682679772 2.555184603 0.534195125 -0.169674456 -0.234901428 0.794145823
1413393927505760512.000000 -0.044974327 -1.709529161 2.560660362 0.537622333 -0.156557828 -0.246456325 0.791019142
1413393927555760384.000000 -0.026449203 -1.757773876 2.589520931 0.541223228 -0.144189969 -0.257666230 0.787333965
1413393927605760512.000000 -0.007830024 -1.808085799 2.617853642 0.545963824 -0.131423712 -0.268737286 0.782580197
1413393927655760384.000000 0.010834098 -1.860377073 2.644792080 0.551852286 -0.117920011 -0.278264880 0.777253330
1413393927705760512.000000 0.029678345 -1.914605260 2.669608593 0.558949292 -0.102935687 -0.285592109 0.771632850
1413393927755760384.000000 0.050516725 -1.970218897 2.692659855 0.564941168 -0.086698852 -0.293019563 0.766462266
1413393927805760512.000000 0.077496052 -2.014612436 2.698829651 0.570181131 -0.070712343 -0.298233420 0.762200892
1413393927855760384.000000 0.096677899 -2.072844028 2.713662386 0.575019181 -0.058922507 -0.300467521 0.758683324
1413393927905760512.000000 0.115294814 -2.131512642 2.723697662 0.579575658 -0.052464474 -0.299168885 0.756199360
1413393927955760384.000000 0.133273959 -2.190288305 2.728939772 0.582692623 -0.047688339 -0.298480749 0.754390061
1413393928005760512.000000 0.154970169 -2.238214731 2.721858978 0.584532857 -0.043688044 -0.297401637 0.753634572
1413393928055760384.000000 0.168062568 -2.295534134 2.719105959 0.585742712 -0.040349871 -0.297788322 0.752728105
1413393928105760512.000000 0.178415179 -2.351633787 2.712110758 0.586676121 -0.037021924 -0.297250152 0.752384841
1413393928155760384.000000 0.186054468 -2.406474113 2.700685978 0.587424755 -0.034965772 -0.296367705 0.752247214
1413393928205760512.000000 0.191720486 -2.459242344 2.683974981 0.586932898 -0.034614760 -0.296371073 0.752645850
1413393928255760384.000000 0.199671030 -2.497967720 2.655477047 0.586663365 -0.039577883 -0.293951541 0.753559649
1413393928305760512.000000 0.198152065 -2.549091816 2.631834507 0.587744772 -0.051561806 -0.286478013 0.754869461
1413393928355760384.000000 0.194739938 -2.599164009 2.604580641 0.590678155 -0.064566992 -0.272701770 0.756679773
1413393928405760512.000000 0.188913107 -2.648001194 2.574718714 0.593745768 -0.075154454 -0.257615358 0.758585572
1413393928455760384.000000 0.186317205 -2.683485270 2.536073685 0.595816910 -0.084537961 -0.243911922 0.760501504
1413393928505760512.000000 0.175705194 -2.727042675 2.503370285 0.597945035 -0.091375776 -0.231102064 0.762039423
1413393928555760384.000000 0.163630605 -2.769197941 2.470626354 0.599745333 -0.093997635 -0.219616547 0.763700604
1413393928605760512.000000 0.149786234 -2.809494019 2.439530611 0.602065027 -0.091312952 -0.208393097 0.765344441
1413393928655760384.000000 0.142988205 -2.841206789 2.399373531 0.603218079 -0.088736922 -0.199463427 0.767116785
1413393928705760512.000000 0.131733656 -2.875628948 2.366364956 0.603006423 -0.086006880 -0.196400300 0.768383384
1413393928755760384.000000 0.121998787 -2.905906200 2.333131790 0.601733863 -0.084862024 -0.196056470 0.769595146
1413393928805760512.000000 0.115239620 -2.933356285 2.297078133 0.598949313 -0.079441629 -0.201074526 0.771049798
1413393928855760384.000000 0.107620120 -2.958392143 2.263706684 0.595941603 -0.075279094 -0.206832170 0.772274017
1413393928905760512.000000 0.101207972 -2.981012344 2.229942560 0.591965020 -0.068571202 -0.213784352 0.774061799
1413393928955760384.000000 0.095678329 -3.000665188 2.195744991 0.586088419 -0.062404424 -0.220979244 0.777029097
1413393929005760512.000000 0.093146205 -3.016754150 2.155853033 0.578420877 -0.057696246 -0.227212429 0.781329036
1413393929055760384.000000 0.088944197 -3.031108379 2.118736982 0.569627762 -0.056311656 -0.230660886 0.786860108
1413393929105760512.000000 0.085774660 -3.043283463 2.079615116 0.559663296 -0.054256797 -0.233590633 0.793264568
1413393929155760384.000000 0.083642244 -3.053233624 2.037351608 0.549208939 -0.052808050 -0.234812111 0.800277591
1413393929205760512.000000 0.084390283 -3.061454535 1.989581585 0.537125349 -0.054187588 -0.236505330 0.807852328
1413393929255760384.000000 0.082816005 -3.067784071 1.944011688 0.523815095 -0.057654947 -0.235767126 0.816521645
1413393929305760512.000000 0.081300676 -3.072641850 1.896206856 0.510123491 -0.063547865 -0.233071223 0.825477779
1413393929355760384.000000 0.080538988 -3.076311350 1.846136928 0.495294809 -0.070623405 -0.228501171 0.835154295
1413393929405760512.000000 0.079212666 -3.080413342 1.793169260 0.479857653 -0.077151053 -0.222066164 0.845263839
1413393929455760384.000000 0.079058290 -3.083209753 1.740445137 0.464018971 -0.082088888 -0.216550738 0.855016768
1413393929505760512.000000 0.079498351 -3.085279465 1.686752439 0.446566075 -0.086431980 -0.213138714 0.864685059
1413393929555760384.000000 0.080405593 -3.086996078 1.632033348 0.428861856 -0.090346932 -0.209631637 0.874053538
1413393929605760512.000000 0.081977844 -3.088373423 1.576559901 0.410511196 -0.092208527 -0.206894308 0.883273959
1413393929655760384.000000 0.083933353 -3.089741707 1.520493388 0.391608924 -0.093580648 -0.204653114 0.892189622
1413393929705760512.000000 0.086467266 -3.090117693 1.459977031 0.373162717 -0.093547873 -0.201314479 0.900816798
1413393929755760384.000000 0.088941634 -3.091999292 1.402884603 0.354902983 -0.094569705 -0.196708664 0.909068882
1413393929805760512.000000 0.091504484 -3.094108105 1.345692873 0.337585717 -0.096565105 -0.188613251 0.917134762
1413393929855760384.000000 0.094000697 -3.095717907 1.286163807 0.321157694 -0.100144014 -0.176726639 0.924984634
1413393929905760512.000000 0.095952213 -3.096042633 1.229205847 0.305987895 -0.103433594 -0.161093161 0.932588816
1413393929955760384.000000 0.099382862 -3.097667456 1.172227502 0.291387588 -0.106876865 -0.145871773 0.939357281
1413393930005760512.000000 0.102921978 -3.098319769 1.116463423 0.276789725 -0.109416194 -0.132264316 0.945474386
1413393930055760384.000000 0.105378143 -3.097536087 1.062628031 0.262315035 -0.111582592 -0.120405436 0.950916827
1413393930105760512.000000 0.105006531 -3.092023849 1.010513783 0.248664364 -0.112957247 -0.110622570 0.955598950
1413393930155760384.000000 0.105283841 -3.087637186 0.960540533 0.236879900 -0.112632394 -0.104038790 0.959363222
1413393930205760512.000000 0.104012191 -3.081275225 0.912830234 0.226977155 -0.111859858 -0.099232122 0.962352216
1413393930255760384.000000 0.101371974 -3.072878838 0.867207408 0.218788967 -0.110568695 -0.098542169 0.964466453
1413393930305760512.000000 0.096501924 -3.062410116 0.824283898 0.211672127 -0.108425878 -0.101369023 0.966003716
1413393930355760384.000000 0.088389248 -3.045068026 0.781381130 0.204047590 -0.104237802 -0.113141932 0.966797829
1413393930405760512.000000 0.080552816 -3.030656099 0.741686761 0.198253021 -0.101004943 -0.125340402 0.966842055
1413393930455760384.000000 0.069684535 -3.014918566 0.703812242 -0.193213940 0.098128624 0.137841046 -0.966456950
1413393930505760512.000000 0.053955071 -2.998049974 0.667683363 -0.189645514 0.096019767 0.147721499 -0.965915740
1413393930555760384.000000 0.030025654 -2.976554632 0.629557848 0.188809663 -0.094059765 -0.151496246 0.965687633
1413393930605760512.000000 0.006622493 -2.959892511 0.595455050 -0.190141842 0.092561759 0.149366021 -0.965902805
1413393930655760384.000000 -0.028308222 -2.937921524 0.563213825 -0.192666769 0.090489127 0.144596130 -0.966324568
1413393930705760512.000000 -0.064500511 -2.916894913 0.532169461 -0.195869699 0.088166073 0.139037296 -0.966711164
1413393930755760384.000000 -0.102362774 -2.895255089 0.502320170 -0.199520409 0.085072570 0.133146808 -0.967070997
1413393930805760512.000000 -0.140787408 -2.871310711 0.472455889 0.203227073 -0.082114846 -0.129711241 0.967021704
1413393930855760384.000000 -0.182364166 -2.847448111 0.441289872 0.206413060 -0.080138631 -0.126490086 0.966939390
1413393930905760512.000000 -0.215628326 -2.823702574 0.412351668 0.208393484 -0.080031417 -0.126733959 0.966491401
1413393930955760384.000000 -0.245423198 -2.799386024 0.383041561 0.210244268 -0.081525847 -0.129599839 0.965585232
1413393931005760512.000000 -0.270755947 -2.774869680 0.353457153 0.212414473 -0.083243035 -0.129667237 0.964954495
1413393931055760384.000000 -0.294737220 -2.749506474 0.319601446 0.212983847 -0.084969737 -0.132322639 0.964317799
1413393931105760512.000000 -0.310462385 -2.724446058 0.289019704 0.215375498 -0.086085513 -0.131710634 0.963771284
1413393931155760384.000000 -0.322613686 -2.698993683 0.257974714 0.216322780 -0.089904264 -0.132390752 0.963117003
1413393931205760512.000000 -0.331366032 -2.673550844 0.227019742 0.217051372 -0.093607105 -0.132807598 0.962542832
1413393931255760384.000000 -0.342583805 -2.649266481 0.192503721 0.218477637 -0.097498298 -0.131797329 0.961972535
1413393931305760512.000000 -0.350615084 -2.623093367 0.163486183 0.219661087 -0.101614393 -0.130011380 0.961520016
1413393931355760384.000000 -0.354276806 -2.594942093 0.144514486 0.221420750 -0.105513327 -0.127214372 0.961070418
1413393931405760512.000000 -0.373066455 -2.567537785 0.110093772 0.223242804 -0.109723113 -0.122995891 0.960726619
1413393931455760384.000000 -0.383772761 -2.537383318 0.091247767 0.225072935 -0.112785421 -0.118672758 0.960488617
1413393931505760512.000000 -0.402628511 -2.506525755 0.063867599 0.226743862 -0.115301430 -0.114407152 0.960314512
1413393931555760384.000000 -0.420567960 -2.472835779 0.042476848 0.228359029 -0.116873503 -0.111730166 0.960056841
1413393931605760512.000000 -0.440967381 -2.437399626 0.023136303 0.229603767 -0.119408190 -0.110121898 0.959633768
1413393931655760384.000000 -0.462803185 -2.399594307 0.002214074 0.230841279 -0.118926838 -0.109349087 0.959485054
1413393931705760512.000000 -0.489345223 -2.361926556 -0.024047092 0.231302410 -0.118864320 -0.109155893 0.959403753
1413393931755760384.000000 -0.507092118 -2.319890976 -0.022190541 0.233104110 -0.119479522 -0.109879859 0.958808422
1413393931805760512.000000 -0.537569225 -2.280250549 -0.046348915 0.233189508 -0.118685640 -0.110898614 0.958768964
1413393931855760384.000000 -0.561987281 -2.237128973 -0.054237828 0.233758479 -0.118595205 -0.112318516 0.958476245
1413393931905760512.000000 -0.581230938 -2.191757679 -0.048741609 0.234673440 -0.119263619 -0.113652229 0.958012462
1413393931955760384.000000 -0.606991410 -2.147160053 -0.072006464 0.234558493 -0.117833085 -0.115086436 0.958046377
1413393932005760512.000000 -0.626367271 -2.100319862 -0.074264631 0.234627679 -0.117305152 -0.117495880 0.957801759
1413393932055760384.000000 -0.643680215 -2.052686453 -0.074831985 0.234398112 -0.117276721 -0.121650815 0.957342625
1413393932105760512.000000 -0.659016252 -2.004425049 -0.073522836 0.233709931 -0.117287405 -0.126648337 0.956861317
1413393932155760384.000000 -0.674556732 -1.953942060 -0.063030213 0.232484296 -0.117112383 -0.133917764 0.956191301
1413393932205760512.000000 -0.683996975 -1.909094095 -0.073584393 0.230370924 -0.115717866 -0.141868621 0.955725908
1413393932255760384.000000 -0.695113540 -1.860590100 -0.067457050 0.228330567 -0.113656782 -0.151332334 0.955010951
1413393932305760512.000000 -0.705272436 -1.812775493 -0.060318664 -0.226482272 0.112421103 0.159510076 -0.954266191
1413393932355760384.000000 -0.714495659 -1.765862346 -0.052398510 -0.224390656 0.111048982 0.166463330 -0.953733206
1413393932405760512.000000 -0.722202241 -1.720255017 -0.039707154 -0.222909316 0.110732555 0.171378002 -0.953246772
1413393932455760384.000000 -0.729337811 -1.678549170 -0.043565340 0.220785305 -0.110178500 -0.175506338 0.953054070
1413393932505760512.000000 -0.737229764 -1.636500835 -0.033816963 0.218957946 -0.109656081 -0.178595662 0.952961981
1413393932555760384.000000 -0.744542420 -1.596546292 -0.023602262 0.217635021 -0.107898146 -0.181075111 0.952997863
1413393932605760512.000000 -0.751008689 -1.558653712 -0.013126910 0.216775924 -0.104510278 -0.181860059 0.953421593
1413393932655760384.000000 -0.756890357 -1.522199392 0.003103599 -0.216013283 0.100509569 0.181843743 -0.954027772
1413393932705760512.000000 -0.761801422 -1.489310741 0.001183093 0.215245903 -0.097316585 -0.180991799 0.954694092
1413393932755760384.000000 -0.766894042 -1.457209110 0.011529341 0.214466929 -0.094540179 -0.179915801 0.955351472
1413393932805760512.000000 -0.771478057 -1.426733017 0.021601580 0.213649064 -0.091465034 -0.179194927 0.955969334
1413393932855760384.000000 -0.775673091 -1.397940397 0.031343058 0.212172359 -0.089500792 -0.180790082 0.956183851
1413393932905760512.000000 -0.779216111 -1.370883346 0.040329814 0.210726619 -0.086698815 -0.182162151 0.956501245
1413393932955760384.000000 -0.781269073 -1.345552087 0.042129710 0.210145056 -0.079215772 -0.181650013 0.957375169
1413393933005760512.000000 -0.782860696 -1.322570920 0.048588954 -0.211701766 0.068287641 0.179891780 -0.958205700
1413393933055760384.000000 -0.784398854 -1.300915480 0.053336062 -0.213865533 0.058325276 0.178544849 -0.958635211
1413393933105760512.000000 -0.785683036 -1.280416489 0.055718258 -0.216568366 0.048059486 0.176172510 -0.959036827
1413393933155760384.000000 -0.787288427 -1.260348558 0.055714928 -0.218563154 0.042178113 0.173051372 -0.959429264
1413393933205760512.000000 -0.789747298 -1.239601374 0.049994286 0.220389292 -0.039118007 -0.168365911 0.959974587
1413393933255760384.000000 -0.790375054 -1.220183372 0.043984428 0.223002508 -0.040120427 -0.160966411 0.960598826
1413393933305760512.000000 -0.790258110 -1.200856090 0.035303444 0.226034790 -0.042214591 -0.150157332 0.961550355
1413393933355760384.000000 -0.789662600 -1.180908561 0.023977034 0.228902057 -0.045301162 -0.140192911 0.962235808
1413393933405760512.000000 -0.788158715 -1.159831166 0.010391384 0.231683999 -0.051037211 -0.128943458 0.962855875
1413393933455760384.000000 -0.783354044 -1.135566354 -0.002164036 0.233638138 -0.060624078 -0.118432768 0.963177860
1413393933505760512.000000 -0.789067566 -1.113102794 -0.023330145 0.235212386 -0.072511457 -0.108275428 0.963168561
1413393933555760384.000000 -0.787279129 -1.086462855 -0.039505310 0.236208603 -0.084641583 -0.100221202 0.962806880
1413393933605760512.000000 -0.786351442 -1.057362914 -0.054771289 0.236035854 -0.095024742 -0.095023274 0.962407410
1413393933655760384.000000 -0.785862327 -1.025569081 -0.068785161 0.234722063 -0.101407826 -0.094802387 0.962099075
1413393933705760512.000000 -0.785613418 -0.991606891 -0.081294663 0.232402653 -0.104477651 -0.101202652 0.961681604
1413393933755760384.000000 -0.790134192 -0.954751670 -0.094495058 0.228526279 -0.104282022 -0.112516768 0.961374521
1413393933805760512.000000 -0.791164041 -0.915883899 -0.104499891 0.224787831 -0.103395484 -0.124977395 0.960812390
1413393933855760384.000000 -0.794060051 -0.876015782 -0.113457277 0.222096413 -0.103389673 -0.134761676 0.960116148
1413393933905760512.000000 -0.798584998 -0.835572124 -0.121360838 0.220124498 -0.102682367 -0.141613230 0.959659994
1413393933955760384.000000 -0.802857757 -0.795566022 -0.128225505 0.218727723 -0.099103831 -0.147236615 0.959509313
1413393934005760512.000000 -0.799137533 -0.753745556 -0.140126303 0.219093904 -0.087174974 -0.152772188 0.959718227
1413393934055760384.000000 -0.809019148 -0.718968630 -0.146359295 0.218762398 -0.074950635 -0.157194793 0.960112095
1413393934105760512.000000 -0.803897440 -0.681902528 -0.157122999 0.219875902 -0.063923433 -0.160138026 0.960168898
1413393934155760384.000000 -0.796657026 -0.645635605 -0.170051277 0.220285892 -0.058350664 -0.163323998 0.959893107
1413393934205760512.000000 -0.788027167 -0.610086799 -0.185668200 0.220706761 -0.055042498 -0.165387556 0.959638357
1413393934255760384.000000 -0.780121505 -0.575420260 -0.203264326 0.222349510 -0.057354264 -0.163707182 0.959411919
1413393934305760512.000000 -0.773127794 -0.541031063 -0.222212628 0.223957464 -0.061427046 -0.160815090 0.959274888
1413393934355760384.000000 -0.769776762 -0.506326497 -0.241508409 0.225567058 -0.069948524 -0.155879498 0.959128976
1413393934405760512.000000 -0.769940197 -0.471248478 -0.260619640 0.227333307 -0.079577684 -0.149567917 0.958966315
1413393934455760384.000000 -0.777490556 -0.435371578 -0.277478606 0.228484452 -0.087112807 -0.143847346 0.958913028
1413393934505760512.000000 -0.784400046 -0.398108423 -0.296245664 0.229728609 -0.094406478 -0.138470888 0.958716929
1413393934555760384.000000 -0.793969154 -0.359764844 -0.314460039 0.231230646 -0.100660011 -0.132626995 0.958545864
1413393934605760512.000000 -0.805477738 -0.320360601 -0.331294060 0.232340679 -0.105428450 -0.127286658 0.958488822
1413393934655760384.000000 -0.815966904 -0.269001186 -0.355781466 0.234227493 -0.109133668 -0.120232046 0.958525777
1413393934705760512.000000 -0.832700372 -0.238506228 -0.358520985 0.235498324 -0.111881532 -0.113423966 0.958727360
1413393934755760384.000000 -0.849325836 -0.194161087 -0.371784300 0.239391372 -0.117597409 -0.104409061 0.958103001
1413393934805760512.000000 -0.867528439 -0.148242652 -0.383306593 0.245194241 -0.125454783 -0.094746768 0.956642032
1413393934855760384.000000 -0.886587024 -0.100349203 -0.392595619 0.252650231 -0.134203658 -0.089006618 0.954062402
1413393934905760512.000000 -0.906663060 -0.050120853 -0.399090499 0.261189371 -0.144278824 -0.088759676 0.950308084
1413393934955760384.000000 -0.927073538 0.002037853 -0.402526081 0.270299703 -0.153324246 -0.096841238 0.945542991
1413393935005760512.000000 -0.947413206 0.055936478 -0.402515024 0.279799938 -0.157224953 -0.115713574 0.940001488
1413393935055760384.000000 -0.970717132 0.108490437 -0.397272706 0.290288150 -0.158468276 -0.141120166 0.933116138
1413393935105760512.000000 -0.990114272 0.156341299 -0.385245115 0.302362144 -0.158371985 -0.165359616 0.925284624
1413393935155760384.000000 -1.008218408 0.208525136 -0.376043588 -0.316862553 0.158465728 0.185821548 -0.916491747
1413393935205760512.000000 -1.023633242 0.263571769 -0.370385230 -0.333681315 0.159108087 0.202480778 -0.906831264
1413393935255760384.000000 -1.029662251 0.312730163 -0.351224899 -0.351653069 0.159658119 0.214886576 -0.897035837
1413393935305760512.000000 -1.005869865 0.218420640 -0.376855463 0.321790427 -0.159438089 -0.175035074 0.916729629
1413393935355760384.000000 -1.018506527 0.268456519 -0.364536285 0.341455907 -0.160325676 -0.180639237 0.908335328
1413393935405760512.000000 -1.026432395 0.316086173 -0.350211024 0.361005545 -0.158150956 -0.188506529 0.899515748
1413393935455760384.000000 -1.030236721 0.361822605 -0.334651828 0.380292326 -0.154411986 -0.196453691 0.890472233
1413393935505760512.000000 -1.031168699 0.405442953 -0.317124665 0.403635293 -0.135839775 -0.196004882 0.883293927
1413393935555760384.000000 -1.030382991 0.446284294 -0.298909545 0.421453655 -0.132057980 -0.205221295 0.873396695
1413393935605760512.000000 -1.027010083 0.485624045 -0.280470371 0.437074989 -0.126498789 -0.216769069 0.863698244
1413393935655760384.000000 -1.022590756 0.523279846 -0.261674196 0.449569434 -0.122035347 -0.228231505 0.854929924
1413393935705760512.000000 -1.017551780 0.559391737 -0.243131548 0.460269928 -0.114499412 -0.241166279 0.846687853
1413393935755760384.000000 -1.012747526 0.593945026 -0.225579143 0.469127327 -0.106489405 -0.253415674 0.839261591
1413393935805760512.000000 -1.008101463 0.626393557 -0.209792376 0.477395535 -0.096578576 -0.266348243 0.831760049
1413393935855760384.000000 -1.003779173 0.656600118 -0.196628839 0.486186564 -0.086297587 -0.278040320 0.823935091
1413393935905760512.000000 -1.000520945 0.684702873 -0.186753243 0.495849252 -0.080110177 -0.284583807 0.816534102
1413393935955760384.000000 -0.998699069 0.710859179 -0.180874407 0.509784520 -0.083416104 -0.279341668 0.809400916
1413393936005760512.000000 -0.971489668 0.713504314 -0.162962705 0.524499416 -0.102230310 -0.275567502 0.799069464
1413393936055760384.000000 -0.986804903 0.738740325 -0.162629664 0.543395162 -0.095335633 -0.256780088 0.793534398
1413393936105760512.000000 -0.989626050 0.764787316 -0.171074718 0.562505543 -0.103860691 -0.243835732 0.783163249
1413393936155760384.000000 -0.986515045 0.780056238 -0.171503186 0.581880569 -0.111070290 -0.231594294 0.771649241
1413393936205760512.000000 -0.977211118 0.784871459 -0.162918389 0.601295948 -0.118971035 -0.220578998 0.758705437
1413393936255760384.000000 -0.973185539 0.799253345 -0.163136482 0.620457232 -0.126955271 -0.212193474 0.744237363
1413393936305760512.000000 -0.964488983 0.809360743 -0.158529103 0.638733089 -0.135276407 -0.206899285 0.728637755
1413393936355760384.000000 -0.959463894 0.823500395 -0.155881047 0.656994939 -0.141675100 -0.203671724 0.711901426
1413393936405760512.000000 -0.953647852 0.838100255 -0.150949776 0.674363732 -0.145600855 -0.202549711 0.694987476
1413393936455760384.000000 -0.946643770 0.852928996 -0.143572688 0.690957904 -0.146673292 -0.203916416 0.677851200
1413393936505760512.000000 -0.937817812 0.867751479 -0.133737981 0.707598209 -0.140751049 -0.206863612 0.660833895
1413393936555760384.000000 -0.927924395 0.882904291 -0.121278346 0.723648787 -0.131913379 -0.209577456 0.644211650
1413393936605760512.000000 -0.917034984 0.898839593 -0.106650531 0.739187062 -0.121670589 -0.210136935 0.628204763
1413393936655760384.000000 -0.904988885 0.915878177 -0.090231955 0.754264891 -0.110746033 -0.208260357 0.612737656
1413393936705760512.000000 -0.892016888 0.934551120 -0.072017610 0.768046618 -0.100491725 -0.205486134 0.598148286
1413393936755760384.000000 -0.878524005 0.955438137 -0.052144408 0.780562818 -0.092563659 -0.203296348 0.583801627
1413393936805760512.000000 -0.864329338 0.978970647 -0.030663192 0.791981637 -0.085859761 -0.202373192 0.569594920
1413393936855760384.000000 -0.849143028 1.005455852 -0.007750273 0.802954972 -0.079921521 -0.202236354 0.554956138
1413393936905760512.000000 -0.832528710 1.034891486 0.016574383 0.813586593 -0.072931819 -0.202424049 0.540168822
1413393936955760384.000000 -0.815046728 1.067808509 0.042124271 0.824057758 -0.067397870 -0.203786626 0.524268508
1413393937005760512.000000 -0.795754552 1.104485273 0.068599701 0.834495127 -0.059174843 -0.205219209 0.507938385
1413393937055760384.000000 -0.775547147 1.145572901 0.096486568 0.844622254 -0.052182030 -0.207294151 0.490835547
1413393937105760512.000000 -0.730755329 1.182153344 0.125070453 0.854114056 -0.062159959 -0.209117472 0.472117841
1413393937155760384.000000 -0.706763864 1.231595278 0.154614806 0.863620281 -0.058402516 -0.209965393 0.454602957
1413393937205760512.000000 -0.681116939 1.285805345 0.185049057 0.872978389 -0.055177104 -0.209884092 0.436821401
1413393937255760384.000000 -0.654026508 1.344601035 0.216416359 0.881364465 -0.053169519 -0.210552946 0.419567853
1413393937305760512.000000 -0.625194907 1.408020139 0.248693824 0.889195919 -0.052683800 -0.210606843 0.402740508
1413393937355760384.000000 -0.595021904 1.475828171 0.282267213 0.895722449 -0.052718766 -0.212252632 0.387105763
1413393937405760512.000000 -0.563523948 1.547720909 0.317230701 0.900901854 -0.053373642 -0.213716984 0.373968214
1413393937455760384.000000 -0.532555282 1.623709559 0.354125381 0.904142022 -0.055653989 -0.218814522 0.362698436
1413393937505760512.000000 -0.504963994 1.703769088 0.393173218 0.904996037 -0.062028460 -0.228805214 0.353246331
1413393937555760384.000000 -0.481118798 1.788616419 0.448045731 0.905193388 -0.071546510 -0.236943871 0.345490456
1413393937605760512.000000 -0.463302076 1.876003861 0.500442386 0.904923201 -0.079990707 -0.243858844 0.339482725
1413393937655760384.000000 -0.450753510 1.967961907 0.567114234 0.904331803 -0.089963749 -0.249545947 0.334391057
1413393937705760512.000000 -0.439734578 2.059474468 0.615962267 0.903069377 -0.098432600 -0.255707264 0.330742449
1413393937755760384.000000 -0.423063636 2.149523497 0.683860779 0.901031256 -0.105519570 -0.263444185 0.328032732
1413393937805760512.000000 -0.411756635 2.242403984 0.734928370 0.898823678 -0.112264641 -0.270863414 0.325800121
1413393937855760384.000000 -0.399077177 2.335004091 0.785693884 0.896837950 -0.118109681 -0.276237130 0.324691951
1413393937905760512.000000 -0.383769274 2.426608562 0.835494995 0.896310151 -0.118115723 -0.278192937 0.324477226
1413393937955760384.000000 -0.366928458 2.517999887 0.885218382 0.897414029 -0.112753332 -0.276093036 0.325126767
1413393938005760512.000000 -0.349168897 2.609241486 0.934246540 0.898384333 -0.105650976 -0.274035752 0.326570094
1413393938055760384.000000 -0.330443501 2.700962782 0.982773542 0.899643183 -0.095389858 -0.271879643 0.328061640
1413393938105760512.000000 -0.310581207 2.793797970 1.030468702 0.901474237 -0.081794702 -0.269141078 0.328963429
1413393938155760384.000000 -0.289193511 2.888389111 1.077208519 0.903999925 -0.064966820 -0.265411496 0.328816563
1413393938205760512.000000 -0.266567469 2.985800266 1.122776031 0.907100201 -0.046810433 -0.261483103 0.326503754
1413393938255760384.000000 -0.243172169 3.087057114 1.167273760 0.910309911 -0.032279484 -0.257504553 0.322467715
1413393938305760512.000000 -0.218962669 3.192894697 1.210739613 0.913748801 -0.024850048 -0.253222466 0.316739738
1413393938355760384.000000 -0.193725586 3.303706169 1.253198147 0.917970121 -0.025344452 -0.247576281 0.308860034
1413393938405760512.000000 -0.167641878 3.419370174 1.294976473 0.922418535 -0.032793332 -0.241999954 0.299173445
1413393938455760384.000000 -0.140586615 3.539679289 1.336692810 0.927245855 -0.046699218 -0.235364422 0.287468225
1413393938505760512.000000 -0.118024111 3.646730185 1.411393166 0.931503475 -0.059810348 -0.231085807 0.274451196
1413393938555760384.000000 -0.109822631 3.740174532 1.536211014 0.935224414 -0.070966281 -0.228383049 0.261075228
1413393938605760512.000000 -0.446057677 3.537170887 2.162882566 0.938611329 -0.080144115 -0.226415128 0.247632533
1413393938655760384.000000 -0.441505790 3.645331621 2.257217884 0.941636145 -0.088061221 -0.226175517 0.233262300
1413393938705760512.000000 -0.436676025 3.714800835 2.416980743 0.943912864 -0.095127597 -0.227597281 0.219496801
1413393938755760384.000000 -0.324239016 3.702212811 2.672797203 0.946655989 -0.099964447 -0.226658285 0.206096217
1413393938805760512.000000 -0.299109936 3.777726650 2.832850933 0.949970901 -0.101041399 -0.223715067 0.193125978
1413393938855760384.000000 -0.359327793 3.704544544 3.208677769 -0.953551888 0.097882748 0.219921395 -0.181086719
1413393938905760512.000000 -0.188308001 3.623119831 3.519774437 -0.956675053 0.094287880 0.217629239 -0.168879062
1413393938955760384.000000 0.118378162 3.535883427 3.791565418 -0.959244311 0.090524167 0.217029616 -0.156697318
1413393939005760512.000000 0.146801472 3.598414660 3.966572762 -0.961289763 0.087992191 0.217773780 -0.144062594
1413393939055760384.000000 0.177374601 3.658605099 4.146355629 -0.963537157 0.084591366 0.216532692 -0.132491633
1413393939105760512.000000 0.541582942 3.442379713 4.458061695 -0.968086898 0.081056021 0.203497544 -0.121763915
1413393939155760384.000000 0.711258650 2.735516310 5.101311684 -0.972487926 0.077755034 0.189211071 -0.111447610
1413393939205760512.000000 0.772762656 2.732442379 5.326581478 -0.974406004 0.076374911 0.186060593 -0.100405470
1413393939255760384.000000 0.833738327 2.725709438 5.558905602 -0.973852336 0.075872548 0.194039688 -0.090573385
1413393939305760512.000000 0.894589543 2.714912653 5.797626019 -0.971224666 0.077315688 0.209808990 -0.082006954
1413393939355760384.000000 0.954722404 2.700039625 6.042541504 -0.966041565 0.079315662 0.234367669 -0.074462794
1413393939405760512.000000 1.013715744 2.681085825 6.291935444 -0.958290100 0.086439282 0.263882637 -0.067633748
1413393939455760384.000000 1.071151972 2.657614470 6.544423103 -0.948696077 0.096592665 0.294689029 -0.061677191
1413393939505760512.000000 1.127113581 2.629069328 6.798285961 -0.938236594 0.108830094 0.323409051 -0.057225019
1413393939555760384.000000 1.181583405 2.594692469 7.051880836 -0.928267360 0.120807350 0.347593158 -0.053892475
1413393939605760512.000000 1.234280586 2.553605556 7.304250240 -0.919028401 0.130944490 0.368125647 -0.052191339
1413393939655760384.000000 1.805988789 1.791539192 7.825558186 -0.910833180 0.138954982 0.385229170 -0.051701020
1413393939705760512.000000 1.956946850 1.727694750 8.049521446 -0.905018687 0.123932786 0.403109252 -0.055540338
1413393939755760384.000000 2.036489964 1.627272606 8.298083305 -0.904571295 0.117518127 0.405801952 -0.057140552
1413393939805760512.000000 2.116939068 1.517687321 8.540586472 -0.910637736 0.107677527 0.394382387 -0.060058925
1413393939855760384.000000 2.199161053 1.399430513 8.777238846 -0.923003137 0.098657325 0.366255850 -0.064719923
1413393939905760512.000000 2.309227943 1.238942981 9.057533264 -0.938442647 0.092583589 0.325154781 -0.070908666
1413393939955760384.000000 2.243040800 1.038620949 9.286207199 -0.954353631 0.100250304 0.270982683 -0.075679846
1413393940005760512.000000 2.377445698 1.063197494 9.653361320 -0.966332912 0.096339583 0.224178776 -0.081628568
1413393940055760384.000000 2.521969795 1.024612546 10.008703232 -0.975112736 0.097382836 0.179598168 -0.086118147
1413393940105760512.000000 2.627261162 0.984421134 10.431254387 -0.980813682 0.099129647 0.142114162 -0.089338951
1413393940155760384.000000 2.742896080 0.894653797 10.748265266 0.983875930 -0.104392372 -0.113393120 0.090732761
1413393940205760512.000000 2.843559504 0.815636158 11.149296761 0.985797703 -0.107240781 -0.091143623 0.091624916
1413393940255760384.000000 2.972664118 0.771577120 11.622920990 0.986239731 -0.110502444 -0.081984766 0.091645718
1413393940305760512.000000 3.067825317 0.616101265 11.954744339 0.985225379 -0.113374762 -0.090867311 0.090666376
1413393940355760384.000000 3.163369894 0.455295563 12.300280571 -0.982684910 0.112890169 0.116684824 -0.089279264
1413393940405760512.000000 3.260825157 0.288402557 12.657859802 -0.978171229 0.111322507 0.151813850 -0.087982535
1413393940455760384.000000 3.359042645 0.115583420 13.025831223 -0.970873654 0.112902045 0.192956775 -0.086169019
1413393940505760512.000000 3.457408667 -0.063291550 13.401850700 -0.960041225 0.117188148 0.239996359 -0.083604589
1413393940555760384.000000 3.610853672 -0.132124901 13.944716454 -0.947277367 0.126111537 0.283255011 -0.080796964
1413393940605760512.000000 3.752494335 -0.241552830 14.474392891 -0.934718192 0.137566477 0.317968935 -0.079203457
1413393940655760384.000000 3.897827148 -0.342396736 15.025158882 -0.924221158 0.148398265 0.342924327 -0.078715436
1413393940705760512.000000 4.042850494 -0.418042183 15.620407104 -0.915717483 0.160776094 0.359697402 -0.078932025
1413393940755760384.000000 4.120263100 -0.676486015 15.883241653 -0.908978283 0.175755814 0.369352102 -0.080296569
1413393940805760512.000000 4.215760708 -0.995016575 16.185562134 -0.907348335 0.184899673 0.368339986 -0.082806297
1413393940855760384.000000 4.353153706 -1.077394962 16.760990143 -0.913342714 0.181729242 0.353801548 -0.087201394
1413393940905760512.000000 4.483102322 -1.171056271 17.310632706 -0.923088074 0.168922797 0.333062679 -0.091884241
1413393940955760384.000000 4.599704742 -1.355987549 17.712932587 -0.934468091 0.154692382 0.305900544 -0.096252896
1413393941005760512.000000 4.714778900 -1.474390030 18.181661606 -0.946438909 0.140006140 0.272981793 -0.100661062
1413393941055760384.000000 4.858596802 -1.556310654 18.960674286 -0.957500339 0.129539788 0.235480249 -0.104698136
1413393941105760512.000000 4.954512596 -1.817216873 19.514923096 -0.966732383 0.118872568 0.199230731 -0.107726462
1413393941155760384.000000 5.072925091 -2.078762054 19.958843231 -0.973375857 0.111292899 0.168112144 -0.109049477
