1403638175595097088.000000 -0.042064387 0.168321341 -0.047442600 -0.001082784 -0.013981769 -0.002653487 0.999898136
1403638175645096960.000000 -0.042713530 0.168232217 -0.053739969 -0.007219429 -0.023701502 -0.003955923 0.999685168
1403638175695097088.000000 -0.053043272 0.238663867 -0.069474973 -0.003053524 -0.029876364 -0.003380515 0.999543250
1403638175745096960.000000 -0.062450048 0.301209807 -0.079527289 0.000281839 -0.033289902 -0.001733272 0.999444187
1403638175795097088.000000 -0.066498056 0.348012865 -0.081120193 0.000882577 -0.037792124 -0.002643446 0.999281764
1403638175845096960.000000 -0.109755374 0.559548080 -0.121389560 -0.000130172 -0.038492970 -0.004527282 0.999248624
1403638175895097088.000000 -0.077584356 0.448269933 -0.095678084 0.002671463 -0.041234743 -0.006342880 0.999125779
1403638175945096960.000000 -0.080523513 0.493451893 -0.090029910 0.002773990 -0.041376255 -0.009044918 0.999098897
1403638175995097088.000000 -0.137719065 0.664869547 -0.121014848 -0.004728251 -0.033577550 -0.016187361 0.999293864
1403638176045096960.000000 -0.143198460 0.730301440 -0.111677937 -0.001163316 -0.026084647 -0.018849658 0.999481380
1403638176095097088.000000 -0.173228711 0.911772788 -0.092259683 -0.004410030 -0.016349783 -0.024220269 0.999563217
1403638176145096960.000000 -0.108796999 0.646864295 -0.061896794 0.000484146 -0.004376736 -0.024496656 0.999690235
1403638176195097088.000000 -0.146947354 0.823662102 -0.090075359 -0.002562367 0.013176832 -0.023538467 0.999632895
1403638176245096960.000000 -0.114271916 0.717215359 -0.040545829 0.004478111 0.022864619 -0.016449276 0.999593198
1403638176295097088.000000 -0.096046872 0.750554979 -0.040562350 0.004804042 0.030361930 -0.015833823 0.999402046
1403638176345096960.000000 -0.190851435 1.205908656 -0.005008623 -0.000038139 0.040926524 -0.016092788 0.999032617
1403638176395097088.000000 -0.090231359 0.776529253 -0.022226378 0.001071726 0.039301626 -0.016268585 0.999094427
1403638176445096960.000000 -0.104465872 0.834804952 -0.005693989 0.003992605 0.041622270 -0.015100351 0.999011338
1403638176495097088.000000 -0.185370281 1.287773848 0.022263732 -0.001826274 0.045723461 -0.018113941 0.998788238
1403638176545096960.000000 -0.181265518 1.311441064 0.033185303 -0.002223248 0.044612296 -0.018409135 0.998832345
1403638176595097088.000000 -0.177281290 1.445383191 0.074379921 -0.002455486 0.042841952 -0.017453648 0.998926461
1403638176645096960.000000 -0.172268823 1.471299171 0.084730260 -0.002784756 0.041601140 -0.017810406 0.998971641
1403638176695097088.000000 -0.171337724 1.487136960 0.091014557 -0.003656616 0.041698508 -0.017784912 0.998965263
1403638176745096960.000000 -0.165905222 1.513455153 0.102584094 -0.002774250 0.041419923 -0.017689783 0.998981416
1403638176795097088.000000 -0.157881364 1.526453495 0.106928602 -0.003386989 0.040677343 -0.017103974 0.999020278
1403638176845096960.000000 -0.127497599 1.635215878 0.143425360 -0.001728431 0.041024111 -0.013778955 0.999061644
1403638176895097088.000000 -0.121613853 1.649284720 0.152330264 -0.001102423 0.040014241 -0.011463104 0.999132752
1403638176945096960.000000 -0.109094888 1.668716431 0.152198642 -0.000839585 0.039267942 -0.011789894 0.999158859
1403638176995097088.000000 -0.101536915 1.683110595 0.165236712 -0.001533611 0.038325008 -0.012637330 0.999184251
1403638177045096960.000000 -0.098561339 1.694208622 0.171075419 -0.002314707 0.037543114 -0.013897359 0.999195695
1403638177095097088.000000 -0.066278875 1.777938604 0.207995147 -0.002818243 0.037269868 -0.015325131 0.999183774
1403638177145096960.000000 -0.061420001 1.791109443 0.218760431 -0.003740692 0.037214346 -0.017236834 0.999151647
1403638177195097088.000000 -0.055656713 1.800057411 0.227697536 -0.004978666 0.036430545 -0.018884927 0.999145389
1403638177245096960.000000 -0.054384351 1.816064000 0.238500014 -0.004871611 0.037048109 -0.019807156 0.999105334
1403638177295097088.000000 -0.054792870 1.829827070 0.250481904 -0.004736113 0.037143264 -0.019918669 0.999100208
1403638177345096960.000000 -0.039177500 1.880516887 0.296732634 -0.005766271 0.037213586 -0.020578185 0.999078810
1403638177395097088.000000 -0.054703120 1.854734778 0.271044195 -0.004250112 0.037807897 -0.020298725 0.999069870
1403638177445096960.000000 -0.033747677 1.897618413 0.319917440 -0.005896827 0.035426885 -0.019399382 0.999166608
1403638177495097088.000000 -0.033393059 1.899781108 0.335056603 -0.004953850 0.035553638 -0.014986961 0.999243140
1403638177545096960.000000 -0.036603224 1.905776620 0.345544904 -0.002801339 0.036284160 -0.008424795 0.999302149
1403638177595097088.000000 -0.038653821 1.937638998 0.405572504 0.000920671 0.036201999 0.000596781 0.999343932
1403638177645096960.000000 -0.038826283 1.931697369 0.418316990 0.001040636 0.036325186 0.005638971 0.999323547
1403638177695097088.000000 -0.038452793 1.944960356 0.430525184 -0.004693176 -0.036252227 -0.012645895 -0.999251664
1403638177745096960.000000 -0.039707076 1.949353218 0.443471521 -0.005718386 -0.037417702 -0.019049134 -0.999101758
1403638177795097088.000000 -0.041463934 1.954525948 0.456582814 -0.006447952 -0.040886160 -0.025209842 -0.998824954
1403638177845096960.000000 -0.053368703 1.975897431 0.531292319 0.006237310 0.046754718 0.030102938 0.998433232
1403638177895097088.000000 -0.055539582 1.987706065 0.556949615 0.006284192 0.052533317 0.033683106 0.998031199
1403638177945096960.000000 -0.057099774 2.000620604 0.581435621 0.005840209 0.057258043 0.035818774 0.997699559
1403638177995097088.000000 -0.057284221 2.014712334 0.604678214 0.005028639 0.061323725 0.036688350 0.997430742
1403638178045096960.000000 -0.056222610 2.030476093 0.626361132 0.002329361 0.064844690 0.035248067 0.997269988
1403638178095097088.000000 -0.054035079 2.047676563 0.646831810 -0.002205271 0.066717289 0.033825494 0.997196019
1403638178145096960.000000 -0.049824264 2.065824747 0.665854037 -0.007600486 0.067929231 0.033924177 0.997084260
1403638178195097088.000000 -0.045599587 2.085025787 0.682715893 -0.013582069 0.069587223 0.036151685 0.996828079
1403638178245096960.000000 -0.044439159 2.079845667 0.692946315 -0.022092544 0.072643161 0.039471999 0.996331751
1403638178295097088.000000 -0.036840569 2.101269007 0.706122160 -0.030272795 0.073601201 0.043238446 0.995890021
1403638178345096960.000000 -0.027940035 2.123706579 0.717111409 -0.039005391 0.075045533 0.048142850 0.995253265
1403638178395097088.000000 -0.021501208 2.135521412 0.719390512 -0.050059825 0.075684622 0.052332297 0.994498432
1403638178445096960.000000 -0.015871778 2.158157825 0.725543022 -0.060357954 0.074356616 0.059221379 0.993640184
1403638178495097088.000000 -0.012285024 2.181508541 0.731114030 -0.071661182 0.071255818 0.065163448 0.992744267
1403638178545096960.000000 -0.007504091 2.200311422 0.730809033 -0.083174653 0.066817865 0.072113283 0.991673887
1403638178595097088.000000 -0.008196838 2.224352121 0.735058188 -0.094188884 0.061982282 0.079479687 0.990439117
1403638178645096960.000000 -0.009974562 2.249288559 0.739054263 -0.104754776 0.058930546 0.086940221 0.988936305
1403638178695097088.000000 -0.013001025 2.275125980 0.742694616 -0.115755446 0.056808650 0.093387999 0.987244725
1403638178745096960.000000 -0.019241817 2.286849499 0.741752803 -0.127604246 0.056834254 0.099110812 0.985222876
1403638178795097088.000000 -0.024405073 2.314451933 0.744748712 -0.138658792 0.055493098 0.103762329 0.983324826
1403638178845096960.000000 -0.030949518 2.343002558 0.747730792 -0.149039060 0.052249342 0.107758746 0.981552601
1403638178895097088.000000 -0.038191967 2.363716841 0.745260417 -0.158280715 0.048857145 0.111000903 0.979917884
1403638178945096960.000000 -0.046421666 2.393435240 0.748087883 -0.165681109 0.044740144 0.113870934 0.978560925
1403638178995097088.000000 -0.055719126 2.423764944 0.751352847 -0.171588778 0.039453734 0.116396070 0.977472663
1403638179045096960.000000 -0.064876497 2.453699589 0.753817081 0.177253827 -0.034106206 -0.117194831 -0.976567090
1403638179095097088.000000 -0.077254325 2.476000071 0.752118587 -0.182607532 0.030282408 0.116805904 0.975752950
1403638179145096960.000000 -0.088413313 2.509166956 0.757055879 -0.187704429 0.026355166 0.116799861 0.974900126
1403638179195097088.000000 -0.099913977 2.543472767 0.762843072 -0.193320349 0.023106674 0.116117321 0.973966181
1403638179245096960.000000 -0.111694388 2.578776836 0.769901395 -0.199087948 0.019574540 0.115150444 0.972996056
1403638179295097088.000000 -0.123892270 2.614913464 0.778501987 -0.204993129 0.015920211 0.115686037 0.971772194
1403638179345096960.000000 -0.138494670 2.637363195 0.778999507 -0.212860107 0.014154171 0.115766987 0.970097065
1403638179395097088.000000 -0.149767891 2.674859285 0.789479613 -0.220464975 0.015685456 0.117929071 0.968112588
1403638179445096960.000000 -0.160504445 2.713020563 0.801161110 -0.228217751 0.021242790 0.122268662 0.965668619
1403638179495097088.000000 -0.165173024 2.763197660 0.817173600 0.236157686 -0.027698195 -0.127110094 -0.962967038
1403638179545096960.000000 -0.185281053 2.779999971 0.820247173 -0.246818855 0.034356318 0.131116018 0.959535718
1403638179595097088.000000 -0.196670637 2.820488930 0.833517432 -0.256951600 0.038297337 0.135372341 0.956129491
1403638179645096960.000000 -0.208065838 2.861277103 0.846288741 -0.266774714 0.040720060 0.140740708 0.952557266
1403638179695097088.000000 -0.219084889 2.901116610 0.855945230 0.277726144 -0.043446541 -0.144604102 -0.948720336
1403638179745096960.000000 -0.231170014 2.929578066 0.862026215 -0.289313346 0.044709407 0.148739457 0.944550395
1403638179795097088.000000 -0.239015684 2.970851421 0.870595813 -0.300027549 0.045189656 0.153094769 0.940480411
1403638179845096960.000000 -0.245219544 3.012413263 0.877694786 -0.311186135 0.046328731 0.156758115 0.936185718
1403638179895097088.000000 -0.250843644 3.053941011 0.882870078 0.321326256 -0.044802878 -0.161752969 -0.931975424
1403638179945096960.000000 -0.257812649 3.081823111 0.885807335 -0.330304712 0.042033359 0.166168660 0.928181052
1403638179995097088.000000 -0.261557966 3.124507904 0.891275585 -0.337370366 0.037338115 0.170986116 0.924959898
1403638180045096960.000000 -0.264441192 3.167763472 0.896785796 -0.342684269 0.032872543 0.176137015 0.922205329
1403638180095097088.000000 -0.266135484 3.211840630 0.902082562 -0.347454548 0.031400237 0.180447251 0.919634819
1403638180145096960.000000 -0.267121077 3.256535530 0.907394052 -0.351297140 0.030321797 0.183739036 0.917557061
1403638180195097088.000000 -0.269959062 3.279993057 0.907592773 -0.355842501 0.030200420 0.183799192 0.915795803
1403638180245096960.000000 -0.270947397 3.326063633 0.913017988 -0.358454168 0.029585188 0.184972331 0.914560378
1403638180295097088.000000 -0.273118585 3.373115778 0.919375002 -0.359935224 0.028099906 0.186610162 0.913692415
1403638180345096960.000000 -0.275256991 3.417451382 0.925324857 0.360679716 -0.027476074 -0.188394859 -0.913051307
1403638180395097088.000000 -0.283548474 3.450268984 0.930387795 -0.362522960 0.026532182 0.187275290 0.912579417
1403638180445096960.000000 -0.288655698 3.498927116 0.938862264 -0.363221079 0.024351522 0.186192632 0.912584126
1403638180495097088.000000 -0.294076383 3.548775911 0.948187768 -0.364194363 0.024344783 0.184076458 0.912625730
1403638180545096960.000000 -0.300248504 3.599423647 0.958076239 -0.364709854 0.023574233 0.181612238 0.912933767
1403638180595097088.000000 -0.306658894 3.650786638 0.968461037 -0.364676356 0.022480944 0.180329055 0.913228989
1403638180645096960.000000 -0.317610860 3.680301189 0.974886775 -0.365285695 0.020028062 0.178008303 0.913497865
1403638180695097088.000000 -0.321301669 3.733342409 0.984720349 -0.364188313 0.017649790 0.177656367 0.914053440
1403638180745096960.000000 -0.323423922 3.787029743 0.994481027 -0.362633377 0.013028427 0.177581027 0.914763570
1403638180795097088.000000 -0.323270857 3.841748238 1.004586220 -0.360530972 0.011136775 0.178659111 0.915409386
1403638180845096960.000000 -0.320747644 3.897689104 1.014950752 -0.358614534 0.009776489 0.178967699 0.916117132
1403638180895097088.000000 -0.316324949 3.954691887 1.025958776 -0.356451869 0.010128613 0.179562449 0.916840732
1403638180945096960.000000 -0.313289046 4.013644218 1.034387827 0.355039656 -0.010900015 -0.179633304 -0.917365789
1403638180995097088.000000 -0.309621930 4.072985172 1.046926975 0.353174955 -0.012866537 -0.180402204 -0.917909086
1403638181045096960.000000 -0.306860387 4.133295059 1.060993671 0.351213336 -0.015182713 -0.180732727 -0.918561041
1403638181095097088.000000 -0.305525303 4.194537163 1.076507807 0.349453300 -0.016150292 -0.181109771 -0.919141412
1403638181145096960.000000 -0.306158870 4.195344925 1.094115257 -0.349042714 0.018753342 0.182410344 0.918990731
1403638181195097088.000000 -0.306003422 4.251567841 1.111409783 -0.348035872 0.022473384 0.182134300 0.919343889
1403638181245096960.000000 -0.307139695 4.316350460 1.129526734 -0.347421795 0.027760979 0.183115348 0.919236720
1403638181295097088.000000 -0.309145212 4.451021671 1.147883058 0.346603602 -0.034047563 -0.186220840 -0.918710291
1403638181345096960.000000 -0.312976718 4.448712826 1.166378856 -0.351039320 0.040260103 0.187813029 0.916447937
1403638181395097088.000000 -0.316762596 4.477684975 1.177322507 0.355304122 -0.045784339 -0.191885531 -0.913697362
1403638181445096960.000000 -0.322397351 4.544823170 1.200050831 -0.360410720 0.050581511 0.197667643 0.910205007
1403638181495097088.000000 -0.330342948 4.603760719 1.214607120 -0.367670625 0.056728914 0.202400059 0.905888796
1403638181545096960.000000 -0.339131355 4.663155556 1.227649331 -0.376190513 0.066758096 0.206893563 0.900677085
1403638181595097088.000000 -0.348880947 4.722669601 1.238414884 -0.386887521 0.074448906 0.208321661 0.895196974
1403638181645096960.000000 -0.359186411 4.782201290 1.246605873 -0.397832274 0.077023715 0.209830657 0.889813483
1403638181695097088.000000 -0.369537234 4.841337204 1.252021790 -0.409432381 0.074872285 0.210176259 0.884638488
1403638181745096960.000000 -0.378756106 4.900201321 1.254601836 -0.420219868 0.071397275 0.212006971 0.879415035
1403638181795097088.000000 -0.387486696 4.964660168 1.256890297 0.431931347 -0.066999547 -0.212762907 -0.873886943
1403638181845096960.000000 -0.394393146 5.023375034 1.254175186 0.442990303 -0.061134659 -0.213887289 -0.868489742
1403638181895097088.000000 -0.393656433 5.091942310 1.257232189 -0.454258949 0.054720268 0.214214042 0.862998784
1403638181945096960.000000 -0.398052812 5.149078369 1.250871181 -0.462973952 0.049877893 0.217670679 0.857780218
1403638181995097088.000000 -0.400982141 5.205566883 1.243341446 -0.469803005 0.045251820 0.221178174 0.853415310
1403638182045096960.000000 -0.402665794 5.261728287 1.234762907 -0.474654496 0.040022269 0.226198286 0.849668026
1403638182095097088.000000 -0.402349114 5.317677498 1.225023270 -0.479036093 0.036434870 0.230109438 0.846313536
1403638182145096960.000000 -0.402852416 5.372474670 1.213896513 0.482646018 -0.032453015 -0.233832076 -0.843399227
1403638182195097088.000000 -0.397436321 5.438502789 1.209514380 -0.485678494 0.030231059 0.236813158 0.840905547
1403638182245096960.000000 -0.402303815 5.484835148 1.193088293 0.486359835 -0.028851073 -0.242784619 -0.838854790
1403638182295097088.000000 -0.405735373 5.530372620 1.176020145 0.486265540 -0.027689574 -0.248048514 -0.837407410
1403638182345096960.000000 -0.400335073 5.609185696 1.180113316 -0.486705065 0.028620202 0.251399755 0.836120367
1403638182395097088.000000 -0.402578115 5.667833328 1.170506716 -0.485866308 0.027309315 0.255177766 0.835507274
1403638182445096960.000000 -0.403285623 5.727826118 1.159423113 -0.487172574 0.024026940 0.253422707 0.835381746
1403638182495097088.000000 -0.402579665 5.788935661 1.147289753 -0.487932295 0.019644734 0.251155406 0.835737526
1403638182545096960.000000 -0.401815057 5.856037140 1.136475801 0.489448398 -0.014150514 -0.246691450 -0.836291492
1403638182595097088.000000 -0.392705917 5.930742264 1.131588936 -0.490832657 0.010003533 0.241830736 0.836959481
1403638182645096960.000000 -0.386124372 5.996262074 1.117988348 -0.490615785 0.007521166 0.239709839 0.837722421
1403638182695097088.000000 -0.377851605 6.062361717 1.104167700 -0.489900678 0.006167246 0.237969190 0.838647723
1403638182745096960.000000 -0.368643999 6.129455566 1.090764761 -0.488573879 0.006851373 0.237937495 0.839425087
1403638182795097088.000000 -0.359304905 6.197503090 1.078512669 -0.487733126 0.007759901 0.237126142 0.840135336
1403638182845096960.000000 -0.349521637 6.273841858 1.074103832 -0.487090170 0.009029809 0.236212671 0.840752780
1403638182895097088.000000 -0.341888905 6.344733238 1.064612150 -0.486386865 0.011991758 0.235124916 0.841427565
1403638182945096960.000000 -0.335335732 6.416350365 1.056282043 -0.485780180 0.015480229 0.234033287 0.842025220
1403638182995097088.000000 -0.329449892 6.488422871 1.048534870 -0.485901952 0.020261727 0.231385529 0.842585087
1403638183045096960.000000 -0.324473381 6.561020851 1.041502953 -0.485880107 0.024646660 0.228997201 0.843133152
1403638183095097088.000000 -0.319417000 6.635410786 1.042158365 -0.486808926 0.027335878 0.224913806 0.843613505
1403638183145096960.000000 -0.315155149 6.708034039 1.028841734 0.487828940 -0.028211603 -0.220535472 -0.844151139
1403638183195097088.000000 -0.312754154 6.781138420 1.024038076 0.487939328 -0.029032860 -0.218415305 -0.844610572
1403638183245096960.000000 -0.312086940 6.854523659 1.027629614 -0.488089383 0.025503576 0.216230631 0.845199823
1403638183295097088.000000 -0.311686635 6.926675797 1.024644613 -0.487547100 0.021937668 0.216542482 0.845532954
1403638183345096960.000000 -0.314331412 6.998593330 1.031533241 -0.486361861 0.017578891 0.219035119 0.845675349
1403638183395097088.000000 -0.314886451 7.070625305 1.030501842 -0.484934509 0.013242831 0.221576884 0.845911860
1403638183445096960.000000 -0.315786719 7.143012047 1.030520678 -0.484047741 0.008120558 0.222979113 0.846116006
1403638183495097088.000000 -0.316773057 7.215915203 1.031700373 -0.483753979 0.004098878 0.223454058 0.846187711
1403638183545096960.000000 -0.317964792 7.284440994 1.033779383 0.483593941 -0.000357889 -0.223100707 -0.846382201
1403638183595097088.000000 -0.323293209 7.360472202 1.048255444 -0.483434349 -0.000322948 0.223847821 0.846276104
1403638183645096960.000000 -0.323461533 7.433709621 1.053014278 -0.483692735 0.002326815 0.223239169 0.846286178
1403638183695097088.000000 -0.321156502 7.508183479 1.058216095 -0.485706329 0.005626037 0.218263164 0.846415341
1403638183745096960.000000 -0.316795230 7.582836628 1.063851833 -0.486756504 0.012575461 0.215965137 0.846326768
1403638183795097088.000000 -0.311302304 7.657483101 1.071299314 0.488879442 -0.016189931 -0.211158678 -0.846254587
1403638183845096960.000000 -0.306768179 7.733559608 1.087240934 -0.490924746 0.021657601 0.206186995 0.846174300
1403638183895097088.000000 -0.297193408 7.806319237 1.093013763 -0.492107987 0.025574651 0.204127491 0.845876873
1403638183945096960.000000 -0.286301017 7.877446175 1.098387957 -0.492499709 0.027085824 0.203387722 0.845780075
1403638183995097088.000000 -0.273262978 7.947806835 1.103656769 -0.492622674 0.026593877 0.203834504 0.845616460
1403638184045096960.000000 -0.261343837 8.017930031 1.118031979 -0.492101878 0.025895247 0.205679536 0.845494628
1403638184095097088.000000 -0.245574594 8.086556435 1.123522282 -0.491208017 0.022069616 0.208335236 0.845472693
1403638184145096960.000000 -0.229793906 8.154437065 1.129676342 -0.490422606 0.016989337 0.210689127 0.845462680
1403638184195097088.000000 -0.215053558 8.221650124 1.137140274 -0.488992929 0.013295161 0.215117201 0.845241904
1403638184245096960.000000 -0.201086402 8.288861275 1.145937443 -0.488288611 0.009987738 0.217398003 0.845111012
1403638184295097088.000000 -0.188782811 8.353307724 1.159173965 0.488242209 -0.008965918 -0.218744323 -0.844801843
1403638184345096960.000000 -0.177985311 8.423653603 1.181826115 -0.489219218 0.009567878 0.217224553 0.844622135
1403638184395097088.000000 -0.165558219 8.490753174 1.195051193 -0.489821583 0.012993913 0.216321528 0.844458997
1403638184445096960.000000 -0.153663397 8.557971001 1.209431171 -0.490669966 0.015114976 0.214665100 0.844353855
1403638184495097088.000000 -0.141860127 8.624952316 1.224797249 -0.491838455 0.016941588 0.212274596 0.844243765
1403638184545096960.000000 -0.129963040 8.691375732 1.241113663 -0.492199242 0.018673535 0.211988673 0.844068766
1403638184595097088.000000 -0.112685084 8.747619629 1.248329163 0.492547631 -0.019474192 -0.211803272 -0.843893945
1403638184645096960.000000 -0.105252862 8.833986282 1.290135384 -0.492987514 0.021796849 0.211271375 0.843713582
1403638184695097088.000000 -0.092340112 8.898735046 1.308776855 -0.493278414 0.020973198 0.210933223 0.843649030
1403638184745096960.000000 -0.078777909 8.963118553 1.328005791 -0.492917567 0.022361940 0.212445423 0.843444884
1403638184795097088.000000 -0.064565420 9.027054787 1.347669125 -0.492876202 0.022940371 0.212298542 0.843490481
1403638184845096960.000000 -0.050275803 9.090548515 1.367949009 -0.493070811 0.022077665 0.213051274 0.843209922
1403638184895097088.000000 -0.035235167 9.151129723 1.387842655 0.493881106 -0.021353634 -0.211431995 -0.843161941
1403638184945096960.000000 -0.027551651 9.207811356 1.414928913 -0.494879603 0.023554912 0.209621325 0.842969954
1403638184995097088.000000 -0.010914564 9.269446373 1.435797215 -0.494691581 0.024050388 0.210457578 0.842857957
1403638185045096960.000000 0.006552458 9.330640793 1.456973553 -0.494256616 0.024596117 0.211436868 0.842852235
1403638185095097088.000000 0.024522066 9.391500473 1.478522778 -0.494612187 0.022729382 0.210571438 0.842912734
1403638185145096960.000000 0.038340807 9.453085899 1.507156849 -0.494491637 0.021561291 0.210453346 0.843043625
1403638185195097088.000000 0.057785749 9.512991905 1.529538155 -0.495012969 0.021018494 0.209251449 0.843050599
1403638185245096960.000000 0.077426672 9.572495461 1.552434444 -0.495813608 0.018324427 0.206536710 0.843312383
1403638185295097088.000000 0.097352028 9.631258011 1.576048374 -0.496157765 0.018022481 0.204929993 0.843508363
1403638185345096960.000000 0.118658304 9.692369461 1.601680756 0.497092128 -0.017037358 -0.202654406 -0.843528569
1403638185395097088.000000 0.131418943 9.749015808 1.634451389 -0.497165352 0.018186592 0.199007928 0.844329178
1403638185445096960.000000 0.162705898 9.808351517 1.654407024 0.495851517 -0.019387458 -0.195085406 -0.845988870
1403638185495097088.000000 0.186079264 9.864785194 1.682536602 0.493347287 -0.020983659 -0.189745724 -0.848625243
1403638185545096960.000000 0.201510787 9.918285370 1.718481541 -0.489631653 0.022203406 0.184732020 0.851846278
1403638185595097088.000000 0.226456523 9.972439766 1.748853683 -0.484442562 0.024069259 0.180758089 0.855606556
1403638185645096960.000000 0.250241160 10.021497726 1.781482697 0.479915529 -0.024951113 -0.176380262 -0.859039307
1403638185695097088.000000 0.266125202 10.071633339 1.820309639 -0.474698454 0.028513053 0.174939483 0.862116396
1403638185745096960.000000 0.292590857 10.121104240 1.853695393 -0.468929261 0.032096114 0.175756544 0.864976883
1403638185795097088.000000 0.318945289 10.169238091 1.887829304 -0.462135047 0.034770917 0.180988953 0.867447555
1403638185845096960.000000 0.344633341 10.215920448 1.922708988 -0.453861624 0.038253352 0.191685140 0.869369447
1403638185895097088.000000 0.369426250 10.261938095 1.957911015 -0.446622878 0.040290311 0.200855643 0.870954573
1403638185945096960.000000 0.389695883 10.305876732 1.993956566 0.439938158 -0.041813325 -0.209967479 -0.872135162
1403638185995097088.000000 0.404615402 10.348630905 2.033286572 -0.436348289 0.042716239 0.213387504 0.873064280
1403638186045096960.000000 0.424463034 10.394784927 2.067971230 -0.435088903 0.040063240 0.212675214 0.873991966
1403638186095097088.000000 0.442951679 10.441519737 2.102458477 -0.434826016 0.036591545 0.210559800 0.874786794
1403638186145096960.000000 0.460498333 10.488650322 2.136674881 -0.435719490 0.034205057 0.207041234 0.875278533
1403638186195097088.000000 0.477182865 10.535954475 2.170813560 -0.436703295 0.031250335 0.203382090 0.875756562
1403638186245096960.000000 0.493965626 10.585666656 2.205143452 0.437023282 -0.030004099 -0.202068985 -0.875944376
1403638186295097088.000000 0.507446527 10.623526573 2.239473820 -0.437905133 0.028818972 0.199340016 0.876169086
1403638186345096960.000000 0.528114557 10.672054291 2.271568775 -0.438664168 0.027219355 0.197570130 0.876241386
1403638186395097088.000000 0.549988270 10.720560074 2.303279877 -0.439013958 0.026299279 0.197114617 0.876196921
1403638186445096960.000000 0.572746992 10.768396378 2.334202290 -0.439292669 0.026508961 0.196574315 0.876172304
1403638186495097088.000000 0.593688011 10.811681747 2.362642288 0.440237939 -0.027386459 -0.195657775 -0.875875950
1403638186545096960.000000 0.613620758 10.845465660 2.387736797 -0.441336334 0.025736332 0.194174513 0.875703216
1403638186595097088.000000 0.636149645 10.891749382 2.418341637 -0.442352653 0.024905821 0.192870542 0.875502646
1403638186645096960.000000 0.657436848 10.938057899 2.450074196 -0.443300843 0.023081711 0.191536024 0.875366032
1403638186695097088.000000 0.675693750 10.980565071 2.481097221 0.445067376 -0.021588568 -0.188455224 -0.875176370
1403638186745096960.000000 0.700644970 11.028511047 2.524930000 -0.446108311 0.020269511 0.183973804 0.875631332
1403638186795097088.000000 0.712890148 11.070123672 2.550056934 0.445615530 -0.018513897 -0.179422304 -0.876864672
1403638186845096960.000000 0.736693501 11.117372513 2.596750736 -0.444142461 0.017445348 0.174276441 0.878669977
1403638186895097088.000000 0.753890753 11.160881042 2.635207176 -0.440582901 0.014895440 0.170377389 0.881269813
1403638186945096960.000000 0.771323085 11.203564644 2.675325394 -0.434990168 0.014651125 0.167474061 0.884602368
1403638186995097088.000000 0.793445945 11.238823891 2.720645905 -0.427479714 0.014295475 0.164681375 0.888783872
1403638187045096960.000000 0.815148592 11.279868126 2.763429642 -0.417056471 0.018646162 0.163883090 0.893788934
1403638187095097088.000000 0.839402437 11.320551872 2.806599140 -0.405494750 0.023590883 0.161817014 0.899351299
1403638187145096960.000000 0.866055489 11.360477448 2.850041389 -0.393134028 0.030178200 0.158513904 0.905211806
1403638187195097088.000000 0.894225240 11.399185181 2.893060207 -0.379855603 0.036187835 0.155567750 0.911152542
1403638187245096960.000000 0.926428914 11.427336693 2.937246561 -0.366401792 0.043049224 0.151450321 0.917038321
1403638187295097088.000000 0.958797097 11.464511871 2.978022814 -0.353878886 0.049096566 0.145412251 0.922612906
1403638187345096960.000000 0.992116928 11.500640869 3.017652750 -0.342035234 0.053619657 0.140270308 0.927610457
1403638187395097088.000000 1.026750684 11.535808563 3.055677414 -0.331808299 0.058947627 0.134912714 0.931786954
1403638187445096960.000000 1.061694264 11.570100784 3.092664719 -0.323083550 0.062406726 0.129636779 0.935369790
1403638187495097088.000000 1.096906662 11.591934204 3.131277084 -0.315383494 0.063834041 0.126748383 0.938292742
1403638187545096960.000000 1.130852461 11.623390198 3.165294170 -0.308860391 0.062485721 0.124488048 0.940852582
1403638187595097088.000000 1.163566351 11.653819084 3.198413610 -0.303205431 0.058850758 0.124003313 0.942987978
1403638187645096960.000000 1.195417047 11.683426857 3.230925560 -0.298621505 0.054263044 0.124420136 0.944669425
1403638187695097088.000000 1.226459742 11.711558342 3.262884617 0.295779228 -0.050667230 -0.123538233 -0.945878327
1403638187745096960.000000 1.255104780 11.727932930 3.298334599 -0.294450283 0.048020341 0.121534511 0.946690261
1403638187795097088.000000 1.283336401 11.755643845 3.331136227 -0.293665051 0.045659810 0.119588733 0.947298586
1403638187845096960.000000 1.310552120 11.782712936 3.364239216 -0.294031560 0.045088015 0.116962925 0.947540104
1403638187895097088.000000 1.336872339 11.808835030 3.397619724 -0.295655638 0.043438163 0.112269148 0.947679579
1403638187945096960.000000 1.362823129 11.833738327 3.431501389 -0.297056913 0.044647887 0.109244920 0.947538614
1403638187995097088.000000 1.384965897 11.859111786 3.453917503 0.299566805 -0.046156581 -0.105158955 -0.947138250
1403638188045096960.000000 1.408096433 11.858100891 3.500484467 -0.302239388 0.048631769 0.100898109 0.946628749
1403638188095097088.000000 1.431151271 11.877412796 3.534215450 -0.304875135 0.049917120 0.096848279 0.946139514
1403638188145096960.000000 1.453155994 11.894750595 3.568282127 -0.307695210 0.051118806 0.092553534 0.945592105
1403638188195097088.000000 1.473967791 11.909912109 3.602793694 -0.309408337 0.054629128 0.090861417 0.945000768
1403638188245096960.000000 1.493563056 11.922686577 3.637846470 -0.310203701 0.060937539 0.091591835 0.944283485
1403638188295097088.000000 1.512309194 11.933041573 3.672961473 -0.309578210 0.071212627 0.094409600 0.943491936
1403638188345096960.000000 1.531554699 11.938029289 3.708435535 0.308777511 -0.081760138 -0.097757697 -0.942557812
1403638188395097088.000000 1.537317991 11.920072556 3.745757818 -0.308963805 0.092072323 0.099103719 0.941404581
1403638188445096960.000000 1.552304745 11.923033714 3.778374672 -0.308777988 0.100236475 0.101160504 0.940412343
1403638188495097088.000000 1.565492749 11.923519135 3.809330463 -0.308112115 0.106994048 0.103474796 0.939634085
1403638188545096960.000000 1.577419877 11.921561241 3.838079691 -0.308088660 0.113091089 0.104491994 0.938814819
1403638188595097088.000000 1.588327527 11.916795731 3.864369869 -0.306589276 0.115580209 0.105667137 0.938871026
1403638188645096960.000000 1.599096775 11.908984184 3.887216806 -0.304653227 0.114562608 0.105341256 0.939662218
1403638188695097088.000000 1.610399961 11.898264885 3.906054974 -0.301253080 0.112181358 0.105501778 0.941026807
1403638188745096960.000000 1.622312307 11.884473801 3.920928240 -0.296611518 0.107734822 0.106321596 0.942926586
1403638188795097088.000000 1.633547068 11.868168831 3.932015419 -0.292851627 0.101175644 0.106054828 0.944856524
1403638188845096960.000000 1.657716513 11.857765198 3.929517269 0.289045990 -0.095627397 -0.106899261 -0.946509659
1403638188895097088.000000 1.635312915 11.783498764 3.945170403 -0.285923362 0.092738457 0.106351875 0.947806299
1403638188945096960.000000 1.653209448 11.763220787 3.948518753 -0.282742113 0.089057945 0.106913731 0.949049592
1403638188995097088.000000 1.672938824 11.741372108 3.949107647 -0.279965281 0.085822187 0.106309712 0.950238049
1403638189045096960.000000 1.693518043 11.717754364 3.947305202 -0.275598139 0.084150434 0.106551744 0.951636076
1403638189095097088.000000 1.714347839 11.692923546 3.943816423 -0.270270765 0.083999090 0.105963938 0.953241587
1403638189145096960.000000 1.734083652 11.666988373 3.939340115 -0.263934314 0.083609432 0.104653500 0.955194175
1403638189195097088.000000 1.752859354 11.633178711 3.928490877 0.255930960 -0.083629310 -0.104134209 -0.957424462
1403638189245096960.000000 1.741175890 11.572706223 3.924227238 -0.247209787 0.082695886 0.102586977 0.959960818
1403638189295097088.000000 1.755479693 11.543102264 3.916707993 -0.237574905 0.080558002 0.100725040 0.962768435
1403638189345096960.000000 1.767723322 11.513076782 3.908548832 -0.227979600 0.075704686 0.098762192 0.965681195
1403638189395097088.000000 1.778103352 11.483042717 3.899975777 -0.219329774 0.067001767 0.097047083 0.968497396
1403638189445096960.000000 1.788045883 11.452899933 3.890464783 -0.211125582 0.057871453 0.095769159 0.971033037
1403638189495097088.000000 1.821627140 11.443125725 3.877723932 0.203999519 -0.049712379 -0.094653167 -0.973115444
1403638189545096960.000000 1.782321095 11.357148170 3.865490198 -0.198124647 0.044304539 0.093911789 0.974661171
1403638189595097088.000000 1.797114253 11.327457428 3.852901459 -0.193211809 0.040441483 0.093180560 0.975884795
1403638189645096960.000000 1.813993931 11.298672676 3.840745449 -0.188725069 0.036705617 0.093294449 0.976899087
1403638189695097088.000000 1.830799699 11.270888329 3.829631805 -0.184571490 0.031904999 0.094905630 0.977705717
1403638189745096960.000000 1.846885443 11.244114876 3.819635868 -0.181058869 0.027044272 0.097498715 0.978253722
1403638189795097088.000000 1.855453372 11.212885857 3.807552338 0.178827733 -0.023472343 -0.098939620 -0.978611648
1403638189845096960.000000 1.843656301 11.155657768 3.795187235 -0.177480653 0.019038927 0.099686697 0.978877306
1403638189895097088.000000 1.855695605 11.131574631 3.789439440 -0.176910907 0.014439767 0.099235319 0.979104936
1403638189945096960.000000 1.867256999 11.108839989 3.785668373 -0.176463932 0.011293200 0.099518016 0.979198217
1403638189995097088.000000 1.878710032 11.087632179 3.783990145 -0.177000135 0.011798654 0.098774143 0.979170799
1403638190045096960.000000 1.885688663 11.059688568 3.785330534 0.178037658 -0.016134974 -0.097305357 -0.979067922
1403638190095097088.000000 1.877680540 11.016592026 3.778467178 -0.178843215 0.021914028 0.096180193 0.978919983
1403638190145096960.000000 1.886975288 10.997081757 3.782712221 -0.180648997 0.028921334 0.093708560 0.978646159
1403638190195097088.000000 1.894795775 10.978309631 3.788599014 -0.182343438 0.035524704 0.091568321 0.978317022
1403638190245096960.000000 1.902015448 10.959950447 3.795373440 -0.185064986 0.043332290 0.086193763 0.977979541
1403638190295097088.000000 1.908089399 10.941516876 3.803052425 -0.187559158 0.049474932 0.076890968 0.977988541
1403638190345096960.000000 1.893398285 10.895539284 3.798367500 -0.188589141 0.054769054 0.067300841 0.978215337
1403638190395097088.000000 1.896197200 10.874469757 3.806402445 -0.188373610 0.059337392 0.057292502 0.978627682
1403638190445096960.000000 1.897405624 10.852155685 3.814860344 -0.187283516 0.060630001 0.048698675 0.979222834
1403638190495097088.000000 1.897022247 10.828098297 3.823494673 -0.184993759 0.060951982 0.044061273 0.979857504
1403638190545096960.000000 1.895278573 10.802148819 3.832394123 -0.180990756 0.060546279 0.043211728 0.980667830
1403638190595097088.000000 1.892867923 10.774455070 3.841533661 -0.177200362 0.058874507 0.042897437 0.981475294
1403638190645096960.000000 1.871975660 10.712856293 3.834798813 -0.173698500 0.058890969 0.043100115 0.982091248
1403638190695097088.000000 1.867904544 10.680904388 3.842318773 -0.170230582 0.058467425 0.044725724 0.982650876
1403638190745096960.000000 1.864714622 10.647510529 3.848896027 -0.167241544 0.058734760 0.044892084 0.983140528
1403638190795097088.000000 1.860897303 10.612374306 3.853853226 -0.163072839 0.059497770 0.049815755 0.983557642
1403638190845096960.000000 1.856332660 10.572237968 3.856365681 0.158986166 -0.059003446 -0.055035044 -0.983978271
1403638190895097088.000000 1.857902765 10.516751289 3.850066662 -0.155729011 0.059340376 0.060330126 0.984168470
1403638190945096960.000000 1.858573437 10.479069710 3.851426363 -0.153852642 0.058250334 0.061658002 0.984446347
1403638190995097088.000000 1.859858751 10.440610886 3.850778818 -0.151702642 0.059642442 0.064314559 0.984526694
1403638191045096960.000000 1.862722397 10.402085304 3.848710060 -0.150644839 0.063058935 0.064907350 0.984437346
1403638191095097088.000000 1.865958571 10.363473892 3.844877720 -0.150047824 0.065181427 0.065135881 0.984375179
1403638191145096960.000000 1.867432237 10.318241119 3.837205410 0.149480909 -0.063113578 -0.065828294 -0.984550059
1403638191195097088.000000 1.886044741 10.250645638 3.830848932 -0.149747655 0.058782741 0.066754043 0.984715283
1403638191245096960.000000 1.891673088 10.210990906 3.823286057 -0.149410963 0.052306835 0.067937292 0.985050738
1403638191295097088.000000 1.897831917 10.171167374 3.814520597 -0.148450613 0.045625925 0.070501730 0.985347748
1403638191345096960.000000 1.905069113 10.131598473 3.805424690 -0.148720652 0.040839467 0.069780633 0.985568404
1403638191395097088.000000 1.911927104 10.092296600 3.796794653 -0.149380162 0.037280295 0.069558688 0.985625386
1403638191445096960.000000 1.903238773 10.057955742 3.776052237 0.148698181 -0.034451276 -0.070026450 -0.985798299
1403638191495097088.000000 1.909544945 10.019424438 3.767133713 0.148839787 -0.033747606 -0.071128711 -0.985722363
1403638191545096960.000000 1.913980365 9.979532242 3.760518074 0.149577141 -0.033565115 -0.070636675 -0.985652328
1403638191595097088.000000 1.917310953 9.940021515 3.755115509 0.150487065 -0.033662450 -0.069422036 -0.985596836
1403638191645096960.000000 1.919548273 9.900741577 3.751012564 0.151332423 -0.033660267 -0.068638444 -0.985522330
1403638191695097088.000000 1.953281999 9.809418678 3.762109756 -0.154544786 0.033203069 0.066755049 0.985168695
1403638191745096960.000000 1.921326518 9.822889328 3.746931314 0.154396251 -0.031686548 -0.062471580 -0.985522747
1403638191795097088.000000 1.921288133 9.783899307 3.747302771 0.155822828 -0.031264324 -0.059252664 -0.985510528
1403638191845096960.000000 1.920343161 9.744404793 3.748997211 0.156812653 -0.030060740 -0.057377499 -0.985501945
1403638191895097088.000000 1.919735193 9.704231262 3.752244473 0.157182470 -0.030708471 -0.056968715 -0.985446751
1403638191945096960.000000 1.919486523 9.663739204 3.756374598 0.157078385 -0.030657198 -0.057495501 -0.985434353
1403638191995097088.000000 1.920395494 9.622869492 3.760715961 0.156643301 -0.030822674 -0.057840217 -0.985478222
1403638192045096960.000000 1.923878789 9.581750870 3.765405178 0.157236844 -0.031456321 -0.056301575 -0.985452831
1403638192095097088.000000 1.930020332 9.539734840 3.769969463 0.157247111 -0.031185888 -0.056203086 -0.985465407
1403638192145096960.000000 1.939380288 9.496911049 3.775189638 0.156336635 -0.032329511 -0.057615332 -0.985491872
1403638192195097088.000000 1.979531527 9.367081642 3.791601419 -0.158409014 0.034889217 0.060312551 0.984912097
1403638192245096960.000000 1.968188047 9.409461021 3.785167694 0.155062243 -0.037077244 -0.059514932 -0.985413074
1403638192295097088.000000 1.987423658 9.365419388 3.790717840 0.154066116 -0.042264387 -0.061580114 -0.985233665
1403638192345096960.000000 2.009818792 9.320593834 3.796293259 0.153299570 -0.047025539 -0.062289782 -0.985092819
1403638192395097088.000000 2.033057451 9.275731087 3.802092075 0.152918443 -0.049834348 -0.062886417 -0.984976053
1403638192445096960.000000 2.068262577 9.137623787 3.807660341 -0.155167088 0.052192993 0.065048374 0.984361649
1403638192495097088.000000 2.082513809 9.182377815 3.810446501 0.152082816 -0.053750511 -0.063935250 -0.984832048
1403638192545096960.000000 2.113772631 9.044981003 3.808367729 -0.155032322 0.056791615 0.065170906 0.984120190
1403638192595097088.000000 2.137374163 8.998466492 3.807400465 -0.155169129 0.060468290 0.064760029 0.983906686
1403638192645096960.000000 2.161345482 8.951883316 3.806138992 -0.155871347 0.067339286 0.063469790 0.983433306
1403638192695097088.000000 2.183390379 8.904926300 3.804648399 -0.155435517 0.072698578 0.065348528 0.982997656
1403638192745096960.000000 2.203644514 8.857803345 3.802535057 -0.155960277 0.078417785 0.064827658 0.982509315
1403638192795097088.000000 2.225713968 8.810663223 3.802778482 -0.155321345 0.084379084 0.066386282 0.982012451
1403638192845096960.000000 2.285366297 8.794851303 3.834521770 -0.153657526 0.089521930 0.067339741 0.981753826
1403638192895097088.000000 2.264755011 8.714886665 3.799728155 -0.152999192 0.097550176 0.071402214 0.980804205
1403638192945096960.000000 2.282033443 8.666369438 3.795731068 -0.150175616 0.108070210 0.077046305 0.979710162
1403638192995097088.000000 2.297172546 8.618052483 3.789682388 -0.147495106 0.116451092 0.081559949 0.978791237
1403638193045096960.000000 2.310454845 8.569812775 3.780737877 -0.143171892 0.121534310 0.086042486 0.978431344
1403638193095097088.000000 2.333757401 8.516185760 3.779894829 -0.139070526 0.121434860 0.086718529 0.978975475
1403638193145096960.000000 2.334550381 8.474399567 3.751549006 -0.134933308 0.116019614 0.084752321 0.980382383
1403638193195097088.000000 2.346697092 8.427543640 3.731324911 -0.131479993 0.109232306 0.081602044 0.981897414
1403638193245096960.000000 2.359436035 8.381322861 3.707005739 -0.128541410 0.103423566 0.077592194 0.983239651
1403638193295097088.000000 2.372844219 8.335273743 3.678399801 -0.125637576 0.098530360 0.074279152 0.984372735
1403638193345096960.000000 2.387521267 8.289742470 3.645952225 -0.124492280 0.093828849 0.068802379 0.985375106
1403638193395097088.000000 2.403474808 8.245103836 3.611028910 -0.123335667 0.092284709 0.063628249 0.986013830
1403638193445096960.000000 2.429900169 8.194984436 3.586064577 -0.122718714 0.091664866 0.059315234 0.986417472
1403638193495097088.000000 2.433244705 8.156230927 3.536304474 -0.121351704 0.092484057 0.057084613 0.986641705
1403638193545096960.000000 2.445838451 8.111397743 3.497148752 -0.120089479 0.092795558 0.055415101 0.986862063
1403638193595097088.000000 2.455416918 8.066173553 3.457427740 -0.118828788 0.090552025 0.054985534 0.987247050
1403638193645096960.000000 2.462051868 8.020385742 3.417358637 -0.117771864 0.085467823 0.054799978 0.987837076
1403638193695097088.000000 2.466470718 7.974679947 3.376390219 -0.116655372 0.078186505 0.055547364 0.988530695
1403638193745096960.000000 2.479655027 7.922808647 3.346709967 -0.114676543 0.071483813 0.058063224 0.989124954
1403638193795097088.000000 2.468635798 7.882598877 3.293491840 -0.113999799 0.065362237 0.058917154 0.989575982
1403638193845096960.000000 2.477600336 7.831335545 3.263584852 -0.113921337 0.061468337 0.058912840 0.989834785
1403638193895097088.000000 2.464000702 7.790851593 3.210202217 -0.113665745 0.057912126 0.059870847 0.990021110
1403638193945096960.000000 2.459718466 7.744305134 3.168824196 -0.113849267 0.054732803 0.059802603 0.990185082
1403638193995097088.000000 2.453529119 7.698582172 3.127685547 -0.113250777 0.053472482 0.061524946 0.990217030
1403638194045096960.000000 2.446609259 7.653762817 3.086556196 -0.113523848 0.053291768 0.061297759 0.990209579
1403638194095097088.000000 2.442655563 7.608805656 3.050570488 -0.114805162 0.057026707 0.060042240 0.989930689
1403638194145096960.000000 2.429983139 7.563981533 3.008400440 -0.115340516 0.061505824 0.059942655 0.989606261
1403638194195097088.000000 2.428755283 7.512614727 2.982813597 -0.116292134 0.066245474 0.059024028 0.989244163
1403638194245096960.000000 2.405282497 7.472350121 2.932857275 -0.116919771 0.070239998 0.059033770 0.988893926
1403638194295097088.000000 2.391185760 7.427503109 2.893262386 -0.117152095 0.071302421 0.058985692 0.988793314
1403638194345096960.000000 2.377414227 7.381963730 2.853847980 -0.116766378 0.067968264 0.060514569 0.988981307
1403638194395097088.000000 2.362676144 7.337637424 2.813251972 -0.116663873 0.064399838 0.061623663 0.989163637
1403638194445096960.000000 2.345603943 7.292580605 2.773956776 -0.116249055 0.060747232 0.063325599 0.989336073
1403638194495097088.000000 2.346436501 7.242736340 2.750467777 -0.115933038 0.057317607 0.064924054 0.989474237
1403638194545096960.000000 2.317211151 7.207972527 2.690402985 -0.116619959 0.053460859 0.064493477 0.989637494
1403638194595097088.000000 2.305230141 7.168243885 2.647630215 -0.116579525 0.050167304 0.065446436 0.989752173
1403638194645096960.000000 2.292330503 7.125041962 2.602851629 -0.116801001 0.045496389 0.065781236 0.989929557
1403638194695097088.000000 2.280888557 7.083054066 2.560464859 -0.116869040 0.039917286 0.066528149 0.990112305
1403638194745096960.000000 2.267249584 7.042132378 2.519478083 -0.117249474 0.036070183 0.066794291 0.990197062
1403638194795097088.000000 2.251972675 6.999235630 2.478009462 -0.117854379 0.032411542 0.066388719 0.990279019
1403638194845096960.000000 2.234824896 6.957269669 2.439505816 -0.118086167 0.028912321 0.066979334 0.990319967
1403638194895097088.000000 2.218431234 6.916292667 2.400592566 -0.118970029 0.026587494 0.066133067 0.990336120
1403638194945096960.000000 2.201406002 6.876755238 2.364983559 -0.119468443 0.024876019 0.065384135 0.990370393
1403638194995097088.000000 2.183022022 6.839472294 2.331980228 -0.119373620 0.023543412 0.066046074 0.990370452
1403638195045096960.000000 2.163138390 6.798453331 2.299004555 -0.119767852 0.022231579 0.065686323 0.990377128
1403638195095097088.000000 2.143918514 6.761078835 2.270047188 -0.119619779 0.021478981 0.065578982 0.990418732
1403638195145096960.000000 2.120601416 6.724654675 2.241539001 -0.119747192 0.019256713 0.065471381 0.990456164
1403638195195097088.000000 2.096852303 6.689067841 2.215607166 -0.118932448 0.014901419 0.067666933 0.990481853
1403638195245096960.000000 2.071750641 6.650171280 2.194723606 -0.118328087 0.007194598 0.069067679 0.990543485
1403638195295097088.000000 2.048584938 6.614558697 2.172807217 -0.117364310 -0.000467807 0.071105987 0.990539968
1403638195345096960.000000 2.039470196 6.570719242 2.169734001 -0.116844535 -0.005203171 0.072160192 0.990511656
1403638195395097088.000000 2.011718988 6.540074348 2.147122145 -0.116883211 -0.005065623 0.071796432 0.990534186
1403638195445096960.000000 1.993042111 6.506134033 2.132816315 -0.117269985 0.000997169 0.071698979 0.990507960
1403638195495097088.000000 1.958724618 6.478922844 2.106159687 -0.117871322 0.011349632 0.070475131 0.990459919
1403638195545096960.000000 1.945799828 6.437050343 2.106209040 -0.117881782 0.020658605 0.070622854 0.990297794
1403638195595097088.000000 1.930101395 6.401229858 2.099476576 -0.118730873 0.029449491 0.068498090 0.990123093
1403638195645096960.000000 1.903661013 6.369482040 2.084753752 -0.118662864 0.033807807 0.068329230 0.990003705
1403638195695097088.000000 1.881563663 6.339606762 2.075944901 -0.118700817 0.034258764 0.067724153 0.990025222
1403638195745096960.000000 1.862653375 6.309205055 2.067151785 -0.118219070 0.033366442 0.068597697 0.990053177
1403638195795097088.000000 1.847063184 6.277920723 2.058433294 -0.117704220 0.030954599 0.069034539 0.990162551
1403638195845096960.000000 1.832414150 6.247862339 2.050304413 -0.117391579 0.027248032 0.069547221 0.990272760
1403638195895097088.000000 1.819168210 6.216109753 2.041492224 -0.117166944 0.022136198 0.068913206 0.990471065
1403638195945096960.000000 1.808321118 6.188262939 2.033859491 -0.116589867 0.017732585 0.069709413 0.990572035
1403638195995097088.000000 1.801961660 6.160808563 2.027671576 -0.116371170 0.013960246 0.069966674 0.990639985
1403638196045096960.000000 1.797811627 6.132506847 2.023804903 -0.116181061 0.012933836 0.070191182 0.990660310
1403638196095097088.000000 1.798421621 6.106757641 2.018156528 -0.116413064 0.013870869 0.069704473 0.990654826
1403638196145096960.000000 1.801118255 6.082130432 2.013739824 -0.116941758 0.016964959 0.068677068 0.990616143
1403638196195097088.000000 1.809837699 6.053488731 2.010672569 -0.116950974 0.022711148 0.067929849 0.990551472
1403638196245096960.000000 1.818019509 6.028362274 2.007274628 -0.117445685 0.028338067 0.066954918 0.990414381
1403638196295097088.000000 1.827261448 6.003418446 2.006090641 -0.117621459 0.032009926 0.066619985 0.990304232
1403638196345096960.000000 1.835681438 5.978899479 2.004374504 -0.118419498 0.035329375 0.065016747 0.990202785
1403638196395097088.000000 1.842344999 5.955757141 2.005209684 -0.117601722 0.034982476 0.066931970 0.990184963
1403638196445096960.000000 1.847643971 5.931820393 2.008042097 -0.117775552 0.034810372 0.067103975 0.990158737
1403638196495097088.000000 1.850413442 5.902369499 1.998953104 -0.117682099 0.033883184 0.067788921 0.990155339
1403638196545096960.000000 1.852249384 5.874345303 1.998656392 -0.117386423 0.031953640 0.069591299 0.990129530
1403638196595097088.000000 1.853832483 5.848225594 2.000092506 -0.117147461 0.027648147 0.070628151 0.990213990
1403638196645096960.000000 1.852532864 5.823356152 2.001371384 -0.117208473 0.021096202 0.071514659 0.990304410
1403638196695097088.000000 1.854867458 5.793076992 2.008083344 -0.116547115 0.015769798 0.073748529 0.990317822
1403638196745096960.000000 1.854337454 5.768238544 2.010173798 -0.116600290 0.012539859 0.074298956 0.990316510
1403638196795097088.000000 1.854374766 5.743996143 2.019229174 -0.117114052 0.011384814 0.073754787 0.990310550
1403638196845096960.000000 1.854742646 5.722107887 2.033243179 -0.116835125 0.011298048 0.074558645 0.990284324
1403638196895097088.000000 1.862894177 5.697496414 2.050428867 -0.117890894 0.016068192 0.073195182 0.990194976
1403638196945096960.000000 1.863621116 5.678682804 2.053964138 -0.117887452 0.020068409 0.072903581 0.990143895
1403638196995097088.000000 1.860733509 5.661321640 2.049353838 -0.118293718 0.025550479 0.071927905 0.990040481
1403638197045096960.000000 1.877848983 5.633698463 2.068879604 -0.118556008 0.029619874 0.071767636 0.989907384
1403638197095097088.000000 1.879665375 5.616370201 2.063830853 -0.119052202 0.032058451 0.071098730 0.989820063
1403638197145096960.000000 1.893111587 5.596834183 2.073745251 -0.119540907 0.034150854 0.070187271 0.989756286
1403638197195097088.000000 1.919131279 5.571409225 2.095792770 -0.120488115 0.035019033 0.068100542 0.989756942
1403638197245096960.000000 1.936981320 5.549331188 2.104121685 -0.121252507 0.036879066 0.065918438 0.989743650
1403638197295097088.000000 1.959511399 5.525111675 2.110282898 -0.123739377 0.040420663 0.060237229 0.989659667
1403638197345096960.000000 1.980487823 5.499062061 2.107641459 -0.126066938 0.043598678 0.054823544 0.989545703
1403638197395097088.000000 2.008902311 5.468093395 2.109458208 -0.127721593 0.046281617 0.050894488 0.989421606
1403638197445096960.000000 2.016142368 5.443963528 2.089800119 -0.129213989 0.048446577 0.048185963 0.989259779
1403638197495097088.000000 2.040751219 5.412118435 2.086596966 -0.129359767 0.050138928 0.047414463 0.989193678
1403638197545096960.000000 2.084031105 5.368751049 2.096371412 -0.128585890 0.052149594 0.048934672 0.989116549
1403638197595097088.000000 2.111520767 5.332793236 2.090271473 -0.128671512 0.052752282 0.048674800 0.989086330
1403638197645096960.000000 2.139712572 5.298701763 2.076234579 -0.128808141 0.053603485 0.048351221 0.989038587
1403638197695097088.000000 2.157942772 5.273704052 2.052685261 -0.128688842 0.052945424 0.048659805 0.989074409
1403638197745096960.000000 2.183002234 5.240765572 2.042823792 -0.128544465 0.052378684 0.048217207 0.989145100
1403638197795097088.000000 2.219361305 5.206370354 2.049306393 -0.128174141 0.053090125 0.049270228 0.989103317
1403638197845096960.000000 2.245796442 5.173370361 2.045363188 -0.126944244 0.055477895 0.051616386 0.989011168
1403638197895097088.000000 2.257179260 5.146231174 2.030704021 -0.125668868 0.058885586 0.054328587 0.988831758
1403638197945096960.000000 2.277303934 5.118000984 2.030341864 -0.124690764 0.066383839 0.055901363 0.988392949
1403638197995097088.000000 2.290912390 5.088018417 2.028408527 -0.124172509 0.074598044 0.056998372 0.987809539
1403638198045096960.000000 2.311210394 5.054969788 2.039495945 -0.123660319 0.079689138 0.058172099 0.987407684
1403638198095097088.000000 2.308452129 5.026721001 2.029753685 -0.123394184 0.078823552 0.058637086 0.987482905
1403638198145096960.000000 2.317961216 4.989588261 2.043313742 -0.122613922 0.076754823 0.060680561 0.987619579
1403638198195097088.000000 2.302333355 4.958929539 2.033482313 -0.122201942 0.073665902 0.061688803 0.987843454
1403638198245096960.000000 2.295053720 4.927764893 2.035545826 -0.122259989 0.070376582 0.061880235 0.988064051
1403638198295097088.000000 2.283704281 4.892115593 2.036655426 -0.122526526 0.068029463 0.061275054 0.988233149
1403638198345096960.000000 2.269015551 4.857646465 2.038802385 -0.122686811 0.066467330 0.060638372 0.988358736
1403638198395097088.000000 2.253106117 4.827070236 2.044398785 -0.123302914 0.061974104 0.058846660 0.988682270
1403638198445096960.000000 2.236279488 4.796438694 2.054238796 -0.124735758 0.058621734 0.055416752 0.988905251
1403638198495097088.000000 2.233421564 4.756344795 2.074508667 -0.126142144 0.057560597 0.051862843 0.988981962
1403638198545096960.000000 2.201981306 4.731037140 2.056222439 -0.128140301 0.054811887 0.046019681 0.989170372
1403638198595097088.000000 2.182575941 4.700149536 2.060506821 -0.132250994 0.055036563 0.036558069 0.989011705
1403638198645096960.000000 2.160625219 4.664243221 2.062797308 -0.136470899 0.056587763 0.026402222 0.988674104
1403638198695097088.000000 2.144074678 4.630559921 2.061886787 -0.140145570 0.057967860 0.016875634 0.988288581
1403638198745096960.000000 2.127924681 4.592841625 2.059744835 -0.143588439 0.059621703 0.007858132 0.987808645
1403638198795097088.000000 2.124749184 4.547866344 2.068285704 -0.145597279 0.062415835 0.002331269 0.987370372
1403638198845096960.000000 2.115474701 4.501270294 2.067516327 -0.146292999 0.063679762 -0.000801213 0.987189353
1403638198895097088.000000 2.089274645 4.462073326 2.041804075 -0.146534607 0.063473865 -0.001336225 0.987166107
1403638198945096960.000000 2.081132174 4.412130356 2.032275200 -0.146158084 0.062354907 -0.000766969 0.987293899
1403638198995097088.000000 2.086648703 4.352355957 2.037324429 -0.145337194 0.061655961 0.001222040 0.987458408
1403638199045096960.000000 2.043416262 4.405040741 1.999393225 0.141654342 -0.059821825 -0.000315452 -0.988106966
1403638199095097088.000000 2.039725304 4.347557545 1.988823533 0.140870556 -0.058990199 -0.002607276 -0.988265574
1403638199145096960.000000 2.036955118 4.289838314 1.978895545 0.140773743 -0.059560325 -0.003791878 -0.988241374
1403638199195097088.000000 2.036957264 4.225437164 1.967660546 0.139996886 -0.060585748 -0.006244503 -0.988276958
1403638199245096960.000000 2.040150166 4.159471035 1.955566287 0.139091894 -0.063144833 -0.008522955 -0.988227487
1403638199295097088.000000 2.045392036 4.093391418 1.947268128 0.138980165 -0.066458970 -0.008771333 -0.988023698
1403638199345096960.000000 2.050370216 4.028266430 1.938818216 0.138842627 -0.068181798 -0.009647641 -0.987917542
1403638199395097088.000000 2.054857731 3.960037708 1.935016632 0.140326485 -0.068489254 -0.006783790 -0.987710357
1403638199445096960.000000 2.064383030 3.889911175 1.922577500 0.141480982 -0.067155100 -0.004712899 -0.987649381
1403638199495097088.000000 2.073672056 3.823286295 1.915063143 0.143050194 -0.064366095 -0.002586053 -0.987616837
1403638199545096960.000000 2.086915255 3.747169733 1.903074622 0.143630847 -0.060371246 0.000415574 -0.987788081
1403638199595097088.000000 2.097814083 3.673340321 1.887507796 0.141615704 -0.058445472 0.001575641 -0.988193691
1403638199645096960.000000 2.111474037 3.597893000 1.876356602 0.137673244 -0.057145286 0.002422780 -0.988824964
1403638199695097088.000000 2.126458645 3.521553516 1.871623635 0.131350756 -0.057462435 0.000260111 -0.989669204
1403638199745096960.000000 2.139291286 3.437908888 1.860305905 0.124191098 -0.056958675 -0.004234447 -0.990613163
1403638199795097088.000000 2.148367882 3.350200415 1.843581557 0.116459966 -0.054918759 -0.012154993 -0.991601408
1403638199845096960.000000 2.158920288 3.264912605 1.836951494 0.110145502 -0.053515222 -0.017544653 -0.992318690
1403638199895097088.000000 2.168649435 3.177544355 1.827190638 0.104455248 -0.052248251 -0.022121534 -0.992909849
1403638199945096960.000000 2.173094273 3.087459326 1.815634370 0.100072578 -0.051206928 -0.025117353 -0.993344128
1403638199995097088.000000 2.178352594 2.999635458 1.811094046 0.095897727 -0.051293649 -0.026076464 -0.993726671
1403638200045096960.000000 2.182919264 2.908851147 1.813709736 0.090945758 -0.051307317 -0.026151642 -0.994189382
1403638200095097088.000000 2.182090759 2.815450430 1.815002203 0.086851485 -0.050789297 -0.021555496 -0.994692206
1403638200145096960.000000 2.183486223 2.724278688 1.815446973 0.081989102 -0.052350570 -0.015309554 -0.995139658
1403638200195097088.000000 2.187744856 2.635119677 1.813538551 0.076827995 -0.056251723 -0.008105679 -0.995423317
1403638200245096960.000000 2.192160606 2.546867132 1.811405778 0.069158822 -0.062071711 -0.004162516 -0.995664060
1403638200295097088.000000 2.196652174 2.455647469 1.810533881 0.061541677 -0.066500507 0.001036019 -0.995886147
1403638200345096960.000000 2.202979565 2.363726854 1.801583409 0.052692804 -0.070786022 0.004144515 -0.996090174
1403638200395097088.000000 2.209261894 2.271694660 1.794290423 0.045280326 -0.074197404 0.009564316 -0.996169150
1403638200445096960.000000 2.214670897 2.182973146 1.800388336 0.039497934 -0.073732965 0.016829306 -0.996353507
1403638200495097088.000000 2.223809958 2.092394114 1.795005560 0.035093796 -0.073901623 0.023965864 -0.996359706
1403638200545096960.000000 2.235494852 1.998619080 1.786601543 0.030435095 -0.073171280 0.030570809 -0.996386051
1403638200595097088.000000 2.246133566 1.903789163 1.779045224 0.024667663 -0.071969718 0.035799600 -0.996458948
1403638200645096960.000000 2.258070469 1.807008624 1.772490382 0.019231580 -0.072053559 0.043313783 -0.996274233
1403638200695097088.000000 2.270849466 1.709439874 1.764156818 0.014103327 -0.071494378 0.051372267 -0.996017337
1403638200745096960.000000 2.283232212 1.610312700 1.755919814 0.008754903 -0.069253914 0.056021310 -0.995986462
1403638200795097088.000000 2.294143200 1.509695053 1.747774959 0.003836015 -0.066742167 0.059250191 -0.996002138
1403638200845096960.000000 2.303494930 1.407446146 1.740214944 -0.000490410 -0.064368993 0.060645305 -0.996081591
1403638200895097088.000000 2.303962231 1.302863240 1.730582595 -0.004913540 -0.061802432 0.059368514 -0.996309042
1403638200945096960.000000 2.308767080 1.197335005 1.725174189 -0.010854944 -0.060951192 0.052676249 -0.996690750
1403638200995097088.000000 2.311854362 1.090634108 1.720945358 -0.015834015 -0.060819965 0.046286587 -0.996949255
1403638201045096960.000000 2.312781334 0.983215153 1.717863441 -0.020543549 -0.060806740 0.039194994 -0.997168183
1403638201095097088.000000 2.311364174 0.875536323 1.716100693 -0.023169583 -0.061207566 0.035174631 -0.997236013
1403638201145096960.000000 2.307688236 0.767575800 1.715801477 -0.024826676 -0.059987985 0.032253381 -0.997368932
1403638201195097088.000000 2.302548170 0.659818411 1.716604471 -0.025816701 -0.061180204 0.028913338 -0.997373879
1403638201245096960.000000 2.295169592 0.552266002 1.718828082 -0.026738530 -0.062481593 0.025318787 -0.997366607
1403638201295097088.000000 2.285926819 0.445139259 1.722345233 -0.025879396 -0.061390474 0.025049029 -0.997463822
1403638201345096960.000000 2.274896383 0.338201225 1.727197528 -0.025101749 -0.060532853 0.025087576 -0.997535110
1403638201395097088.000000 2.262311935 0.231641829 1.733202934 -0.023532758 -0.060719427 0.026565766 -0.997523785
1403638201445096960.000000 2.247380733 0.125527620 1.740545154 -0.022631403 -0.061559681 0.025792817 -0.997513413
1403638201495097088.000000 2.230652571 0.019591771 1.749607325 -0.021876238 -0.062496640 0.024873130 -0.997495353
1403638201545096960.000000 2.211740017 -0.086059600 1.759865999 -0.020522404 -0.063778736 0.025509311 -0.997426927
1403638201595097088.000000 2.191416502 -0.191336066 1.771214247 -0.018834112 -0.065060467 0.026328260 -0.997356117
1403638201645096960.000000 2.168828964 -0.296363115 1.783705473 -0.018567013 -0.066760696 0.025257794 -0.997276485
1403638201695097088.000000 2.143458128 -0.401127696 1.797522187 -0.018013498 -0.067220718 0.024172297 -0.997282684
1403638201745096960.000000 2.115581512 -0.505489945 1.812500715 -0.017359802 -0.067200594 0.023462469 -0.997312546
1403638201795097088.000000 2.085523129 -0.609301090 1.828361988 -0.016022405 -0.067269437 0.024621794 -0.997302294
1403638201845096960.000000 2.053537369 -0.713106036 1.845322251 -0.017059842 -0.068323836 0.021490030 -0.997285843
1403638201895097088.000000 2.019920349 -0.816562951 1.862614155 -0.016638029 -0.066923380 0.022399589 -0.997367918
1403638201945096960.000000 1.985794187 -0.919952929 1.879341245 -0.018573916 -0.066467375 0.022752386 -0.997356296
1403638201995097088.000000 1.951866508 -1.023244262 1.895249724 -0.022270111 -0.066053554 0.024071902 -0.997277141
1403638202045096960.000000 1.917898178 -1.126031280 1.909711957 -0.026887655 -0.065735698 0.023823660 -0.997190297
1403638202095097088.000000 1.883480668 -1.228237748 1.923666477 -0.032370035 -0.063802712 0.020732021 -0.997222006
1403638202145096960.000000 1.850453615 -1.329832673 1.937384248 -0.037413433 -0.060023874 0.018388622 -0.997326076
1403638202195097088.000000 1.817868114 -1.430417418 1.950024724 -0.042059653 -0.057161059 0.015246550 -0.997362077
1403638202245096960.000000 1.785908818 -1.529647708 1.961657047 -0.045994353 -0.053105194 0.012938407 -0.997445285
1403638202295097088.000000 1.345942616 -0.699095964 1.192098498 -0.048895109 -0.049473792 0.011821100 -0.997507870
1403638202345096960.000000 1.296203971 -0.744382501 1.166575432 -0.052031912 -0.048694286 0.009491401 -0.997412443
1403638202395097088.000000 1.246121883 -0.786309600 1.141359687 -0.052777421 -0.046890169 0.011390420 -0.997439861
1403638202445096960.000000 1.194486141 -0.825800776 1.117292166 -0.054598283 -0.046343174 0.010733451 -0.997374654
1403638202495097088.000000 1.140408039 -0.862495363 1.094470263 -0.055426504 -0.045779027 0.011180582 -0.997350156
1403638202545096960.000000 1.083971024 -0.896444321 1.072961092 -0.056975961 -0.044725623 0.009112668 -0.997331679
1403638202595097088.000000 1.025604367 -0.927198052 1.052827001 -0.058014624 -0.044131484 0.007458767 -0.997312009
1403638202645096960.000000 0.964920878 -0.954741001 1.033765316 -0.058220692 -0.042107094 0.007301133 -0.997388661
1403638202695097088.000000 0.902946115 -0.979219198 1.015895844 -0.058299933 -0.041884895 0.006770272 -0.997397065
1403638202745096960.000000 0.839429677 -1.000476599 0.999254882 -0.058032677 -0.042093974 0.007024879 -0.997402132
1403638202795097088.000000 0.774048328 -1.018400431 0.983460665 -0.057337262 -0.042990431 0.007696248 -0.997399211
1403638202845096960.000000 0.707736433 -1.033353686 0.968321562 -0.056886412 -0.044269767 0.008019716 -0.997366488
1403638202895097088.000000 0.640535951 -1.045278668 0.953906894 -0.056175441 -0.045574743 0.008835598 -0.997341096
1403638202945096960.000000 0.572558045 -1.054268360 0.939172506 -0.056155987 -0.045686573 0.007583913 -0.997347414
1403638202995097088.000000 0.504915774 -1.060261011 0.923997760 -0.056256872 -0.046795502 0.006804635 -0.997295916
1403638203045096960.000000 0.437354296 -1.063103914 0.908781469 -0.056443155 -0.047861785 0.005707114 -0.997241676
1403638203095097088.000000 0.370547503 -1.062718153 0.892485380 -0.056277696 -0.048020869 0.005863685 -0.997242451
1403638203145096960.000000 0.305605739 -1.059098363 0.875183344 -0.055332787 -0.049855810 0.007003146 -0.997197986
1403638203195097088.000000 0.241520315 -1.052428722 0.857032835 -0.054455053 -0.053286530 0.008798600 -0.997054577
1403638203245096960.000000 0.177723154 -1.042715907 0.837814331 -0.053705126 -0.056101508 0.010327788 -0.996926129
1403638203295097088.000000 0.114548206 -1.030121207 0.817821205 -0.054278955 -0.058522455 0.009057117 -0.996768296
1403638203345096960.000000 0.050577022 -1.014543176 0.796971202 -0.054554556 -0.058804676 0.008173961 -0.996744275
1403638203395097088.000000 0.324486047 0.153488874 -0.225301042 -0.056094702 -0.061010282 0.006404669 -0.996539116
1403638203445096960.000000 0.314000726 0.111391835 -0.252949506 0.053606067 0.063248098 -0.002619682 0.996553719
1403638203495097088.000000 0.212695137 0.155463949 -0.362442702 0.053708445 0.062238596 -0.001974832 0.996613204
1403638203545096960.000000 -0.161716342 0.371880233 -0.673481166 -0.058655310 -0.061041426 0.004872816 -0.996398389
1403638203595097088.000000 -0.231665924 0.462644249 -0.753154933 -0.059433326 -0.060492795 0.002740259 -0.996393979
1403638203645096960.000000 -0.301805705 0.558189213 -0.834808171 -0.059155859 -0.058214974 0.003644806 -0.996543229
1403638203695097088.000000 -0.371269256 0.658503830 -0.919041514 -0.059706159 -0.058532696 0.002633205 -0.996495008
1403638203745096960.000000 -0.439806879 0.763779104 -1.006018281 -0.059687443 -0.059127457 0.002618350 -0.996461034
1403638203795097088.000000 -0.507746279 0.873970509 -1.095357537 -0.059002489 -0.059180558 0.004369997 -0.996492565
1403638203845096960.000000 -0.575151801 0.988839388 -1.186669946 -0.059471507 -0.059539333 0.004171890 -0.996444166
1403638203895097088.000000 -0.642113328 1.108572960 -1.280721545 -0.059275806 -0.060206413 0.005317155 -0.996410251
1403638203945096960.000000 -0.709212363 1.233004332 -1.376860142 -0.059979402 -0.059173163 0.005076281 -0.996431231
1403638203995097088.000000 -0.775623202 1.362101793 -1.475366235 -0.060709827 -0.059208162 0.004693204 -0.996386826
1403638204045096960.000000 -0.841918886 1.495678902 -1.576464415 -0.061756086 -0.056989707 0.004063597 -0.996454716
1403638204095097088.000000 -0.907300651 1.633897662 -1.680433631 -0.062218964 -0.055282038 0.004323564 -0.996520996
1403638204145096960.000000 -0.971922398 1.776614904 -1.786314726 -0.063813746 -0.052468594 0.002522647 -0.996578455
1403638204195097088.000000 -1.035488129 1.924134254 -1.894326448 -0.065278493 -0.050063558 -0.000342642 -0.996610403
1403638204245096960.000000 -1.098414183 2.076370716 -2.003910542 -0.066975862 -0.046744399 -0.003858915 -0.996651590
1403638204295097088.000000 -1.160875559 2.233399630 -2.114605665 -0.069407724 -0.042282939 -0.009583977 -0.996645808
1403638204345096960.000000 -1.223657727 2.395589352 -2.226222515 -0.071961537 -0.037366778 -0.016547538 -0.996569872
1403638204395097088.000000 -1.286331654 2.563420296 -2.338289738 -0.073617607 -0.032241829 -0.021413807 -0.996535182
1403638204445096960.000000 -1.349626303 2.736927748 -2.450518370 -0.074461833 -0.029773310 -0.025160205 -0.996461809
1403638204495097088.000000 -1.414196610 2.916174889 -2.562424898 -0.074657120 -0.028632844 -0.027082039 -0.996430218
1403638204545096960.000000 -1.480271816 3.101057291 -2.674117804 -0.074667946 -0.029099859 -0.028351367 -0.996380568
1403638204595097088.000000 -1.547637224 3.291262388 -2.785105944 -0.075932063 -0.031636391 -0.028855247 -0.996193171
1403638204645096960.000000 -1.617547154 3.486938715 -2.895519495 -0.077717222 -0.032186273 -0.027174708 -0.996085227
1403638204695097088.000000 -1.689539313 3.687989235 -3.005597591 -0.080189772 -0.033022780 -0.022765687 -0.995972335
1403638204745096960.000000 -1.763546228 3.894486666 -3.115417242 -0.083288215 -0.033813678 -0.015708650 -0.995827854
1403638204795097088.000000 -1.839419603 4.105983257 -3.224853754 -0.087364882 -0.034917489 -0.007159261 -0.995538533
1403638204845096960.000000 -1.917192817 4.322260380 -3.334380865 -0.092093877 -0.037820905 0.004538603 -0.995021522
1403638204895097088.000000 -1.996982694 4.542688370 -3.443699360 -0.098839164 -0.041664362 0.016888356 -0.994087338
1403638204945096960.000000 -2.079261065 4.766821384 -3.553066492 -0.108595170 -0.043385085 0.027611490 -0.992754996
1403638204995097088.000000 -2.163236856 4.994306087 -3.662814140 -0.120524950 -0.045166612 0.037883677 -0.990958452
1403638205045096960.000000 -2.248447418 5.225095272 -3.772464037 -0.134393543 -0.047241844 0.048883248 -0.988593459
1403638205095097088.000000 -3.112768888 7.101006508 -3.236395836 -0.147390917 -0.049320213 0.054826409 -0.986325324
1403638205145096960.000000 -3.061715841 7.365398407 -3.540814877 -0.167539462 -0.048887514 0.062117640 -0.982691228
1403638205195097088.000000 -3.178455591 7.685788155 -3.638754845 -0.188435972 -0.050941434 0.070644066 -0.978215933
1403638205245096960.000000 -3.294412374 8.011495590 -3.737449884 -0.209835261 -0.051995073 0.080676295 -0.973014414
1403638205295097088.000000 -3.406973839 8.342173576 -3.840833426 -0.232076198 -0.054465957 0.089671440 -0.967022836
1403638205345096960.000000 -3.519887924 8.678411484 -3.941290855 0.254551262 0.056856729 -0.097999334 0.960399508
1403638205395097088.000000 -3.669030666 9.157536507 -4.168827057 0.276364654 0.060090311 -0.107660986 0.953111172
1403638205445096960.000000 -3.780586481 9.512239456 -4.273681164 0.295763463 0.063673757 -0.116725698 0.945962369
