1403636967251666432.000000 0.399806976 0.163803235 3.562720060 0.047782402 0.816331744 -0.042686630 0.574018419
1403636967501666560.000000 0.313886166 0.076527968 3.605769157 0.044758711 0.816326082 -0.044059779 0.574166477
1403636976701666560.000000 -0.046508733 0.065386541 0.045240607 -0.071382709 0.000318665 -0.006292088 0.997429132
1403636976751666432.000000 -0.056411207 0.069515795 0.050268963 -0.077851318 0.000746463 -0.006085847 0.996946156
1403636976801666560.000000 -0.063947298 0.079002574 0.049869210 -0.082168914 -0.001025703 -0.004555450 0.996607482
1403636976851666432.000000 -0.073654801 0.086409859 0.054891765 -0.085023277 -0.005392687 -0.002003445 0.996362388
1403636976901666560.000000 -0.079754703 0.094298951 0.057853546 -0.086614832 -0.008662634 0.000748199 0.996203959
1403636976951666432.000000 -0.080323488 0.094630465 0.057159998 -0.088606775 -0.012565815 0.003497565 0.995981276
1403636977001666560.000000 -0.125243187 0.140657365 0.099246100 -0.088311478 -0.012980049 0.005219127 0.995994687
1403636977051666432.000000 -0.080305487 0.094684891 0.056808200 -0.090526052 -0.016126290 0.004804143 0.995751917
1403636977101666560.000000 -0.085104927 0.103366368 0.066926137 -0.089777097 -0.016659332 0.006199009 0.995803297
1403636977151666432.000000 -0.055312373 0.110734202 0.038048055 -0.084885754 -0.020250788 0.009088619 0.996143401
1403636977201666560.000000 -0.059551682 0.117647998 0.040897578 -0.083663538 -0.020588322 0.009712372 0.996234059
1403636977251666432.000000 -0.136404544 0.209094062 0.141333267 -0.084418878 -0.018349970 0.009515835 0.996215940
1403636977301666560.000000 -0.053174451 0.124089442 0.054527018 -0.082163706 -0.021656705 0.007977234 0.996351600
1403636977351666432.000000 -0.130587190 0.222138464 0.151662529 -0.081711806 -0.015667530 0.007364537 0.996505678
1403636977401666560.000000 -0.131592751 0.227885693 0.161304578 -0.081168316 -0.012589018 0.004822867 0.996609271
1403636977451666432.000000 -0.052613523 0.147476122 0.074580379 -0.078684270 -0.010785237 0.001285024 0.996840417
1403636977501666560.000000 -0.131704181 0.290373683 0.191281289 -0.077832721 -0.004800007 0.000248968 0.996954858
1403636977551666432.000000 -0.133307517 0.299274683 0.196743533 -0.077022590 -0.000764102 -0.001404701 0.997028053
1403636977601666560.000000 -0.134761348 0.308988899 0.201491952 -0.075550854 0.001345464 -0.001582309 0.997139812
1403636977651666432.000000 -0.057917591 0.182819709 0.092864670 -0.074589752 0.000837475 -0.004743453 0.997202694
1403636977701666560.000000 -0.062050447 0.192457780 0.101232179 -0.074693978 0.001106588 -0.003461223 0.997199893
1403636977751666432.000000 -0.162458226 0.377890319 0.248107746 -0.076351754 0.002163763 0.000846887 0.997078240
1403636977801666560.000000 -0.167240798 0.387676269 0.256064951 -0.076584466 0.000493138 0.006067464 0.997044563
1403636977851666432.000000 -0.171914831 0.398896843 0.262891501 -0.077265911 -0.002092201 0.009938693 0.996958792
1403636977901666560.000000 -0.177823126 0.407305211 0.267947733 -0.079029962 -0.001931657 0.012083199 0.996797204
1403636977951666432.000000 -0.183112651 0.420524448 0.271454096 -0.080360487 -0.000165505 0.011288448 0.996702015
1403636978001666560.000000 -0.203476101 0.485739321 0.311223865 -0.083027445 0.000529889 0.009691344 0.996500015
1403636978051666432.000000 -0.186570555 0.444035858 0.283836424 -0.085410737 0.001841824 0.006710270 0.996321559
1403636978101666560.000000 -0.189981937 0.451228112 0.287779629 -0.087711945 0.002208828 0.004065556 0.996135175
1403636978151666432.000000 -0.208650857 0.521161437 0.326508880 -0.088761017 0.000638750 0.003224666 0.996047556
1403636978201666560.000000 -0.207899451 0.526870549 0.325429171 -0.090883642 -0.000959580 0.001477056 0.995859981
1403636978251666432.000000 -0.207607701 0.597000182 0.351545334 -0.092239968 -0.003753734 0.000248390 0.995729744
1403636978301666560.000000 -0.206028476 0.604198217 0.352675855 -0.093843542 -0.005081483 -0.001574019 0.995572805
1403636978351666432.000000 -0.204053283 0.619263589 0.358669579 -0.094398417 -0.007630129 -0.001388607 0.995504320
1403636978401666560.000000 -0.199731946 0.625641406 0.356999606 -0.095399596 -0.010656911 -0.002114070 0.995379806
1403636978451666432.000000 -0.195845276 0.628848076 0.359913290 -0.098200046 -0.015264227 -0.003973652 0.995041728
1403636978501666560.000000 -0.171412438 0.697921455 0.369928479 -0.097010411 -0.020757001 -0.002966463 0.995062470
1403636978551666432.000000 -0.166536927 0.707701445 0.373765916 -0.098167069 -0.025940925 -0.003282099 0.994826436
1403636978601666560.000000 -0.163373441 0.721555591 0.376634359 -0.098199330 -0.031078245 -0.002024982 0.994679332
1403636978651666432.000000 -0.159728810 0.732746542 0.378748596 -0.098724343 -0.034735404 -0.001655215 0.994507015
1403636978701666560.000000 -0.156553864 0.739184022 0.383344382 -0.099857561 -0.037447732 -0.001950110 0.994294941
1403636978751666432.000000 -0.140328795 0.803397834 0.418439120 -0.100655839 -0.039846860 -0.001961088 0.994121194
1403636978801666560.000000 -0.138815865 0.811969817 0.426486313 0.101135686 0.041355215 0.002095975 -0.994010568
1403636978851666432.000000 -0.131071717 0.843386889 0.448714256 -0.101074196 -0.039594181 -0.002250279 0.994088173
1403636978901666560.000000 -0.128225371 0.861498058 0.464151174 -0.101017706 -0.035259746 -0.002226759 0.994257152
1403636978951666432.000000 -0.125665843 0.879630744 0.481468797 -0.101094410 -0.029478107 -0.003487234 0.994433939
1403636979001666560.000000 -0.117827058 0.903776884 0.508105159 -0.101392604 -0.020421058 -0.004828198 0.994625151
1403636979051666432.000000 -0.117464520 0.922010899 0.527872384 -0.101412296 -0.012271969 -0.005856936 0.994751573
1403636979101666560.000000 -0.110451132 0.900759935 0.511121154 -0.098959081 -0.005776607 -0.006833046 0.995051265
1403636979151666432.000000 -0.113994323 0.918743610 0.532994866 -0.098760888 -0.001086478 -0.007441798 0.995082796
1403636979201666560.000000 -0.116286233 0.938955843 0.557453036 -0.098727778 -0.000378099 -0.007454335 0.995086551
1403636979251666432.000000 -0.125913307 0.954635680 0.578675389 0.098242737 0.004320055 0.006937821 -0.995128989
1403636979301666560.000000 -0.129050091 0.973107278 0.602321267 -0.098624438 -0.009590078 -0.007095924 0.995053232
1403636979351666432.000000 -0.128709882 1.033198118 0.673684776 -0.101153120 -0.015680425 -0.006446082 0.994726479
1403636979401666560.000000 -0.131799966 1.048585892 0.696534336 -0.101353914 -0.020860447 -0.007012942 0.994607031
1403636979451666432.000000 -0.132113248 1.064209700 0.719770908 0.101318993 0.025415508 0.006127969 -0.994510472
1403636979501666560.000000 -0.123294726 1.079580069 0.746376216 -0.100984514 -0.028757183 -0.004908971 0.994460225
1403636979551666432.000000 -0.128306195 1.092758298 0.764849782 0.101261191 0.031601850 0.005164118 -0.994344413
1403636979601666560.000000 -0.115850545 1.107235670 0.792146564 -0.101392157 -0.032426596 -0.004402833 0.994308174
1403636979651666432.000000 -0.100066759 1.066280246 0.761888921 -0.099358343 -0.033479493 -0.003919074 0.994480610
1403636979701666560.000000 -0.092091627 1.079790711 0.787084579 -0.101081811 -0.034315120 -0.006263164 0.994266391
1403636979751666432.000000 -0.081806146 1.092594743 0.813433290 0.101771735 0.035198145 0.005853328 -0.994167686
1403636979801666560.000000 -0.062820703 1.160348535 0.901510656 -0.105315596 -0.032766338 -0.005896613 0.993881404
1403636979851666432.000000 -0.049046818 1.172655463 0.929565549 -0.106636114 -0.027671238 -0.006997960 0.993888438
1403636979901666560.000000 -0.034910116 1.184364915 0.958736241 -0.107177779 -0.023197094 -0.006151103 0.993950188
1403636979951666432.000000 -0.016455811 1.141086578 0.922554135 -0.105554059 -0.018433886 -0.007656785 0.994213223
1403636980001666560.000000 -0.004063499 1.151656389 0.953623891 -0.106705531 -0.016073385 -0.008164554 0.994127274
1403636980051666432.000000 0.006917273 1.161886811 0.985101879 -0.107864186 -0.014347499 -0.008724817 0.994023860
1403636980101666560.000000 0.021809727 1.167967439 1.014396429 -0.108826429 -0.013044014 -0.008480035 0.993939042
1403636980151666432.000000 0.030689966 1.177416325 1.046620607 -0.109385341 -0.011549707 -0.007860274 0.993901253
1403636980201666560.000000 0.038310125 1.186419964 1.079536676 -0.109958686 -0.010970866 -0.007210979 0.993849516
1403636980251666432.000000 0.053938787 1.254069686 1.190723896 -0.113302164 -0.010588877 -0.005610011 0.993488371
1403636980301666560.000000 0.059823263 1.262528539 1.224175334 -0.113366075 -0.007403057 -0.004058698 0.993517518
1403636980351666432.000000 0.064618446 1.270662427 1.257669568 -0.113463998 -0.003967431 -0.004005373 0.993526161
1403636980401666560.000000 0.069172248 1.277825594 1.290438771 0.112581119 -0.000010478 0.001728287 -0.993641078
1403636980451666432.000000 0.073861599 1.284022927 1.328081846 -0.112566479 0.003116462 -0.001439591 0.993638277
1403636980501666560.000000 0.075193167 1.290989161 1.361642122 -0.111493893 0.006037892 0.001044740 0.993746281
1403636980551666432.000000 0.075499699 1.297662377 1.394672155 -0.110162213 0.007743921 0.002944044 0.993879139
1403636980601666560.000000 0.075411044 1.304051995 1.426939130 -0.108636856 0.009730592 0.005649439 0.994017839
1403636980651666432.000000 0.078592092 1.310467124 1.468305588 -0.107545495 0.010904561 0.007667656 0.994110823
1403636980701666560.000000 0.081256568 1.317123532 1.499207854 -0.107301310 0.011420540 0.006126680 0.994142115
1403636980751666432.000000 0.085426942 1.323924780 1.529257536 -0.107027479 0.009757338 0.005367203 0.994193733
1403636980801666560.000000 0.091506951 1.330740452 1.558451653 -0.107959963 0.006645030 0.001148590 0.994132400
1403636980851666432.000000 0.097751983 1.335389614 1.591264009 -0.108072162 0.002379660 -0.001328885 0.994139373
1403636980901666560.000000 0.107671596 1.342042208 1.619566202 -0.108406052 -0.001903260 -0.003589425 0.994098485
1403636980951666432.000000 0.118730068 1.348333359 1.647039056 -0.108868249 -0.004831086 -0.006773370 0.994021416
1403636981001666560.000000 0.129749611 1.354167223 1.674664855 -0.108682208 -0.006618630 -0.007885305 0.994023263
1403636981051666432.000000 0.136450335 1.356455207 1.696454883 -0.108618967 -0.006857335 -0.008554833 0.994023025
1403636981101666560.000000 0.145757005 1.361185193 1.725048542 -0.107926063 -0.005202388 -0.007201919 0.994119287
1403636981151666432.000000 0.153393567 1.365416765 1.753856063 -0.106787622 -0.004016574 -0.004119672 0.994265199
1403636981201666560.000000 0.159895614 1.366827607 1.796687603 -0.105925933 -0.002164566 0.000479593 0.994371593
1403636981251666432.000000 0.165219769 1.370463967 1.825810313 -0.104095548 0.000441583 0.007438366 0.994539440
1403636981301666560.000000 0.169693172 1.374378562 1.854881883 -0.102123350 0.003708349 0.014407663 0.994660497
1403636981351666432.000000 0.170763656 1.374481082 1.877804995 -0.100639105 0.006470917 0.020708630 0.994686425
1403636981401666560.000000 0.172541320 1.379723668 1.906108618 -0.100461632 0.007291541 0.023389140 0.994639337
1403636981451666432.000000 0.172992036 1.386032581 1.933867574 -0.102242433 0.006323082 0.021197475 0.994513571
1403636981501666560.000000 0.174150676 1.393252730 1.975156546 -0.105328113 0.004241878 0.016775342 0.994287014
1403636981551666432.000000 0.172312632 1.399884343 1.985564351 0.108855337 -0.001428246 -0.010039510 -0.994005919
1403636981601666560.000000 0.175622508 1.408524871 2.025825024 -0.112616301 -0.002845008 0.003662551 0.993627787
1403636981651666432.000000 0.179068774 1.416156411 2.050359964 -0.115854569 -0.006269091 -0.001416693 0.993245423
1403636981701666560.000000 0.183341905 1.422674775 2.071990013 0.118297301 0.008985511 0.004406647 -0.992927790
1403636981751666432.000000 0.190053686 1.428987026 2.094434977 0.120609336 0.010920237 0.006589421 -0.992618144
1403636981801666560.000000 0.196830004 1.435494781 2.101925850 0.121933408 0.014633880 0.007307199 -0.992403507
1403636981851666432.000000 0.207450852 1.440323591 2.124171495 0.123505689 0.018662864 0.007619722 -0.992139101
1403636981901666560.000000 0.225603372 1.441208959 2.180474520 -0.125518754 -0.023098454 -0.007310626 0.991795421
1403636981951666432.000000 0.240071863 1.444392323 2.206890583 -0.126393557 -0.028634440 -0.005323320 0.991552591
1403636982001666560.000000 0.254618436 1.447266698 2.234448195 -0.126881078 -0.033780672 -0.003539111 0.991336286
1403636982051666432.000000 0.268835306 1.448458314 2.257016182 0.127079785 0.038901754 0.000704574 -0.991129160
1403636982101666560.000000 0.281503052 1.451801658 2.289422274 -0.127161548 -0.043412339 0.001492856 0.990930438
1403636982151666432.000000 0.294580102 1.453601837 2.319709063 -0.126784280 -0.046246152 0.004272970 0.990842521
1403636982201666560.000000 0.307341874 1.455473781 2.351772785 -0.126326278 -0.047372371 0.007055102 0.990831912
1403636982251666432.000000 0.319493085 1.456910729 2.384772539 0.125019535 0.046246264 -0.010801165 -0.991017044
1403636982301666560.000000 0.332493097 1.461169958 2.426188707 -0.123617485 -0.043847244 0.014744232 0.991251171
1403636982351666432.000000 0.344284832 1.464238286 2.463505983 -0.122509554 -0.039189890 0.016812276 0.991550803
1403636982401666560.000000 0.356422275 1.468278408 2.502331972 -0.121458299 -0.032479569 0.018478999 0.991892934
1403636982451666432.000000 0.369656056 1.472726345 2.539026022 0.120446280 0.024043823 -0.018769627 -0.992251158
1403636982501666560.000000 0.388032675 1.480110049 2.586994886 -0.119012550 -0.016152462 0.019426551 0.992571294
1403636982551666432.000000 0.405820936 1.486800194 2.626919270 -0.118636891 -0.009837933 0.017560430 0.992733717
1403636982601666560.000000 0.424141705 1.494263530 2.666892290 -0.118121974 -0.007377041 0.016296929 0.992837965
1403636982651666432.000000 0.442551434 1.501969099 2.706179857 0.116851933 0.007698516 -0.016943451 -0.992974997
1403636982701666560.000000 0.467284143 1.511220455 2.751308203 -0.115688048 -0.008277247 0.017462438 0.993097603
1403636982751666432.000000 0.486464322 1.520545483 2.790366650 -0.115438893 -0.011597507 0.015768051 0.993121743
1403636982801666560.000000 0.505249262 1.530535817 2.829322815 -0.114722885 -0.014215522 0.014546633 0.993189335
1403636982851666432.000000 0.527881205 1.541658878 2.873257160 -0.114823349 -0.016839676 0.013314642 0.993153989
1403636982901666560.000000 0.543442190 1.553231120 2.912424564 -0.115341775 -0.019265657 0.010911251 0.993079066
1403636982951666432.000000 0.557882071 1.565135479 2.952463150 -0.115483299 -0.018677687 0.009057573 0.993092597
1403636983001666560.000000 0.570915639 1.577353358 2.993597507 -0.115738958 -0.017634610 0.007538273 0.993094563
1403636983051666432.000000 0.593284845 1.590367198 3.044765234 -0.115749314 -0.013879290 0.006189564 0.993162274
1403636983101666560.000000 0.603672266 1.602973461 3.087959290 -0.115885474 -0.010497592 0.005172789 0.993193626
1403636983151666432.000000 0.612721682 1.615850329 3.131670237 -0.116330929 -0.007730061 0.003345514 0.993174791
1403636983201666560.000000 0.620616615 1.628784060 3.175496101 -0.117255762 -0.006241420 0.000589487 0.993081987
1403636983251666432.000000 0.637792528 1.642952561 3.227179527 -0.117746204 -0.004721102 -0.001148423 0.993031859
1403636983301666560.000000 0.643568993 1.655718207 3.271765471 -0.118858106 -0.003579491 -0.003121130 0.992899954
1403636983351666432.000000 0.648242056 1.668149829 3.316233397 -0.119141161 -0.002659097 -0.003297390 0.992868364
1403636983401666560.000000 0.652155161 1.680452943 3.360405207 -0.120151758 -0.001704438 -0.005126183 0.992740870
1403636983451666432.000000 0.656965494 1.692378163 3.403249264 0.120434545 0.001224564 0.004564490 -0.992710054
1403636983501666560.000000 0.671908915 1.705972314 3.457628489 -0.120862551 -0.002284151 -0.004169804 0.992657900
1403636983551666432.000000 0.677568734 1.716490746 3.499155521 -0.121564008 -0.003856051 -0.004190010 0.992567301
1403636983601666560.000000 0.684456825 1.725912929 3.539392471 -0.122706205 -0.006140590 -0.004743915 0.992412686
1403636983651666432.000000 0.694902360 1.735217690 3.580653906 0.123531677 0.010365271 0.004279937 -0.992277265
1403636983701666560.000000 0.711724162 1.745624900 3.630315304 -0.124530941 -0.013362119 -0.004053412 0.992117524
1403636983751666432.000000 0.725642800 1.752886653 3.669285536 -0.125566617 -0.016551984 -0.004076474 0.991938770
1403636983801666560.000000 0.741538465 1.759477019 3.708135366 -0.126751304 -0.018684909 -0.004952628 0.991746247
1403636983851666432.000000 0.758727968 1.765244246 3.746217489 -0.127817020 -0.021563446 -0.004698043 0.991552293
1403636983901666560.000000 0.776669562 1.769314289 3.782391548 0.128404289 0.023435365 0.004468089 -0.991434932
1403636983951666432.000000 0.804710329 1.778741241 3.838268757 -0.129226819 -0.025093373 -0.003372400 0.991291821
1403636984001666560.000000 0.826292455 1.782269239 3.875890017 -0.129924893 -0.026456848 -0.002681242 0.991167188
1403636984051666432.000000 0.848830819 1.785260201 3.913945675 -0.130519167 -0.028221779 -0.001696601 0.991042614
1403636984101666560.000000 0.871460676 1.788018584 3.952771425 -0.131475002 -0.028648380 -0.001432530 0.990904450
1403636984151666432.000000 0.893340707 1.790010333 3.989513874 0.132160932 0.027047606 0.001577383 -0.990857959
1403636984201666560.000000 0.923850894 1.799818635 4.056269646 -0.133119330 -0.024429202 -0.001920093 0.990797102
1403636984251666432.000000 0.942930877 1.801421523 4.097023010 -0.133660048 -0.020213779 -0.001388799 0.990820169
1403636984301666560.000000 0.960181534 1.802799582 4.138946056 -0.134664029 -0.017108193 -0.002638530 0.990740120
1403636984351666432.000000 0.975560844 1.803903818 4.181476593 -0.135073796 -0.013995972 -0.001877513 0.990734994
1403636984401666560.000000 0.989103019 1.804685712 4.224937916 -0.135809109 -0.012341675 -0.002120558 0.990655899
1403636984451666432.000000 1.003324986 1.807080865 4.272490501 0.136453792 0.010166784 0.002930693 -0.990589976
1403636984501666560.000000 1.026498914 1.815984488 4.352249146 -0.137023598 -0.008234742 -0.002944682 0.990529239
1403636984551666432.000000 1.036452770 1.815451622 4.397319317 -0.137394711 -0.007510941 -0.003254664 0.990482569
1403636984601666560.000000 1.046627283 1.814171314 4.442019463 -0.137511238 -0.006633200 -0.003408342 0.990472198
1403636984651666432.000000 1.058725119 1.813049912 4.489804745 0.137421101 0.006403222 0.003538878 -0.990485728
1403636984701666560.000000 1.080298543 1.815515518 4.556501389 -0.137324810 -0.005824985 -0.004230925 0.990499973
1403636984751666432.000000 1.094314098 1.812054276 4.599981308 -0.136356935 -0.004789341 -0.002955736 0.990643799
1403636984801666560.000000 1.109127760 1.808064222 4.642831802 -0.135514259 -0.003917813 -0.001159182 0.990767002
1403636984851666432.000000 1.124320269 1.803445578 4.684702396 -0.134275362 -0.003758459 0.001590834 0.990935683
1403636984901666560.000000 1.149939656 1.804003835 4.750928402 -0.133027390 -0.003422798 0.004712100 0.991095304
1403636984951666432.000000 1.166838169 1.799062252 4.791224957 -0.132561877 -0.002416136 0.005935078 0.991154075
1403636985001666560.000000 1.184155703 1.793726802 4.829922676 -0.132316411 -0.002515426 0.006513678 0.991182983
1403636985051666432.000000 1.201871753 1.788511515 4.867946625 -0.132461950 -0.002758897 0.006641409 0.991162002
1403636985101666560.000000 1.218715668 1.784752131 4.907339096 0.133156583 0.003227410 -0.005125247 -0.991076529
1403636985151666432.000000 1.245550394 1.783170223 4.972948551 -0.134102196 -0.005099141 0.003503459 0.990948200
1403636985201666560.000000 1.257494450 1.778130651 5.011577606 -0.134836435 -0.004725048 0.002074338 0.990854502
1403636985251666432.000000 1.265624881 1.773019314 5.050586700 -0.135728046 -0.004413140 0.000721529 0.990736067
1403636985301666560.000000 1.270882726 1.767880678 5.090754509 -0.136355534 -0.004056279 -0.000052494 0.990651727
1403636985351666432.000000 1.276546240 1.762836456 5.133633137 0.135715529 0.004452554 0.001127389 -0.990737200
1403636985401666560.000000 1.288081169 1.762233973 5.194988251 -0.133664399 -0.004745676 -0.002934044 0.991010964
1403636985451666432.000000 1.294232726 1.754937768 5.235130310 -0.130480409 -0.006214225 -0.006380208 0.991410911
1403636985501666560.000000 1.302607298 1.746671915 5.274504185 -0.126085445 -0.006631722 -0.009786482 0.991948962
1403636985551666432.000000 1.312710524 1.737606049 5.312964916 -0.121654175 -0.006322361 -0.012551855 0.992473066
1403636985601666560.000000 1.336587191 1.725139380 5.383805275 -0.118200898 -0.005968588 -0.015829500 0.992845595
1403636985651666432.000000 1.350816846 1.714341879 5.422012329 -0.115329571 -0.005660978 -0.019776698 0.993114293
1403636985701666560.000000 1.366496086 1.702476740 5.459187508 -0.112954102 -0.004256001 -0.022925876 0.993326604
1403636985751666432.000000 1.383633137 1.689474344 5.495484829 -0.110606261 -0.002263703 -0.025416691 0.993536711
1403636985801666560.000000 1.403853416 1.674735069 5.536672115 0.108048052 -0.000347958 0.027268643 -0.993771613
1403636985851666432.000000 1.425249338 1.659295559 5.592598915 -0.105736315 0.008070066 -0.028714705 0.993946791
1403636985901666560.000000 1.443979621 1.642687440 5.628453255 -0.103430822 0.018797416 -0.030224036 0.993999660
1403636985951666432.000000 1.461074352 1.625005126 5.663801193 -0.101182409 0.031183904 -0.031204078 0.993889332
1403636986001666560.000000 1.475106955 1.606529593 5.698201180 -0.099947736 0.038859613 -0.032823287 0.993691623
1403636986051666432.000000 1.486004949 1.587307572 5.731327534 -0.099894732 0.041773628 -0.035174284 0.993498266
1403636986101666560.000000 1.494965315 1.568291426 5.764667034 0.098561198 -0.040493470 0.034496129 -0.993708193
1403636986151666432.000000 1.498350382 1.543882728 5.817969322 -0.098292366 0.034045223 -0.033651508 0.994005620
1403636986201666560.000000 1.501840234 1.521597743 5.847453117 -0.098005913 0.026379311 -0.031995215 0.994321585
1403636986251666432.000000 1.503472805 1.498429656 5.875684738 -0.098557673 0.016358506 -0.031788770 0.994488955
1403636986301666560.000000 1.504483461 1.474417210 5.903184414 -0.098395355 0.009673086 -0.030420279 0.994635344
1403636986351666432.000000 1.504855514 1.449610472 5.930476665 -0.098760404 0.004209058 -0.030673230 0.994629502
1403636986401666560.000000 1.500967383 1.419229031 5.975001812 -0.097505391 0.000896290 -0.027365217 0.994858325
1403636986451666432.000000 1.500631809 1.392327785 6.003166199 -0.096004814 -0.000921157 -0.023179363 0.995110571
1403636986501666560.000000 1.500842452 1.364675283 6.030933380 -0.094557837 -0.002705636 -0.019389888 0.995326877
1403636986551666432.000000 1.503206491 1.336323261 6.058005333 -0.092743509 -0.002635931 -0.014796255 0.995576680
1403636986601666560.000000 1.506977916 1.307592392 6.083476543 -0.091309123 -0.002911735 -0.011737443 0.995749235
1403636986651666432.000000 1.512417674 1.280510664 6.107856750 0.090490028 0.002868500 0.009726385 -0.995845735
1403636986701666560.000000 1.515879154 1.244093776 6.139928341 -0.089143753 -0.002702452 -0.006116157 0.995996356
1403636986751666432.000000 1.525874853 1.215869427 6.162590027 -0.087837160 -0.002223068 -0.003534024 0.996126115
1403636986801666560.000000 1.537709951 1.188091636 6.184639931 -0.086524531 -0.002372321 0.000213189 0.996246934
1403636986851666432.000000 1.551540017 1.160912633 6.205358505 -0.086134747 -0.000929935 0.000921597 0.996282637
1403636986901666560.000000 1.565481305 1.133420944 6.226723194 0.086245224 0.000549162 -0.002036499 -0.996271789
1403636986951666432.000000 1.583983064 1.101004839 6.248345852 -0.086695962 0.000411630 0.000817250 0.996234417
1403636987001666560.000000 1.603239655 1.075492024 6.266528130 -0.087601282 0.000830730 -0.000339950 0.996155202
1403636987051666432.000000 1.623731852 1.050456643 6.283147812 -0.089493878 0.001442863 -0.003502658 0.995980203
1403636987101666560.000000 1.643953085 1.025606871 6.299133301 -0.090734713 0.002134933 -0.005371405 0.995858371
1403636987151666432.000000 1.663038373 1.001157761 6.315047741 -0.091708243 0.002769407 -0.006202252 0.995762765
1403636987201666560.000000 1.677386284 0.982825041 6.323949337 0.092875108 -0.004049919 0.006945808 -0.995645344
1403636987251666432.000000 1.699988127 0.945882499 6.346880436 -0.093140133 0.005328725 -0.005415184 0.995624125
1403636987301666560.000000 1.713780046 0.922610700 6.362263680 -0.094307072 0.006468126 -0.006562656 0.995500565
1403636987351666432.000000 1.725452065 0.899379134 6.377795696 -0.094274662 0.007037735 -0.006414011 0.995500684
1403636987401666560.000000 1.735966802 0.876025259 6.393248558 -0.093245387 0.008912361 -0.006534993 0.995581865
1403636987451666432.000000 1.745220900 0.850377440 6.410577297 0.091995753 -0.010180471 0.008814316 -0.995668411
1403636987501666560.000000 1.757560134 0.823521137 6.424388885 -0.090457641 0.014304101 -0.010740964 0.995739698
1403636987551666432.000000 1.764241815 0.799419522 6.439167023 -0.089791946 0.017259991 -0.014172018 0.995710194
1403636987601666560.000000 1.769400477 0.775101423 6.453093052 -0.088470981 0.020299967 -0.016114095 0.995741487
1403636987651666432.000000 1.772871733 0.750641346 6.466063499 -0.087268308 0.022001252 -0.017122071 0.995794654
1403636987701666560.000000 1.775153756 0.725389123 6.477396965 0.086139686 -0.022914052 0.018405916 -0.995849490
1403636987751666432.000000 1.780526757 0.700258493 6.484134674 -0.084614478 0.023346111 -0.018765355 0.995963514
1403636987801666560.000000 1.783912897 0.674361229 6.492455482 -0.082803898 0.023438687 -0.018128522 0.996125281
1403636987851666432.000000 1.791735649 0.645201385 6.499724388 -0.081381559 0.022977795 -0.017688848 0.996261120
1403636987901666560.000000 1.797975302 0.618276119 6.503810406 -0.079226255 0.021859683 -0.014598991 0.996510088
1403636987951666432.000000 1.804801464 0.591233134 6.506317616 -0.077060148 0.019839913 -0.011334096 0.996764600
1403636988001666560.000000 1.811986685 0.564205885 6.507777691 -0.074824296 0.016749948 -0.006620050 0.997034073
1403636988051666432.000000 1.815699458 0.541868329 6.504931927 0.073111683 -0.013121014 0.002069337 -0.997235358
1403636988101666560.000000 1.823623776 0.512097478 6.506697178 -0.071508922 0.010232588 0.002320593 0.997384787
1403636988151666432.000000 1.826861382 0.487639874 6.506240845 -0.070730299 0.007693505 0.005454681 0.997450948
1403636988201666560.000000 1.828997970 0.464267045 6.505519390 -0.069791123 0.006951964 0.008905939 0.997497678
1403636988251666432.000000 1.830176830 0.442342520 6.504455566 -0.069253184 0.007912085 0.011266317 0.997504175
1403636988301666560.000000 1.831099987 0.421700478 6.502741814 -0.068629771 0.011928973 0.013977139 0.997473001
1403636988351666432.000000 1.832438469 0.401067883 6.499323845 -0.068533279 0.017300239 0.014599898 0.997392058
1403636988401666560.000000 1.835002422 0.386075139 6.494540215 0.068252996 -0.022538450 -0.015417858 -0.997294307
1403636988451666432.000000 1.836202621 0.376155794 6.483578682 0.068475261 -0.026695112 -0.014155309 -0.997195184
1403636988501666560.000000 1.844192266 0.355154663 6.477974415 0.068813100 -0.030422183 -0.012982930 -0.997081161
1403636988551666432.000000 1.850184083 0.339072734 6.466089725 -0.068610981 0.032725055 0.012964679 0.997022390
1403636988601666560.000000 1.857680798 0.324612021 6.449288368 0.068393528 -0.034387324 -0.012896334 -0.996982217
1403636988651666432.000000 1.861168265 0.312012047 6.433527470 -0.068267435 0.035195850 0.013060502 0.996960521
1403636988701666560.000000 1.868753195 0.302947640 6.413493633 0.068044469 -0.036045782 -0.013500202 -0.996939540
1403636988751666432.000000 1.872080207 0.294048309 6.393548965 0.068513349 -0.037264936 -0.011956913 -0.996882319
1403636988801666560.000000 1.873537183 0.286324352 6.372354031 0.068174511 -0.039174549 -0.012449685 -0.996826291
1403636988851666432.000000 1.870310068 0.279200524 6.351261139 -0.067777701 0.041013226 0.012958192 0.996772885
1403636988901666560.000000 1.867748618 0.274455249 6.325076580 0.067350678 -0.043282561 -0.013708969 -0.996695876
1403636988951666432.000000 1.859558582 0.268036306 6.300809860 -0.066879392 0.045526031 0.015077407 0.996607840
1403636989001666560.000000 1.858224154 0.269017607 6.271126747 0.066738412 -0.047039650 -0.015544026 -0.996539891
1403636989051666432.000000 1.850911260 0.268553734 6.241217613 0.066246755 -0.048995592 -0.017318038 -0.996449113
1403636989101666560.000000 1.841928244 0.269771248 6.209304810 0.066586658 -0.049356151 -0.017119955 -0.996412158
1403636989151666432.000000 1.827010274 0.269084454 6.177378654 -0.066644624 0.049610365 0.017967094 0.996380746
1403636989201666560.000000 1.815669775 0.272773206 6.141568661 -0.067214765 0.048956562 0.017694168 0.996379673
1403636989251666432.000000 1.805191517 0.277085632 6.100487709 0.068857342 -0.046139643 -0.015301842 -0.996441603
1403636989301666560.000000 1.787571907 0.280036658 6.058943748 -0.071880952 0.040280584 0.010674708 0.996542394
1403636989351666432.000000 1.778976440 0.287670791 6.016536713 -0.074698642 0.033492763 0.005394008 0.996629000
1403636989401666560.000000 1.771114826 0.295928180 5.971506119 -0.077163473 0.025220109 0.001695628 0.996698022
1403636989451666432.000000 1.765386939 0.304593533 5.925586700 -0.078774467 0.017364003 -0.000468162 0.996741176
1403636989501666560.000000 1.760749459 0.313428998 5.877965450 -0.079908229 0.012281255 -0.001713164 0.996725142
1403636989551666432.000000 1.756862879 0.323733836 5.832004070 0.081506558 -0.008418992 0.003223952 -0.996632040
1403636989601666560.000000 1.748907447 0.328442574 5.776114941 -0.082624115 0.006607600 -0.005450959 0.996544063
1403636989651666432.000000 1.745579004 0.338207752 5.728178024 -0.083773315 0.003817760 -0.008140025 0.996444345
1403636989701666560.000000 1.741280794 0.347821414 5.680907249 -0.085019253 0.002268775 -0.011215528 0.996313632
1403636989751666432.000000 1.735316873 0.357233822 5.634241581 -0.085852265 0.000951675 -0.013400380 0.996217310
1403636989801666560.000000 1.727882981 0.366316617 5.588419437 -0.085967161 0.000037466 -0.013592964 0.996205270
1403636989851666432.000000 1.720482349 0.375923216 5.549748421 0.085919052 -0.000792301 0.013419036 -0.996211410
1403636989901666560.000000 1.704377294 0.380508095 5.489012241 -0.085572533 0.002845785 -0.012699778 0.996246934
1403636989951666432.000000 1.693441510 0.388694972 5.444696903 -0.085117236 0.007140643 -0.011932075 0.996273935
1403636990001666560.000000 1.681507707 0.396532565 5.400466442 -0.084441431 0.010714090 -0.011216485 0.996307731
1403636990051666432.000000 1.670043588 0.404135972 5.355610371 -0.084440015 0.014751685 -0.011551986 0.996252418
1403636990101666560.000000 1.659583926 0.411372155 5.310095310 -0.083988734 0.017673798 -0.011371178 0.996245086
1403636990151666432.000000 1.650931716 0.418013424 5.263639450 0.083975092 -0.019091155 0.011995034 -0.996212780
1403636990201666560.000000 1.639071465 0.423911422 5.205908775 -0.084301814 0.018587073 -0.013095857 0.996180832
1403636990251666432.000000 1.632404566 0.429812133 5.157319069 -0.084225141 0.016235784 -0.014092773 0.996214867
1403636990301666560.000000 1.626807332 0.435214579 5.107132912 -0.084329970 0.013308936 -0.015321418 0.996231258
1403636990351666432.000000 1.622506261 0.440038353 5.055741787 -0.084015153 0.011554053 -0.016073406 0.996267855
1403636990401666560.000000 1.618298650 0.444196522 5.003979206 -0.083940245 0.008141683 -0.017530097 0.996283352
1403636990451666432.000000 1.610410452 0.448866248 4.945058346 -0.082889795 0.006524059 -0.017016256 0.996392131
1403636990501666560.000000 1.603628516 0.452054590 4.893388271 -0.081848606 0.003393379 -0.016291790 0.996505857
1403636990551666432.000000 1.595831156 0.454950631 4.842236996 -0.081055932 0.002684018 -0.016329499 0.996572196
1403636990601666560.000000 1.586382747 0.457802057 4.791719437 -0.080410026 0.000751795 -0.016535709 0.996624470
1403636990651666432.000000 1.575363755 0.460659355 4.741850376 -0.079527885 -0.001264631 -0.016016124 0.996703207
1403636990701666560.000000 1.561301470 0.462625474 4.689041615 0.079318099 0.002344337 0.017757706 -0.996688426
1403636990751666432.000000 1.547123790 0.468535870 4.640747070 -0.078835547 -0.003600334 -0.018213816 0.996714771
1403636990801666560.000000 1.530960679 0.470383972 4.592608452 -0.078615285 -0.004003947 -0.019286197 0.996710479
1403636990851666432.000000 1.513225079 0.471721292 4.545338631 -0.078195646 -0.004054764 -0.019940358 0.996730387
1403636990901666560.000000 1.493966460 0.472883075 4.499043941 -0.077716999 -0.004379074 -0.019187462 0.996781170
1403636990951666432.000000 1.473897457 0.473932534 4.453569412 -0.077978343 -0.004773344 -0.019965118 0.996743739
1403636991001666560.000000 1.452897310 0.473427773 4.407308102 0.077687956 0.004197306 0.020155828 -0.996765137
1403636991051666432.000000 1.432124019 0.479648709 4.366322041 -0.077745989 -0.002619372 -0.020590290 0.996757150
1403636991101666560.000000 1.409526229 0.479806453 4.322633266 -0.078214973 -0.003307404 -0.020778207 0.996714473
1403636991151666432.000000 1.386806369 0.479697227 4.279584408 -0.078527652 -0.002878290 -0.020302219 0.996701062
1403636991201666560.000000 1.365302920 0.479417980 4.236608028 -0.079448335 -0.003455774 -0.021415917 0.996602952
1403636991251666432.000000 1.345146298 0.478335261 4.192549229 -0.079657875 -0.004128040 -0.020672161 0.996599376
1403636991301666560.000000 1.326090574 0.478098005 4.147520065 0.079766601 0.004386044 0.020855835 -0.996585727
1403636991351666432.000000 1.307989955 0.479771614 4.105288029 -0.080099747 -0.004652640 -0.019523937 0.996584833
1403636991401666560.000000 1.293027043 0.477386653 4.059000015 -0.080805011 -0.005676770 -0.020059681 0.996511936
1403636991451666432.000000 1.280902028 0.474455774 4.011606216 -0.081625864 -0.005935934 -0.020246239 0.996439755
1403636991501666560.000000 1.271705985 0.471057117 3.964084625 -0.082652062 -0.006453634 -0.020141110 0.996354043
1403636991551666432.000000 1.265218973 0.467137188 3.918023348 -0.082554378 -0.005855033 -0.017976863 0.996407211
1403636991601666560.000000 1.261366367 0.464997977 3.871989727 0.082936749 0.006266138 0.016176308 -0.996403813
1403636991651666432.000000 1.256607533 0.460875332 3.828912258 -0.082673833 -0.006018737 -0.012103498 0.996485054
1403636991701666560.000000 1.255420327 0.456423879 3.782410622 -0.082206368 -0.006449799 -0.006795997 0.996571302
1403636991751666432.000000 1.255671024 0.452261090 3.736428499 -0.082110815 -0.006865245 -0.002450300 0.996596634
1403636991801666560.000000 1.257136226 0.448689401 3.690794468 -0.082200579 -0.006585669 0.001389947 0.996593058
1403636991851666432.000000 1.258267045 0.445802212 3.645882368 -0.082423665 -0.007033562 0.005061443 0.996559680
1403636991901666560.000000 1.258617997 0.443742692 3.601927519 -0.083123222 -0.007557842 0.006970868 0.996486247
1403636991951666432.000000 1.259593964 0.440552920 3.559112549 0.084354311 0.006972154 -0.007378689 -0.996384144
1403636992001666560.000000 1.259390950 0.440237880 3.516738176 0.086130016 0.007261196 -0.006248103 -0.996237934
1403636992051666432.000000 1.256413817 0.440989971 3.475212097 0.088781469 0.005693354 -0.002295083 -0.996032238
1403636992101666560.000000 1.252010226 0.442552269 3.434829473 0.091190621 0.003705565 0.001744122 -0.995825112
1403636992151666432.000000 1.246283531 0.444600850 3.395441055 0.092812143 0.000889889 0.004195142 -0.995674491
1403636992201666560.000000 1.239335895 0.446819216 3.356592417 0.094562761 -0.001950025 0.006837613 -0.995493531
1403636992251666432.000000 1.231757164 0.447848082 3.319068193 0.095746227 -0.003346921 0.008102360 -0.995367169
1403636992301666560.000000 1.220717311 0.451604456 3.280731440 0.096969530 -0.003623655 0.008972161 -0.995240331
1403636992351666432.000000 1.210434914 0.452449024 3.244591475 0.098136634 -0.002510080 0.009366208 -0.995125771
1403636992401666560.000000 1.196757436 0.456152290 3.207941055 0.099486187 0.000562155 0.009775956 -0.994990766
1403636992451666432.000000 1.184502244 0.458086908 3.172416210 0.100608580 0.004151021 0.009540511 -0.994871676
1403636992501666560.000000 1.173899651 0.460029721 3.136836052 0.101836190 0.006520489 0.009479043 -0.994734704
1403636992551666432.000000 1.164600492 0.461255759 3.102128029 0.103406772 0.008519738 0.010484974 -0.994547367
1403636992601666560.000000 1.157419086 0.462073296 3.067135572 0.104458317 0.009957973 0.010293412 -0.994426131
1403636992651666432.000000 1.151738048 0.461999685 3.032397032 0.105415285 0.010582117 0.009810530 -0.994323611
1403636992701666560.000000 1.146874905 0.462057203 2.997551441 0.106574237 0.011402934 0.010312717 -0.994185925
1403636992751666432.000000 1.146550894 0.461034954 2.960712671 0.107365459 0.012619628 0.010083572 -0.994088411
1403636992801666560.000000 1.144282937 0.462833196 2.928341866 0.108819991 0.013005725 0.010987854 -0.993915737
1403636992851666432.000000 1.140583277 0.463570267 2.896929979 0.109768763 0.012907130 0.011405020 -0.993807971
1403636992901666560.000000 1.135824680 0.464642495 2.867554188 0.111257821 0.012870758 0.012744128 -0.993626595
1403636992951666432.000000 1.129901290 0.465754330 2.840002775 0.112109683 0.012332934 0.013604402 -0.993526220
1403636993001666560.000000 1.123008847 0.466884911 2.814049721 0.112639017 0.010203651 0.012878865 -0.993500173
1403636993051666432.000000 1.115399718 0.468004763 2.789565802 0.112729296 0.007438223 0.010987461 -0.993537128
1403636993101666560.000000 1.107164383 0.468843281 2.766622305 0.110817403 0.004436385 0.008527856 -0.993794382
1403636993151666432.000000 1.099450111 0.469075114 2.744363070 0.107336141 0.001518254 0.006237304 -0.994202077
1403636993201666560.000000 1.092502713 0.469189465 2.722361088 0.102540210 -0.000144318 0.005388772 -0.994714260
1403636993251666432.000000 1.087474108 0.469219714 2.700461388 0.096737556 -0.001213883 0.005912567 -0.995291650
1403636993301666560.000000 1.084247112 0.468836904 2.678824902 0.089784145 -0.001919708 0.007046669 -0.995934546
1403636993351666432.000000 1.083114862 0.468611389 2.657084465 0.081716903 -0.002499224 0.009128781 -0.996610641
1403636993401666560.000000 1.083626986 0.468165219 2.634803772 0.073037639 -0.002853240 0.011736661 -0.997256041
1403636993451666432.000000 1.085384607 0.467558801 2.611692429 0.063295081 -0.003017561 0.014366532 -0.997886896
1403636993501666560.000000 1.088140011 0.467282832 2.588055134 0.053401921 -0.002344519 0.017854884 -0.998410761
1403636993551666432.000000 1.091780424 0.466841966 2.563413620 0.043450363 -0.002496692 0.022127395 -0.998807371
1403636993601666560.000000 1.096167207 0.465875089 2.537741899 0.033498026 -0.000838246 0.025469791 -0.999113917
1403636993651666432.000000 1.099246025 0.465693206 2.512372255 0.024768626 0.001198918 0.028340768 -0.999290705
1403636993701666560.000000 1.101151824 0.465911448 2.486150026 0.017308149 0.002847622 0.031013770 -0.999365091
1403636993751666432.000000 1.096135139 0.456178010 2.451307535 0.011139976 0.004309117 0.033880934 -0.999354541
1403636993801666560.000000 1.085538268 0.434846222 2.400936604 0.006047322 0.005357756 0.035914704 -0.999322176
1403636993851666432.000000 1.080734968 0.428203493 2.368178368 0.002352526 0.005473905 0.039337359 -0.999208212
1403636993901666560.000000 1.063276529 0.406305432 2.309970379 -0.000988781 0.005905003 0.041731723 -0.999110997
1403636993951666432.000000 1.056057096 0.400024652 2.277032137 -0.004293388 0.004048304 0.042065874 -0.999097407
1403636994001666560.000000 1.047037363 0.393578142 2.244923353 -0.006351564 0.000937826 0.043875229 -0.999016404
1403636994051666432.000000 1.036750674 0.385959297 2.209803581 -0.007623550 -0.002982751 0.046025254 -0.998906791
1403636994101666560.000000 1.025416017 0.377851337 2.172896624 -0.008621233 -0.008627858 0.047419224 -0.998800635
1403636994151666432.000000 1.012786508 0.369316161 2.137881756 -0.009563221 -0.013015284 0.048199382 -0.998707175
1403636994201666560.000000 0.999765635 0.359305024 2.102128267 -0.010343087 -0.017980797 0.048996508 -0.998583555
1403636994251666432.000000 0.984020770 0.347910076 2.064437389 -0.010851897 -0.022291631 0.048943069 -0.998493850
1403636994301666560.000000 0.968572378 0.338129163 2.025837660 -0.011162611 -0.025920322 0.048887093 -0.998405576
1403636994351666432.000000 0.950540900 0.327936381 1.987508655 -0.011141205 -0.028085696 0.049397044 -0.998322129
1403636994401666560.000000 0.933067679 0.317152947 1.948818564 -0.010946290 -0.030570947 0.049444500 -0.998248935
1403636994451666432.000000 0.915288806 0.305602521 1.907498598 -0.010456678 -0.030758364 0.049578302 -0.998241723
1403636994501666560.000000 0.895613372 0.293845803 1.865906477 -0.010167167 -0.029555986 0.049229413 -0.998298347
1403636994551666432.000000 0.877120733 0.281335920 1.824060440 -0.011086115 -0.026926558 0.045728143 -0.998529494
1403636994601666560.000000 0.860385597 0.270492524 1.778985143 -0.010735626 -0.023425436 0.044970356 -0.998655915
1403636994651666432.000000 0.843815207 0.258797377 1.732841611 -0.010655098 -0.018247560 0.042861491 -0.998857617
1403636994701666560.000000 0.828167975 0.248537451 1.685647607 -0.011688654 -0.012637066 0.038094640 -0.999125898
1403636994751666432.000000 0.814762652 0.239160985 1.638227105 -0.012733957 -0.006350522 0.033173036 -0.999348342
1403636994801666560.000000 0.803571463 0.230417922 1.592394352 -0.013601727 -0.000884451 0.028110463 -0.999511957
1403636994851666432.000000 0.793047428 0.221358448 1.543462634 -0.014824640 0.001849133 0.022960665 -0.999624789
1403636994901666560.000000 0.781932354 0.214199930 1.495131493 -0.015256411 0.004567697 0.019896496 -0.999675214
1403636994951666432.000000 0.770054936 0.207687944 1.446582437 -0.015368384 0.004121695 0.018314635 -0.999705672
1403636995001666560.000000 0.757568359 0.202765137 1.397067666 -0.014983930 0.001965271 0.018770559 -0.999709606
1403636995051666432.000000 0.743559122 0.199161023 1.349228382 -0.013903268 -0.000987690 0.022240981 -0.999655545
1403636995101666560.000000 0.729131699 0.196991920 1.305209994 -0.012992336 -0.005346125 0.026034944 -0.999562323
1403636995151666432.000000 0.714805961 0.195847154 1.261206985 -0.012105072 -0.009377154 0.029821698 -0.999437988
1403636995201666560.000000 0.701682568 0.194139332 1.216932178 -0.011595920 -0.011726035 0.032886688 -0.999323010
1403636995251666432.000000 0.689351141 0.193678394 1.169427991 -0.011471936 -0.014277588 0.035107188 -0.999215722
1403636995301666560.000000 0.679348290 0.191537663 1.122683406 -0.011316764 -0.015378927 0.037355565 -0.999119639
1403636995351666432.000000 0.670377195 0.191021219 1.073086023 -0.011256411 -0.014969336 0.039518788 -0.999043345
1403636995401666560.000000 0.662270069 0.190056384 1.024486542 -0.011325447 -0.012494664 0.041673180 -0.998988986
1403636995451666432.000000 0.655349493 0.189076021 0.974882364 -0.011342735 -0.008824803 0.042721856 -0.998983681
1403636995501666560.000000 0.649718285 0.186927482 0.922661304 -0.011607087 -0.004905384 0.043088075 -0.998991787
1403636995551666432.000000 0.646349013 0.185400650 0.869413376 -0.012276532 -0.003807938 0.042420480 -0.999017179
1403636995601666560.000000 0.642249823 0.183492139 0.816692173 -0.012110981 -0.001996046 0.043245211 -0.998989105
1403636995651666432.000000 0.639866829 0.181498140 0.764516473 -0.012812432 -0.001152447 0.040978510 -0.999077260
1403636995701666560.000000 0.635716021 0.179326266 0.710436225 -0.012868422 -0.001365563 0.040573854 -0.999092817
1403636995751666432.000000 0.630120397 0.176852614 0.657746196 -0.013392794 -0.000909477 0.039080389 -0.999145925
1403636995801666560.000000 0.622910738 0.174335033 0.606842577 -0.014342801 0.000015638 0.034953147 -0.999286056
1403636995851666432.000000 0.613384545 0.172230408 0.556255996 -0.015631741 0.002108793 0.030297050 -0.999416471
1403636995901666560.000000 0.601937771 0.172381997 0.506281793 -0.016566463 0.004052597 0.026585791 -0.999501050
1403636995951666432.000000 0.589798689 0.173034593 0.456742257 -0.017161587 0.005898203 0.023516662 -0.999558747
1403636996001666560.000000 0.575999200 0.174923122 0.407938808 -0.017253090 0.007093157 0.022311628 -0.999577105
1403636996051666432.000000 0.562912345 0.176676080 0.358717114 -0.015907379 0.008106292 0.025719224 -0.999509811
1403636996101666560.000000 0.547982275 0.180296883 0.311472595 -0.014694650 0.008898805 0.028336255 -0.999450803
1403636996151666432.000000 0.533979297 0.184026718 0.264740497 -0.013348236 0.008968901 0.031705953 -0.999367893
1403636996201666560.000000 0.519753098 0.187307537 0.218001217 -0.012270446 0.009408210 0.034562234 -0.999282956
1403636996251666432.000000 0.508472800 0.190502122 0.171855003 -0.011156755 0.009526590 0.037360929 -0.999194145
1403636996301666560.000000 0.500333130 0.194314182 0.125076920 -0.011242731 0.009254584 0.039727978 -0.999104440
1403636996351666432.000000 0.492853045 0.197007835 0.078190431 -0.012909705 0.009937471 0.040946115 -0.999028563
1403636996401666560.000000 0.489198953 0.199399456 0.032068059 -0.015762892 0.009797120 0.042180888 -0.998937607
1403636996451666432.000000 0.487194300 0.201638743 -0.017049700 -0.019690843 0.010747623 0.044241648 -0.998768985
1403636996501666560.000000 0.486510247 0.203132451 -0.064547822 -0.024780706 0.010283893 0.047318164 -0.998519480
1403636996551666432.000000 0.487393379 0.204605594 -0.113321729 -0.030576687 0.010494032 0.051229544 -0.998163521
1403636996601666560.000000 0.490149826 0.205706641 -0.160484388 -0.037914824 0.011755619 0.054035675 -0.997749746
1403636996651666432.000000 0.492889851 0.206817001 -0.206796065 -0.046573050 0.012335089 0.057106365 -0.997204959
1403636996701666560.000000 0.492346197 0.207886368 -0.252952695 -0.055393144 0.013863998 0.061613433 -0.996465325
1403636996751666432.000000 0.488576621 0.210124597 -0.299843669 -0.065492027 0.015213680 0.064614110 -0.995642662
1403636996801666560.000000 0.480577856 0.211135507 -0.342917621 -0.075870231 0.016375855 0.069120035 -0.994584322
1403636996851666432.000000 0.469628990 0.212125376 -0.385190696 -0.087174356 0.017802982 0.071783960 -0.993443906
1403636996901666560.000000 0.457040846 0.214116246 -0.425607622 -0.098842546 0.019074572 0.075071596 -0.992083967
1403636996951666432.000000 0.442629039 0.216876253 -0.465140730 -0.110921174 0.020469157 0.077631682 -0.990581095
1403636997001666560.000000 0.430047780 0.218373314 -0.506049991 -0.122298911 0.021379607 0.082266815 -0.988846898
1403636997051666432.000000 0.415101886 0.218981206 -0.544359386 -0.133317575 0.022057701 0.085759193 -0.987109542
1403636997101666560.000000 0.398696661 0.219556898 -0.580704749 -0.143278837 0.023828771 0.089226857 -0.985363901
1403636997151666432.000000 0.381701916 0.220669597 -0.616068542 -0.151547536 0.025064465 0.091898397 -0.983849525
1403636997201666560.000000 0.363172472 0.221724391 -0.649059653 -0.158565119 0.026062647 0.094039440 -0.982514381
1403636997251666432.000000 0.345409065 0.224119738 -0.680032551 -0.164273500 0.026633918 0.096661866 -0.981305957
1403636997301666560.000000 0.327744186 0.226327434 -0.711537361 -0.168784007 0.027219186 0.098684914 -0.980322599
1403636997351666432.000000 0.310295850 0.226502478 -0.740446508 -0.172088087 0.027893461 0.100200288 -0.979575217
1403636997401666560.000000 0.295064867 0.226800770 -0.772272825 -0.174415886 0.028281225 0.102130264 -0.978952885
1403636997451666432.000000 0.282875508 0.228155017 -0.803122699 -0.176445141 0.027726579 0.102230296 -0.978594601
1403636997501666560.000000 0.272521824 0.229283437 -0.834359288 -0.177068099 0.027583590 0.103731550 -0.978328049
1403636997551666432.000000 0.264444232 0.229778871 -0.864689350 -0.177437901 0.027896686 0.104181960 -0.978204370
1403636997601666560.000000 0.259338140 0.230645463 -0.892536163 -0.177268982 0.028837197 0.104038134 -0.978222966
1403636997651666432.000000 0.256980002 0.228929222 -0.921643972 -0.176698044 0.029089855 0.104221776 -0.978299260
1403636997701666560.000000 0.255564421 0.227091178 -0.949157298 -0.175643533 0.029283384 0.105005443 -0.978399575
1403636997751666432.000000 0.257131487 0.225894913 -0.975210607 -0.174072757 0.029634450 0.105922699 -0.978570819
1403636997801666560.000000 0.260637760 0.223471552 -1.003795028 -0.172621310 0.030673143 0.106362686 -0.978748262
1403636997851666432.000000 0.266048431 0.219854906 -1.033904791 -0.171640784 0.030517789 0.106262483 -0.978936374
1403636997901666560.000000 0.270821333 0.215461552 -1.061198711 -0.169940427 0.030754885 0.106378779 -0.979212940
1403636997951666432.000000 0.279330224 0.211615920 -1.089259386 -0.169189215 0.030621277 0.105351768 -0.979458213
1403636998001666560.000000 0.289951980 0.209205836 -1.114529848 -0.167792439 0.030687684 0.105196968 -0.979713023
1403636998051666432.000000 0.302036315 0.206609279 -1.137130141 -0.166564852 0.030955033 0.104839034 -0.979952455
1403636998101666560.000000 0.314971805 0.202458411 -1.160334110 -0.165829942 0.031139268 0.104018323 -0.980158687
1403636998151666432.000000 0.326928347 0.197378084 -1.182375193 -0.165098622 0.029967675 0.103118762 -0.980413675
1403636998201666560.000000 0.339663029 0.191534534 -1.203426719 -0.165026188 0.029375521 0.100595504 -0.980705857
1403636998251666432.000000 0.351472437 0.186613739 -1.223581433 -0.164671481 0.029782243 0.099782683 -0.980836272
1403636998301666560.000000 0.362189233 0.180619001 -1.242029428 -0.163211733 0.030197976 0.100230016 -0.981021881
1403636998351666432.000000 0.371872753 0.175610796 -1.258474588 -0.162877724 0.029735891 0.099544011 -0.981161356
1403636998401666560.000000 0.378208309 0.168917120 -1.273809195 -0.162565187 0.029721014 0.098676458 -0.981301308
1403636998451666432.000000 0.385048836 0.161322236 -1.289968252 -0.162208885 0.029889094 0.097738013 -0.981449068
1403636998501666560.000000 0.393256038 0.154487014 -1.306148529 -0.161929801 0.029618414 0.096709192 -0.981605291
1403636998551666432.000000 0.403472424 0.147411972 -1.322684646 -0.161187321 0.026897006 0.097552218 -0.981722355
1403636998601666560.000000 0.414325863 0.141830444 -1.335931301 -0.161459252 0.023739455 0.096749485 -0.981838524
1403636998651666432.000000 0.427291006 0.134499207 -1.351270199 -0.160785854 0.015717765 0.098287478 -0.981957436
1403636998701666560.000000 0.440149009 0.129239351 -1.366052985 -0.161274031 0.008989669 0.097267039 -0.982063651
1403636998751666432.000000 0.457008898 0.123583019 -1.380072236 -0.161376745 0.003423481 0.097017333 -0.982106626
1403636998801666560.000000 0.472183585 0.118225731 -1.395124435 -0.160385072 -0.000395017 0.098193571 -0.982158124
1403636998851666432.000000 0.487714767 0.112871364 -1.412406087 -0.159181222 -0.002618902 0.101837315 -0.981979489
1403636998901666560.000000 0.501636207 0.106090419 -1.428416014 -0.158256084 -0.004423986 0.103535526 -0.981944978
1403636998951666432.000000 0.514812410 0.098016575 -1.446369529 -0.156969935 -0.004882538 0.105654135 -0.981923521
1403636999001666560.000000 0.527921438 0.090095706 -1.465183258 -0.156148553 -0.004627369 0.107109390 -0.981898069
1403636999051666432.000000 0.537319183 0.082642578 -1.481426954 -0.155200750 -0.005660926 0.109191000 -0.981813610
1403636999101666560.000000 0.545662642 0.075258620 -1.497498035 -0.154695213 -0.004879817 0.109962508 -0.981811523
1403636999151666432.000000 0.551187158 0.068218507 -1.516194105 -0.153851122 -0.004172402 0.111142330 -0.981814563
1403636999201666560.000000 0.555341303 0.061312504 -1.535334706 -0.153360724 -0.002349378 0.111622818 -0.981842816
1403636999251666432.000000 0.556969166 0.053642288 -1.553068757 -0.153070450 -0.001251248 0.111854620 -0.981863797
1403636999301666560.000000 0.555980980 0.045248568 -1.566142559 -0.153299272 0.000691884 0.110411450 -0.981991947
1403636999351666432.000000 0.552825391 0.037461311 -1.581584096 -0.153802902 0.002617137 0.107886419 -0.982190609
1403636999401666560.000000 0.549333394 0.029814254 -1.597888589 -0.154863119 0.002779962 0.104906596 -0.982346296
1403636999451666432.000000 0.546620727 0.019204250 -1.615460992 -0.155491039 0.003501341 0.102404132 -0.982508898
1403636999501666560.000000 0.541119933 0.010554801 -1.633278370 -0.155951917 0.003011460 0.101321787 -0.982549727
1403636999551666432.000000 0.534048915 0.000849880 -1.649700403 -0.156110927 0.001181865 0.099974014 -0.982666373
1403636999601666560.000000 0.526544750 -0.007291688 -1.665421128 -0.156739786 -0.000227977 0.098449111 -0.982720912
1403636999651666432.000000 0.516760528 -0.013944546 -1.686457634 -0.156988263 -0.001961975 0.097511537 -0.982772827
1403636999701666560.000000 0.507538259 -0.022262555 -1.707101822 -0.156961530 -0.003186612 0.096728049 -0.982851326
1403636999751666432.000000 0.495734155 -0.029887341 -1.728119135 -0.156931251 -0.003284993 0.096289136 -0.982898891
1403636999801666560.000000 0.485205084 -0.037699193 -1.746209145 -0.156485364 -0.003705225 0.095960632 -0.983000636
1403636999851666432.000000 0.474946201 -0.045067787 -1.763465166 -0.156124502 -0.003447020 0.096529730 -0.983003199
1403636999901666560.000000 0.462825418 -0.051468484 -1.783958554 -0.155562595 -0.003747504 0.097472839 -0.982998133
1403636999951666432.000000 0.449007928 -0.059118994 -1.800547600 -0.154765218 -0.004243092 0.099007219 -0.982968628
1403637000001666560.000000 0.437217981 -0.066326991 -1.821689963 -0.153695852 -0.004849749 0.101882257 -0.982839823
1403637000051666432.000000 0.428308457 -0.075058959 -1.844658494 -0.153137118 -0.004744408 0.104147479 -0.982690156
1403637000101666560.000000 0.420280188 -0.083482414 -1.873600483 -0.152839914 -0.003694194 0.104827791 -0.982668519
1403637000151666432.000000 0.414401621 -0.091904074 -1.898720384 -0.153034657 -0.002716318 0.104609467 -0.982664704
1403637000201666560.000000 0.408591270 -0.101046026 -1.926849484 -0.153262630 -0.000771264 0.104730748 -0.982619762
1403637000251666432.000000 0.404842675 -0.110241681 -1.950094938 -0.153442651 0.000754270 0.104047783 -0.982664168
1403637000301666560.000000 0.402915061 -0.120928332 -1.979815602 -0.153585568 0.001949550 0.103722259 -0.982674599
1403637000351666432.000000 0.397840917 -0.132806942 -2.004845858 -0.153826907 0.002026581 0.103010774 -0.982711554
1403637000401666560.000000 0.390492946 -0.143435389 -2.032480478 -0.154600978 0.001470593 0.101070255 -0.982792556
1403637000451666432.000000 0.382674962 -0.152955830 -2.059740782 -0.153943390 0.001224310 0.102641545 -0.982733309
1403637000501666560.000000 0.373887777 -0.165008143 -2.089099407 -0.153786436 0.000944056 0.103168525 -0.982703030
1403637000551666432.000000 0.364847332 -0.176183298 -2.118171215 -0.153293103 0.000801018 0.103968531 -0.982695878
1403637000601666560.000000 0.353657961 -0.188709155 -2.147111893 -0.153450713 0.001029314 0.103939146 -0.982674181
1403637000651666432.000000 0.344978720 -0.200148404 -2.176691055 -0.154064104 0.000247973 0.102195986 -0.982761502
1403637000701666560.000000 0.338887930 -0.212047234 -2.208303452 -0.154452428 -0.000012688 0.101016529 -0.982822537
1403637000751666432.000000 0.334171951 -0.223590299 -2.240313053 -0.154438809 -0.000373994 0.101249039 -0.982800722
1403637000801666560.000000 0.331484884 -0.235302761 -2.272592068 -0.154320151 -0.001034278 0.100134663 -0.982932985
1403637000851666432.000000 0.327362299 -0.246905953 -2.307862043 -0.154535398 -0.001474193 0.098934285 -0.983020186
1403637000901666560.000000 0.323370755 -0.260479480 -2.345032692 -0.154190779 -0.000813642 0.098991066 -0.983069360
1403637000951666432.000000 0.315021932 -0.271932572 -2.379798174 -0.153721705 -0.000648114 0.098990992 -0.983142972
1403637001001666560.000000 0.307633013 -0.282214880 -2.409276724 -0.153621480 -0.001335368 0.098303348 -0.983226955
1403637001051666432.000000 0.296691597 -0.290704012 -2.440282106 -0.153647721 -0.001611130 0.098120645 -0.983240604
1403637001101666560.000000 0.283979565 -0.300944209 -2.474003553 -0.153512627 -0.001573228 0.097410247 -0.983332455
1403637001151666432.000000 0.269674718 -0.310827523 -2.505040407 -0.153437689 -0.001869292 0.097280025 -0.983356476
1403637001201666560.000000 0.256794453 -0.320068657 -2.539572954 -0.153743401 -0.002455688 0.095661707 -0.983466208
1403637001251666432.000000 0.247296199 -0.329510689 -2.568010092 -0.153738216 -0.001850131 0.094904922 -0.983541667
1403637001301666560.000000 0.238259643 -0.342664808 -2.601934671 -0.153823212 -0.001950980 0.094492443 -0.983567894
1403637001351666432.000000 0.230209589 -0.352268130 -2.637482643 -0.153995365 -0.000898749 0.093090564 -0.983676195
1403637001401666560.000000 0.226180077 -0.363699496 -2.671028376 -0.154194817 0.000911187 0.091981165 -0.983749270
1403637001451666432.000000 0.223552957 -0.376569808 -2.705563545 -0.153594315 0.003793800 0.092519000 -0.983785868
1403637001501666560.000000 0.220265806 -0.385715306 -2.741413116 -0.152870804 0.006177390 0.092158541 -0.983920336
1403637001551666432.000000 0.215921193 -0.396845937 -2.781600952 -0.152177289 0.007742563 0.092033677 -0.984028459
1403637001601666560.000000 0.212523550 -0.405222356 -2.815924168 -0.151577801 0.008795145 0.092079565 -0.984107792
1403637001651666432.000000 0.207294941 -0.415115505 -2.855891228 -0.151716590 0.009460565 0.090522006 -0.984224796
1403637001701666560.000000 0.199820191 -0.422908694 -2.887007475 -0.150747523 0.008957501 0.091909125 -0.984249830
1403637001751666432.000000 0.190672949 -0.430981696 -2.922569990 -0.150217652 0.008623432 0.091787905 -0.984345138
1403637001801666560.000000 0.179169431 -0.437995344 -2.954889059 -0.150497675 0.007671649 0.090331167 -0.984445035
1403637001851666432.000000 0.165791109 -0.446581662 -2.989326715 -0.149667636 0.009257231 0.091255106 -0.984472692
1403637001901666560.000000 0.150297925 -0.453004837 -3.024188519 -0.149359226 0.010054810 0.091518894 -0.984487236
1403637001951666432.000000 0.140305638 -0.461159587 -3.057772875 -0.148922279 0.010236820 0.091801979 -0.984525144
1403637002001666560.000000 0.125986606 -0.466257691 -3.083104849 -0.148674130 0.011460876 0.092146456 -0.984516978
1403637002051666432.000000 0.109340966 -0.471516997 -3.113552094 -0.148050964 0.011649718 0.093140960 -0.984515131
1403637002101666560.000000 0.095218122 -0.479056120 -3.144311666 -0.147922903 0.012425357 0.092504576 -0.984584868
1403637002151666432.000000 0.075595312 -0.483150899 -3.176135778 -0.148007140 0.012136765 0.092384599 -0.984587073
1403637002201666560.000000 0.059024483 -0.492018551 -3.214062452 -0.147973523 0.012772493 0.092336871 -0.984588563
1403637002251666432.000000 0.040259767 -0.496103644 -3.244980574 -0.147763625 0.013089623 0.092579477 -0.984593153
1403637002301666560.000000 0.021299534 -0.501616180 -3.277848244 -0.147301435 0.012473933 0.093747988 -0.984559834
1403637002351666432.000000 0.002784878 -0.509006143 -3.311933041 -0.147102281 0.012380105 0.094578423 -0.984511375
1403637002401666560.000000 -0.015023701 -0.516778231 -3.341819525 -0.146553382 0.012692930 0.096300602 -0.984422266
1403637002451666432.000000 -0.029952854 -0.523445666 -3.377016783 -0.146319956 0.011706471 0.097107343 -0.984390020
1403637002501666560.000000 -0.041051276 -0.530346811 -3.404465437 -0.146020904 0.011331844 0.098057643 -0.984344542
1403637002551666432.000000 -0.053379811 -0.539512277 -3.439617872 -0.144927517 0.010615483 0.101232409 -0.984192789
1403637002601666560.000000 -0.062833443 -0.549045086 -3.474996090 -0.144949719 0.009985218 0.101108037 -0.984208822
1403637002651666432.000000 -0.069534488 -0.558183849 -3.507479191 -0.144562602 0.010089682 0.101533517 -0.984220922
1403637002701666560.000000 -0.074091583 -0.562969804 -3.541409016 -0.143847004 0.010315425 0.101976275 -0.984277666
1403637002751666432.000000 -0.079938173 -0.574317336 -3.578446627 -0.143430129 0.010726029 0.101587497 -0.984374344
1403637002801666560.000000 -0.085832946 -0.584510267 -3.610305071 -0.142993718 0.010052193 0.101330645 -0.984471381
1403637002851666432.000000 -0.092575125 -0.592186034 -3.644119024 -0.143206790 0.010296328 0.099372499 -0.984637439
1403637002901666560.000000 -0.101714902 -0.603650331 -3.679155111 -0.143468589 0.010131449 0.096667096 -0.984870374
1403637002951666432.000000 -0.111411273 -0.612790406 -3.716784000 -0.143012479 0.010266792 0.095916457 -0.985008717
1403637003001666560.000000 -0.123401709 -0.624174297 -3.756472826 -0.142662242 0.010895485 0.095268227 -0.985115588
1403637003051666432.000000 -0.135297179 -0.635016263 -3.790793180 -0.142244384 0.011189571 0.094348088 -0.985261261
1403637003101666560.000000 -0.147901863 -0.644235611 -3.828617811 -0.141570404 0.011732059 0.093926027 -0.985392392
1403637003151666432.000000 -0.160234153 -0.655695677 -3.865751743 -0.140957698 0.011195252 0.094078697 -0.985471845
1403637003201666560.000000 -0.177446216 -0.665615797 -3.901797771 -0.140367985 0.011032278 0.093319185 -0.985630095
1403637003251666432.000000 -0.194316447 -0.675693274 -3.934692860 -0.139588565 0.010499350 0.093409576 -0.985738039
1403637003301666560.000000 -0.208793908 -0.682737708 -3.968820572 -0.139750227 0.009379062 0.091667153 -0.985890031
1403637003351666432.000000 -0.221142054 -0.690644205 -4.001562595 -0.139898762 0.008859656 0.090253949 -0.986004114
1403637003401666560.000000 -0.234648257 -0.698438406 -4.031072140 -0.139528394 0.007364827 0.090286747 -0.986065924
1403637003451666432.000000 -0.246158004 -0.709509611 -4.063168526 -0.139471427 0.006005226 0.089559205 -0.986149490
1403637003501666560.000000 -0.253635943 -0.718809664 -4.095191956 -0.139227808 0.005606089 0.088260137 -0.986303389
1403637003551666432.000000 -0.264241695 -0.731628239 -4.132321835 -0.139098644 0.006166128 0.087647103 -0.986372948
1403637003601666560.000000 -0.271730244 -0.740349829 -4.159231186 -0.138880879 0.006311947 0.087013058 -0.986458838
1403637003651666432.000000 -0.277955979 -0.750596166 -4.191131592 -0.138726100 0.006403973 0.086453155 -0.986529231
1403637003701666560.000000 -0.283299237 -0.760965109 -4.227612019 -0.138530836 0.006821120 0.086402394 -0.986558318
1403637003751666432.000000 -0.287557304 -0.769641399 -4.262551785 -0.138599992 0.007191005 0.086468816 -0.986540198
1403637003801666560.000000 -0.296146274 -0.778233826 -4.297629833 -0.139505163 0.007969299 0.085231490 -0.986514270
1403637003851666432.000000 -0.304714948 -0.786272347 -4.328556061 -0.139437765 0.009700202 0.086394414 -0.986407101
1403637003901666560.000000 -0.315111130 -0.795613587 -4.360390663 -0.139433727 0.010506555 0.088280946 -0.986232400
1403637003951666432.000000 -0.324985623 -0.802155614 -4.394706249 -0.139791116 0.012878136 0.089764453 -0.986019790
1403637004001666560.000000 -0.337503910 -0.808815360 -4.425775051 -0.140123621 0.014539152 0.091506682 -0.985789299
1403637004051666432.000000 -0.354739726 -0.810252249 -4.455687523 -0.139972419 0.016616585 0.094089620 -0.985534787
1403637004101666560.000000 -0.368773639 -0.809808314 -4.476186752 -0.140772983 0.017580630 0.094421856 -0.985372245
1403637004151666432.000000 -0.384560823 -0.813984275 -4.495022297 -0.140918329 0.017973976 0.096301548 -0.985162437
1403637004201666560.000000 -0.399826109 -0.818749070 -4.521296024 -0.141480953 0.019328751 0.096474037 -0.985039294
1403637004251666432.000000 -0.414061189 -0.823689520 -4.542597294 -0.142107233 0.019600010 0.097405627 -0.984852016
1403637004301666560.000000 -0.425700009 -0.829766273 -4.572595596 -0.143600777 0.019874269 0.095548712 -0.984811783
1403637004351666432.000000 -0.434110612 -0.835878491 -4.603803158 -0.144052386 0.020271432 0.094645374 -0.984825015
1403637004401666560.000000 -0.436515152 -0.841776729 -4.633050919 -0.144876331 0.018671336 0.092391729 -0.984949827
1403637004451666432.000000 -0.438910604 -0.848279536 -4.659316540 -0.145153165 0.016418524 0.090936020 -0.985084593
1403637004501666560.000000 -0.436360419 -0.855569005 -4.684028625 -0.144973308 0.011687836 0.089777440 -0.985284805
1403637004551666432.000000 -0.434305727 -0.863388121 -4.716605663 -0.144388840 0.008619315 0.089143977 -0.985459805
1403637004601666560.000000 -0.425561696 -0.872430682 -4.731388092 -0.144051731 0.008254011 0.086469837 -0.985750437
1403637004651666432.000000 -0.421770841 -0.878607810 -4.758698940 -0.144687399 0.008766089 0.080815725 -0.986132622
1403637004701666560.000000 -0.415222347 -0.885723829 -4.778830051 -0.145388380 0.010207144 0.074437678 -0.986517668
1403637004751666432.000000 -0.414417118 -0.890497804 -4.803730488 -0.145610601 0.010664649 0.069409564 -0.986846566
1403637004801666560.000000 -0.413601249 -0.898624599 -4.825542927 -0.146081731 0.011954691 0.064244136 -0.987111926
1403637004851666432.000000 -0.420551419 -0.899423063 -4.844785213 -0.145451233 0.013976062 0.062165026 -0.987311602
1403637004901666560.000000 -0.427978307 -0.900822639 -4.864305496 -0.144593164 0.017454846 0.061352853 -0.987433076
1403637004951666432.000000 -0.434267908 -0.901401103 -4.874201775 -0.143107697 0.021388095 0.061860982 -0.987540364
1403637005001666560.000000 -0.445619434 -0.906444192 -4.892991543 -0.141080812 0.024102999 0.064855941 -0.987577379
1403637005051666432.000000 -0.461129963 -0.905438066 -4.902276993 -0.138927698 0.024163047 0.069087364 -0.987594187
1403637005101666560.000000 -0.473098814 -0.906320333 -4.915310860 -0.136954144 0.021823443 0.072729789 -0.987662733
1403637005151666432.000000 -0.486670494 -0.907608628 -4.926393032 -0.134544089 0.019490041 0.078026280 -0.987638593
1403637005201666560.000000 -0.503539979 -0.915818274 -4.947329044 -0.133637264 0.018156441 0.079548478 -0.987665713
1403637005251666432.000000 -0.522435904 -0.924480438 -4.968435287 -0.132332429 0.018693622 0.082347095 -0.987601936
1403637005301666560.000000 -0.538196325 -0.921698153 -4.982214451 -0.131765231 0.020602264 0.084167629 -0.987486362
1403637005351666432.000000 -0.555445313 -0.923049867 -4.989767075 -0.131414548 0.022344369 0.085333265 -0.987395167
1403637005401666560.000000 -0.571131468 -0.926407218 -5.002754688 -0.131745905 0.021929214 0.086452201 -0.987262964
1403637005451666432.000000 -0.594275832 -0.929077923 -5.018994808 -0.132626653 0.019036716 0.087566428 -0.987106860
1403637005501666560.000000 -0.605504990 -0.932278931 -5.037098408 -0.133292869 0.016024861 0.089384444 -0.986907661
1403637005551666432.000000 -0.619635463 -0.931885004 -5.048087120 -0.134256691 0.014409503 0.089814804 -0.986762762
1403637005601666560.000000 -0.628356338 -0.935685992 -5.064691067 -0.135671318 0.014777159 0.088877343 -0.986648738
1403637005651666432.000000 -0.639366567 -0.937751532 -5.077770233 -0.137003303 0.018791387 0.087755352 -0.986496866
1403637005701666560.000000 -0.652868092 -0.939299941 -5.103883266 -0.138694316 0.023238355 0.084683388 -0.986434340
1403637005751666432.000000 -0.659937501 -0.940762222 -5.128682613 -0.139890015 0.026395937 0.082521699 -0.986369312
1403637005801666560.000000 -0.663594961 -0.941238105 -5.151187897 -0.140414983 0.026642846 0.082618937 -0.986279845
1403637005851666432.000000 -0.661745310 -0.943810463 -5.166832447 -0.140222043 0.024774596 0.084770814 -0.986173391
1403637005901666560.000000 -0.661057472 -0.946542859 -5.182113647 -0.140075371 0.022719132 0.086556606 -0.986088574
1403637005951666432.000000 -0.662211955 -0.950461805 -5.204616547 -0.139907017 0.020275058 0.088062242 -0.986032486
1403637006001666560.000000 -0.662267208 -0.953069389 -5.221421242 -0.139736220 0.017843742 0.088742696 -0.986042678
1403637006051666432.000000 -0.660658658 -0.953299403 -5.234297752 -0.140185997 0.016119966 0.087706864 -0.986101210
1403637006101666560.000000 -0.658899963 -0.952843308 -5.246429920 -0.140950516 0.015018966 0.086063169 -0.986154437
1403637006151666432.000000 -0.659411728 -0.951908469 -5.262965679 -0.141230166 0.014383947 0.085711546 -0.986154556
1403637006201666560.000000 -0.662644863 -0.954021096 -5.282324314 -0.141658694 0.015199689 0.085174076 -0.986127377
1403637006251666432.000000 -0.665178359 -0.954695225 -5.304189682 -0.141870439 0.018273955 0.084522113 -0.986100852
1403637006301666560.000000 -0.656955957 -0.950686097 -5.310612679 -0.142176405 0.023197729 0.083459675 -0.986043751
1403637006351666432.000000 -0.653996229 -0.947961509 -5.317831516 -0.142110258 0.029850777 0.083413072 -0.985878229
1403637006401666560.000000 -0.656850338 -0.950590611 -5.326159000 -0.142064616 0.035056610 0.083152346 -0.985735476
1403637006451666432.000000 -0.662310064 -0.953050554 -5.336734295 -0.142646849 0.039131071 0.081173196 -0.985662997
1403637006501666560.000000 -0.671797633 -0.954986632 -5.354946136 -0.144043326 0.041303001 0.077316806 -0.985681355
1403637006551666432.000000 -0.678640723 -0.958201051 -5.371904373 -0.146672755 0.038522027 0.074567154 -0.985618055
1403637006601666560.000000 -0.679732323 -0.957837582 -5.381106377 -0.149258196 0.033754993 0.075399987 -0.985341311
1403637006651666432.000000 -0.681454122 -0.956188083 -5.390189171 -0.153096929 0.028759999 0.077589698 -0.984740615
1403637006701666560.000000 -0.684549153 -0.956429362 -5.393369198 -0.157838836 0.024204362 0.080922529 -0.983845830
1403637006751666432.000000 -0.687226176 -0.954086483 -5.395347118 -0.164007753 0.019753452 0.084483646 -0.982636154
1403637006801666560.000000 -0.689668953 -0.951818526 -5.398344040 -0.171502188 0.016493088 0.087277107 -0.981171608
1403637006851666432.000000 -0.695318639 -0.948846698 -5.401463032 -0.180237412 0.016719766 0.089821354 -0.979370773
1403637006901666560.000000 -0.701132774 -0.949689388 -5.404464245 -0.190034211 0.017234901 0.093218841 -0.977189958
1403637006951666432.000000 -0.712270260 -0.948224127 -5.377856731 -0.200229973 0.018983021 0.099095531 -0.974539757
1403637007001666560.000000 -0.713850498 -0.944334745 -5.385156155 -0.210178301 0.019553058 0.105532773 -0.971753955
1403637007051666432.000000 -0.722673476 -0.944760263 -5.383559227 -0.219517186 0.018794376 0.110610172 -0.969135940
1403637007101666560.000000 -0.730300844 -0.938220203 -5.384577751 -0.227376476 0.017847588 0.115719736 -0.966742158
1403637007151666432.000000 -0.731607318 -0.936427474 -5.390083313 0.234669045 -0.016678255 -0.119675450 0.964536190
1403637007201666560.000000 -0.741411090 -0.927288055 -5.400525093 0.241039991 -0.015086926 -0.122728348 0.962605774
1403637007251666432.000000 -0.746710658 -0.923759520 -5.399975300 0.245850623 -0.011408948 -0.126207009 0.960988641
1403637007301666560.000000 -0.760383248 -0.912600815 -5.407856941 0.249693543 -0.006375135 -0.129699662 0.959578335
1403637007351666432.000000 -0.765827537 -0.907325447 -5.412187576 0.252943367 -0.002304707 -0.131411269 0.958512127
1403637007401666560.000000 -0.773372829 -0.899775326 -5.412197113 0.254856646 -0.000872295 -0.133504763 0.957718015
1403637007451666432.000000 -0.781630218 -0.897435665 -5.421038151 0.256665438 -0.002370411 -0.134078652 0.957152188
1403637007501666560.000000 -0.786790609 -0.894748390 -5.439391136 0.257634252 -0.003645132 -0.135019422 0.956755519
1403637007551666432.000000 -0.797599018 -0.891225994 -5.442162514 0.258019865 -0.005825736 -0.135936037 0.956510961
1403637007601666560.000000 -0.807523131 -0.885518134 -5.450070858 0.258030087 -0.011627023 -0.136254221 0.956410050
1403637007651666432.000000 -0.818053603 -0.879887462 -5.458434582 0.257026523 -0.018903529 -0.137790605 0.956344008
1403637007701666560.000000 -0.832610369 -0.878610671 -5.455370903 -0.255852103 0.025540762 0.138750792 -0.956365883
1403637007751666432.000000 -0.818102121 -0.873945892 -5.416228771 -0.254432112 0.030736756 0.140322641 -0.956362426
1403637007801666560.000000 -0.826116264 -0.873745859 -5.414083958 -0.253371477 0.031271029 0.140828058 -0.956552386
1403637007851666432.000000 -0.821734130 -0.854889929 -5.417113781 -0.253382742 0.029273178 0.139883265 -0.956751287
1403637007901666560.000000 -0.827322185 -0.858292639 -5.419226646 0.254807830 -0.024220815 -0.133892477 0.957370996
1403637007951666432.000000 -0.831795335 -0.857971787 -5.409197807 0.256423265 -0.019152099 -0.126964703 0.957998037
1403637008001666560.000000 -0.837276220 -0.856965899 -5.412548542 0.256859750 -0.015000493 -0.122908786 0.958483994
1403637008051666432.000000 -0.844182253 -0.859031796 -5.419222832 0.255784482 -0.013088790 -0.122625053 0.958835840
1403637008101666560.000000 -0.851105571 -0.860549212 -5.418047428 0.253380239 -0.017195303 -0.124809936 0.959127307
1403637008151666432.000000 -0.857054293 -0.856573880 -5.420246124 0.250464797 -0.024437863 -0.127972111 0.959319174
1403637008201666560.000000 -0.854415298 -0.848494172 -5.393244743 -0.247979745 0.031676777 0.130429223 -0.959422112
1403637008251666432.000000 -0.857846498 -0.847639501 -5.380530357 -0.245598093 0.037419833 0.132900327 -0.959488869
1403637008301666560.000000 -0.860773027 -0.850536227 -5.384735107 -0.243133277 0.041138381 0.136021495 -0.959527016
1403637008351666432.000000 -0.862448573 -0.855497122 -5.363691807 -0.241483077 0.042565685 0.137519568 -0.959667921
1403637008401666560.000000 -0.865083694 -0.862539232 -5.356862068 -0.240663275 0.040847383 0.137096390 -0.960009038
1403637008451666432.000000 -0.855026186 -0.869621098 -5.355541706 -0.241475999 0.034811083 0.133373857 -0.960567057
1403637008501666560.000000 -0.853662491 -0.875272632 -5.352544785 -0.242173120 0.028949048 0.129469112 -0.961120129
1403637008551666432.000000 -0.850598097 -0.883531332 -5.327453136 -0.242887408 0.023382554 0.125685751 -0.961593509
1403637008601666560.000000 -0.848979950 -0.889411092 -5.322579384 0.243158296 -0.019341357 -0.122364454 0.962043107
1403637008651666432.000000 -0.848537564 -0.895194948 -5.317516327 0.243336871 -0.016792580 -0.119731747 0.962377012
1403637008701666560.000000 -0.848159790 -0.899064779 -5.311572552 0.244277164 -0.017209617 -0.114674591 0.962747276
1403637008751666432.000000 -0.849666119 -0.904420972 -5.305892944 0.245611474 -0.021019181 -0.108107843 0.963091850
1403637008801666560.000000 -0.851600289 -0.909408569 -5.299801350 0.247179776 -0.027057415 -0.100988150 0.963312805
1403637008851666432.000000 -0.851143122 -0.914552510 -5.294103146 0.248498499 -0.032461468 -0.095490858 0.963367224
1403637008901666560.000000 -0.853664756 -0.917933345 -5.285528660 0.248731449 -0.036796045 -0.092966922 0.963398159
1403637008951666432.000000 -0.859517336 -0.911236227 -5.267914295 0.248215318 -0.038121428 -0.092509806 0.963523746
1403637009001666560.000000 -0.862288952 -0.906585157 -5.265524864 0.246614262 -0.036462318 -0.095714629 0.963685989
1403637009051666432.000000 -0.865410566 -0.904844642 -5.252182484 0.244105607 -0.033555873 -0.101489119 0.963839471
1403637009101666560.000000 -0.869003832 -0.902166128 -5.237829208 0.241603196 -0.030600831 -0.107740767 0.963889778
1403637009151666432.000000 -0.872689724 -0.898731887 -5.222932816 -0.239354908 0.028089305 0.113312751 -0.963888228
1403637009201666560.000000 -0.876295090 -0.895025134 -5.207052708 -0.236849532 0.025446424 0.119916245 -0.963781595
1403637009251666432.000000 -0.903829813 -0.903156161 -5.218935966 -0.233618289 0.023074090 0.128208622 -0.963562489
1403637009301666560.000000 -0.909343958 -0.900886655 -5.202440739 -0.230189189 0.021082057 0.137643591 -0.963131785
1403637009351666432.000000 -0.914793015 -0.900285244 -5.184596539 -0.227316841 0.017609952 0.145575255 -0.962717474
1403637009401666560.000000 -0.916899920 -0.899950027 -5.171340466 -0.242474943 0.017485093 0.129491210 -0.961317956
1403637009451666432.000000 -0.925442278 -0.878595293 -5.208521843 0.248933241 -0.014281973 -0.136086076 0.958805978
1403637009501666560.000000 -0.925611019 -0.877476752 -5.199878216 0.262645483 -0.004798532 -0.129805535 0.956109226
1403637009551666432.000000 -0.929912627 -0.876314700 -5.190665245 0.278958172 0.002134424 -0.113315545 0.953591883
1403637009601666560.000000 -0.932999372 -0.873418927 -5.183119297 0.293101758 0.018506756 -0.090096593 0.951646745
1403637009651666432.000000 -0.932397127 -0.869235277 -5.180578232 0.286789656 0.023379089 -0.090604663 0.953412771
1403637009701666560.000000 -0.938096225 -0.865271330 -5.174280167 0.276458561 0.012148368 -0.087774359 0.956931949
1403637009751666432.000000 -0.939991891 -0.865323186 -5.168239594 0.274528980 0.010587923 -0.085125871 0.957744956
1403637009801666560.000000 -0.940204918 -0.866936147 -5.161788940 0.274631828 0.013076345 -0.085212633 0.957677007
1403637009851666432.000000 -0.941790104 -0.868493795 -5.156209469 0.275866419 0.012505500 -0.083820723 0.957452595
1403637009901666560.000000 -0.942915440 -0.869689584 -5.150028229 0.275344044 0.013409724 -0.085650831 0.957428753
1403637009951666432.000000 -0.295547754 0.047615677 -4.284805775 0.280258298 0.009799467 -0.085162446 0.956089318
1403637010001666560.000000 -0.264136434 0.101573676 -4.242770672 0.279658973 0.010577400 -0.087250024 0.956068218
1403637010051666432.000000 -0.232412383 0.156582579 -4.200486183 0.280487329 0.009789201 -0.085649781 0.955978632
1403637010101666560.000000 -0.199615091 0.214128628 -4.157149792 0.280226707 0.010087037 -0.086690590 0.955958128
1403637010151666432.000000 -0.166171968 0.273406655 -4.113272190 0.280547708 0.009851344 -0.086224616 0.955908656
1403637010201666560.000000 -0.131778479 0.334732145 -4.068524837 0.280514807 0.010051830 -0.086571306 0.955884874
1403637010251666432.000000 -0.096602857 0.397946596 -4.023061275 0.280651301 0.009872247 -0.086422533 0.955860138
1403637010301666560.000000 -0.060639039 0.463201135 -3.976929188 0.280873328 0.009568658 -0.086432427 0.955797076
1403637010351666432.000000 -0.023728058 0.530467153 -3.929953337 0.280861557 0.009700202 -0.086537518 0.955789745
1403637010401666560.000000 0.013849378 0.599538922 -3.882262707 0.281048149 0.009599767 -0.086509556 0.955738425
1403637010451666432.000000 0.052214608 0.670589447 -3.833725691 0.281098127 0.009450892 -0.086503498 0.955725789
1403637010501666560.000000 0.091399513 0.743672609 -3.784472466 0.281213284 0.009403104 -0.086554639 0.955687702
1403637010551666432.000000 0.162455022 1.169595242 -1.340738058 0.281950504 0.011212287 -0.084855162 0.955603421
1403637010601666560.000000 0.217093587 1.233525157 -1.085692763 0.281985670 0.010938948 -0.084888011 0.955593288
