1413394978955760384.000000 39.559680939 -19.948427200 13.252372742 0.003883677 0.802993476 0.008885300 0.595909059
1413394980205760512.000000 0.012334038 0.004024683 -0.158174351 -0.010523446 -0.003399331 -0.005739753 0.999922395
1413394980255760384.000000 0.042440686 0.000949039 -0.196906641 -0.010732047 -0.001007495 -0.001535510 0.999940753
1413394980305760512.000000 0.056621615 0.000939072 -0.236597389 -0.009451972 0.003172587 0.003563693 0.999943972
1413394980355760384.000000 0.040360522 -0.018391762 -0.279756486 -0.010447972 0.008127205 0.008663464 0.999874890
1413394980405760512.000000 0.033597365 -0.024703611 -0.329575658 -0.009633530 0.006029890 0.011696062 0.999867082
1413394980455760384.000000 -0.026523003 -0.045361787 -0.375377417 -0.010379924 0.008185772 0.014715558 0.999804378
1413394980505760512.000000 0.030476410 -0.019832039 -0.419896692 -0.003790678 -0.010818573 0.020728579 0.999719501
1413394980555760384.000000 -0.047342263 -0.064523853 -0.467027515 -0.005595274 -0.010193376 0.029627072 0.999493480
1413394980605760512.000000 -0.038976349 -0.070813283 -0.516665459 -0.002446131 -0.021545792 0.036612410 0.999094248
1413394980655760384.000000 -0.039551876 -0.083859906 -0.567698300 -0.000160743 -0.029692471 0.042538680 0.998653531
1413394980705760512.000000 -0.086136743 -0.132021338 -0.629333138 -0.002456701 -0.028833749 0.047266450 0.998463035
1413394980755760384.000000 -0.085565895 -0.142704397 -0.678019941 -0.000621225 -0.033725083 0.049222507 0.998218179
1413394980805760512.000000 -0.092201829 -0.159712955 -0.737014174 0.000770235 -0.036500871 0.052071217 0.997975767
1413394980855760384.000000 -0.085468650 -0.166792318 -0.783807874 0.002728584 -0.040076617 0.053533327 0.997757852
1413394980905760512.000000 -0.087540910 -0.176761925 -0.837111413 0.004496110 -0.041777398 0.054797586 0.997613013
1413394980955760384.000000 -0.123920955 -0.216078490 -0.889583707 0.001676493 -0.038921826 0.055099722 0.997720599
1413394981005760512.000000 -0.127919957 -0.233198211 -0.936788678 0.002896944 -0.041721422 0.057833832 0.997449875
1413394981055760384.000000 -0.140643641 -0.240110159 -0.989238918 0.004879002 -0.042082075 0.060651392 0.997259617
1413394981105760512.000000 -0.108547755 -0.206444740 -1.028666973 0.012000185 -0.049510099 0.064712465 0.996602774
1413394981155760384.000000 -0.177276686 -0.251787692 -1.079143882 0.009536521 -0.044003386 0.067954712 0.996671915
1413394981205760512.000000 -0.194463611 -0.285874963 -1.119620562 0.007992295 -0.045770917 0.072334893 0.996297538
1413394981255760384.000000 -0.206574202 -0.297352582 -1.162889481 0.008514538 -0.048588235 0.074485213 0.996001363
1413394981305760512.000000 -0.223887414 -0.303212225 -1.200718164 0.008534405 -0.049972173 0.075128853 0.995884418
1413394981355760384.000000 -0.234027907 -0.302336782 -1.245014310 0.007735729 -0.052271176 0.071369119 0.996049404
1413394981405760512.000000 -0.248104304 -0.307017148 -1.282600164 0.003846775 -0.053429525 0.063898586 0.996517718
1413394981455760384.000000 -0.303309649 -0.323972374 -1.314566255 -0.001451375 -0.049870774 0.059084676 0.997005463
1413394981505760512.000000 -0.317295521 -0.328107566 -1.349431157 -0.005216786 -0.050541244 0.052721441 0.997315884
1413394981555760384.000000 -0.296478540 -0.318873316 -1.389344811 -0.005876348 -0.055937484 0.048627421 0.997232080
1413394981605760512.000000 -0.314379483 -0.320564598 -1.425381780 -0.007616108 -0.058116853 0.048567172 0.997098625
1413394981655760384.000000 -0.325822830 -0.320838362 -1.461739898 -0.009364966 -0.063887693 0.048191182 0.996748924
1413394981705760512.000000 -0.393662035 -0.339665413 -1.484994173 -0.015293860 -0.062880263 0.051669452 0.996565402
1413394981755760384.000000 -0.412192017 -0.343925118 -1.516620755 -0.019194655 -0.066898741 0.054381650 0.996091783
1413394981805760512.000000 -0.430944920 -0.346547902 -1.542342067 -0.023553608 -0.071132950 0.059907287 0.995387614
1413394981855760384.000000 -0.434710622 -0.344167173 -1.566352487 -0.028469501 -0.074850403 0.066551000 0.994564176
1413394981905760512.000000 -0.447011679 -0.340293080 -1.587990165 -0.033562921 -0.076669000 0.072138712 0.993876934
1413394981955760384.000000 -0.472677678 -0.343043864 -1.620783329 -0.041421067 -0.075275928 0.081449188 0.992967248
1413394982005760512.000000 -0.484750807 -0.340950280 -1.642354608 -0.049802411 -0.075093955 0.089130804 0.991935730
1413394982055760384.000000 -0.497635543 -0.335332155 -1.659867764 -0.057421494 -0.073302239 0.098844372 0.990736783
1413394982105760512.000000 -0.502261758 -0.330543637 -1.673726678 -0.067350365 -0.070752226 0.108682536 0.989265501
1413394982155760384.000000 -0.517087460 -0.315323204 -1.690437078 -0.076282151 -0.065303922 0.119412512 0.987753630
1413394982205760512.000000 -0.526504695 -0.307682425 -1.715635180 -0.087436169 -0.061245002 0.129554003 0.985809207
1413394982255760384.000000 -0.534519196 -0.292695791 -1.730907917 -0.098806091 -0.057324056 0.141710147 0.983295262
1413394982305760512.000000 -0.542273521 -0.273011476 -1.746187329 0.111511439 0.054625012 -0.150323853 -0.980807900
1413394982355760384.000000 -0.548448384 -0.252046794 -1.760453343 -0.125009358 -0.052749787 0.158887103 0.977928936
1413394982405760512.000000 -0.553896606 -0.225633755 -1.775234580 -0.139988646 -0.050549798 0.165343523 0.974940777
1413394982455760384.000000 -0.558281779 -0.195333272 -1.790515304 -0.155110955 -0.047981564 0.172631904 0.971512556
1413394982505760512.000000 -0.561855376 -0.160914093 -1.806581259 -0.170524597 -0.045569405 0.180180252 0.967667282
1413394982555760384.000000 -0.564628482 -0.122411862 -1.823706985 -0.186650425 -0.045076527 0.185217395 0.963755310
1413394982605760512.000000 -0.566930711 -0.078604057 -1.841872096 0.201945007 0.042180657 -0.193421260 -0.959180534
1413394982655760384.000000 -0.568117619 -0.034294538 -1.861623764 -0.218706548 -0.040825225 0.196331710 0.954963148
1413394982705760512.000000 -0.569741964 0.017231986 -1.882777572 0.234356582 0.039823476 -0.199684888 -0.950587749
1413394982755760384.000000 -0.570663869 0.068627670 -1.904253483 -0.250576317 -0.038897406 0.202060327 0.945975780
1413394982805760512.000000 -0.571797431 0.127453595 -1.928177953 0.267209977 0.038022168 -0.202583998 -0.941335678
1413394982855760384.000000 -0.573428690 0.185221583 -1.951589346 -0.283784449 -0.037354492 0.203317210 0.936340332
1413394982905760512.000000 -0.575013578 0.250038415 -1.977802515 -0.299569488 -0.037401479 0.203575447 0.931351840
1413394983005760512.000000 -0.578369856 0.379934788 -2.030391693 -0.329442263 -0.038370177 0.199098215 0.922147155
1413394983105760512.000000 -0.581680059 0.518626809 -2.086492300 -0.352060288 -0.040722150 0.190842301 0.915409505
1413394983205760512.000000 -0.584028184 0.661277592 -2.143696308 -0.366874576 -0.041689310 0.182129964 0.911314249
1413394983305760512.000000 -0.586351156 0.805622220 -2.200852156 -0.374848515 -0.041026250 0.176535532 0.909197867
1413394983405760512.000000 -0.588518322 0.950527906 -2.257969618 -0.379480749 -0.044028901 0.165610775 0.909191370
1413394983505760512.000000 -0.590074420 1.093842030 -2.314684391 -0.382931113 -0.054179206 0.145648092 0.910612464
1413394983605760512.000000 -0.596795142 1.231847763 -2.366796970 -0.383386433 -0.060756497 0.130895197 0.912244499
1413394983705760512.000000 -0.612557590 1.363523841 -2.410764217 -0.382923603 -0.063605644 0.118379325 0.913953125
1413394983805760512.000000 -0.637623906 1.486959577 -2.446637154 -0.382785738 -0.065043256 0.108511582 0.915133774
1413394983905760512.000000 -0.671678245 1.601647496 -2.472658873 -0.381584942 -0.064713746 0.106814235 0.915857971
1413394984005760512.000000 -0.713560700 1.706714153 -2.489338875 -0.379566967 -0.063809633 0.107426308 0.916687965
1413394984105760512.000000 -0.755861938 1.806722641 -2.503329515 -0.372663975 -0.063286282 0.106586561 0.919649839
1413394984205760512.000000 -0.798900366 1.886981845 -2.497874737 -0.363098830 -0.063515350 0.104066238 0.923739851
1413394984305760512.000000 -0.834660292 1.969225287 -2.497247219 -0.353522986 -0.068201065 0.103715986 0.927153230
1413394984405760512.000000 -0.869160533 2.032880306 -2.481559277 -0.346328795 -0.075471506 0.105347477 0.929119170
1413394984505760512.000000 -0.894469023 2.098241329 -2.465808630 -0.336539030 -0.082808517 0.104792930 0.932149529
1413394984605760512.000000 -0.917369068 2.150620937 -2.436014175 -0.323326290 -0.086042024 0.102415442 0.936785996
1413394984705760512.000000 -0.929206550 2.201227188 -2.401900768 0.305113137 0.087954462 -0.097969048 -0.943171322
1413394984805760512.000000 -0.940115929 2.242572546 -2.356768370 -0.285004765 -0.089589857 0.092503354 0.949836373
1413394984905760512.000000 -0.942513824 2.281227112 -2.302612066 -0.260806203 -0.085727662 0.091362387 0.957227170
1413394985005760512.000000 -0.937765718 2.315415621 -2.241097689 -0.235922992 -0.078463271 0.083841592 0.964963496
1413394985105760512.000000 -0.926437616 2.345648289 -2.173709154 -0.214752346 -0.074664347 0.073914774 0.971001267
1413394985205760512.000000 -0.906872690 2.376885653 -2.098812819 0.199273437 0.074621595 -0.067925341 -0.974734783
1413394985305760512.000000 -0.876749933 2.403839350 -2.018595695 0.186689988 0.075195782 -0.071209520 -0.976945043
1413394985405760512.000000 -0.842049122 2.405559301 -1.949878812 -0.171886161 -0.071957782 0.098962665 0.977488518
1413394985505760512.000000 -0.786381960 2.423730135 -1.870708108 -0.158566952 -0.071902663 0.126623452 0.976551592
1413394985605760512.000000 -0.712213695 2.452573538 -1.791485310 -0.156794444 -0.068877764 0.122667708 0.977560222
1413394985705760512.000000 -0.634379983 2.488478422 -1.710611105 -0.162000448 -0.071295716 0.097647913 0.979355812
1413394985805760512.000000 -0.565359116 2.525471687 -1.624928951 -0.167603865 -0.073685184 0.073876195 0.980317235
1413394985905760512.000000 -0.512547135 2.556947470 -1.531995058 -0.171315491 -0.074569739 0.060820304 0.980505645
1413394986005760512.000000 -0.469865859 2.583276749 -1.431856632 -0.173522800 -0.074354202 0.056885418 0.980370045
1413394986105760512.000000 -0.429855853 2.603130817 -1.326542616 -0.175510257 -0.072759360 0.056499474 0.980158210
1413394986205760512.000000 -0.386894286 2.616360903 -1.216793060 -0.172570601 -0.068592303 0.075072229 0.979734004
1413394986305760512.000000 -0.338250250 2.626410961 -1.104243040 -0.167105645 -0.063973866 0.101089530 0.978654206
1413394986405760512.000000 -0.283013821 2.639800072 -0.989967227 -0.163991466 -0.061563779 0.116735265 0.977593780
1413394986505760512.000000 -0.224994242 2.655614376 -0.879143655 -0.165624097 -0.060692281 0.116244741 0.977431476
1413394986605760512.000000 -0.160209462 2.676733971 -0.768556416 -0.171740413 -0.063819513 0.098734282 0.978102207
1413394986705760512.000000 -0.094276145 2.700816393 -0.653353214 -0.177718431 -0.070186451 0.076717533 0.978572726
1413394986805760512.000000 -0.031742916 2.717677355 -0.534661889 -0.182627991 -0.070373356 0.061387215 0.978737056
1413394986905760512.000000 0.035461795 2.729836464 -0.411601603 -0.182755068 -0.063395038 0.065481476 0.978924870
1413394987005760512.000000 0.098918349 2.735999823 -0.286063790 -0.179687500 -0.052633647 0.082060106 0.978881121
1413394987105760512.000000 0.149024561 2.737287521 -0.159651846 -0.174792022 -0.045197263 0.103588924 0.978097320
1413394987205760512.000000 0.186807528 2.738489866 -0.032607242 -0.172125012 -0.039715070 0.116575621 0.977346361
1413394987305760512.000000 0.217725754 2.742365837 0.092158191 -0.176565573 -0.034323119 0.107270479 0.977823913
1413394987405760512.000000 0.246629030 2.745897055 0.210666329 -0.186219513 -0.030714592 0.078245342 0.978905857
1413394987505760512.000000 0.272958815 2.745455503 0.329636008 -0.193872079 -0.027082566 0.055061009 0.979106009
1413394987605760512.000000 0.309606224 2.734071970 0.434028804 -0.196964458 -0.020782052 0.043460257 0.979226410
1413394987705760512.000000 0.343946368 2.710051537 0.545182705 -0.199347556 -0.010227043 0.037056595 0.979174554
1413394987805760512.000000 0.385935068 2.674601316 0.634709120 -0.199515417 0.000855835 0.035518434 0.979250431
1413394987905760512.000000 0.423069179 2.624700308 0.739896476 -0.202298254 0.007467440 0.033110436 0.978735626
1413394988005760512.000000 0.470092207 2.558703423 0.819746256 -0.203457892 0.016193315 0.033579875 0.978373706
1413394988105760512.000000 0.518290222 2.478202581 0.887829423 -0.202381566 0.025694840 0.041388478 0.978094339
1413394988205760512.000000 0.565196216 2.384547710 0.943526626 -0.197173506 0.028720625 0.060807116 0.978059471
1413394988305760512.000000 0.609628558 2.282589436 0.985410690 -0.193802312 0.031142943 0.091234155 0.976292610
1413394988405760512.000000 0.644827604 2.178552628 1.013737321 -0.198746830 0.029737085 0.126527339 0.971394002
1413394988505760512.000000 0.667556286 2.078038931 1.028036833 -0.216219187 0.025220798 0.158240661 0.963105977
1413394988605760512.000000 0.691236973 1.975576282 1.012897134 -0.247607023 0.016641453 0.177752122 0.952269971
1413394988705760512.000000 0.681617975 1.899890780 1.013563514 -0.288352907 0.008376897 0.180692136 0.940283358
1413394988805760512.000000 0.675023317 1.819380641 0.988995254 -0.325230241 0.001835287 0.173255265 0.929626048
1413394988905760512.000000 0.660326958 1.739698648 0.957936108 -0.353968173 0.001298549 0.164066195 0.920753658
1413394989005760512.000000 0.638923883 1.658092737 0.919789374 -0.373544961 -0.004047531 0.151427791 0.915159822
1413394989105760512.000000 0.617175996 1.572430015 0.875697076 -0.385259390 -0.014975068 0.143679902 0.911431372
1413394989205760512.000000 0.597174764 1.482642770 0.828293741 -0.390090913 -0.025194867 0.141732216 0.909453869
1413394989305760512.000000 0.579865336 1.390611649 0.780427873 -0.389142573 -0.030207565 0.146189928 0.909001768
1413394989405760512.000000 0.566216826 1.293545127 0.729989290 -0.384576082 -0.031535950 0.154655188 0.909499049
1413394989505760512.000000 0.550788522 1.196090341 0.679015875 -0.379373610 -0.031301308 0.161916956 0.910427868
1413394989605760512.000000 0.528089404 1.098135114 0.627721548 -0.373474002 -0.031796075 0.169404566 0.911486864
1413394989705760512.000000 0.495579660 1.000963330 0.577635467 -0.362184525 -0.032814119 0.176295742 0.914694190
1413394989805760512.000000 0.453541756 0.905995250 0.529025257 -0.339640051 -0.034670629 0.182984784 0.921932340
1413394989905760512.000000 0.401867211 0.814557493 0.480339944 -0.306060344 -0.044250157 0.187417179 0.932332516
1413394990005760512.000000 0.341827273 0.727460742 0.427812040 -0.268145502 -0.053760741 0.173858821 0.946034372
1413394990105760512.000000 0.278567940 0.650142908 0.381628633 -0.228041723 -0.060381252 0.145180315 0.960871339
1413394990155760384.000000 0.246570781 0.615332723 0.361506402 -0.206804156 -0.063428000 0.129476398 0.967700779
1413394990205760512.000000 0.208695486 0.577751637 0.338147759 -0.184677556 -0.065982528 0.115220807 0.973788857
1413394990255760384.000000 0.174697191 0.546153069 0.320143878 -0.162271798 -0.068436019 0.099445574 0.979333997
1413394990355760384.000000 0.103558384 0.475137323 0.282269120 -0.117812909 -0.071080931 0.071265206 0.987921536
1413394990405760512.000000 0.071178623 0.445423901 0.268708676 -0.097024366 -0.074005455 0.059799109 0.990723729
1413394990455760384.000000 0.049314741 0.423478484 0.268730044 -0.079775244 -0.073820323 0.052550625 0.992685735
1413394990505760512.000000 0.019494068 0.394830644 0.259083807 -0.063630529 -0.075311080 0.047777366 0.993980289
1413394990555760384.000000 -0.011062379 0.358269185 0.244803071 -0.050019763 -0.075657435 0.046440993 0.994795084
1413394990605760512.000000 -0.038408525 0.330283463 0.238529727 -0.039091881 -0.077179439 0.046408955 0.995169044
1413394990655760384.000000 -0.066292226 0.293454826 0.226846561 -0.030529954 -0.078203045 0.046428978 0.995387673
1413394990705760512.000000 -0.090699047 0.265629709 0.224595696 -0.024818938 -0.078816839 0.045127660 0.995557904
1413394990755760384.000000 -0.116015092 0.229237795 0.216583371 -0.020869575 -0.078094631 0.046034709 0.995663881
1413394990805760512.000000 -0.137225986 0.201736957 0.219712287 -0.018496791 -0.078381367 0.045593344 0.995708585
1413394990855760384.000000 -0.160215467 0.165015727 0.213746756 -0.018036552 -0.077517174 0.045431804 0.995792031
1413394990905760512.000000 -0.177659035 0.137859777 0.221646965 -0.018345859 -0.077433549 0.045327257 0.995797694
1413394990955760384.000000 -0.196949631 0.102280483 0.219830975 -0.019495513 -0.077220805 0.046297625 0.995747685
1413394991005760512.000000 -0.210869461 0.075503074 0.231242254 -0.021579256 -0.076627523 0.046100549 0.995759666
1413394991055760384.000000 -0.225047335 0.045803599 0.234683886 -0.024147011 -0.077172391 0.046659239 0.995632648
1413394991105760512.000000 -0.235859185 0.018688109 0.249016345 -0.025731653 -0.076109417 0.050959412 0.995463967
1413394991155760384.000000 -0.248684421 -0.014076842 0.254242718 -0.027586605 -0.073666655 0.055229802 0.995370269
1413394991205760512.000000 -0.256639481 -0.040793490 0.271279722 -0.029804660 -0.071874253 0.059087679 0.995215833
1413394991255760384.000000 -0.267365366 -0.072003581 0.280103505 -0.033930648 -0.071771242 0.063793577 0.994800508
1413394991305760512.000000 -0.273645371 -0.097642533 0.298943669 -0.039618626 -0.071371943 0.068992414 0.994271934
1413394991355760384.000000 -0.282568693 -0.126037940 0.311055481 -0.047594082 -0.071498141 0.073925391 0.993558228
1413394991405760512.000000 -0.287312329 -0.150126800 0.331181854 -0.057313334 -0.071830876 0.079425730 0.992596149
1413394991455760384.000000 -0.289466798 -0.173514903 0.352214783 0.068471394 0.071523532 -0.084652379 -0.991478741
1413394991505760512.000000 -0.297326118 -0.197926939 0.365795076 -0.081244521 -0.070260793 0.089847937 0.990146518
1413394991555760384.000000 -0.299786270 -0.218599126 0.387476981 -0.094889507 -0.069795698 0.094887719 0.988494277
1413394991605760512.000000 -0.303849280 -0.238726810 0.406638086 -0.109284610 -0.068295479 0.098232001 0.986784279
1413394991655760384.000000 -0.304375678 -0.256578058 0.429499835 -0.123887524 -0.065353714 0.100281559 0.985050440
1413394991705760512.000000 -0.304360420 -0.274377644 0.452481091 0.139050126 0.060499467 -0.099649914 -0.983399630
1413394991755760384.000000 -0.303504288 -0.290447384 0.473598391 -0.152656108 -0.052161328 0.100017861 0.981820643
1413394991805760512.000000 -0.301993996 -0.306584358 0.497817606 -0.163846627 -0.044078194 0.101188287 0.980292022
1413394991855760384.000000 -0.300174385 -0.321311504 0.520097375 -0.172890246 -0.034790434 0.103966631 0.978820503
1413394991905760512.000000 -0.298266888 -0.337258458 0.543345034 -0.179596424 -0.028046055 0.107448898 0.977452517
1413394991955760384.000000 -0.296255052 -0.352713287 0.565167248 0.185408667 0.022568326 -0.110923529 -0.976120055
1413394992005760512.000000 -0.299353093 -0.366578996 0.585282147 -0.191453785 -0.018423138 0.116389610 0.974402130
1413394992055760384.000000 -0.298909009 -0.381359667 0.605078936 -0.196265042 -0.018434819 0.124118358 0.972488999
1413394992105760512.000000 -0.298619479 -0.395188361 0.623067796 -0.201505333 -0.018958328 0.132279217 0.970329046
1413394992155760384.000000 -0.299151152 -0.406008482 0.638426244 -0.206519067 -0.021750875 0.142582625 0.967753589
1413394992205760512.000000 -0.299257189 -0.417286962 0.652848184 -0.212888554 -0.026502650 0.150253594 0.965090692
1413394992255760384.000000 -0.298654318 -0.426260769 0.664755940 0.220155731 0.030521320 -0.156517699 -0.962342024
1413394992305760512.000000 -0.301196426 -0.431320161 0.675319552 -0.229719505 -0.033233736 0.159561053 0.959512770
1413394992355760384.000000 -0.299457848 -0.435891718 0.684307456 -0.240662545 -0.036460340 0.159179553 0.956772745
1413394992405760512.000000 -0.296913356 -0.438345432 0.691957891 -0.252894342 -0.038583897 0.156623840 0.953952134
1413394992455760384.000000 -0.290419936 -0.437854052 0.695407271 -0.265399218 -0.042657439 0.150568366 0.951353133
1413394992505760512.000000 -0.286871821 -0.437688649 0.701224685 -0.278376460 -0.047747053 0.140794873 0.948895991
1413394992555760384.000000 -0.282829791 -0.436949253 0.706793070 -0.289985299 -0.051440284 0.130932897 0.946635723
1413394992605760512.000000 -0.286988348 -0.432289004 0.716386199 -0.299666047 -0.051673491 0.124377318 0.944489539
1413394992655760384.000000 -0.281743318 -0.432395458 0.722292423 -0.305481464 -0.048970267 0.124046020 0.942812622
1413394992705760512.000000 -0.276257217 -0.433186114 0.728529871 -0.309737116 -0.045312867 0.125004321 0.941479504
1413394992755760384.000000 -0.266528934 -0.432160854 0.734379828 -0.311949700 -0.042411163 0.131095827 0.940054595
1413394992805760512.000000 -0.261389166 -0.433729440 0.740436912 -0.314930320 -0.038707975 0.139064506 0.938073456
1413394992855760384.000000 -0.256456465 -0.435340494 0.746021032 -0.318517685 -0.036813043 0.146854430 0.935748458
1413394992905760512.000000 -0.254699439 -0.433839917 0.749283135 -0.321195334 -0.035003379 0.155080780 0.933572888
1413394992955760384.000000 -0.251222372 -0.435148925 0.753495097 -0.324063748 -0.035219561 0.159976974 0.931745529
1413394993005760512.000000 -0.249683097 -0.436061144 0.757588029 -0.326777250 -0.035702430 0.163684323 0.930134118
1413394993055760384.000000 -0.266918212 -0.432943553 0.770904422 -0.330602139 -0.034855042 0.164570779 0.928656995
1413394993105760512.000000 -0.270912379 -0.432996094 0.775093198 -0.333711684 -0.037199393 0.161724910 0.927953541
1413394993155760384.000000 -0.277923912 -0.432840854 0.779557049 -0.336522788 -0.040302612 0.158539638 0.927358270
1413394993205760512.000000 -0.292883903 -0.429246455 0.787423015 -0.338353038 -0.042828303 0.155122757 0.927156866
1413394993255760384.000000 -0.304704517 -0.428996325 0.792584777 -0.340631694 -0.045743052 0.150020793 0.927022874
1413394993305760512.000000 -0.318166435 -0.428580672 0.798218668 -0.342900574 -0.048473649 0.143649846 0.927056789
1413394993355760384.000000 -0.332492262 -0.428330213 0.802896261 0.344034255 0.050803952 -0.138296843 -0.927325964
1413394993405760512.000000 -0.351031125 -0.425261319 0.811572671 -0.345178097 -0.053320974 0.132471904 0.927609980
1413394993455760384.000000 -0.364527881 -0.426267385 0.817865491 -0.345887274 -0.054913163 0.128291950 0.927840412
1413394993505760512.000000 -0.377358496 -0.428046703 0.824746490 -0.346068710 -0.056606513 0.124509953 0.928186178
1413394993555760384.000000 -0.394041777 -0.426944584 0.836662054 -0.345905960 -0.056141272 0.122274362 0.928572178
1413394993605760512.000000 -0.405757278 -0.430736601 0.845173538 -0.345298588 -0.056069307 0.122369312 0.928790033
1413394993655760384.000000 -0.417479903 -0.435240626 0.854208648 -0.345230043 -0.055966094 0.124420263 0.928549230
1413394993705760512.000000 -0.427904099 -0.437809467 0.859759569 -0.345559388 -0.055009112 0.129106939 0.927843809
1413394993755760384.000000 -0.441127121 -0.443816543 0.869932771 -0.348486185 -0.052240334 0.135662571 0.925971925
1413394993805760512.000000 -0.456341088 -0.450118870 0.880526602 -0.353170395 -0.050800219 0.143809855 0.923043191
1413394993855760384.000000 -0.472626388 -0.452519357 0.890161097 -0.360300809 -0.048979960 0.151535735 0.919141650
1413394993905760512.000000 -0.492439717 -0.458834708 0.901727617 -0.368596852 -0.047013018 0.161540210 0.914237916
1413394993955760384.000000 -0.513766468 -0.464787900 0.913029492 -0.378643483 -0.044758532 0.170904592 0.908524871
1413394994005760512.000000 -0.540196776 -0.461963385 0.935290396 -0.390308321 -0.040397603 0.182163849 0.901578546
1413394994055760384.000000 -0.561807156 -0.466619104 0.944703460 -0.402600348 -0.038165104 0.190627128 0.894492984
1413394994105760512.000000 -0.579497039 -0.477363825 0.940337539 0.415117502 0.038876768 -0.195478916 -0.887667775
1413394994155760384.000000 -0.597216606 -0.466956019 0.957922101 -0.430354983 -0.035138413 0.201339185 0.879216969
1413394994205760512.000000 -0.612208247 -0.468733132 0.960423887 -0.446043342 -0.034341633 0.203315899 0.870935559
1413394994305760512.000000 -0.633338213 -0.462777168 0.959732056 -0.478497803 -0.036575243 0.203417987 0.853418589
1413394994405760512.000000 -0.654056132 -0.465942651 0.952168226 -0.510236144 -0.047188368 0.197601631 0.835694849
1413394994505760512.000000 -0.656061590 -0.454788327 0.943141878 -0.535891771 -0.056382563 0.188795269 0.820973456
1413394994605760512.000000 -0.654485047 -0.458635509 0.934210837 0.553268015 0.061765593 -0.183523327 -0.810184419
1413394994705760512.000000 -0.636276186 -0.448219955 0.925743401 -0.563385487 -0.065114051 0.179394990 0.803849757
1413394994805760512.000000 -0.612219632 -0.456160784 0.925794184 0.570127070 0.060884386 -0.176217735 -0.800122261
1413394994905760512.000000 -0.593491793 -0.457374215 0.944105506 -0.572861493 -0.052072056 0.178339079 0.798319161
1413394995005760512.000000 -0.574516952 -0.476194978 0.956974268 -0.571276486 -0.046177100 0.182253033 0.798933506
1413394995105760512.000000 -0.579465747 -0.485185504 0.981883764 -0.566075087 -0.034577619 0.195030913 0.800203979
1413394995205760512.000000 -0.596805632 -0.513747990 1.006964922 -0.557927012 -0.030126091 0.214243189 0.801192760
1413394995305760512.000000 -0.634245336 -0.530733824 1.035970211 -0.551157355 -0.043090597 0.227845535 0.801533043
1413394995405760512.000000 -0.667016327 -0.551945031 1.057804465 0.546994686 0.058880638 -0.234542504 -0.801448584
1413394995505760512.000000 -0.704257607 -0.562879562 1.079780579 -0.546309412 -0.068482511 0.234052911 0.801296115
1413394995605760512.000000 -0.738126159 -0.567468762 1.099862814 -0.547324896 -0.071416922 0.230902985 0.801260889
1413394995705760512.000000 -0.766416311 -0.566059053 1.118571043 0.550143719 0.062386744 -0.222793639 -0.802379489
1413394995805760512.000000 -0.781967819 -0.569683790 1.127524137 0.552570045 0.049441829 -0.215722889 -0.803545594
1413394995905760512.000000 -0.791013837 -0.562836766 1.131728411 0.553076506 0.042473640 -0.212535009 -0.804444730
1413394996005760512.000000 -0.823296010 -0.558911681 1.148993134 0.557665169 0.045558494 -0.206115231 -0.802776754
1413394996105760512.000000 -0.799094558 -0.563576162 1.145786166 0.560561419 0.035010282 -0.198942497 -0.803098500
1413394996205760512.000000 -0.801307559 -0.570456803 1.143218994 0.550896525 0.041308217 -0.219386429 -0.804161906
1413394996305760512.000000 -0.791106641 -0.574422657 1.148014069 0.556862414 0.037277475 -0.192197099 -0.807201982
1413394996405760512.000000 -0.787886322 -0.572574079 1.147871733 0.555837929 0.039627414 -0.195116520 -0.807095706
1413394996505760512.000000 -0.778566658 -0.570694804 1.150120139 0.556005359 0.045142420 -0.193458110 -0.807089984
1413394996605760512.000000 -0.770097136 -0.569371045 1.150981307 0.556356132 0.040787555 -0.192387849 -0.807335913
1413394996705760512.000000 -0.762250841 -0.567184031 1.153673887 0.555797458 0.042883154 -0.194020391 -0.807221353
1413394996805760512.000000 -0.753211737 -0.564942658 1.156125307 0.556038558 0.041813005 -0.193401873 -0.807259858
1413394996905760512.000000 -0.744347572 -0.560859025 1.158399820 0.555897951 0.041963961 -0.193772450 -0.807260036
1413394997005760512.000000 -0.735299408 -0.555384636 1.160514235 0.555736363 0.041964639 -0.193995088 -0.807317853
1413394997105760512.000000 -0.726046622 -0.548532069 1.162509441 0.555755198 0.041832376 -0.193999514 -0.807310700
1413394997205760512.000000 -0.716809213 -0.540010929 1.164372325 0.555612266 0.042164437 -0.194405451 -0.807294071
1413394997305760512.000000 -0.707395673 -0.530171812 1.165921450 0.555488706 0.042041827 -0.194428429 -0.807380021
1413394997405760512.000000 -0.697876692 -0.518783510 1.167400599 0.555468202 0.042104501 -0.194523960 -0.807367861
1413394997505760512.000000 -0.688090205 -0.505984962 1.168814778 0.555451214 0.042215683 -0.194540128 -0.807369769
1413394997605760512.000000 -0.678052902 -0.491565764 1.170238972 0.555395305 0.042281829 -0.194611773 -0.807387471
1413394997705760512.000000 -0.667909265 -0.475978434 1.171921253 0.555319965 0.042422716 -0.194731459 -0.807403088
1413394997805760512.000000 -0.658225834 -0.459489584 1.173864126 0.555361688 0.042413980 -0.194768727 -0.807365835
1413394997905760512.000000 -0.648027897 -0.440818429 1.175164580 0.555296063 0.042528909 -0.194915682 -0.807369530
1413394998005760512.000000 -0.637575388 -0.420638561 1.176307559 0.555262804 0.042557757 -0.195041031 -0.807360649
1413394998105760512.000000 -0.626145065 -0.397850156 1.179118514 0.555192173 0.042583987 -0.195113093 -0.807390332
1413394998205760512.000000 -0.616437614 -0.373566985 1.180135608 0.555126429 0.042477686 -0.195122734 -0.807438791
1413394998305760512.000000 -0.607079685 -0.348293006 1.182162046 0.555081904 0.042460766 -0.195211902 -0.807448745
