1413393271105760512.000000 0.562524557 -0.042314574 0.638738632 -0.154622003 0.794124484 -0.031808320 0.586895704
1413393271405760512.000000 0.660317063 -0.097284213 0.604212224 -0.168882459 0.801370025 -0.020542257 0.573465705
1413393271705760512.000000 0.749698520 -0.216267139 0.625069857 -0.162181139 0.809363961 0.024910072 0.563920975
1413393274055760384.000000 0.023169084 -0.062590599 -0.067975737 -0.053596552 -0.009834928 0.029577481 0.998076081
1413393274105760512.000000 -0.003981363 -0.008464492 -0.052422483 -0.049959876 -0.002740628 0.036365382 0.998085260
1413393274155760384.000000 -0.004324261 -0.008871693 -0.059884302 -0.058167443 -0.001216149 0.042035379 0.997420788
1413393274205760512.000000 -0.004325555 -0.010954718 -0.067773327 -0.066644020 0.000388074 0.047503468 0.996645272
1413393274255760384.000000 -0.002714366 -0.003485065 -0.074795015 -0.072574914 -0.000387383 0.054402724 0.995878100
1413393274305760512.000000 0.058336604 -0.112013258 -0.132751390 -0.106691308 -0.010273970 0.054506063 0.992743969
1413393274355760384.000000 -0.004604618 -0.011213900 -0.093988106 -0.091936477 0.003591001 0.060482733 0.993919849
1413393274405760512.000000 -0.004845511 -0.010945200 -0.097938605 -0.101060838 0.004826210 0.063844010 0.992817938
1413393274455760384.000000 0.059769042 -0.107227162 -0.152118966 -0.131490350 -0.006636273 0.066805832 0.989041567
1413393274505760512.000000 0.059433173 -0.106213942 -0.156853944 -0.140804023 -0.004547474 0.070963025 0.987480521
1413393274555760384.000000 0.058563530 -0.118341096 -0.163876668 -0.154414326 -0.003815129 0.073059142 0.985293925
1413393274605760512.000000 0.084869295 -0.147226602 -0.197963938 -0.171399251 -0.008008328 0.076714359 0.982177734
1413393274655760384.000000 0.058124684 -0.125371650 -0.173530772 -0.177371040 -0.004257973 0.079796664 0.980894446
1413393274705760512.000000 0.055769932 -0.124746911 -0.175882906 -0.188246205 -0.003927310 0.083272800 0.978577375
1413393274755760384.000000 0.081548929 -0.152069673 -0.208869293 -0.204814360 -0.007873723 0.083758317 0.975178838
1413393274805760512.000000 0.056937654 -0.129408360 -0.182414368 -0.212565199 -0.003054654 0.083645247 0.973555446
1413393274855760384.000000 0.058789499 -0.127314210 -0.184988678 -0.223267913 -0.002672333 0.084056228 0.971122444
1413393274905760512.000000 0.049124632 -0.158249393 -0.238357395 -0.240200758 0.001809085 0.084088400 0.967072666
1413393274955760384.000000 0.079247139 -0.166586876 -0.216851622 -0.256610483 0.000039847 0.082400665 0.962996006
1413393275005760512.000000 0.077035502 -0.173298091 -0.214286253 -0.272138774 0.003376309 0.084050044 0.958574355
1413393275055760384.000000 0.047561307 -0.163191333 -0.245517015 -0.273281366 0.006258779 0.087696448 0.957907915
1413393275105760512.000000 0.048758052 -0.167821586 -0.248080865 -0.285234213 0.006209205 0.089802161 0.954221368
1413393275155760384.000000 0.046489507 -0.168792516 -0.250680506 -0.295377791 0.006856020 0.093635440 0.950756192
1413393275205760512.000000 0.020954711 -0.169546306 -0.285471648 -0.300809324 0.010612994 0.099034831 0.948468924
1413393275255760384.000000 0.042150654 -0.177519515 -0.257193208 -0.317020029 0.007511663 0.103271991 0.942749619
1413393275305760512.000000 0.040085867 -0.183673099 -0.257151544 -0.330257624 0.006417021 0.107855476 0.937686563
1413393275355760384.000000 0.035541710 -0.176955223 -0.263859868 -0.335780084 0.007079792 0.114624873 0.934913278
1413393275405760512.000000 0.063546471 -0.187221333 -0.244345754 -0.352276593 0.003602706 0.118607610 0.928342879
1413393275455760384.000000 0.000042696 -0.189704984 -0.339291096 -0.351683021 0.008034335 0.126328960 0.927521229
1413393275505760512.000000 0.032287229 -0.188264757 -0.276418954 -0.369433790 0.006556447 0.130402163 0.920038640
1413393275555760384.000000 0.007749343 -0.183457717 -0.317992359 -0.371988267 0.009081016 0.133805424 0.918497920
1413393275605760512.000000 0.026403327 -0.197067603 -0.285267800 -0.392231286 0.010355330 0.139468476 0.909173310
1413393275655760384.000000 0.025626058 -0.197040677 -0.290274650 -0.401365936 0.010723932 0.143457294 0.904549897
1413393275705760512.000000 -0.010751966 -0.206439629 -0.415259004 -0.402558684 0.011090667 0.147795290 0.903316200
1413393275755760384.000000 -0.005460784 -0.204515517 -0.369067371 -0.415153146 0.008275556 0.153239474 0.896714628
1413393275805760512.000000 -0.007974628 -0.206434935 -0.426617086 -0.419056416 -0.000497163 0.158903524 0.893947005
1413393275855760384.000000 -0.005172081 -0.215397626 -0.426712632 -0.429696143 -0.007555722 0.167186022 0.887329161
1413393275905760512.000000 -0.006878383 -0.217611581 -0.432323933 -0.433920562 -0.012852862 0.176229283 0.883454025
1413393275955760384.000000 -0.015941635 -0.216341972 -0.496859729 -0.432265520 -0.015644766 0.181437626 0.883166015
1413393276005760512.000000 -0.014223464 -0.220707119 -0.440695107 -0.440838724 -0.018434517 0.186478198 0.877808273
1413393276055760384.000000 -0.006444894 -0.219780385 -0.446119666 -0.444727004 -0.023190450 0.186825305 0.875657737
1413393276105760512.000000 -0.006681971 -0.215282142 -0.455612987 -0.447554737 -0.021103026 0.176696226 0.876372039
1413393276155760384.000000 -0.009711921 -0.214410305 -0.517309427 -0.449607760 -0.017239364 0.164475471 0.877783358
1413393276205760512.000000 -0.005074620 -0.192088902 -0.570766985 -0.452088803 -0.013854017 0.153259724 0.878598511
1413393276255760384.000000 -0.012319148 -0.211525619 -0.523228288 -0.457949817 -0.009735039 0.141554013 0.877581775
1413393276305760512.000000 -0.010046564 -0.210593015 -0.527782917 -0.459625423 -0.008358979 0.135612145 0.877658308
1413393276355760384.000000 -0.001856998 -0.192044377 -0.579325140 0.455444217 0.009348711 -0.134210512 -0.880040228
1413393276405760512.000000 0.005258676 -0.164660022 -0.622212470 -0.454019070 -0.009639384 0.133695856 0.880851448
1413393276455760384.000000 -0.000928748 -0.181708634 -0.586619258 0.453303397 0.008840927 -0.135262802 -0.880989194
1413393276505760512.000000 -0.003969371 -0.180300713 -0.588921905 0.450663269 0.008821053 -0.139018252 -0.881758869
1413393276555760384.000000 -0.007860087 -0.178564325 -0.589881122 0.447397888 0.009394296 -0.145072937 -0.882440269
1413393276605760512.000000 -0.017287493 -0.159620136 -0.628033638 0.442645073 0.010241532 -0.150590926 -0.883902133
1413393276655760384.000000 -0.021998622 -0.155918762 -0.631871760 0.440910041 0.010445614 -0.154550850 -0.884083331
1413393276705760512.000000 -0.030695990 -0.138424397 -0.651864529 -0.437034547 -0.011786895 0.158323765 0.885322273
1413393276755760384.000000 -0.035808146 -0.161876500 -0.612359881 0.438485414 0.012121317 -0.158584833 -0.884553313
1413393276805760512.000000 -0.039520770 -0.157431066 -0.614298582 0.437525392 0.011394165 -0.159750015 -0.884828687
1413393276855760384.000000 -0.042758979 -0.125749707 -0.656545520 -0.435007542 -0.012976994 0.159834057 0.886032283
1413393276905760512.000000 -0.051496185 -0.112626567 -0.661460161 -0.434385896 -0.013181884 0.159214228 0.886445701
1413393276955760384.000000 -0.053220555 -0.114262581 -0.659563065 0.434595883 0.012442727 -0.157916844 -0.886585534
1413393277005760512.000000 -0.056981213 -0.099198557 -0.664553523 -0.434727281 -0.012675748 0.157693848 0.886557519
1413393277055760384.000000 -0.059000298 -0.091575764 -0.665744722 -0.434981912 -0.012539000 0.157301724 0.886504173
1413393277105760512.000000 -0.061987892 -0.081783988 -0.667339802 0.435070634 0.012705718 -0.156801760 -0.886546910
1413393277155760384.000000 -0.065069973 -0.062566742 -0.669318676 -0.435470849 -0.011436358 0.156439990 0.886431575
1413393277205760512.000000 -0.063527033 -0.063749373 -0.669449687 0.436280102 0.009300251 -0.155627996 -0.886201560
1413393277255760384.000000 -0.063039660 -0.054052860 -0.670518398 0.437032163 0.006954740 -0.153738037 -0.886182368
1413393277305760512.000000 -0.064051561 -0.033808857 -0.672626257 -0.437869072 -0.005935553 0.152351096 0.886016190
1413393277355760384.000000 -0.062735982 -0.023753941 -0.674512625 0.439387858 0.005541327 -0.150377452 -0.885603964
1413393277405760512.000000 -0.064348012 -0.000552297 -0.678826928 -0.439304769 -0.005763266 0.149148405 0.885851502
1413393277455760384.000000 -0.059418570 -0.003837556 -0.677078247 0.440648168 0.006111384 -0.149258256 -0.885163248
1413393277505760512.000000 -0.060168922 0.019340858 -0.681062460 -0.440750599 -0.007338868 0.147988573 0.885316074
1413393277555760384.000000 -0.057207894 0.029092178 -0.681669116 -0.440749258 -0.006600693 0.148604080 0.885219455
1413393277605760512.000000 -0.053388573 0.038867369 -0.683450818 0.441322893 0.002360305 -0.149304911 -0.884837091
1413393277655760384.000000 -0.050821904 0.048348010 -0.683906972 0.441809446 -0.000582656 -0.151074722 -0.884296656
1413393277705760512.000000 -0.049608674 0.058056116 -0.683868051 0.443281829 -0.005209140 -0.153758749 -0.883081257
1413393277755760384.000000 -0.050275218 0.068218380 -0.683420300 0.446718186 -0.009628626 -0.155772343 -0.880957007
1413393277805760512.000000 -0.052877143 0.078285724 -0.682732642 0.450838804 -0.013043741 -0.158315092 -0.878356755
1413393277855760384.000000 -0.057997834 0.088274777 -0.681922197 0.456084579 -0.015253711 -0.160733446 -0.875167966
1413393277905760512.000000 -0.067371994 0.118535310 -0.677490711 -0.462802291 0.018119307 0.162232026 0.871301651
1413393277955760384.000000 -0.073745541 0.107607007 -0.681811094 0.470018625 -0.021302039 -0.164192513 -0.866988838
1413393278005760512.000000 -0.084041558 0.137253553 -0.679537058 -0.478155106 0.024613138 0.167300448 0.861842513
1413393278055760384.000000 -0.092228599 0.145865619 -0.682339787 -0.486573070 0.024754157 0.171308294 0.856321931
1413393278105760512.000000 -0.100019798 0.153937101 -0.686493814 -0.495814145 0.021962292 0.175408468 0.850245774
1413393278155760384.000000 -0.109226003 0.174621969 -0.700443447 -0.504679263 0.019619191 0.179519415 0.844207764
1413393278205760512.000000 -0.112176299 0.163352937 -0.703879356 0.514690280 -0.017572695 -0.184448704 -0.837116361
1413393278255760384.000000 -0.122043431 0.187178791 -0.716778517 -0.523474634 0.014731093 0.190248728 0.830399215
1413393278305760512.000000 -0.128082141 0.193537146 -0.726040900 -0.530971587 0.013999798 0.199655056 0.823414326
1413393278355760384.000000 -0.133531898 0.199898303 -0.735990763 -0.536763072 0.013597423 0.209159598 0.817283809
1413393278405760512.000000 -0.138598308 0.206959724 -0.746626258 -0.541145384 0.013515904 0.219098479 0.811772645
1413393278455760384.000000 -0.144696265 0.230173171 -0.765610933 -0.544481635 0.012565706 0.228197500 0.807036400
1413393278505760512.000000 -0.150098592 0.221576154 -0.774064958 0.547187388 -0.012315099 -0.235143006 -0.803207397
1413393278555760384.000000 -0.153838009 0.248339534 -0.792838693 -0.548943281 0.011227570 0.241287246 0.800197303
1413393278605760512.000000 -0.158219710 0.259339690 -0.809162259 -0.550919712 0.011600131 0.244939953 0.797720075
1413393278655760384.000000 -0.165177211 0.283433080 -0.835180700 -0.552690804 0.010004980 0.245890796 0.796222687
1413393278705760512.000000 -0.172176078 0.285608351 -0.849511147 0.556513488 -0.008073703 -0.240467936 -0.795237601
1413393278755760384.000000 -0.175956681 0.300797999 -0.871493697 0.561849892 -0.004462164 -0.227861762 -0.795225680
1413393278805760512.000000 -0.179902971 0.316650510 -0.894449353 0.566905081 -0.002510704 -0.214858264 -0.795266211
1413393278855760384.000000 -0.180434674 0.345226586 -0.923282743 -0.570674598 -0.000940247 0.203505546 0.795559704
1413393278905760512.000000 -0.182692736 0.362044871 -0.946595252 -0.573101580 -0.003631987 0.195101872 0.795912504
1413393278955760384.000000 -0.188935697 0.367794216 -0.965636313 0.575060606 0.006212191 -0.189663261 -0.795798063
1413393279005760512.000000 -0.189181387 0.419617712 -1.008745551 -0.575103402 -0.008963924 0.185547397 0.796710610
1413393279055760384.000000 -0.191024080 0.410488069 -1.016961336 0.574711978 0.010099675 -0.183759496 -0.797393680
1413393279105760512.000000 -0.191732764 0.415402234 -1.032279611 0.574295104 0.012372921 -0.182846993 -0.797871649
1413393279155760384.000000 -0.193375394 0.466519892 -1.072908401 -0.572724104 -0.013747914 0.182680145 0.799015760
1413393279205760512.000000 -0.197493061 0.481856942 -1.091622949 -0.571548522 -0.016084792 0.182163700 0.799931288
1413393279255760384.000000 -0.203817979 0.497344732 -1.108495593 -0.569891095 -0.018794728 0.183129922 0.800833523
1413393279305760512.000000 -0.212113783 0.512559235 -1.123702168 -0.568046212 -0.021471342 0.184899554 0.801669955
1413393279355760384.000000 -0.222976804 0.521471858 -1.129426360 0.565706372 0.025173819 -0.187500283 -0.802612185
1413393279405760512.000000 -0.235937014 0.542479932 -1.147311211 0.563246548 0.029466132 -0.190083683 -0.803587794
1413393279455760384.000000 -0.242653623 0.560087621 -1.160810828 0.561942875 0.031080915 -0.190272108 -0.804394603
1413393279505760512.000000 -0.255843431 0.607314706 -1.190448284 -0.560334325 -0.032020733 0.189760551 0.805599868
1413393279555760384.000000 -0.253139585 0.594776332 -1.180584550 0.560126722 0.030255619 -0.188461304 -0.806117237
1413393279605760512.000000 -0.256686866 0.612816870 -1.190439105 0.559777260 0.027842836 -0.185012862 -0.807244956
1413393279655760384.000000 -0.259456664 0.631094337 -1.198998451 0.559755743 0.024285311 -0.181328461 -0.808210194
1413393279705760512.000000 -0.268699676 0.681949198 -1.227957964 -0.558404803 -0.022424143 0.178473800 0.809832335
1413393279755760384.000000 -0.271184474 0.700959742 -1.234603524 -0.558146119 -0.019353332 0.176248148 0.810576975
1413393279805760512.000000 -0.274388880 0.719256222 -1.239917159 -0.557735741 -0.015893888 0.174655333 0.811279118
1413393279855760384.000000 -0.283977270 0.752172828 -1.250900388 -0.556095600 -0.012368807 0.173221782 0.812772453
1413393279905760512.000000 -0.283837974 0.766458035 -1.253447533 0.555790305 0.009416154 -0.173058704 -0.813055515
1413393279955760384.000000 -0.292151153 0.789900422 -1.258494139 -0.554656565 -0.005612253 0.172618851 0.813957930
1413393280005760512.000000 -0.295354545 0.807707727 -1.261401772 -0.552926779 -0.003901958 0.173390597 0.814980149
1413393280055760384.000000 -0.297835469 0.824356437 -1.264084101 -0.551593840 -0.002612666 0.174280167 0.815698445
1413393280105760512.000000 -0.299810678 0.840073466 -1.266126275 -0.549049199 0.000092240 0.176868409 0.816861451
1413393280155760384.000000 -0.297863901 0.854293227 -1.273418427 0.546401322 -0.003641947 -0.180003479 -0.817943275
1413393280205760512.000000 -0.299079776 0.875341892 -1.274665475 -0.543456674 0.007815179 0.182726339 0.819270968
1413393280255760384.000000 -0.297731638 0.881574631 -1.279399872 0.540503025 -0.009612509 -0.186579630 -0.820336640
1413393280305760512.000000 -0.298279732 0.901931643 -1.281643391 -0.538539231 0.011904084 0.187836230 0.821310818
1413393280355760384.000000 -0.296913505 0.914872050 -1.286400914 -0.536546230 0.015385570 0.189225152 0.822237968
1413393280405760512.000000 -0.295098662 0.927327514 -1.292260408 -0.534868181 0.020631945 0.190585136 0.822902024
1413393280455760384.000000 -0.292036116 0.936460376 -1.300578713 0.532526970 -0.026093006 -0.194575250 -0.823331475
1413393280505760512.000000 -0.290105760 0.947391748 -1.309087038 0.529855371 -0.029085614 -0.197495982 -0.824258924
1413393280555760384.000000 -0.291554481 0.966176152 -1.318566442 -0.527375758 0.026574412 0.201324672 0.825007319
1413393280605760512.000000 -0.292601287 0.968421936 -1.329410553 0.525424063 -0.025230905 -0.204746574 -0.825452566
1413393280655760384.000000 -0.298782676 0.986916661 -1.340351343 -0.522895157 0.023404524 0.208100781 0.826272964
1413393280705760512.000000 -0.306433499 0.997285485 -1.352586150 -0.521153510 0.022697462 0.211917728 0.826422930
1413393280755760384.000000 -0.319342375 1.012187362 -1.366227865 -0.518620372 0.023761570 0.216340572 0.826840460
1413393280805760512.000000 -0.329507440 1.001276255 -1.378815651 0.517113745 -0.022932198 -0.221144289 -0.826536596
1413393280855760384.000000 -0.344096839 1.026857734 -1.397576690 0.514862299 -0.020655582 -0.224848762 -0.827002525
1413393280905760512.000000 -0.360961080 1.045514703 -1.414550066 -0.513759851 0.019780319 0.225136340 0.827631176
1413393280955760384.000000 -0.374399304 1.059588313 -1.434736967 -0.513610482 0.017756123 0.223713800 0.828155220
1413393281005760512.000000 -0.385058284 1.076045752 -1.457442999 -0.515891433 0.012730516 0.218286544 0.828278303
1413393281055760384.000000 -0.393968046 1.095050097 -1.481108904 -0.518649399 0.006628762 0.209235370 0.828962862
1413393281105760512.000000 -0.397280574 1.104889393 -1.510332465 0.521739662 0.000194969 -0.202223226 -0.828790367
1413393281155760384.000000 -0.422135532 1.138161302 -1.531374216 -0.524718642 -0.003289886 0.194165915 0.828829944
1413393281205760512.000000 -0.415639222 1.151874304 -1.560145378 0.526235998 0.007441449 -0.189245701 -0.828979194
1413393281255760384.000000 -0.434517264 1.180246711 -1.582668066 -0.528569579 -0.009811979 0.183994383 0.828651905
1413393281305760512.000000 -0.438510925 1.201148987 -1.608236313 -0.530400395 -0.012027418 0.180253088 0.828275084
1413393281355760384.000000 -0.442586243 1.221532822 -1.632553339 -0.532004058 -0.013284818 0.177870438 0.827742279
1413393281405760512.000000 -0.445772946 1.242007256 -1.656322122 -0.533618689 -0.014330716 0.175260529 0.827242076
1413393281455760384.000000 -0.448251545 1.262529373 -1.679372311 -0.535042346 -0.014174633 0.175352171 0.826305270
1413393281505760512.000000 -0.450969815 1.283046722 -1.712552786 -0.536253273 -0.015272377 0.175446972 0.825480282
1413393281555760384.000000 -0.447024375 1.299971461 -1.730111718 0.537172318 0.015947144 -0.176354229 -0.824676216
1413393281605760512.000000 -0.467343956 1.320991158 -1.746909261 -0.538661659 -0.015570554 0.176200032 0.823744297
1413393281655760384.000000 -0.468632549 1.340642929 -1.766122580 -0.541060925 -0.013818361 0.174663216 0.822529554
1413393281705760512.000000 -0.469186664 1.359931111 -1.784461856 -0.542844772 -0.011104474 0.173905909 0.821555197
1413393281755760384.000000 -0.468645334 1.379025340 -1.802302480 -0.545593262 -0.008050593 0.171540767 0.820266485
1413393281805760512.000000 -0.467036664 1.397592664 -1.819332361 -0.548597157 -0.003331585 0.167808890 0.819066763
1413393281855760384.000000 -0.465140611 1.415371299 -1.835505009 -0.549793899 0.004108802 0.168451861 0.818128228
1413393281905760512.000000 -0.440172493 1.432926774 -1.866283894 0.552010775 -0.010049721 -0.169228151 -0.816422045
1413393281955760384.000000 -0.444586962 1.454681396 -1.886191249 -0.551559269 0.010877363 0.173171341 0.815889597
1413393282005760512.000000 -0.439732611 1.460949540 -1.896731615 0.552290916 -0.010013113 -0.177521989 -0.814469457
1413393282055760384.000000 -0.441550672 1.481890917 -1.917702436 -0.551263511 0.007342062 0.183325514 0.813908160
1413393282105760512.000000 -0.439445287 1.494487524 -1.933587670 -0.550167024 0.005973024 0.189717188 0.813196123
1413393282155760384.000000 -0.436688006 1.507076263 -1.949476242 -0.548701942 0.006215812 0.196984679 0.812455893
1413393282205760512.000000 -0.433261871 1.519674182 -1.965946913 -0.547324121 0.005500307 0.202265218 0.812092900
1413393282255760384.000000 -0.429618478 1.532792330 -1.983008742 -0.546179950 0.004936701 0.207026601 0.811666906
1413393282305760512.000000 -0.425145626 1.546689868 -2.000827789 -0.546143591 0.003981635 0.208342776 0.811359763
1413393282355760384.000000 -0.415104568 1.565775156 -2.022792816 -0.547501981 0.003132038 0.203938827 0.811566830
1413393282405760512.000000 -0.414649308 1.572110295 -2.039847851 0.549733222 -0.002464703 -0.198253244 -0.811469674
1413393282455760384.000000 -0.402864158 1.595776081 -2.061117411 -0.552121401 0.000447510 0.190213770 0.811776161
1413393282505760512.000000 -0.398439705 1.610736489 -2.079435110 -0.553481638 -0.001722385 0.184797928 0.812099040
1413393282555760384.000000 -0.395974338 1.625521660 -2.096534491 -0.554710388 -0.003016120 0.180020824 0.812329888
1413393282605760512.000000 -0.396063924 1.640417099 -2.111761332 -0.555810750 -0.003459504 0.175252765 0.812618613
1413393282655760384.000000 -0.398018658 1.655021071 -2.125416040 -0.556462288 -0.003170837 0.171361282 0.813003659
1413393282705760512.000000 -0.402923644 1.670698524 -2.140723467 -0.556100368 -0.002761593 0.168234318 0.813905418
1413393282755760384.000000 -0.407754183 1.677209973 -2.151570320 0.554613352 -0.000316365 -0.166883796 -0.815201700
1413393282805760512.000000 -0.411251068 1.694642305 -2.162083864 -0.550302207 0.004901554 0.166262269 0.818230093
1413393282855760384.000000 -0.414903998 1.704667807 -2.171450615 -0.544174373 0.008058875 0.167064071 0.822130680
1413393282905760512.000000 -0.418579042 1.713488936 -2.180360556 -0.537199795 0.006905185 0.168727487 0.826377451
1413393282955760384.000000 -0.421665490 1.721349597 -2.188940525 -0.529084086 0.003460881 0.169585586 0.831443787
1413393283005760512.000000 -0.424544215 1.728629231 -2.197181940 -0.520236850 -0.001455259 0.170874447 0.836751759
1413393283055760384.000000 -0.426257312 1.735713959 -2.205143690 -0.511045396 -0.007096093 0.170345381 0.842475355
1413393283105760512.000000 -0.427823722 1.736229897 -2.211857796 0.501571000 0.011448772 -0.169002533 -0.848371208
1413393283155760384.000000 -0.427744687 1.742622972 -2.219104290 0.492140293 0.014844425 -0.164718032 -0.854661107
1413393283205760512.000000 -0.426444650 1.758074760 -2.229221344 -0.481632113 -0.017873058 0.160098717 0.861440361
1413393283255760384.000000 -0.425159425 1.753676653 -2.229644299 0.472369015 0.020179773 -0.155318215 -0.867373407
1413393283305760512.000000 -0.424196213 1.771332741 -2.238776207 -0.461079419 -0.022188129 0.150358364 0.874245882
1413393283355760384.000000 -0.422424942 1.777710915 -2.241682768 -0.450329334 -0.023986442 0.145740360 0.880561173
1413393283405760512.000000 -0.420323253 1.784238696 -2.242717981 -0.438621998 -0.024423400 0.141321987 0.887154102
1413393283455760384.000000 -0.418892056 1.790958405 -2.242481709 -0.426982284 -0.024982905 0.137617886 0.893377483
1413393283505760512.000000 -0.418835461 1.797219634 -2.240687370 -0.414839566 -0.025189478 0.133878142 0.899639070
1413393283555760384.000000 -0.420419186 1.797268391 -2.239762306 0.402040631 0.023986002 -0.131312668 -0.905839443
1413393283605760512.000000 -0.423010409 1.810620785 -2.233625174 -0.389769495 -0.023513360 0.129158765 0.911506951
1413393283655760384.000000 -0.431061804 1.809158087 -2.227911472 0.378229409 0.021625146 -0.124927901 -0.916988552
1413393283705760512.000000 -0.437919796 1.822084904 -2.218759775 -0.365607232 -0.018750733 0.121284984 0.922642767
1413393283755760384.000000 -0.446967453 1.827646017 -2.209781647 -0.354493201 -0.015106653 0.115702838 0.927749574
1413393283805760512.000000 -0.456226736 1.832947731 -2.199629784 -0.342375904 -0.012072721 0.111269392 0.932873070
1413393283855760384.000000 -0.465215355 1.837831974 -2.189065695 -0.330427766 -0.010174000 0.105578594 0.937852442
1413393283905760512.000000 -0.473569304 1.842165351 -2.178305626 -0.318420023 -0.009689732 0.099988863 0.942611873
1413393283955760384.000000 -0.486226320 1.838840961 -2.168204069 0.305684716 0.010174156 -0.094488464 -0.947378159
1413393284005760512.000000 -0.489125222 1.853577375 -2.152296066 -0.291512370 -0.013449435 0.090375215 0.952193320
1413393284055760384.000000 -0.497923881 1.842917442 -2.146671534 0.278987795 0.014281867 -0.086292803 -0.956303060
1413393284105760512.000000 -0.500315726 1.855143666 -2.130168915 -0.264205128 -0.016496338 0.081447721 0.960879743
1413393284155760384.000000 -0.503918767 1.855088949 -2.118297338 -0.250167608 -0.016692217 0.076864287 0.965002358
1413393284205760512.000000 -0.506299555 1.855142355 -2.105715752 -0.236566260 -0.016748561 0.072126776 0.968789876
1413393284255760384.000000 -0.507300317 1.854511738 -2.092645645 -0.222333148 -0.016114533 0.065990128 0.972601533
1413393284305760512.000000 -0.507661700 1.853212237 -2.079219580 -0.207726538 -0.015472954 0.060858786 0.976169288
1413393284355760384.000000 -0.509826124 1.857858658 -2.062250376 -0.192370698 -0.013113811 0.055757601 0.979649246
1413393284405760512.000000 -0.510259449 1.842803121 -2.052517653 0.178244382 0.010725121 -0.050422851 -0.982635021
1413393284455760384.000000 -0.506720662 1.851459980 -2.034449816 -0.162115872 -0.008405766 0.044687431 0.985723615
1413393284505760512.000000 -0.505223691 1.846599221 -2.019976616 -0.146425053 -0.006302258 0.039528027 0.988411665
1413393284555760384.000000 -0.503570080 1.841106772 -2.005312443 -0.130372569 -0.006302855 0.034435824 0.990846872
1413393284605760512.000000 -0.501769960 1.834935427 -1.990945816 -0.114244707 -0.006105805 0.030037640 0.992979705
1413393284655760384.000000 -0.501567721 1.822311997 -1.978676200 0.096647814 0.007351774 -0.028542142 -0.994882226
1413393284705760512.000000 -0.499937326 1.822879553 -1.959842801 -0.077439710 -0.010304960 0.028578876 0.996534109
1413393284755760384.000000 -0.499644071 1.805617690 -1.951284409 0.059948560 0.012409084 -0.028811919 -0.997708440
1413393284805760512.000000 -0.497128457 1.806135535 -1.932473779 -0.040641237 -0.013971367 0.027502559 0.998697519
1413393284855760384.000000 -0.495428085 1.798475027 -1.918504000 -0.022187825 -0.015781961 0.024786253 0.999321938
1413393284905760512.000000 -0.493026644 1.791267395 -1.904734015 -0.004258364 -0.017085524 0.021236923 0.999619484
1413393284955760384.000000 -0.490167826 1.784494162 -1.890703082 0.013403600 -0.017752238 0.016406197 0.999617994
1413393285005760512.000000 -0.483965337 1.778506041 -1.870580912 0.032162603 -0.018208500 0.011963027 0.999245226
1413393285055760384.000000 -0.482594550 1.768582821 -1.862509489 -0.048724458 0.018704621 -0.006630734 -0.998615086
1413393285105760512.000000 -0.475871503 1.767312765 -1.841582060 0.066514499 -0.018714005 0.002339887 0.997607231
1413393285155760384.000000 -0.470829606 1.763052225 -1.826686621 0.083390556 -0.018120559 -0.003336093 0.996346653
1413393285205760512.000000 -0.465737969 1.760002732 -1.811562657 0.099917434 -0.018367853 -0.008301382 0.994791567
1413393285255760384.000000 -0.460360855 1.757035017 -1.795978308 0.116272420 -0.017727682 -0.013120168 0.992972434
1413393285305760512.000000 -0.454836935 1.755061865 -1.779935718 0.132464796 -0.017791729 -0.018741110 0.990850806
1413393285355760384.000000 -0.450135648 1.753097892 -1.763961315 -0.148157820 0.016904235 0.024119930 -0.988525093
1413393285405760512.000000 -0.439826250 1.755408525 -1.738853097 0.164216012 -0.016872780 -0.030503767 0.985808313
1413393285455760384.000000 -0.438111305 1.751858950 -1.730574965 0.178736150 -0.016718937 -0.036311802 0.983084619
1413393285505760512.000000 -0.427196056 1.755707502 -1.704825163 -0.194251806 0.016451806 0.042536572 -0.979890943
1413393285555760384.000000 -0.420383990 1.756877780 -1.687550426 -0.208903372 0.015307827 0.050118182 -0.976531208
1413393285605760512.000000 -0.413084656 1.758686662 -1.670097828 -0.223279566 0.013566515 0.057276372 -0.972975671
1413393285655760384.000000 -0.406148911 1.761318088 -1.652229905 0.237871796 -0.010522177 -0.064680710 0.969083488
1413393285705760512.000000 -0.395587504 1.767014980 -1.630338669 0.251625061 -0.007325092 -0.073463425 0.965004861
1413393285755760384.000000 -0.386651576 1.769281983 -1.613380313 0.263460189 -0.002917817 -0.084954835 0.960917771
1413393285805760512.000000 -0.377649903 1.771581769 -1.597205043 0.275263041 0.000302910 -0.094796531 0.956683755
1413393285855760384.000000 -0.368775100 1.773704529 -1.581725717 0.287151009 0.001323482 -0.100939743 0.952551246
1413393285905760512.000000 -0.360423148 1.775875211 -1.566712976 0.297971785 -0.000766899 -0.102294095 0.949077606
1413393285955760384.000000 -0.351913929 1.778111577 -1.552317619 0.307415605 -0.002692741 -0.103199184 0.945958912
1413393286005760512.000000 -0.343875706 1.780343413 -1.538282037 0.314705908 -0.004790617 -0.102585889 0.943617225
1413393286055760384.000000 -0.336066723 1.782607317 -1.524321675 0.320337683 -0.007946858 -0.101262942 0.941842079
1413393286105760512.000000 -0.324694157 1.787214994 -1.510162473 0.324592292 -0.010237923 -0.099201187 0.940581799
1413393286155760384.000000 -0.315883785 1.798532963 -1.491595268 0.327835768 -0.010980441 -0.097509816 0.939624906
1413393286205760512.000000 -0.307328761 1.801763535 -1.477560759 0.329192966 -0.011720342 -0.096253514 0.939270914
1413393286255760384.000000 -0.299403578 1.805548310 -1.463302851 0.329510450 -0.011062536 -0.095671304 0.939227104
1413393286305760512.000000 -0.293581009 1.810037017 -1.448439598 0.328806758 -0.011120110 -0.095127270 0.939528227
1413393286355760384.000000 -0.290109038 1.815051913 -1.433047771 0.326951206 -0.009941382 -0.096005395 0.940099478
1413393286405760512.000000 -0.288957983 1.820755243 -1.417329073 0.324617863 -0.008622900 -0.097078860 0.940810680
1413393286455760384.000000 -0.291157961 1.826941729 -1.400909662 0.321644902 -0.007160431 -0.098003052 0.941747665
1413393286505760512.000000 -0.288809866 1.837462068 -1.379016399 0.319356263 -0.006832938 -0.097630784 0.942567348
1413393286555760384.000000 -0.294916689 1.844290257 -1.362715602 0.316754371 -0.006706633 -0.096546471 0.943557382
1413393286605760512.000000 -0.300580502 1.851203322 -1.347029209 0.314565748 -0.008337231 -0.094893783 0.944443762
1413393286655760384.000000 -0.304456770 1.858240366 -1.331768990 0.311871171 -0.009134222 -0.094982110 0.945320785
1413393286705760512.000000 -0.305970579 1.865475774 -1.317282796 0.309014320 -0.009608411 -0.096225418 0.946128190
1413393286755760384.000000 -0.305456072 1.872522235 -1.303490758 0.305649430 -0.009505668 -0.099630639 0.946869493
1413393286805760512.000000 -0.302831531 1.879344225 -1.290086150 0.301760256 -0.008644444 -0.105323739 0.947508812
1413393286855760384.000000 -0.298633516 1.885169387 -1.277898312 0.298479229 -0.007717958 -0.111965016 0.947794557
1413393286905760512.000000 -0.307005316 1.890754104 -1.285069942 0.296912849 -0.005409711 -0.118665874 0.947487175
1413393286955760384.000000 -0.292147905 1.896474600 -1.262892246 0.297664374 -0.003671156 -0.124920800 0.946455181
1413393287005760512.000000 -0.283147782 1.902158141 -1.235176563 0.301080376 -0.002501229 -0.130215898 0.944662988
1413393287055760384.000000 -0.280324221 1.897739053 -1.245015383 0.304624856 -0.000842640 -0.133911863 0.943011522
1413393287105760512.000000 -0.271643937 1.899579287 -1.219578028 0.311553448 -0.000788212 -0.136747718 0.940337121
1413393287155760384.000000 -0.265659213 1.895675421 -1.213469982 0.319389760 -0.001715669 -0.138225809 0.937486470
1413393287205760512.000000 -0.259717584 1.890239358 -1.208634615 0.329191089 -0.004274499 -0.136509329 0.934334040
1413393287255760384.000000 -0.254325449 1.883166075 -1.204704881 0.341135591 -0.007615084 -0.133815587 0.930409610
1413393287305760512.000000 -0.248871282 1.876676321 -1.206300616 0.353890210 -0.009675995 -0.131152675 0.925995231
1413393287355760384.000000 -0.247134209 1.869171143 -1.195634961 0.368039757 -0.010392161 -0.128967762 0.920763910
1413393287405760512.000000 -0.240224689 1.859380007 -1.194638968 0.381972462 -0.010836353 -0.128071547 0.915192544
1413393287455760384.000000 -0.232757509 1.849134207 -1.193901777 0.395974725 -0.012141616 -0.128694192 0.909117460
1413393287505760512.000000 -0.225272149 1.838811398 -1.193222761 0.409687430 -0.013018871 -0.131577417 0.902593017
1413393287555760384.000000 -0.217898637 1.828506827 -1.192549825 0.423080713 -0.014394177 -0.135728911 0.895752847
1413393287605760512.000000 -0.210891664 1.818398595 -1.191760540 0.436950356 -0.016146831 -0.139756218 0.888415396
1413393287655760384.000000 -0.204484493 1.808589935 -1.190845370 0.450488091 -0.018325280 -0.143489704 0.880985498
1413393287705760512.000000 -0.197602630 1.798949838 -1.189762354 0.464559257 -0.019014001 -0.146205649 0.873182178
1413393287755760384.000000 -0.175574273 1.784196854 -1.200913668 0.477786779 -0.020504327 -0.148671716 0.865561187
1413393287805760512.000000 -0.170853704 1.774896979 -1.199080586 0.491055697 -0.021261992 -0.152326033 0.857443273
1413393287855760384.000000 -0.180152982 1.769126654 -1.185538054 0.506132603 -0.018725038 -0.153893843 0.848407865
1413393287905760512.000000 -0.163696766 1.757538319 -1.183018684 0.518844724 -0.019318845 -0.157596409 0.839994192
1413393287955760384.000000 -0.153708428 1.745925784 -1.190545797 0.530756891 -0.019394236 -0.161001578 0.831865072
1413393288005760512.000000 -0.164037853 1.740611553 -1.174648881 0.544016540 -0.016258610 -0.163274720 0.822874963
1413393288055760384.000000 -0.159017295 1.731255054 -1.169048071 0.554387271 -0.016384481 -0.167081088 0.815150499
1413393288105760512.000000 -0.154992908 1.722743034 -1.162157059 0.562492251 -0.016093638 -0.171147868 0.808734834
1413393288155760384.000000 -0.151686162 1.715117931 -1.154330015 0.568681777 -0.017567011 -0.175379947 0.803451598
1413393288205760512.000000 -0.135423720 1.712565184 -1.149626851 0.572201073 -0.019117324 -0.179590881 0.799979746
1413393288255760384.000000 -0.143257320 1.703899980 -1.137283325 0.574900866 -0.022795763 -0.184921071 0.796726823
1413393288305760512.000000 -0.129563451 1.697673440 -1.130538344 0.575403512 -0.027025830 -0.190075397 0.795016825
1413393288355760384.000000 -0.138064623 1.688009858 -1.116542697 0.576183558 -0.030927656 -0.193724319 0.793427348
1413393288405760512.000000 -0.135155082 1.678773284 -1.105041504 0.576357484 -0.031970564 -0.195132762 0.792914331
1413393288455760384.000000 -0.131802320 1.668499470 -1.093133569 0.577121496 -0.028909929 -0.193676904 0.792833149
1413393288505760512.000000 -0.126413256 1.657822132 -1.082169652 0.577272713 -0.025225380 -0.190741390 0.793560147
1413393288555760384.000000 -0.122171760 1.647985697 -1.066334128 0.577329516 -0.019930042 -0.187304556 0.794487536
1413393288605760512.000000 -0.118952602 1.634973407 -1.056606412 0.578261197 -0.014955511 -0.184181526 0.794649363
1413393288655760384.000000 -0.115099251 1.625360489 -1.040826797 0.580219865 -0.009744762 -0.181113556 0.794007480
1413393288705760512.000000 -0.111991853 1.614844680 -1.028240561 0.583263874 -0.005550151 -0.178877652 0.792322755
1413393288755760384.000000 -0.109775692 1.605123401 -1.015668392 0.586336851 -0.003815953 -0.179556474 0.789907694
1413393288805760512.000000 -0.108306348 1.596135497 -1.002621174 0.588387489 -0.002685550 -0.180873141 0.788085043
1413393288855760384.000000 -0.108595759 1.590803623 -0.995667100 0.589585423 -0.003167845 -0.183633119 0.786548078
1413393288905760512.000000 -0.104595870 1.579757214 -0.974740267 0.591823578 -0.004390736 -0.185049519 0.784526825
1413393288955760384.000000 -0.105378211 1.572132111 -0.961553931 0.592473745 -0.006165264 -0.187433586 0.783457398
1413393289005760512.000000 -0.107597470 1.564445019 -0.947896838 0.593668103 -0.006438107 -0.188646853 0.782258987
1413393289055760384.000000 -0.112415522 1.557196140 -0.933435917 0.594410777 -0.006740415 -0.190471053 0.781249821
1413393289105760512.000000 -0.118958354 1.550632358 -0.918852568 0.595619738 -0.006752247 -0.189747393 0.780504584
1413393289155760384.000000 -0.126236022 1.543712616 -0.903960586 0.597628951 -0.006322365 -0.188498095 0.779274106
1413393289205760512.000000 -0.133171290 1.537046432 -0.888985276 0.599700570 -0.007169561 -0.187414959 0.777935445
1413393289255760384.000000 -0.138829976 1.531138778 -0.874480486 0.601262927 -0.006200186 -0.187510431 0.776713848
1413393289305760512.000000 -0.140748739 1.526215672 -0.863296270 0.602238595 -0.005183736 -0.187895864 0.775871754
1413393289355760384.000000 -0.143702388 1.521180153 -0.849991798 0.602926493 -0.005434811 -0.189144745 0.775031865
1413393289405760512.000000 -0.145423442 1.515197992 -0.830027580 0.602822721 -0.005015246 -0.192539215 0.774279237
1413393289455760384.000000 -0.144199014 1.511011124 -0.826918125 0.602785468 -0.005704302 -0.193612188 0.774035811
1413393289505760512.000000 -0.142502844 1.506706715 -0.814659476 0.602357924 -0.007605772 -0.194907054 0.774027348
1413393289555760384.000000 -0.139073908 1.502219319 -0.803237796 0.601852298 -0.007978555 -0.196724519 0.773957193
1413393289605760512.000000 -0.135348201 1.497287393 -0.792304158 0.601032078 -0.008387269 -0.198020324 0.774259746
1413393289655760384.000000 -0.131615460 1.492082238 -0.781498671 0.600624502 -0.009176063 -0.198882982 0.774345994
1413393289705760512.000000 -0.127915263 1.486922860 -0.770908952 0.600312650 -0.010103439 -0.199196309 0.774495661
1413393289755760384.000000 -0.123746276 1.481663346 -0.760784984 0.599669516 -0.009822682 -0.198817417 0.775094628
1413393289805760512.000000 -0.118845463 1.475874782 -0.751260161 0.599403560 -0.009237261 -0.197873592 0.775548935
1413393289855760384.000000 -0.113515109 1.470264316 -0.742014885 0.599108517 -0.008133086 -0.196214452 0.776210487
1413393289905760512.000000 -0.109138995 1.467042446 -0.730495811 0.598143697 -0.006051642 -0.195999101 0.777027607
1413393289955760384.000000 -0.101774335 1.458879590 -0.725480556 0.597764015 -0.004894754 -0.193793297 0.777880788
1413393290005760512.000000 -0.096488893 1.452650070 -0.717695475 0.596897960 -0.004500079 -0.192999601 0.778744936
1413393290055760384.000000 -0.092567980 1.447300911 -0.709957600 0.596027374 -0.005162929 -0.192005590 0.779652894
1413393290105760512.000000 -0.087157637 1.441620469 -0.702555895 0.595106006 -0.005514501 -0.190696180 0.780674934
1413393290155760384.000000 -0.092563540 1.438507318 -0.692618728 0.594243169 -0.006077275 -0.190212831 0.781445563
1413393290205760512.000000 -0.089946896 1.431574345 -0.684229493 0.593211055 -0.007619346 -0.188365415 0.782662809
1413393290255760384.000000 -0.096600920 1.427093625 -0.664560556 0.591934204 -0.008785379 -0.188362435 0.783617496
1413393290305760512.000000 -0.108777463 1.425702333 -0.662941217 0.590509892 -0.010252815 -0.189594895 0.784376621
1413393290355760384.000000 -0.118274063 1.421720982 -0.651944518 0.589003623 -0.011834287 -0.191320136 0.785067677
1413393290405760512.000000 -0.128447890 1.417479634 -0.641319752 0.588560879 -0.013736602 -0.193638369 0.784800351
1413393290455760384.000000 -0.138920158 1.413117290 -0.630761147 0.589465559 -0.015641265 -0.196136087 0.783464253
1413393290505760512.000000 -0.149268955 1.408461690 -0.620784998 0.591152847 -0.017332610 -0.198853791 0.781469882
1413393290555760384.000000 -0.159149706 1.403286815 -0.610961080 0.592740417 -0.018274985 -0.201062396 0.779678702
1413393290605760512.000000 -0.168825269 1.397659421 -0.601323605 0.594620764 -0.018654501 -0.202449962 0.777876735
1413393290655760384.000000 -0.178545803 1.391540647 -0.591750503 0.596238673 -0.020167390 -0.203392416 0.776353240
1413393290705760512.000000 -0.188433528 1.384343863 -0.582327247 0.597542524 -0.021034824 -0.205066934 0.774885893
1413393290755760384.000000 -0.198473841 1.376559615 -0.572656274 0.598989427 -0.020338012 -0.205297694 0.773725390
1413393290805760512.000000 -0.208694756 1.369004130 -0.563499928 0.600154340 -0.019203668 -0.206029907 0.772656262
1413393290855760384.000000 -0.219373792 1.360984445 -0.553964257 0.600943208 -0.018304387 -0.206083581 0.772050440
1413393290905760512.000000 -0.230555832 1.352178574 -0.544704556 0.602326393 -0.018812612 -0.204103634 0.771486044
1413393290955760384.000000 -0.241391122 1.341809630 -0.536117911 0.604830801 -0.020373086 -0.198975235 0.770826519
1413393291005760512.000000 -0.252193689 1.331315875 -0.526804566 0.606932044 -0.021440189 -0.193986639 0.770417511
1413393291055760384.000000 -0.263331652 1.320344210 -0.516676068 0.608948290 -0.022149531 -0.187841043 0.770329237
1413393291105760512.000000 -0.274626970 1.309619069 -0.505896330 0.610696912 -0.022530727 -0.182876542 0.770128489
1413393291155760384.000000 -0.280666351 1.296463490 -0.486132383 0.611837327 -0.020835660 -0.177766263 0.770467579
1413393291205760512.000000 -0.294822305 1.289191961 -0.482687235 0.612701356 -0.019397177 -0.174536899 0.770556748
1413393291255760384.000000 -0.304053277 1.279822946 -0.469388723 0.612980187 -0.017892770 -0.172167659 0.770904243
1413393291305760512.000000 -0.312495232 1.272116780 -0.454464674 0.611627042 -0.016258884 -0.173664659 0.771679103
1413393291355760384.000000 -0.321134299 1.264283299 -0.438993573 0.609704554 -0.015475802 -0.177529722 0.772336841
1413393291405760512.000000 -0.328788012 1.257397652 -0.423568845 0.608337641 -0.014035801 -0.182426423 0.772301137
1413393291455760384.000000 -0.332036734 1.249500632 -0.399591208 0.607483149 -0.013465946 -0.187855154 0.771682203
1413393291505760512.000000 -0.342511922 1.247203708 -0.393451929 0.607962668 -0.012589408 -0.192823619 0.770092249
1413393291555760384.000000 -0.348217607 1.241522193 -0.378179312 0.608219385 -0.011662430 -0.196753979 0.768908978
1413393291605760512.000000 -0.352252156 1.235863328 -0.363357186 0.609089196 -0.010408804 -0.199504569 0.767528415
1413393291655760384.000000 -0.355147600 1.230131865 -0.349287391 0.609783411 -0.009219415 -0.202254161 0.766271830
1413393291705760512.000000 -0.357027918 1.224464178 -0.335940838 0.610404193 -0.009119960 -0.204542458 0.765170574
1413393291755760384.000000 -0.358071715 1.219202042 -0.323172927 0.611101508 -0.008573042 -0.206425965 0.764113724
1413393291805760512.000000 -0.357266665 1.213288665 -0.312032044 0.612381399 -0.007773452 -0.208160341 0.762625635
1413393291855760384.000000 -0.354044378 1.207375288 -0.302369595 0.614820063 -0.007631954 -0.210260361 0.760084629
1413393291905760512.000000 -0.347231537 1.201011419 -0.294577360 0.617521107 -0.006942508 -0.211849511 0.757455826
1413393291955760384.000000 -0.336958677 1.195275903 -0.289278269 0.619542778 -0.005680406 -0.213176087 0.755440593
1413393292005760512.000000 -0.324199110 1.188700199 -0.284952164 0.622030377 -0.002955315 -0.213088199 0.753434122
1413393292055760384.000000 -0.310594559 1.182335734 -0.281016350 0.624219477 0.000754075 -0.212760076 0.751719773
1413393292105760512.000000 -0.298354030 1.175453424 -0.277842402 0.626963258 0.003582548 -0.210974649 0.749929309
1413393292155760384.000000 -0.285979122 1.168730617 -0.275107622 0.629044592 0.007203645 -0.209569603 0.748553038
1413393292205760512.000000 -0.273803860 1.162107706 -0.274050713 0.631634891 0.010317012 -0.208671987 0.746583462
1413393292255760384.000000 -0.262039214 1.156807184 -0.274601579 0.634238243 0.013618338 -0.208024278 0.744501412
1413393292305760512.000000 -0.250943929 1.152994752 -0.275133014 0.636600792 0.015126483 -0.207059890 0.742722631
1413393292355760384.000000 -0.241174549 1.148834348 -0.276515126 0.638929844 0.015499389 -0.206176832 0.740958571
1413393292405760512.000000 -0.230628252 1.146926045 -0.279453754 0.641372502 0.014720785 -0.204244196 0.739397645
1413393292455760384.000000 -0.220278651 1.146568179 -0.282816887 0.643370032 0.015496667 -0.203114763 0.737956166
1413393292505760512.000000 -0.212221622 1.145680666 -0.286558628 0.644792199 0.014177321 -0.204373285 0.736392319
1413393292555760384.000000 -0.204448372 1.146059275 -0.290094972 0.645942926 0.013632128 -0.205516040 0.735074937
1413393292605760512.000000 -0.196842104 1.148711681 -0.294525743 0.646772265 0.012242165 -0.208253905 0.733598053
1413393292655760384.000000 -0.188997865 1.152702451 -0.300154090 0.647186220 0.012006960 -0.212127507 0.732125580
1413393292705760512.000000 -0.181467265 1.155936241 -0.307046890 0.647731721 0.011732358 -0.215330824 0.730711043
1413393292755760384.000000 -0.174097389 1.160052419 -0.314096808 0.649246514 0.011912755 -0.217778444 0.728635430
1413393292805760512.000000 -0.166329831 1.165701509 -0.322920084 0.650758207 0.012613522 -0.218548656 0.727042794
1413393292855760384.000000 -0.157620609 1.171829224 -0.332883239 0.652974606 0.013743253 -0.218058735 0.725179732
1413393292905760512.000000 -0.148845762 1.178106427 -0.346031427 0.655463278 0.014532644 -0.217386141 0.723118305
1413393292955760384.000000 -0.140409857 1.186179161 -0.359576106 0.658145189 0.013452829 -0.215597898 0.721236169
1413393293005760512.000000 -0.132127583 1.194573641 -0.374774575 0.660374224 0.011626714 -0.215299994 0.719316781
1413393293055760384.000000 -0.123808116 1.203233838 -0.389478803 0.662528872 0.009797043 -0.214752242 0.717524230
1413393293105760512.000000 -0.115901828 1.212898016 -0.405211687 0.664318621 0.007841903 -0.215082765 0.715792358
1413393293155760384.000000 -0.108427286 1.222594380 -0.421298385 0.666454196 0.004757645 -0.213880196 0.714192927
1413393293205760512.000000 -0.101650059 1.233839512 -0.438940525 0.667924464 0.003004716 -0.213889137 0.712825000
1413393293255760384.000000 -0.094540238 1.245932460 -0.457643270 0.669790864 -0.000132931 -0.212227881 0.711575389
1413393293305760512.000000 -0.090269536 1.259063482 -0.474462748 0.671140730 -0.002833732 -0.212174714 0.710312605
1413393293355760384.000000 -0.088191867 1.272573709 -0.491420388 0.673051357 -0.005513081 -0.209132567 0.709390640
1413393293405760512.000000 -0.089178503 1.287730217 -0.508069038 0.674563289 -0.008448293 -0.206983328 0.708555520
1413393293455760384.000000 -0.091796011 1.302342415 -0.522506952 0.675760746 -0.011369465 -0.204694763 0.708038330
1413393293505760512.000000 -0.096601337 1.317884326 -0.535580993 0.675872624 -0.012947943 -0.204865679 0.707854986
1413393293555760384.000000 -0.103134125 1.332934499 -0.548138380 0.675397635 -0.012240045 -0.206846043 0.707744956
1413393293605760512.000000 -0.110448450 1.348450422 -0.559669018 0.674520791 -0.010086415 -0.210192204 0.707629323
1413393293655760384.000000 -0.117905587 1.363527656 -0.570786357 0.672904491 -0.007770390 -0.214947015 0.707769036
1413393293705760512.000000 -0.124989718 1.378339291 -0.582084894 0.671409667 -0.005155250 -0.220597833 0.707473814
1413393293755760384.000000 -0.131083518 1.393814445 -0.593701124 0.670326829 -0.002907545 -0.225015059 0.707122207
1413393293805760512.000000 -0.137525827 1.408648252 -0.606207371 0.669479251 -0.001019989 -0.227996618 0.706975341
1413393293855760384.000000 -0.142795324 1.423951149 -0.619331479 0.669357300 -0.000369052 -0.230144158 0.706395388
1413393293905760512.000000 -0.147626311 1.438059807 -0.633779764 0.669401824 0.000339753 -0.231717512 0.705838561
1413393293955760384.000000 -0.151985139 1.452327013 -0.649257660 0.668990910 0.001357415 -0.233961731 0.705486596
1413393294005760512.000000 -0.155933648 1.467295051 -0.666476727 0.669444323 0.001800564 -0.234380931 0.704916120
1413393294055760384.000000 -0.158986568 1.481636882 -0.684736848 0.669697106 0.002108736 -0.234778807 0.704542637
1413393294105760512.000000 -0.161426246 1.496542215 -0.704200268 0.671065927 0.004254606 -0.231797710 0.704217494
1413393294155760384.000000 -0.163380623 1.510916948 -0.724196672 0.672960043 0.006290598 -0.226937518 0.703977764
1413393294205760512.000000 -0.166187435 1.525422335 -0.745458961 0.674721718 0.007597524 -0.221750349 0.703931630
1413393294255760384.000000 -0.168482333 1.541510463 -0.767813802 0.674674809 0.008028110 -0.220503837 0.704363286
1413393294305760512.000000 -0.171788752 1.557471991 -0.790105700 0.673825502 0.007894332 -0.221609235 0.704830647
1413393294355760384.000000 -0.171020746 1.570812583 -0.803627133 0.672408998 0.006553344 -0.223060399 0.705738842
1413393294405760512.000000 -0.179524183 1.589912176 -0.835230231 0.670934737 0.005968112 -0.225676984 0.706314981
1413393294455760384.000000 -0.184486926 1.606496334 -0.858330369 0.668930471 0.005918634 -0.228352800 0.707355678
1413393294505760512.000000 -0.189692140 1.623262048 -0.882629275 0.667018533 0.004448031 -0.230854660 0.708359122
1413393294555760384.000000 -0.191190243 1.637472391 -0.897902131 0.665590346 0.002418374 -0.231422037 0.709526241
1413393294605760512.000000 -0.196839571 1.654470682 -0.922652721 0.664799452 -0.000331896 -0.230588138 0.710542619
1413393294655760384.000000 -0.203199148 1.671209097 -0.948109746 0.664821148 -0.003345824 -0.228202835 0.711284220
1413393294705760512.000000 -0.208112299 1.688061833 -0.982648373 0.665226758 -0.007090518 -0.225376531 0.711778462
1413393294755760384.000000 -0.215091527 1.704034567 -1.008074403 0.665523112 -0.010106743 -0.222026601 0.712517440
1413393294805760512.000000 -0.221448839 1.720877171 -1.034092784 0.666016936 -0.013687591 -0.218257561 0.713160396
1413393294855760384.000000 -0.229238391 1.736924648 -1.050059915 0.665904820 -0.016709333 -0.217509329 0.713429332
1413393294905760512.000000 -0.235276639 1.752298832 -1.075596809 0.665057778 -0.017683998 -0.217810631 0.714103699
1413393294955760384.000000 -0.238361597 1.764350653 -1.107702494 0.664360762 -0.016371345 -0.219408318 0.714294612
1413393295005760512.000000 -0.244856954 1.782258272 -1.136387467 0.663298965 -0.013960101 -0.222467333 0.714386344
1413393295055760384.000000 -0.250964582 1.796502948 -1.152553797 0.661383390 -0.010977150 -0.226191998 0.715044618
1413393295105760512.000000 -0.255370677 1.811016321 -1.178973913 0.660134912 -0.008219667 -0.229281440 0.715251267
1413393295155760384.000000 -0.259498715 1.824999332 -1.206342936 0.660210252 -0.007888381 -0.229732588 0.715040743
1413393295205760512.000000 -0.260655165 1.836929440 -1.239674568 0.660859823 -0.008415080 -0.227622703 0.715109348
1413393295255760384.000000 -0.264756978 1.850624561 -1.266429067 0.661436260 -0.010945824 -0.225649521 0.715167582
1413393295305760512.000000 -0.269809484 1.862794161 -1.292987585 0.662382007 -0.013757049 -0.223002702 0.715073943
1413393295355760384.000000 -0.277180970 1.875823140 -1.313272953 0.662477076 -0.016225621 -0.221002638 0.715554893
1413393295405760512.000000 -0.282082438 1.885277033 -1.339627266 0.663806736 -0.020955373 -0.217907146 0.715148985
1413393295455760384.000000 -0.286306143 1.895388126 -1.366385460 0.664788246 -0.023554441 -0.214706227 0.715124547
1413393295505760512.000000 -0.288226247 1.901847243 -1.397834420 0.666154027 -0.027134804 -0.211078197 0.714806616
1413393295555760384.000000 -0.294294953 1.911886692 -1.423913240 0.667554677 -0.029921016 -0.207907304 0.714317977
1413393295605760512.000000 -0.299956799 1.918553352 -1.444478035 0.668181539 -0.032063220 -0.205795780 0.714250326
1413393295655760384.000000 -0.309913158 1.929757357 -1.469412684 0.668766022 -0.033407155 -0.203994170 0.714158595
1413393295705760512.000000 -0.321389794 1.938375473 -1.479295492 0.668964207 -0.034267325 -0.204225630 0.713865995
1413393295755760384.000000 -0.331579804 1.946610689 -1.506201267 0.668996096 -0.033342633 -0.204596087 0.713773787
1413393295805760512.000000 -0.343450785 1.953938961 -1.522443295 0.668589652 -0.030685574 -0.207176551 0.713529408
1413393295855760384.000000 -0.356723964 1.959756017 -1.527089357 0.666985989 -0.025444295 -0.213420555 0.713396132
1413393295905760512.000000 -0.366577744 1.964730263 -1.548539877 0.665314317 -0.018945700 -0.219521195 0.713308096
1413393295955760384.000000 -0.377702832 1.969465733 -1.553118229 0.663207471 -0.012820262 -0.226684257 0.713166118
1413393296005760512.000000 -0.385372102 1.974310517 -1.576362610 0.662254095 -0.007710126 -0.230632335 0.712859571
1413393296055760384.000000 -0.392886043 1.976196527 -1.588564277 0.661001801 -0.003905306 -0.234987095 0.712630689
1413393296105760512.000000 -0.399596930 1.981940389 -1.605397224 0.660444617 -0.001764063 -0.237973273 0.712164700
1413393296155760384.000000 -0.404725015 1.983488321 -1.621278167 0.660250187 -0.001497924 -0.238798454 0.712069333
1413393296205760512.000000 -0.409671187 1.989172578 -1.640769720 0.659506083 -0.001358853 -0.240548223 0.712170243
1413393296255760384.000000 -0.416445494 1.993255138 -1.663156867 0.659163773 -0.002177750 -0.241781101 0.712067664
1413393296305760512.000000 -0.421788275 1.995664120 -1.685637116 0.658575296 -0.002304593 -0.242519692 0.712360561
1413393296355760384.000000 -0.428011477 1.996584058 -1.706894636 0.658821583 -0.004700512 -0.241033331 0.712625504
1413393296405760512.000000 -0.436042964 1.998259783 -1.722102880 0.659233809 -0.008852679 -0.238135964 0.713178635
1413393296455760384.000000 -0.442809939 1.998212337 -1.746454477 0.659271359 -0.013519806 -0.234646827 0.714226425
1413393296505760512.000000 -0.453133583 1.997478724 -1.769288301 0.658502162 -0.017810849 -0.230610400 0.716153979
1413393296555760384.000000 -0.469386876 1.999194145 -1.800238609 0.656683803 -0.020792823 -0.226818532 0.718948901
1413393296605760512.000000 -0.479156077 1.993668437 -1.812963605 0.654254198 -0.023456480 -0.222237110 0.722504020
1413393296655760384.000000 -0.496743977 1.990689278 -1.832621932 0.650862515 -0.025419669 -0.218799040 0.726539016
1413393296705760512.000000 -0.515966237 1.986279607 -1.851765275 0.647687972 -0.027152531 -0.214680120 0.730531037
1413393296755760384.000000 -0.532197356 1.979377747 -1.875587821 0.644857645 -0.029026594 -0.211490422 0.733885467
1413393296805760512.000000 -0.556384206 1.979193091 -1.895581007 0.641817212 -0.030002216 -0.209122375 0.737182736
1413393296855760384.000000 -0.569380999 1.973729372 -1.912129164 0.638813794 -0.029174356 -0.207599998 0.740248680
1413393296905760512.000000 -0.584125459 1.962946057 -1.923550963 0.636046410 -0.028785868 -0.206746042 0.742881179
1413393296955760384.000000 -0.598254919 1.955517530 -1.940457344 0.633464336 -0.027315419 -0.206112042 0.745315135
1413393297005760512.000000 -0.611540020 1.947715759 -1.957016230 0.630701363 -0.026281947 -0.206088230 0.747698247
1413393297055760384.000000 -0.625133514 1.942376733 -1.979546309 0.627554476 -0.024725350 -0.206036165 0.750408709
1413393297105760512.000000 -0.636057138 1.930337906 -1.989119411 0.624338746 -0.024767604 -0.204562783 0.753486454
1413393297155760384.000000 -0.648224354 1.925678015 -2.010773182 0.621648610 -0.024572099 -0.203791052 0.755922318
1413393297205760512.000000 -0.659866929 1.915739655 -2.023449898 0.620072246 -0.025663109 -0.201268405 0.757854164
1413393297255760384.000000 -0.669484496 1.905090213 -2.039434910 0.618855834 -0.026787259 -0.198240593 0.759605587
1413393297305760512.000000 -0.677314579 1.890908480 -2.046515942 0.617674768 -0.027323935 -0.195818618 0.761174381
1413393297355760384.000000 -0.687836409 1.881585002 -2.063040257 0.616353095 -0.026540769 -0.195615873 0.762324750
1413393297405760512.000000 -0.699635565 1.868075728 -2.075397968 0.615414858 -0.025871510 -0.194719523 0.763334513
1413393297455760384.000000 -0.704930663 1.855892658 -2.082981110 0.613773584 -0.024502609 -0.195671737 0.764456809
1413393297505760512.000000 -0.712264597 1.839052558 -2.086572886 0.612630665 -0.022980105 -0.196987242 0.765082777
1413393297555760384.000000 -0.720486820 1.825819850 -2.096617699 0.612412274 -0.022034137 -0.196753711 0.765345573
1413393297605760512.000000 -0.728984475 1.811248660 -2.105933189 0.612324357 -0.021453386 -0.196315721 0.765544832
1413393297655760384.000000 -0.737038076 1.800466299 -2.120144606 0.613339603 -0.021889944 -0.194450825 0.765195608
1413393297705760512.000000 -0.743882954 1.787511349 -2.129538536 0.614603579 -0.023398474 -0.191790015 0.764808238
1413393297755760384.000000 -0.750548780 1.774657369 -2.137080193 0.616073787 -0.023939073 -0.188473523 0.764433026
1413393297805760512.000000 -0.756305397 1.759772182 -2.139350891 0.617464721 -0.025186492 -0.185251892 0.764058113
1413393297855760384.000000 -0.762426853 1.745623827 -2.144215584 0.618848026 -0.025146194 -0.182049349 0.763709903
1413393297905760512.000000 -0.770721376 1.736594081 -2.155034304 0.619900703 -0.025034435 -0.181459218 0.763000011
1413393297955760384.000000 -0.779222965 1.726055622 -2.162067413 0.620829105 -0.025824741 -0.181026131 0.762321413
1413393298005760512.000000 -0.783229291 1.712426424 -2.163252354 0.621257246 -0.025696423 -0.180903226 0.762006044
1413393298055760384.000000 -0.786256850 1.700066924 -2.166203499 0.621852458 -0.026145905 -0.181399986 0.761386931
1413393298105760512.000000 -0.789534867 1.690772653 -2.168913364 0.621459186 -0.026758211 -0.183496803 0.761184275
1413393298155760384.000000 -0.793433964 1.677279115 -2.168952465 0.621167898 -0.027842747 -0.186928704 0.760547757
1413393298205760512.000000 -0.797163188 1.664954782 -2.167927742 0.620174527 -0.027980415 -0.191940024 0.760105073
1413393298255760384.000000 -0.802533388 1.650158167 -2.166889668 0.618827760 -0.026693918 -0.197074965 0.759934902
1413393298305760512.000000 -0.801646411 1.632698774 -2.155449390 0.617470980 -0.024883490 -0.203261733 0.759470344
1413393298355760384.000000 -0.805751801 1.622784615 -2.158727169 0.616073430 -0.021981539 -0.210173160 0.758813322
1413393298405760512.000000 -0.807643533 1.602567077 -2.147193432 0.614558756 -0.018046025 -0.216093272 0.758482397
1413393298455760384.000000 -0.815216124 1.588631272 -2.149893045 0.614160955 -0.012345866 -0.220765322 0.757572830
1413393298505760512.000000 -0.818863690 1.572321773 -2.145999908 0.614175558 -0.007302063 -0.223303258 0.756882191
1413393298555760384.000000 -0.818596065 1.550086260 -2.135527611 0.614406168 -0.003552634 -0.223648608 0.756619990
1413393298605760512.000000 -0.827649117 1.536995888 -2.146426201 0.615868270 -0.002627131 -0.222168446 0.755870819
1413393298655760384.000000 -0.828710973 1.519316912 -2.148120880 0.617793262 -0.004282637 -0.218917996 0.755240440
1413393298705760512.000000 -0.831082046 1.501804352 -2.153805733 0.620015204 -0.007906063 -0.213886231 0.754831970
1413393298755760384.000000 -0.834233224 1.479481459 -2.152224064 0.622148871 -0.012296115 -0.208647236 0.754483938
1413393298805760512.000000 -0.836183965 1.456931949 -2.155486584 0.623595834 -0.015432961 -0.204426780 0.754387081
1413393298855760384.000000 -0.844167113 1.438729763 -2.167585611 0.624913394 -0.017958691 -0.201028675 0.754154027
1413393298905760512.000000 -0.845188498 1.415203691 -2.169574261 0.625428855 -0.019812647 -0.198183224 0.754433334
1413393298955760384.000000 -0.841624320 1.389642000 -2.161417961 0.625059128 -0.022042798 -0.196196333 0.755196810
1413393299005760512.000000 -0.844793558 1.372089148 -2.172494411 0.624873459 -0.023360407 -0.194561109 0.755733788
1413393299055760384.000000 -0.843108535 1.348682523 -2.173865795 0.623575389 -0.023716196 -0.194768056 0.756740868
1413393299105760512.000000 -0.838267326 1.318111420 -2.163547516 0.622095942 -0.021984531 -0.195006385 0.757948458
1413393299155760384.000000 -0.840767920 1.299054503 -2.172846794 0.620231926 -0.017365547 -0.197204977 0.759026408
1413393299205760512.000000 -0.834556103 1.267467737 -2.162533760 0.617979527 -0.010375385 -0.198805466 0.760572255
1413393299255760384.000000 -0.837724090 1.246365786 -2.170419693 0.616909146 -0.002775648 -0.198810771 0.761504948
1413393299305760512.000000 -0.831852555 1.221159697 -2.166501045 0.616167545 0.004941668 -0.196554199 0.762679160
1413393299355760384.000000 -0.829316139 1.200350165 -2.168728352 0.616352856 0.010642667 -0.192101523 0.763605297
1413393299405760512.000000 -0.829705894 1.181016445 -2.171674252 0.616772771 0.014289236 -0.187860653 0.764261484
1413393299455760384.000000 -0.835615993 1.163173437 -2.182915211 0.617284417 0.014793632 -0.184381649 0.764685929
1413393299505760512.000000 -0.830657005 1.146907926 -2.184733152 0.617442250 0.013738042 -0.181504950 0.765266240
1413393299555760384.000000 -0.834426880 1.131896138 -2.191215038 0.617584825 0.010006198 -0.179636210 0.765649915
1413393299605760512.000000 -0.835028231 1.119046569 -2.198590279 0.617602050 0.005802040 -0.178598344 0.765922129
1413393299655760384.000000 -0.836316168 1.109831333 -2.205813885 0.617638648 0.000741306 -0.177615553 0.766142726
1413393299705760512.000000 -0.835928679 1.102580309 -2.212974072 0.617201865 -0.003165099 -0.178602561 0.766259134
1413393299755760384.000000 -0.836237311 1.093116164 -2.218673706 0.617198348 -0.004806371 -0.178845629 0.766196728
1413393299805760512.000000 -0.830026448 1.084481478 -2.218601704 0.616883576 -0.004148042 -0.180123895 0.766154647
1413393299855760384.000000 -0.829063296 1.080369949 -2.225320578 0.616394222 -0.003404183 -0.182558805 0.765975833
1413393299905760512.000000 -0.826666117 1.072787523 -2.232693672 0.615291595 -0.003008252 -0.187584877 0.765649438
1413393299955760384.000000 -0.824189901 1.066871405 -2.240568399 0.613353848 -0.001382803 -0.194197461 0.765560329
1413393300005760512.000000 -0.822097957 1.065387607 -2.249131203 0.611985803 0.001348004 -0.199878007 0.765193045
1413393300055760384.000000 -0.817269325 1.062101603 -2.269848824 0.610855281 0.003247453 -0.204944491 0.764750361
1413393300105760512.000000 -0.822763920 1.058227777 -2.273854256 0.609940886 0.003834946 -0.208836645 0.764424443
1413393300155760384.000000 -0.821840465 1.055472374 -2.284712315 0.610595882 0.002437433 -0.208861724 0.763900220
1413393300205760512.000000 -0.819962025 1.055725813 -2.296794415 0.612449586 -0.001117954 -0.206636176 0.763024092
1413393300255760384.000000 -0.822391748 1.056496263 -2.317611217 0.616233408 -0.006570732 -0.202582121 0.761034608
1413393300305760512.000000 -0.820203125 1.051335096 -2.327239037 0.622059047 -0.012020532 -0.198321506 0.757341802
1413393300355760384.000000 -0.816024303 1.044605255 -2.333959103 0.628602862 -0.017932760 -0.194430903 0.752817094
1413393300405760512.000000 -0.820653200 1.041180611 -2.353757858 0.636046290 -0.023067143 -0.192305118 0.746948302
1413393300455760384.000000 -0.818916678 1.036036968 -2.366305113 0.644382298 -0.028030103 -0.190476418 0.740070641
1413393300505760512.000000 -0.812408805 1.026732564 -2.368772030 0.652330995 -0.030376453 -0.190374523 0.733006895
1413393300555760384.000000 -0.816732049 1.023329616 -2.388752460 0.661198378 -0.031891510 -0.191598445 0.724630773
1413393300605760512.000000 -0.814543545 1.016598701 -2.397722960 0.669946373 -0.032039735 -0.194430172 0.715780854
1413393300655760384.000000 -0.812972009 1.013862014 -2.407219887 0.678325176 -0.030291870 -0.199050993 0.706637144
1413393300705760512.000000 -0.809143543 1.004791737 -2.411476612 0.686468959 -0.027591715 -0.205785096 0.696887076
1413393300755760384.000000 -0.807444513 0.999302268 -2.417211056 0.694478929 -0.024259647 -0.212716624 0.686922252
1413393300805760512.000000 -0.803838015 0.990750074 -2.421957493 0.701112866 -0.019639386 -0.219419986 0.678166628
1413393300855760384.000000 -0.801759183 0.979375362 -2.423056602 0.707173645 -0.014294511 -0.224448919 0.670316279
1413393300905760512.000000 -0.798877716 0.968399882 -2.422116995 0.712383330 -0.008255038 -0.228042558 0.663655400
1413393300955760384.000000 -0.799226642 0.954133749 -2.423950672 0.717367113 -0.003505131 -0.228585929 0.658119023
1413393301005760512.000000 -0.805127740 0.943669081 -2.422771454 0.721987009 0.000911817 -0.227999568 0.653261065
1413393301055760384.000000 -0.813392282 0.936061859 -2.421537399 0.726489007 0.004405877 -0.226376191 0.648805261
1413393301105760512.000000 -0.828384221 0.931066751 -2.416464090 0.730744481 0.006948562 -0.226173803 0.644057214
1413393301155760384.000000 -0.843708456 0.927505732 -2.416955948 0.735493898 0.008600415 -0.225236729 0.638939142
1413393301205760512.000000 -0.857000709 0.918054581 -2.414703131 0.740380287 0.009303609 -0.225089923 0.633312762
1413393301255760384.000000 -0.870893478 0.909855843 -2.413240433 0.745462120 0.009110460 -0.225917995 0.627028167
1413393301305760512.000000 -0.883327127 0.904245615 -2.412126303 0.750939488 0.009545313 -0.226788327 0.620133698
1413393301355760384.000000 -0.888096929 0.896448851 -2.412652016 0.756793499 0.009884930 -0.228288576 0.612413406
1413393301405760512.000000 -0.900135756 0.890091419 -2.411719799 0.763059378 0.009000027 -0.229909092 0.603987753
1413393301455760384.000000 -0.911267519 0.885215282 -2.411183834 0.769284964 0.007912268 -0.232286230 0.595131218
1413393301505760512.000000 -0.924890041 0.884316206 -2.412312984 0.775341213 0.006326500 -0.236443907 0.585576892
1413393301555760384.000000 -0.946722925 0.886575937 -2.409921885 0.780549109 0.003784406 -0.243626043 0.575651944
1413393301605760512.000000 -0.958876967 0.888292313 -2.408617258 0.785567343 0.001797325 -0.251048505 0.565557659
1413393301655760384.000000 -0.968542516 0.888976336 -2.409446716 0.790431619 0.000497019 -0.258580804 0.555295944
1413393301705760512.000000 -0.979674935 0.891241312 -2.410839558 0.794746876 0.000518508 -0.264334917 0.546355426
1413393301755760384.000000 -0.989598095 0.892375469 -2.410443783 0.798467755 0.000298575 -0.269640297 0.538278043
1413393301805760512.000000 -0.991489947 0.899604082 -2.424754381 0.801688075 0.001662651 -0.273303330 0.531600296
1413393301855760384.000000 -0.992662728 0.909497499 -2.429994822 0.804812551 0.002020177 -0.274858207 0.526047289
1413393301905760512.000000 -1.001121402 0.912473679 -2.434446096 0.807169974 0.002774051 -0.276611030 0.521493495
1413393301955760384.000000 -1.009530783 0.915616274 -2.439757824 0.809015334 0.003790584 -0.278281003 0.517725408
1413393302005760512.000000 -1.017697215 0.918690205 -2.445946693 0.810666263 0.005116980 -0.278332382 0.515097260
1413393302055760384.000000 -1.025642037 0.921976089 -2.453170061 0.812079072 0.006226127 -0.278089672 0.512986422
1413393302105760512.000000 -1.033592105 0.925219536 -2.461468220 0.813194871 0.005777585 -0.277650714 0.511459589
1413393302155760384.000000 -1.041369200 0.928543806 -2.470709085 0.813974023 0.004881433 -0.276443720 0.510883033
1413393302205760512.000000 -1.048841953 0.931905270 -2.481079578 0.814178765 0.004043204 -0.275674075 0.510979950
1413393302255760384.000000 -1.056294918 0.935514450 -2.492237091 0.814424574 0.002084338 -0.274537355 0.511211872
1413393302305760512.000000 -1.063316822 0.939207315 -2.504244328 0.814599931 0.001036432 -0.272105217 0.512235045
1413393302355760384.000000 -1.070634007 0.943100452 -2.516785145 0.814523339 -0.002287006 -0.269950479 0.513491333
1413393302405760512.000000 -1.077425957 0.946933508 -2.529872417 0.813990712 -0.004003357 -0.268495589 0.515085697
1413393302455760384.000000 -1.083575487 0.950792789 -2.543375969 0.813319504 -0.006550118 -0.266391069 0.517208219
1413393302505760512.000000 -1.052426696 0.900470257 -2.383212566 0.812234521 -0.009266431 -0.265477180 0.519337296
1413393302555760384.000000 -1.057820439 0.903771877 -2.385344505 0.811366498 -0.012695542 -0.263012052 0.521869600
1413393302605760512.000000 -1.058023453 0.903605461 -2.382129192 0.810422599 -0.016801929 -0.261189044 0.524130940
1413393302655760384.000000 -1.057137489 0.902960777 -2.377954245 0.809065700 -0.019383119 -0.260512233 0.526469707
1413393302705760512.000000 -1.055139184 0.901863575 -2.372892857 0.807808697 -0.020727601 -0.260384738 0.528408229
1413393302755760384.000000 -1.052240252 0.900074959 -2.366849422 0.806849182 -0.022486323 -0.259948611 0.530014694
1413393302805760512.000000 -1.048130155 0.897475481 -2.359720945 0.806220233 -0.023418764 -0.258948117 0.531419277
1413393302855760384.000000 -1.043174982 0.894070864 -2.351487637 0.805676579 -0.024877012 -0.258554518 0.532368362
1413393302905760512.000000 -1.037485123 0.889769554 -2.342194080 0.805375040 -0.025262788 -0.258439183 0.532862186
1413393302955760384.000000 -1.031242371 0.884598732 -2.331496716 0.804831147 -0.025924670 -0.258773059 0.533489645
1413393303005760512.000000 -1.024164915 0.878489256 -2.319542885 0.804373920 -0.024097316 -0.259734750 0.533797503
1413393303055760384.000000 -0.670834959 1.333370686 -2.304333925 0.804400265 -0.021966944 -0.258899987 0.534255147
1413393303105760512.000000 -0.635750890 1.351710558 -2.282322645 0.804294825 -0.020169508 -0.258893460 0.534487844
1413393303155760384.000000 -0.599500477 1.370319605 -2.258597612 0.804272652 -0.019158630 -0.259486318 0.534270942
1413393303205760512.000000 -0.561565578 1.389176607 -2.233099461 0.804674923 -0.018406248 -0.258865744 0.533992589
1413393303255760384.000000 -0.522217453 1.408288717 -2.205644846 0.804516315 -0.017940473 -0.259433270 0.533972025
1413393303305760512.000000 -0.481181711 1.427471399 -2.176555634 0.803753734 -0.014918053 -0.261660933 0.534126401
1413393303355760384.000000 -0.438431621 1.446861744 -2.145919323 0.802557290 -0.010342926 -0.265042812 0.534366190
1413393303405760512.000000 -0.394126236 1.466650724 -2.114054203 0.801304579 -0.006000923 -0.268153012 0.534760654
1413393303455760384.000000 -0.348145694 1.486946821 -2.081198215 0.800332367 -0.003411689 -0.270319045 0.535148740
1413393303505760512.000000 -0.300176352 1.507858038 -2.047760725 0.799903452 -0.000433919 -0.271117121 0.535396874
1413393303555760384.000000 -0.155204415 1.640223145 -1.870756269 0.798478842 0.001763454 -0.271136343 0.537506878
1413393303605760512.000000 -0.084246129 1.669456720 -1.813894272 0.798609197 0.002704730 -0.270008981 0.537876666
1413393303655760384.000000 -0.019716769 1.702167749 -1.762534738 0.798842132 0.003601883 -0.267872810 0.538593173
1413393303705760512.000000 0.046810061 1.736367702 -1.709364891 0.798556805 0.003135015 -0.266286641 0.539804339
1413393303755760384.000000 0.121319354 1.772033572 -1.669238329 0.798431218 0.001716201 -0.265442073 0.540412068
1413393303805760512.000000 0.191671923 1.760198832 -1.599885702 0.798407137 0.001872709 -0.264017016 0.541144609
1413393303855760384.000000 0.262032926 1.796605468 -1.543593287 0.798587143 -0.000697498 -0.262350142 0.541692376
1413393303905760512.000000 0.337500364 1.833275318 -1.483876705 0.798952699 -0.003360913 -0.260695487 0.541942060
1413393303955760384.000000 0.419798493 1.873121500 -1.426243901 0.799605668 -0.006629850 -0.258089602 0.542196155
1413393304005760512.000000 0.499880016 1.902250648 -1.351343155 0.799829245 -0.011030869 -0.256991088 0.542316437
1413393304055760384.000000 0.567134500 1.945060730 -1.289481997 0.800083518 -0.013586435 -0.255247891 0.542706490
1413393304105760512.000000 0.640871823 1.984682202 -1.216302395 0.799774051 -0.016404485 -0.256063879 0.542700350
1413393304155760384.000000 0.713307023 2.025076866 -1.138985634 0.798439741 -0.018571813 -0.259245098 0.543084800
1413393304205760512.000000 0.785044432 2.065834761 -1.058237791 0.797437131 -0.020073101 -0.262894720 0.542749941
1413393304255760384.000000 0.857014835 2.106809378 -0.974268198 0.795911491 -0.019144600 -0.267890602 0.542579830
1413393304305760512.000000 0.942133605 2.147330284 -0.899764776 0.794730842 -0.017297996 -0.272618562 0.542017400
1413393304355760384.000000 1.026509523 2.182605505 -0.806774616 0.793984175 -0.014928534 -0.276200980 0.541368008
1413393304405760512.000000 1.103351951 2.223046303 -0.716861486 0.793492258 -0.013022726 -0.278949589 0.540728867
1413393304455760384.000000 1.182358742 2.263466358 -0.625468969 0.793375254 -0.010146795 -0.280788541 0.540009856
1413393304505760512.000000 1.263456583 2.304049015 -0.532686234 0.793872058 -0.008279230 -0.281246543 0.539072454
1413393304555760384.000000 1.347236395 2.350372791 -0.432047129 0.795088947 -0.005228580 -0.280610532 0.537646651
1413393304605760512.000000 1.420015693 2.398101807 -0.343629360 0.795334816 -0.001381999 -0.280932873 0.537138164
1413393304655760384.000000 1.507297397 2.440885544 -0.245995283 0.796357870 0.000900552 -0.280052334 0.536082208
1413393304705760512.000000 1.621837735 2.499558926 -0.148429632 0.797668040 0.003890338 -0.278177828 0.535095930
1413393304755760384.000000 1.746013880 2.558734894 -0.043775797 0.798988104 0.003192092 -0.276744813 0.533872843
1413393304805760512.000000 1.843860626 2.605831385 0.057370901 0.800457597 0.002887047 -0.275447667 0.532341957
1413393304855760384.000000 1.935463667 2.659767628 0.152076960 0.801697075 0.000370785 -0.273949742 0.531256318
1413393304905760512.000000 2.045286417 2.678320885 0.249125957 0.801965296 0.000018327 -0.275252104 0.530177355
1413393304955760384.000000 2.151247978 2.725847244 0.353902340 0.802754581 -0.000819865 -0.274923623 0.529151738
1413393305005760512.000000 2.259682417 2.774194956 0.460566282 0.802554369 -0.000032272 -0.276699632 0.528529823
1413393305055760384.000000 2.370082140 2.823426723 0.568986416 0.802636564 -0.001602305 -0.277483284 0.527991414
1413393305105760512.000000 2.483484983 2.873324394 0.678891420 0.802687228 -0.002344134 -0.277487159 0.527909756
1413393305155760384.000000 2.599364758 2.923797846 0.790568352 0.802350402 -0.004292919 -0.277726769 0.528283417
1413393305205760512.000000 2.718383551 2.974594593 0.903541088 0.801829696 -0.002843322 -0.278338552 0.528761625
1413393305255760384.000000 2.840494871 3.026205301 1.018042088 0.800359786 0.001033814 -0.280929029 0.529624403
1413393305305760512.000000 2.965583086 3.078639507 1.133890152 0.799287081 0.002991243 -0.280796707 0.531304538
1413393305355760384.000000 3.097824097 3.126753330 1.256610394 0.797952771 0.004561400 -0.280315369 0.533548355
1413393305405760512.000000 3.227364779 3.180981874 1.375000238 0.796321392 0.004177523 -0.279847682 0.536227643
1413393305455760384.000000 3.358994961 3.236520767 1.494678736 0.795058310 0.001204552 -0.278465211 0.538830221
1413393305505760512.000000 3.493101120 3.293072224 1.615389824 0.793967724 -0.000139186 -0.276984900 0.541197479
1413393305555760384.000000 3.629511118 3.350509644 1.737323999 0.792863250 -0.001461842 -0.275459468 0.543587983
1413393305605760512.000000 3.329699278 2.831639290 1.965598345 0.792812109 -0.000730339 -0.274315596 0.544242024
1413393305655760384.000000 3.444780350 2.860533953 2.097340107 0.791008413 -0.000486475 -0.273938209 0.547049761
1413393305705760512.000000 3.561670780 2.889383793 2.230829000 0.788646221 0.000388895 -0.273361206 0.550736606
1413393305755760384.000000 3.680487633 2.918229342 2.366019964 0.785653770 0.004453120 -0.273464620 0.554928422
1413393305805760512.000000 3.801216125 2.947382689 2.502719164 0.782307327 0.008701051 -0.273191571 0.559719622
1413393305855760384.000000 3.923736095 2.976933956 2.640727282 0.778810084 0.014892688 -0.274080575 0.564014971
1413393305905760512.000000 4.047238350 3.007162333 2.779814959 0.774911225 0.020228315 -0.276488155 0.568029642
1413393305955760384.000000 4.172142029 3.038229942 2.919349670 0.772629738 0.022969909 -0.275429398 0.571536899
1413393306005760512.000000 4.297952652 3.070265293 3.059528828 0.771396220 0.021492448 -0.273132890 0.574355721
