1403715913834057984.000000 -0.017398462 -0.276538342 0.019948266 0.019766254 0.013037336 -0.055287726 0.998189688
1403715913884058112.000000 -0.007954051 -0.240329102 0.076823950 0.025670905 0.005608996 -0.049869575 0.998410106
1403715913934057984.000000 -0.004730289 -0.274682671 0.073611863 0.027623687 -0.002438961 -0.043648060 0.998662055
1403715913984058112.000000 0.008196612 -0.306455970 0.070174016 0.029565673 -0.010088738 -0.038941655 0.998753071
1403715914034057984.000000 0.032748271 -0.339093119 0.062148627 0.031079561 -0.019446662 -0.035214655 0.998707056
1403715914084058112.000000 -0.029789709 -0.540530205 -0.046032302 0.017990557 -0.011232019 -0.038372107 0.999038458
1403715914134057984.000000 0.048704088 -0.408246845 0.047628082 0.029608395 -0.026787691 -0.033504389 0.998640716
1403715914184058112.000000 0.037969455 -0.439094126 0.050066635 0.029922089 -0.024895499 -0.029494543 0.998806775
1403715914234057984.000000 0.026145665 -0.445524305 0.047287304 0.035405636 -0.029033894 -0.019887269 0.998753190
1403715914284058112.000000 -0.019640228 -0.629582405 -0.059935428 0.026661702 -0.031110279 -0.011077981 0.999098957
1403715914334057984.000000 -0.035276633 -0.857964694 -0.140402496 0.003294372 -0.037982505 -0.000409349 0.999272943
1403715914384058112.000000 -0.030768821 -0.687541008 -0.064369150 0.023807058 -0.050076820 0.007830524 0.998430908
1403715914434057984.000000 0.026523463 -0.719578505 -0.080853097 0.019080022 -0.073014773 0.015468231 0.997028351
1403715914484058112.000000 -0.031421326 -0.748586178 -0.075236671 0.014037079 -0.068931051 0.020105539 0.997320116
1403715914534057984.000000 0.006393375 -0.786492586 -0.111242563 0.007108251 -0.086184785 0.028015664 0.995859861
1403715914584058112.000000 -0.028441181 -1.190044641 -0.226343215 -0.035893727 -0.080658317 0.035078067 0.995477498
1403715914634057984.000000 0.059577808 -0.868945539 -0.131929711 -0.008279298 -0.107051916 0.042596929 0.993306041
1403715914684058112.000000 0.034765489 -1.059416652 -0.196348220 -0.029189741 -0.106992640 0.056597963 0.992218375
1403715914734057984.000000 0.027178863 -1.259644628 -0.242298543 -0.049009189 -0.107089043 0.071072899 0.990494192
1403715914784058112.000000 0.014437129 -1.322110176 -0.253721088 -0.058930039 -0.109502062 0.093502536 0.987822771
1403715914834057984.000000 -0.007730708 -1.502859592 -0.259023696 -0.072930314 -0.106817298 0.113620266 0.985069394
1403715914884058112.000000 0.057466876 -1.347144008 -0.247014686 -0.058658510 -0.127129927 0.128175035 0.981818855
1403715914934057984.000000 0.056847073 -1.387163877 -0.243576914 -0.063773289 -0.129063696 0.141740128 0.979380131
1403715914984058112.000000 0.061822973 -1.438592076 -0.243686646 -0.071922511 -0.128705204 0.150001809 0.977630675
1403715915034057984.000000 0.088459834 -1.454754949 -0.238013566 -0.073950693 -0.133665442 0.157715350 0.975597680
1403715915084058112.000000 0.029874889 -1.728209138 -0.215803474 -0.091830827 -0.112737179 0.166626394 0.975240052
1403715915134057984.000000 0.107071079 -1.319098234 -0.191592753 -0.062620111 -0.137496173 0.164488018 0.974739552
1403715915184058112.000000 0.134299695 -1.308943391 -0.166117042 -0.059598815 -0.139078438 0.165578440 0.974519908
1403715915234057984.000000 0.112686910 -1.351990581 -0.159104705 -0.068385035 -0.123537369 0.159927398 0.976977646
1403715915284058112.000000 0.052003738 -1.791504502 -0.149052113 -0.105743974 -0.087361105 0.150865272 0.978992343
1403715915334057984.000000 0.095516250 -1.808627725 -0.098094389 -0.109688848 -0.081645846 0.133746684 0.981536627
1403715915384058112.000000 0.068645433 -1.797540188 -0.103393391 -0.114709198 -0.068752721 0.117175765 0.984065413
1403715915434057984.000000 0.086734816 -1.788636088 -0.081072748 -0.116340190 -0.066174075 0.101606660 0.985780001
1403715915484058112.000000 0.091840163 -1.704550505 -0.072694741 -0.113431208 -0.064025998 0.091196217 0.987277746
1403715915534057984.000000 0.088102542 -1.701176882 -0.049786042 -0.114149772 -0.058439810 0.083449207 0.988226175
1403715915584058112.000000 0.126040101 -1.806930065 0.072582506 -0.120596617 -0.054979429 0.077415653 0.988150120
1403715915634057984.000000 0.078321382 -1.727783203 0.015974114 -0.121371105 -0.049874868 0.067861468 0.989028037
1403715915684058112.000000 0.105999544 -1.817989469 0.087187335 -0.124715522 -0.048867840 0.061079979 0.989104271
1403715915734057984.000000 0.105066761 -1.811577797 0.115614995 -0.122791216 -0.051559277 0.058921661 0.989339292
1403715915784058112.000000 0.097646877 -1.817832470 0.147780493 -0.122396216 -0.054296497 0.061238743 0.989101052
1403715915834057984.000000 0.104459196 -1.795564532 0.276827127 -0.116389103 -0.061534319 0.063064739 0.989287674
1403715915884058112.000000 0.093516611 -1.825368166 0.211627916 -0.119678006 -0.064533852 0.064265758 0.988626599
1403715915934057984.000000 0.062809430 -1.722332239 0.197652861 -0.112635523 -0.069047093 0.067004435 0.988967299
1403715915984058112.000000 0.065656669 -1.719367027 0.230401278 -0.110677108 -0.069538593 0.067848846 0.989096344
1403715916034057984.000000 0.087160729 -1.805159926 0.383404166 0.104599498 0.066596128 -0.070729606 -0.989758193
1403715916084058112.000000 0.088145830 -1.786747217 0.466672122 0.103820160 0.064550638 -0.070056692 -0.990023553
1403715916134057984.000000 0.092819124 -1.778872132 0.551070511 -0.112053894 -0.060006756 0.068947420 0.989489496
1403715916184058112.000000 0.096320257 -1.767104626 0.622278452 0.117357805 0.056765735 -0.070206918 -0.988977194
1403715916234057984.000000 0.096447811 -1.760424733 0.674698889 0.124867141 0.053135045 -0.072552629 -0.988089561
1403715916284058112.000000 0.096588746 -1.752944589 0.727405727 0.134885222 0.050525822 -0.075306751 -0.986702621
1403715916334057984.000000 0.097605221 -1.744884014 0.780307114 0.146882743 0.048108514 -0.078147948 -0.984887838
1403715916384058112.000000 0.098377153 -1.736436963 0.833208084 0.159337670 0.045802947 -0.082919955 -0.982668757
1403715916434057984.000000 0.107721686 -1.727039576 0.891038537 0.172443599 0.044234443 -0.089214563 -0.979973137
1403715916484058112.000000 0.090826400 -1.732543588 0.888210118 -0.186704129 -0.040460352 0.096605003 0.976817310
1403715916534057984.000000 0.109213382 -1.706754088 1.000156760 0.200404182 0.045065951 -0.105174325 -0.973008513
1403715916584058112.000000 0.102694049 -1.704462051 1.022242308 0.216078475 0.044142976 -0.111553356 -0.968977511
1403715916634057984.000000 0.090079278 -1.705329537 1.029884577 -0.231471196 -0.041415203 0.120593265 0.964449644
1403715916684058112.000000 0.095351249 -1.688005090 1.099152803 0.245254084 0.041922804 -0.130905539 -0.959664941
1403715916734057984.000000 0.089519501 -1.683851123 1.122308969 -0.257350892 -0.039262298 0.140894949 0.955184639
1403715916784058112.000000 0.091464266 -1.669414163 1.173864126 -0.267684937 -0.037737001 0.151393324 0.950789571
1403715916834057984.000000 0.093559809 -1.653385878 1.224847317 -0.276946872 -0.036735568 0.160568386 0.946661890
1403715916884058112.000000 0.091165632 -1.642862678 1.255840898 -0.283926010 -0.032131694 0.172231808 0.942703426
1403715916934057984.000000 0.095207989 -1.622642636 1.303933859 -0.290995359 -0.027522421 0.180166677 0.939204097
1403715916984058112.000000 0.095551431 -1.605538130 1.338024735 -0.297150254 -0.022919249 0.186944976 0.936070561
1403715917034057984.000000 0.100474782 -1.580265403 1.382014990 -0.302415639 -0.018391967 0.192092508 0.933438301
1403715917084058112.000000 0.106789008 -1.551421165 1.423941970 -0.309717178 -0.012538656 0.189843729 0.931599379
1403715917134057984.000000 0.110940203 -1.529204369 1.441923380 -0.319603086 -0.002232162 0.181309372 0.930040777
1403715917184058112.000000 0.119278565 -1.494747162 1.477118015 -0.333219498 0.004994904 0.164501324 0.928374469
1403715917234057984.000000 0.127561048 -1.459665298 1.509750247 -0.347612947 0.010396933 0.146882996 0.926003516
1403715917284058112.000000 0.122875929 -1.436248183 1.524816990 -0.361244112 0.013782115 0.134373844 0.922635615
1403715917334057984.000000 0.143393502 -1.387301803 1.578323841 0.372599512 -0.014598501 -0.126701400 -0.919186234
1403715917384058112.000000 0.134443611 -1.374464512 1.576056719 -0.381844521 0.016966037 0.122088939 0.915970147
1403715917434057984.000000 0.130669326 -1.358358145 1.583426833 -0.388162911 0.016696114 0.120859563 0.913478971
1403715917484058112.000000 0.135586962 -1.333914161 1.603287935 -0.390529990 0.013175176 0.128160313 0.911530435
1403715917534057984.000000 0.139715597 -1.311333895 1.621980906 -0.391650409 0.005773973 0.136049181 0.909982085
1403715917584058112.000000 0.142265216 -1.290622950 1.639523625 -0.390592307 0.000941658 0.147400871 0.908685744
1403715917634057984.000000 0.128727034 -1.285443664 1.641416311 -0.389310688 -0.000527465 0.155766696 0.907840133
1403715917684058112.000000 0.128637150 -1.265564919 1.656450748 -0.388116211 0.001773054 0.162493169 0.907170713
1403715917734057984.000000 0.126891628 -1.245882750 1.670121670 -0.387348861 0.008007918 0.165665701 0.906891227
1403715917784058112.000000 0.112655669 -1.237500668 1.674045563 -0.387363106 0.015766285 0.164517805 0.906992435
1403715917834057984.000000 0.121507317 -1.212520480 1.685717821 0.387559831 -0.021376694 -0.161897764 -0.907264888
1403715917884058112.000000 0.119517982 -1.195591927 1.690783143 0.387669384 -0.026715824 -0.158297583 -0.907711744
1403715917934057984.000000 0.106475279 -1.187467694 1.688176751 -0.388357550 0.030072428 0.153041974 0.908213854
1403715917984058112.000000 0.102645032 -1.178186178 1.683948517 0.388462186 -0.031075379 -0.147071615 -0.909121275
1403715918034057984.000000 0.086003378 -1.176774025 1.670175076 -0.390076369 0.029021166 0.140316784 0.909565568
1403715918084058112.000000 0.083749361 -1.167336345 1.661166668 -0.393965244 0.024014806 0.133991703 0.908988953
1403715918134057984.000000 0.080523469 -1.159837723 1.649669647 -0.399270505 0.016834211 0.129086882 0.907544076
1403715918184058112.000000 0.061771903 -1.161552906 1.637121081 -0.406521738 0.014397341 0.124229312 0.905041397
1403715918234057984.000000 0.056592442 -1.160240650 1.621289015 -0.412511647 0.014272284 0.125581667 0.902141750
1403715918284058112.000000 0.063060291 -1.164265871 1.598904014 0.417275816 -0.013371948 -0.131845668 -0.899065614
1403715918334057984.000000 0.039565276 -1.165610790 1.580942988 -0.421926349 0.013633505 0.142890766 0.895195305
1403715918384058112.000000 0.039151501 -1.173943758 1.562387109 0.425435096 -0.009542485 -0.158276141 -0.890989721
1403715918434057984.000000 0.007594259 -1.178606749 1.543955207 -0.429495364 0.006200213 0.173259318 0.886271119
1403715918484058112.000000 -0.014081854 -1.186470509 1.524744511 -0.433653891 0.000813300 0.187488526 0.881357968
1403715918534057984.000000 -0.041305970 -1.198003411 1.499151945 -0.438787997 -0.002849816 0.198259637 0.876441777
1403715918584058112.000000 -0.066988498 -1.203649044 1.482592583 0.444083005 0.006086449 -0.207716644 -0.871554434
1403715918634057984.000000 -0.097849309 -1.213304520 1.455255747 -0.449810773 -0.009050690 0.212066188 0.867534697
1403715918684058112.000000 -0.126303971 -1.219881654 1.430372477 0.455915570 0.013630573 -0.212468162 -0.864183187
1403715918734057984.000000 -0.151942745 -1.225110769 1.403340697 0.461367071 0.020688962 -0.210105166 -0.861724079
1403715918784058112.000000 -0.193969667 -1.236635923 1.376632690 -0.468667984 -0.024477523 0.202437863 0.859517336
1403715918834057984.000000 -0.192485601 -1.233530045 1.342064619 0.471415162 0.039816946 -0.198730245 -0.858305752
1403715918884058112.000000 -0.229336485 -1.242475271 1.314052224 -0.475401759 -0.048727229 0.193693131 0.856797457
1403715918934057984.000000 -0.241745949 -1.244060159 1.281987071 -0.476310998 -0.061091807 0.192956269 0.855665624
1403715918984058112.000000 -0.257641941 -1.249359250 1.244895101 -0.475982159 -0.071236841 0.194098458 0.854805350
1403715919034057984.000000 -0.258384883 -1.248369932 1.213382483 0.475007117 0.082081430 -0.196511358 -0.853823364
1403715919084058112.000000 -0.260077536 -1.245635509 1.182564139 0.474652201 0.091496803 -0.195660815 -0.853258789
1403715919134057984.000000 -0.264159799 -1.241008401 1.152967453 -0.475649118 -0.097080372 0.189791843 0.853412271
1403715919184058112.000000 -0.261901736 -1.231850624 1.126972437 0.477213204 0.102009743 -0.180148870 -0.854053795
1403715919234057984.000000 -0.264622420 -1.226379395 1.100638866 -0.479869515 -0.103673600 0.167464495 0.854946017
1403715919284058112.000000 -0.253136724 -1.210576296 1.084054351 0.481954664 0.103749096 -0.154717579 -0.856164873
1403715919334057984.000000 -0.247951612 -1.198506355 1.068470001 0.484029919 0.102409743 -0.141607985 -0.857423186
1403715919384058112.000000 -0.251635104 -1.191462994 1.053830028 -0.484632343 -0.095930181 0.136914089 0.858593941
1403715919434057984.000000 -0.251880765 -1.180867910 1.046157360 -0.483165473 -0.088407725 0.140811428 0.859597266
1403715919484058112.000000 -0.258865654 -1.176210165 1.036457777 -0.481682628 -0.078862771 0.145453691 0.860584557
1403715919534057984.000000 -0.255504698 -1.155112624 1.043247104 0.479784399 0.073665716 -0.151707217 -0.861025691
1403715919584058112.000000 -0.263841867 -1.145052195 1.044935226 0.478785068 0.067436501 -0.155971259 -0.861330509
1403715919634057984.000000 -0.283892959 -1.146116972 1.041369677 -0.478508651 -0.061015747 0.158455074 0.861509442
1403715919684058112.000000 -0.297348589 -1.136524916 1.047677040 -0.478436977 -0.059008431 0.159981713 0.861406982
1403715919734057984.000000 -0.313027442 -1.127414703 1.055878639 -0.478926271 -0.058897331 0.159636229 0.861206770
1403715919784058112.000000 -0.330336750 -1.118748426 1.065629959 -0.480317563 -0.059937961 0.156400055 0.860953867
1403715919834057984.000000 -0.348515272 -1.107904196 1.077670097 0.480746299 0.060521077 -0.154677168 -0.860984981
1403715919884058112.000000 -0.371759444 -1.113436460 1.082263350 -0.481515467 -0.060280290 0.152047247 0.861040473
1403715919934057984.000000 -0.384160131 -1.092179298 1.106104016 0.480540007 0.064484380 -0.154010683 -0.860931993
1403715919984058112.000000 -0.399463654 -1.085321188 1.122947812 0.478621125 0.068633787 -0.158283994 -0.860904992
1403715920034057984.000000 -0.407752454 -1.074076414 1.141961932 0.476779610 0.073238388 -0.161977783 -0.860860407
1403715920084058112.000000 -0.423512697 -1.089814186 1.146564126 -0.475292772 -0.073118910 0.164246693 0.861262798
1403715920134057984.000000 -0.427351743 -1.084322810 1.164295793 -0.473234862 -0.075338602 0.168245494 0.861432731
1403715920184058112.000000 -0.426688552 -1.071633816 1.191566825 0.471444339 0.076595165 -0.171511114 -0.861659706
1403715920234057984.000000 -0.429068148 -1.074965835 1.201169610 -0.469319552 -0.074081287 0.174926445 0.862352550
1403715920284058112.000000 -0.403079957 -1.048311353 1.237621307 0.466067076 0.073223427 -0.179212600 -0.863309205
1403715920334057984.000000 -0.400449723 -1.041745424 1.258513451 0.463309288 0.064144388 -0.179381132 -0.865478218
1403715920384058112.000000 -0.391311795 -1.042085528 1.269756198 -0.460702032 -0.057388000 0.179047063 0.867411375
1403715920434057984.000000 -0.374398351 -1.029806256 1.293467641 -0.458199501 -0.049646575 0.179653496 0.869087517
1403715920484058112.000000 -0.340800405 -1.006727934 1.325443864 0.455461115 0.046978842 -0.181411237 -0.870309234
1403715920534057984.000000 -0.345638514 -1.017424822 1.328056455 -0.454572409 -0.033906240 0.177812591 0.872122169
1403715920584058112.000000 -0.306651115 -0.978154421 1.374662519 0.452642173 0.031818688 -0.179392338 -0.872880936
1403715920634057984.000000 -0.312346131 -0.988602877 1.376263380 -0.452302307 -0.019494869 0.175596476 0.874190211
1403715920684058112.000000 -0.296011508 -0.974209249 1.399110794 -0.450950146 -0.013018632 0.174229383 0.875282109
1403715920734057984.000000 -0.278377175 -0.962875843 1.418521404 0.449415684 0.007238749 -0.170961916 -0.876781225
1403715920784058112.000000 -0.257501483 -0.967741787 1.418019295 -0.446112782 -0.002360075 0.168922886 0.878887296
1403715920834057984.000000 -0.235573933 -0.938152969 1.455205798 0.442340225 0.001034532 -0.165880769 -0.881372631
1403715920884058112.000000 -0.211176723 -0.944888473 1.451409101 -0.436873734 -0.001372354 0.164778709 0.884300590
1403715920934057984.000000 -0.185324997 -0.935094059 1.465155602 -0.429412961 -0.003350264 0.166652009 0.887592554
1403715920984058112.000000 -0.161225200 -0.943021536 1.463172674 -0.421117932 -0.007253861 0.169264048 0.891042531
1403715921034057984.000000 -0.131188869 -0.923649490 1.479787946 0.411338359 0.015157547 -0.173807010 -0.894629598
1403715921084058112.000000 -0.103824541 -0.927831173 1.477625132 -0.403150797 -0.019891756 0.173669413 0.898283243
1403715921134057984.000000 -0.074951097 -0.919116557 1.482688785 -0.395347089 -0.025585040 0.173184350 0.901694655
1403715921184058112.000000 -0.046049915 -0.909260273 1.486593604 -0.389187008 -0.028548170 0.170884863 0.904719293
1403715921234057984.000000 -0.013391592 -0.922617912 1.471725106 -0.383905858 -0.031293407 0.168271258 0.907370806
1403715921284058112.000000 0.014089249 -0.911949337 1.473324656 -0.380454600 -0.034260385 0.163994133 0.909497917
1403715921334057984.000000 0.040922232 -0.900366664 1.474474072 -0.377703428 -0.038836204 0.159711450 0.911221206
1403715921384058112.000000 0.067503124 -0.887811244 1.475617051 -0.375625491 -0.043490421 0.155182868 0.912651300
1403715921434057984.000000 0.094787642 -0.896882057 1.465814710 -0.374717861 -0.046529882 0.150025725 0.913736165
1403715921484058112.000000 0.124763779 -0.867996573 1.471214294 0.373113185 0.051248733 -0.148549587 -0.914381266
1403715921534057984.000000 0.151620358 -0.870705187 1.466710806 -0.372810245 -0.051066346 0.145854309 0.914948821
1403715921584058112.000000 0.182674304 -0.856497586 1.467605114 -0.372276515 -0.052358318 0.144930914 0.915239751
1403715921634057984.000000 0.218079418 -0.841440737 1.468324065 -0.372562706 -0.052107833 0.143420279 0.915375590
1403715921684058112.000000 0.255991697 -0.825444281 1.469627500 -0.372264355 -0.052816562 0.144839078 0.915232897
1403715921734057984.000000 0.299408615 -0.815871119 1.466789842 0.372365803 0.052594073 -0.146165639 -0.914993584
1403715921784058112.000000 0.329569519 -0.834971666 1.457675695 -0.371885240 -0.047772054 0.149912283 0.914847314
1403715921834057984.000000 0.370044231 -0.818381727 1.459957123 -0.371527225 -0.046039533 0.153134927 0.914547801
1403715921884058112.000000 0.408370376 -0.801285923 1.463354707 -0.371165365 -0.044048991 0.156582087 0.914209008
1403715921934057984.000000 0.444121748 -0.783020496 1.468194366 -0.371745259 -0.041746024 0.158215851 0.913800061
1403715921984058112.000000 0.477364153 -0.763690770 1.473935246 -0.372355521 -0.040678710 0.159718826 0.913338184
1403715922034057984.000000 0.510043800 -0.743399739 1.479867935 -0.373767853 -0.040482339 0.159225374 0.912855983
1403715922084058112.000000 0.544765234 -0.742825270 1.480765224 0.375388831 0.039124895 -0.157416791 -0.912563741
1403715922134057984.000000 0.563317657 -0.758285820 1.472569227 -0.376964092 -0.033921722 0.156555086 0.912270725
1403715922184058112.000000 0.601287365 -0.739382148 1.476401925 -0.378216088 -0.029852951 0.155411199 0.912090361
1403715922234057984.000000 0.641918600 -0.720029235 1.479207397 -0.379463673 -0.025055701 0.154433772 0.911882579
1403715922284058112.000000 0.685217559 -0.700222552 1.480810165 -0.380533963 -0.021355351 0.152796969 0.911806464
1403715922334057984.000000 0.715922475 -0.706808627 1.470646143 -0.381646723 -0.019336993 0.150279388 0.911804795
1403715922384058112.000000 0.779790521 -0.654719055 1.481190324 0.382440180 0.020343991 -0.147433236 -0.911915064
1403715922434057984.000000 0.804313540 -0.673722923 1.466795564 -0.383690953 -0.021350464 0.142983004 0.912075341
1403715922484058112.000000 0.847303450 -0.658079267 1.463917613 -0.383520454 -0.021509320 0.142105743 0.912280381
1403715922534057984.000000 0.889333844 -0.642976403 1.460631251 -0.382804394 -0.021421442 0.143208072 0.912410736
1403715922584058112.000000 0.924638569 -0.660418570 1.445502877 -0.382220447 -0.016686017 0.144491509 0.912552118
1403715922634057984.000000 0.977453589 -0.615784407 1.451828837 0.380727500 0.016093954 -0.146994174 -0.912787080
1403715922684058112.000000 0.999696553 -0.637147605 1.435646296 -0.380694836 -0.012939700 0.146980286 0.912853181
1403715922734057984.000000 1.031656504 -0.626183808 1.430663109 -0.380562335 -0.013800513 0.146533027 0.912967741
1403715922784058112.000000 1.059661269 -0.615675986 1.426080108 -0.380794942 -0.015631726 0.144246846 0.913205206
1403715922834057984.000000 1.075772762 -0.635205507 1.411055803 -0.381438494 -0.017466860 0.141097099 0.913395464
1403715922884058112.000000 1.094597936 -0.604579508 1.414608359 0.381564826 0.021038810 -0.139032722 -0.913583934
1403715922934057984.000000 1.109239578 -0.597294807 1.411274552 0.381880134 0.023606144 -0.137313798 -0.913649440
1403715922984058112.000000 1.120223761 -0.617290199 1.399439335 0.382404089 0.023873264 -0.135146916 -0.913746476
1403715923034057984.000000 1.133849502 -0.631335914 1.390101075 -0.382744282 -0.024390683 0.133335158 0.913856506
1403715923084058112.000000 1.142621040 -0.608506501 1.393420696 0.382843971 0.027175672 -0.133095711 -0.913771093
1403715923134057984.000000 1.154151440 -0.605513990 1.389699578 0.382531852 0.029717771 -0.133330956 -0.913788378
1403715923184058112.000000 1.169736505 -0.622259319 1.378806233 -0.382138371 -0.032935068 0.133912846 0.913757563
1403715923234057984.000000 1.179476976 -0.611524761 1.378792048 0.381406099 0.038373370 -0.135405108 -0.913631439
1403715923284058112.000000 1.209294319 -0.650714517 1.358613729 -0.380171835 -0.040137138 0.138105780 0.913665831
1403715923334057984.000000 1.221219659 -0.612268686 1.367947102 0.378117293 0.043588888 -0.143600270 -0.913513184
1403715923384058112.000000 1.253322482 -0.652532756 1.347767234 -0.375744939 -0.041279592 0.150014013 0.913568616
1403715923434057984.000000 1.267931223 -0.628043175 1.353093266 0.373215258 0.040694930 -0.157328129 -0.913401484
1403715923484058112.000000 1.297482252 -0.678599238 1.330237389 -0.370816022 -0.036476012 0.163571507 0.913460135
1403715923534057984.000000 1.305395126 -0.641453743 1.343758583 0.368138850 0.035360940 -0.171400949 -0.913151205
1403715923584058112.000000 1.324466228 -0.678418040 1.325081706 -0.366345584 -0.029803190 0.176598355 0.913080394
1403715923634057984.000000 1.330528736 -0.676846385 1.323203921 -0.364633918 -0.026629979 0.181507125 0.912900984
1403715923684058112.000000 1.330518723 -0.674268007 1.322231293 -0.363401979 -0.023492031 0.185012668 0.912774622
1403715923734057984.000000 1.330723524 -0.702237248 1.309185147 -0.362344027 -0.019450735 0.186642155 0.912958562
1403715923784058112.000000 1.317533016 -0.669675171 1.319378257 0.361562610 0.016888048 -0.188346013 -0.912969410
1403715923834057984.000000 1.301969409 -0.664327741 1.318977118 0.362138301 0.013773369 -0.186309189 -0.913211405
1403715923884058112.000000 1.286652923 -0.707874835 1.300633311 -0.363435179 -0.006726325 0.181825861 0.913678885
1403715923934057984.000000 1.264676452 -0.700239539 1.299243212 -0.364675641 -0.000787248 0.177991614 0.913963974
1403715923984058112.000000 1.239621520 -0.691545188 1.296882749 -0.366191983 0.003175351 0.172523007 0.914401054
1403715924034057984.000000 1.210835814 -0.682336807 1.293778896 -0.367605686 0.005410426 0.167584509 0.914741635
1403715924084058112.000000 1.192572713 -0.703675866 1.276062369 -0.369478047 0.004554863 0.162431374 0.914921522
1403715924134057984.000000 1.139546752 -0.613414347 1.296494126 0.370665431 -0.002311244 -0.157292992 -0.915347338
1403715924184058112.000000 1.124263406 -0.687387228 1.262677670 -0.372008711 0.001533441 0.153556868 0.915438473
1403715924234057984.000000 1.093182087 -0.692819536 1.249878883 0.372975647 0.002900771 -0.150407568 -0.915564537
1403715924284058112.000000 1.045932531 -0.710144997 1.232640743 -0.373645693 -0.002930285 0.148538396 0.915596366
1403715924334057984.000000 1.012480974 -0.707797229 1.219758034 -0.374241710 -0.007963018 0.147064969 0.915560842
1403715924384058112.000000 0.979365110 -0.706103861 1.205881953 -0.374476880 -0.013465227 0.146858245 0.915433526
1403715924434057984.000000 0.946324587 -0.704786599 1.191611052 -0.373926580 -0.018596327 0.149544492 0.915133655
1403715924484058112.000000 0.913276076 -0.703480065 1.177064538 -0.373317152 -0.025812069 0.151784256 0.914838612
1403715924534057984.000000 0.880802870 -0.701881707 1.162342072 -0.372821867 -0.032649748 0.155027762 0.914278030
1403715924584058112.000000 0.851389289 -0.704211831 1.145624280 0.372719526 0.037063718 -0.157403544 -0.913745344
1403715924634057984.000000 0.808002889 -0.739613116 1.110546112 -0.372424304 -0.037156191 0.162965283 0.912886620
1403715924684058112.000000 0.813705266 -0.657870770 1.120791078 0.371309787 0.046735968 -0.174052581 -0.910851538
1403715924734057984.000000 0.745757580 -0.731354713 1.079560041 -0.377089560 -0.034434497 0.176582217 0.908535421
1403715924784058112.000000 0.708043039 -0.745247900 1.051687479 -0.382478327 -0.031578615 0.182028264 0.905305982
1403715924834057984.000000 0.683865309 -0.726389050 1.041567564 0.389897972 0.028841980 -0.186796188 -0.901251912
1403715924884058112.000000 0.646392286 -0.731693685 1.014481306 -0.399424553 -0.026151218 0.190763205 0.896317780
1403715924934057984.000000 0.614248097 -0.725971878 0.992384255 0.410719186 0.021800283 -0.194048092 -0.890606463
1403715924984058112.000000 0.575189948 -0.733183205 0.958239019 -0.424380302 -0.017215475 0.193354219 0.884431601
1403715925034057984.000000 0.545164645 -0.722973645 0.934001625 -0.439399451 -0.011586088 0.191825241 0.877494752
1403715925084058112.000000 0.517607510 -0.712098598 0.908014357 -0.455491930 -0.005956829 0.187496856 0.870250881
1403715925134057984.000000 0.486191154 -0.715894103 0.868582845 -0.471535534 -0.000928231 0.183508620 0.862541676
1403715925184058112.000000 0.468016446 -0.701239467 0.845005214 0.486664414 -0.000986551 -0.182146221 -0.854388475
1403715925234057984.000000 0.443103999 -0.702530682 0.803561091 -0.500225723 0.003515445 0.184790418 0.845939994
1403715925284058112.000000 0.425923467 -0.697919548 0.768014252 -0.513223171 0.003192117 0.189474046 0.837073147
1403715925334057984.000000 0.416494429 -0.696932971 0.730646729 0.524475753 -0.001730999 -0.198233619 -0.828025222
1403715925384058112.000000 0.388495892 -0.705109775 0.674568415 -0.536283076 0.001015697 0.207133666 0.818226874
1403715925434057984.000000 0.375532746 -0.705764711 0.633280814 -0.546815693 -0.001571576 0.217818663 0.808421493
1403715925484058112.000000 0.362149268 -0.707391262 0.590956569 -0.557099402 -0.005871320 0.228500739 0.798369110
1403715925534057984.000000 0.348403037 -0.712821364 0.542405188 0.567775607 0.008910197 -0.237857267 -0.788019955
1403715925584058112.000000 0.326801777 -0.714409232 0.490702212 -0.579361439 -0.011072433 0.244306564 0.777516603
1403715925634057984.000000 0.312716186 -0.718264818 0.442901522 -0.591118574 -0.012378208 0.249976426 0.766770780
1403715925684058112.000000 0.298669249 -0.721959710 0.393707693 -0.603488505 -0.012528259 0.253766000 0.755809188
1403715925734057984.000000 0.288710833 -0.720448732 0.353730559 0.615791082 0.012795916 -0.257236272 -0.744625449
1403715925784058112.000000 0.260749817 -0.723652601 0.284114867 -0.628478050 -0.011498910 0.259859890 0.733045697
1403715925834057984.000000 0.245196179 -0.726290882 0.232809633 -0.641021013 -0.010247796 0.262396753 0.721203923
1403715925884058112.000000 0.229212955 -0.730993509 0.177226067 0.653820932 0.009369819 -0.263855070 -0.709091663
1403715925934057984.000000 0.212715983 -0.735489607 0.122476220 0.667017937 0.009821729 -0.264031947 -0.696618855
1403715925984058112.000000 0.196195140 -0.740278244 0.066831589 0.680392981 0.009705577 -0.263750464 -0.683671653
1403715926034057984.000000 0.178992257 -0.745666862 0.010778725 0.693446219 0.007316840 -0.263965786 -0.670373738
1403715926084058112.000000 0.146521688 -0.736678362 -0.059643447 0.707055986 0.000866090 -0.263471782 -0.656242192
1403715926134057984.000000 0.124716148 -0.744281292 -0.115404248 0.720644832 -0.004995234 -0.262965143 -0.641479075
1403715926184058112.000000 0.113176510 -0.769150257 -0.156330407 0.733906269 -0.009644622 -0.263609409 -0.625938296
1403715926234057984.000000 0.062698603 -0.754082084 -0.235548258 0.747343242 -0.015349315 -0.262884557 -0.610028028
1403715926284058112.000000 0.031463146 -0.768071353 -0.287113965 0.760231614 -0.018995943 -0.263210565 -0.593639076
1403715926334057984.000000 -0.002018034 -0.784476876 -0.338165820 0.773323178 -0.020775607 -0.262074322 -0.576937377
1403715926384058112.000000 -0.027147010 -0.812397063 -0.371904910 -0.785959423 0.020834977 0.261113375 0.560047746
1403715926434057984.000000 -0.061652109 -0.834768355 -0.421672344 -0.799330533 0.020210957 0.256272346 0.543126941
1403715926484058112.000000 -0.096226931 -0.856332660 -0.480393827 -0.812158942 0.019358106 0.250891209 0.526380897
1403715926534057984.000000 -0.163383424 -0.853188396 -0.581419051 0.824262857 -0.018736264 -0.246981889 -0.509155869
1403715926584058112.000000 -0.197872952 -0.885230184 -0.628701687 0.834287107 -0.014567055 -0.247457489 -0.492460817
1403715926634057984.000000 -0.232967362 -0.920545816 -0.679010928 0.842663586 -0.009141216 -0.252193332 -0.475639671
1403715926684058112.000000 -0.280207813 -0.940660417 -0.744011581 0.850005686 -0.004723886 -0.258682400 -0.458858997
1403715926734057984.000000 -0.312978148 -0.980563045 -0.788889766 0.856638730 0.001989935 -0.265609503 -0.442286968
1403715926784058112.000000 -0.343935430 -1.022613406 -0.832207799 0.862873077 0.009985615 -0.271426380 -0.426237226
1403715926834057984.000000 -0.356919289 -1.080981970 -0.860326707 0.868160844 0.020394213 -0.277537107 -0.410918564
1403715926884058112.000000 -0.394255102 -1.108527184 -0.918278217 0.873005986 0.027335063 -0.282835066 -0.396380812
1403715926934057984.000000 -0.398925304 -1.169362307 -0.942272723 0.877339125 0.033497058 -0.287490457 -0.382757515
1403715926984058112.000000 -0.462772131 -1.153494120 -1.045896530 0.881736100 0.036701854 -0.290688157 -0.369722813
1403715927034057984.000000 -0.438797355 -1.240338922 -1.036873817 0.885756969 0.039323833 -0.293163061 -0.357692152
1403715927084058112.000000 -0.446853399 -1.271349788 -1.089499354 0.891007781 0.039821386 -0.291188121 -0.346018791
1403715927134057984.000000 -0.513479769 -1.255713344 -1.189061403 0.896768928 0.040066447 -0.286972135 -0.334435731
1403715927184058112.000000 -0.520859301 -1.296790957 -1.224755287 0.902894795 0.047020867 -0.279966503 -0.322782934
1403715927234057984.000000 -0.527465582 -1.337315083 -1.257823944 0.908703208 0.054045293 -0.273060918 -0.311087400
1403715927284058112.000000 -0.512481511 -1.380597830 -1.266585112 0.913843691 0.062523849 -0.266799062 -0.299664527
1403715927334057984.000000 -0.516907811 -1.415501595 -1.294600725 0.918995976 0.069166757 -0.259535193 -0.288624287
1403715927384058112.000000 -0.583604932 -1.408743858 -1.392346144 0.925055861 0.070696771 -0.248825163 -0.278136373
1403715927434057984.000000 -0.584078491 -1.440780401 -1.412866235 0.930304706 0.071399935 -0.240832284 -0.267273575
1403715927484058112.000000 -0.582738459 -1.471472263 -1.429112196 0.935733080 0.063820727 -0.233282745 -0.256728947
1403715927534057984.000000 -0.580247641 -1.501247883 -1.440796375 0.940573335 0.052333169 -0.228409350 -0.245789200
1403715927584058112.000000 -0.617093444 -1.504657507 -1.495278955 0.945409060 0.041218385 -0.223033503 -0.234006152
1403715927634057984.000000 -0.613980174 -1.532793045 -1.501376390 0.949813783 0.029724894 -0.219350442 -0.221033379
1403715927684058112.000000 -0.609515071 -1.561962843 -1.502763271 0.953752220 0.022177720 -0.217715055 -0.206070557
1403715927734057984.000000 -0.604262173 -1.592342377 -1.499614716 0.957189023 0.019089766 -0.217913717 -0.189574391
1403715927784058112.000000 -0.634584069 -1.602891207 -1.527302742 0.960455894 0.020656556 -0.218655676 -0.171136037
1403715927834057984.000000 -0.628686309 -1.633986473 -1.516280413 0.963171542 0.025129192 -0.220873982 -0.151274189
1403715927884058112.000000 -0.621318460 -1.666018486 -1.500599861 0.965322137 0.029629476 -0.224213526 -0.130398318
1403715927934057984.000000 -0.619272172 -1.700222731 -1.491060615 0.966852605 0.036460783 -0.228214517 -0.108558074
1403715927984058112.000000 -0.638799012 -1.713824987 -1.489518404 0.967869222 0.041651908 -0.232622981 -0.085912041
1403715928034057984.000000 -0.633209884 -1.747150183 -1.463105083 0.968307972 0.044921372 -0.237665385 -0.062265232
1403715928084058112.000000 -0.633079946 -1.777781367 -1.435760021 0.968185186 0.043747332 -0.243358806 -0.038471680
1403715928134057984.000000 -0.649935246 -1.794998884 -1.414222598 0.967440128 0.039595086 -0.249609455 -0.013677433
1403715928184058112.000000 -0.653196633 -1.825660944 -1.376543760 0.965875387 0.035951033 -0.256232202 0.011720841
1403715928234057984.000000 -0.658169389 -1.855473638 -1.335614920 0.964927733 0.030370504 -0.258085340 0.037203770
1403715928284058112.000000 -0.668391824 -1.880493999 -1.295203805 0.964308798 0.026603412 -0.255869120 0.062704891
1403715928334057984.000000 -0.694896936 -1.891607404 -1.265368938 0.964322865 0.023360727 -0.248613253 0.087904833
1403715928384058112.000000 -0.703471541 -1.917996883 -1.216580868 0.963588417 0.022099186 -0.241779581 0.112034649
1403715928434057984.000000 -0.712118864 -1.943380833 -1.164353132 0.962094069 0.018911468 -0.236301005 0.134830639
1403715928484058112.000000 -0.710931182 -1.974951744 -1.101037741 -0.958943069 -0.014528473 0.236021101 -0.156560883
1403715928534057984.000000 -0.748314202 -1.971786022 -1.075044632 0.954688787 0.010200274 -0.239118949 0.176882669
1403715928584058112.000000 -0.757816613 -1.992905617 -1.014096022 0.949738503 0.004769403 -0.245328471 0.194391578
1403715928634057984.000000 -0.750547171 -2.027375221 -0.930408001 -0.945216119 -0.002119212 0.250910819 -0.208820164
1403715928684058112.000000 -0.768897831 -2.028110981 -0.889707327 -0.940706134 -0.001780386 0.257594794 -0.220712051
1403715928734057984.000000 -0.758516133 -2.053185225 -0.808143139 -0.934917629 -0.001535572 0.270719707 -0.229428753
1403715928784058112.000000 -0.765469790 -2.060307264 -0.761189699 -0.928200006 0.000438619 0.287888408 -0.235721916
1403715928834057984.000000 -0.767065227 -2.061987400 -0.729732275 0.921699464 -0.003036030 -0.306680292 0.237504035
1403715928884058112.000000 -0.753745019 -2.074970007 -0.676337004 0.915622830 -0.006229315 -0.325765550 0.235526860
1403715928934057984.000000 -0.734159827 -2.087894678 -0.626999140 0.911134481 -0.008446504 -0.341970116 0.229824066
1403715928984058112.000000 -0.709082842 -2.101484060 -0.582755804 0.907164156 -0.010966563 -0.357908487 0.220985502
1403715929034057984.000000 -0.678422689 -2.116735458 -0.544690847 0.904013574 -0.012690250 -0.371425807 0.211285159
1403715929084058112.000000 -0.643805146 -2.134057999 -0.512250900 0.901639760 -0.014922653 -0.382501483 0.201285020
1403715929134057984.000000 -0.608229220 -2.153599262 -0.484795332 0.899371624 -0.014240704 -0.392543197 0.191931888
1403715929184058112.000000 -0.574012339 -2.175024509 -0.461865067 0.897381783 -0.012910895 -0.401378572 0.182851195
1403715929234057984.000000 -0.541991174 -2.198676109 -0.444002271 0.896273017 -0.007915893 -0.407786965 0.174189344
1403715929284058112.000000 -0.476689041 -2.267595768 -0.313516140 -0.895788610 -0.004024867 0.412240297 -0.166146323
1403715929334057984.000000 -0.448532969 -2.298402786 -0.297421575 -0.899585545 -0.023033166 0.406215757 -0.158758134
1403715929384058112.000000 -0.457706124 -2.289850235 -0.394704461 0.905228734 0.047399681 -0.393882245 0.152220398
1403715929434057984.000000 -0.434974372 -2.320776939 -0.387086868 0.910026193 0.074049979 -0.380642474 0.146561593
1403715929484058112.000000 -0.414433271 -2.349349022 -0.383242011 0.914135218 0.099906340 -0.366336465 0.142032251
1403715929534057984.000000 -0.395524681 -2.374323368 -0.383151889 -0.916481137 -0.125439495 0.353679270 -0.138702288
1403715929584058112.000000 -0.377600133 -2.394154787 -0.386346817 -0.918352067 -0.146625668 0.341181099 -0.136842966
1403715929634057984.000000 -0.361275196 -2.407774448 -0.391713500 -0.918542743 -0.162272334 0.333593249 -0.136610970
1403715929684058112.000000 -0.346899420 -2.414587498 -0.398376346 -0.919834435 -0.160849452 0.329953820 -0.138428882
1403715929734057984.000000 -0.328088641 -2.425703526 -0.366927505 -0.921669781 -0.144584775 0.331329942 -0.140856653
1403715929784058112.000000 -0.312586308 -2.426491737 -0.357773185 0.924874127 0.121894024 -0.330199480 0.143937513
1403715929834057984.000000 -0.304824293 -2.416258335 -0.370450616 0.928894579 0.100015692 -0.325189888 0.146298990
1403715929884058112.000000 -0.276538610 -2.425254822 -0.341791391 -0.933726966 -0.074773371 0.317253143 -0.148032039
1403715929934057984.000000 -0.275181890 -2.409900188 -0.355186105 -0.938278019 -0.048544321 0.307940930 -0.149834067
1403715929984058112.000000 -0.308187842 -2.360404491 -0.445910096 0.942855179 0.025740486 -0.295826524 0.151156202
1403715930034057984.000000 -0.304765254 -2.355385303 -0.423371077 0.945212126 0.006325429 -0.288501471 0.152646720
1403715930084058112.000000 -0.310454637 -2.340422630 -0.434452653 0.947210133 -0.013452182 -0.280941665 0.153895482
1403715930134057984.000000 -0.316089571 -2.327274561 -0.443816304 0.948577702 -0.029174060 -0.274416655 0.155063644
1403715930184058112.000000 -0.319385171 -2.313866377 -0.450915456 0.949451923 -0.044022802 -0.268695146 0.156224474
1403715930234057984.000000 -0.323262095 -2.305945635 -0.456274033 0.949541688 -0.056206815 -0.265324116 0.157526180
1403715930284058112.000000 -0.337695301 -2.284151077 -0.519034147 0.949944735 -0.064821735 -0.260914654 0.159143865
1403715930334057984.000000 -0.339528084 -2.284121513 -0.518622637 0.949204743 -0.066923432 -0.261981159 0.160927162
1403715930384058112.000000 -0.340834498 -2.288580894 -0.515496731 0.947382748 -0.065053448 -0.267901868 0.162673429
1403715930434057984.000000 -0.308776975 -2.337302208 -0.401592135 -0.943944335 0.059064869 0.279997766 -0.164565355
1403715930484058112.000000 -0.238242626 -2.245450020 -0.365979791 -0.941068053 0.052899163 0.290195435 -0.165466622
1403715930534057984.000000 -0.213094473 -2.203147888 -0.353416324 -0.938113034 0.047703516 0.299712420 -0.166855782
1403715930584058112.000000 -0.212712526 -2.206424236 -0.337707639 -0.934388101 0.044116538 0.310772538 -0.168502733
1403715930634057984.000000 -0.211239755 -2.211332798 -0.321689725 -0.930947125 0.041722871 0.320414573 -0.170091689
1403715930684058112.000000 -0.207041800 -2.217358112 -0.306218863 -0.927911580 0.042303734 0.328330159 -0.171434850
1403715930734057984.000000 -0.198893189 -2.227892399 -0.293884158 -0.926132917 0.043387659 0.332549542 -0.172644556
1403715930784058112.000000 -0.187057614 -2.241223335 -0.283765316 -0.924636126 0.043822274 0.335952580 -0.173964381
1403715930834057984.000000 -0.168761730 -2.257327080 -0.277343631 -0.923242509 0.038659938 0.339817733 -0.175078928
1403715930884058112.000000 -0.146742821 -2.274901390 -0.273760319 -0.921635747 0.028321784 0.344588697 -0.176193520
1403715930934057984.000000 -0.120610893 -2.293806553 -0.272272825 -0.920521140 0.016968418 0.347767919 -0.177229688
1403715930984058112.000000 -0.093614936 -2.312924385 -0.272184610 -0.918795943 0.008050927 0.352312356 -0.177834764
1403715931034057984.000000 -0.069356561 -2.333411455 -0.273470759 -0.916025400 0.002591034 0.359111845 -0.178688556
1403715931084058112.000000 -0.044785500 -2.356450081 -0.278357506 -0.913068056 -0.000269490 0.366133928 -0.179590240
1403715931134057984.000000 -0.028112829 -2.381304502 -0.283661842 -0.910249293 -0.000905398 0.372780114 -0.180223361
1403715931184058112.000000 -0.008140028 -2.404456615 -0.299303651 -0.908215463 -0.001206017 0.377626985 -0.180391759
1403715931234057984.000000 -0.014911473 -2.403987408 -0.368296266 0.908069134 0.001051366 -0.377862930 0.180635184
1403715931284058112.000000 0.033148289 -2.455724001 -0.325916409 -0.907277644 -0.001283913 0.379445165 -0.181292802
1403715931334057984.000000 0.060705781 -2.478739262 -0.351935625 -0.908341110 0.001050967 0.376826406 -0.181431144
1403715931384058112.000000 0.090377450 -2.504307508 -0.381013989 -0.909721971 0.002495589 0.373494685 -0.181387573
1403715931434057984.000000 0.098868668 -2.510373592 -0.460605979 0.911826193 -0.002108274 -0.368642539 0.180752024
1403715931484058112.000000 0.151933730 -2.560018063 -0.449828506 -0.912875950 0.002331968 0.366376162 -0.180057347
1403715931534057984.000000 0.154467404 -2.560946703 -0.548196077 0.914696395 -0.001653506 -0.362401187 0.178866267
1403715931584058112.000000 -0.053746104 -2.388429165 -0.987321615 0.916203439 0.001390673 -0.359290332 0.177425981
1403715931634057984.000000 -0.030884743 -2.421858311 -1.001095772 -0.916799307 -0.004525664 0.358376175 -0.176139385
1403715931684058112.000000 -0.056397915 -2.413663387 -1.118513346 0.918584585 0.008353053 -0.354674220 0.174180433
1403715931734057984.000000 -0.042149901 -2.448541641 -1.141309261 -0.919185221 -0.012366191 0.353856206 -0.172427982
1403715931784058112.000000 -0.052892327 -2.459432125 -1.214746714 -0.920304716 -0.015147069 0.351822197 -0.170384854
1403715931834057984.000000 -0.085031152 -2.448200703 -1.339627743 0.922639549 0.015203122 -0.346731305 0.168174610
1403715931884058112.000000 -0.095088840 -2.455445290 -1.417588472 0.925963759 0.017110685 -0.338768631 0.165934086
1403715931934057984.000000 -0.108447433 -2.460267067 -1.506000280 0.929384589 0.018695174 -0.330258727 0.163780421
1403715931984058112.000000 -0.119510889 -2.463271141 -1.595286369 0.933099031 0.020904535 -0.320486635 0.161794767
1403715932034057984.000000 -0.132905602 -2.465159416 -1.681509018 0.936906517 0.020795409 -0.310209006 0.159825504
1403715932084058112.000000 -0.119189024 -2.495185852 -1.710751057 -0.940779388 -0.023267305 0.298942596 -0.158196643
1403715932134057984.000000 -0.126699924 -2.493561268 -1.789626360 -0.945831299 -0.027049828 0.283133864 -0.156546518
1403715932184058112.000000 -0.152267337 -2.466869116 -1.922017574 0.950868964 0.030981217 -0.265936136 0.155455455
1403715932234057984.000000 -0.156132936 -2.459801197 -2.006174326 0.955898404 0.036852192 -0.247183591 0.154274151
1403715932284058112.000000 -0.158501983 -2.449704647 -2.088870525 0.960752189 0.040134382 -0.227769285 0.153185204
1403715932334057984.000000 -0.159649074 -2.436248064 -2.168945312 -0.964835346 -0.042851496 0.209942818 -0.152251691
1403715932384058112.000000 -0.159525812 -2.419125795 -2.245326757 -0.968123376 -0.045668248 0.194233671 -0.151409924
1403715932434057984.000000 -0.158291459 -2.398218393 -2.316975117 -0.970510125 -0.047262598 0.181918919 -0.150936961
1403715932484058112.000000 -0.155488849 -2.373136997 -2.383372068 -0.972569823 -0.047474343 0.171360835 -0.149965778
1403715932534057984.000000 -0.150050700 -2.344002247 -2.444154978 -0.974519193 -0.047982439 0.160461307 -0.149205655
1403715932584058112.000000 -0.141695619 -2.310642004 -2.498696089 -0.976491332 -0.048779823 0.148436189 -0.148498923
1403715932634057984.000000 -0.130715311 -2.272808552 -2.546388865 -0.978366911 -0.048042126 0.136933252 -0.147442937
1403715932684058112.000000 -0.098815382 -2.253120422 -2.539346457 0.979564667 0.048463836 -0.128561050 0.146889523
1403715932734057984.000000 -0.081948817 -2.205468893 -2.571306229 0.980654657 0.049428683 -0.120110437 0.146447048
1403715932784058112.000000 -0.062994599 -2.153844833 -2.595308542 0.981046498 0.050409772 -0.115934685 0.146852836
1403715932834057984.000000 -0.041619778 -2.097755909 -2.610676765 0.980513930 0.050660521 -0.118749909 0.148069412
1403715932884058112.000000 -0.018958449 -2.037403107 -2.617812872 0.978306651 0.050382096 -0.132793799 0.150809914
1403715932934057984.000000 0.004992068 -1.972727895 -2.617051363 0.974394262 0.047039665 -0.156620085 0.154315487
1403715932984058112.000000 0.030242443 -1.904006481 -2.609762430 0.968653917 0.042017199 -0.186804220 0.158266842
1403715933034057984.000000 0.057060242 -1.831477404 -2.597684860 0.962021947 0.036995303 -0.216712803 0.161804497
1403715933084058112.000000 0.085224152 -1.756098032 -2.582782030 -0.954824567 -0.032408863 0.244969144 -0.165075243
1403715933134057984.000000 0.113908052 -1.678483963 -2.566299438 -0.947008610 -0.027513310 0.272377640 -0.168012500
1403715933184058112.000000 0.142210126 -1.599108577 -2.549353838 -0.938186407 -0.022066018 0.300441563 -0.170453101
1403715933234057984.000000 0.170393825 -1.518451214 -2.533560514 -0.929465950 -0.017389180 0.325703621 -0.172359839
1403715933284058112.000000 0.197791457 -1.151121736 -2.182000160 -0.920166850 -0.012091715 0.350626290 -0.173804358
1403715933334057984.000000 0.221869111 -1.050912619 -2.150795460 -0.910555780 -0.004131937 0.374400198 -0.175201878
1403715933384058112.000000 0.213951588 -0.944685936 -2.134307623 -0.900418043 0.006791084 0.397549659 -0.176509425
1403715933434057984.000000 0.232657909 -0.844515562 -2.112480164 -0.889528155 0.019098429 0.420311868 -0.178080887
1403715933484058112.000000 0.249584436 -0.745614946 -2.097114563 -0.878282368 0.031604487 0.442011237 -0.179575548
1403715933534057984.000000 0.265077472 -0.648840606 -2.090485334 -0.867593110 0.042062636 0.461174607 -0.181193322
1403715933584058112.000000 0.279342294 -0.555171907 -2.093586445 -0.857966959 0.048697241 0.477764815 -0.182378992
1403715933634057984.000000 0.292048335 -0.465147167 -2.106989622 -0.849176288 0.053728733 0.492130518 -0.183903188
1403715933684058112.000000 0.303497791 -0.379538953 -2.132225752 -0.842754304 0.052966557 0.502750754 -0.184936136
1403715933734057984.000000 0.313481808 -0.298315525 -2.169972420 -0.837890029 0.049410257 0.510916710 -0.185642555
1403715933784058112.000000 0.322103024 -0.221632659 -2.221612453 -0.835584402 0.045642070 0.514679432 -0.186602607
1403715933834057984.000000 0.329465032 -0.149239898 -2.287011623 -0.836144686 0.040578585 0.513841033 -0.187571108
1403715933884058112.000000 0.335451245 -0.080803394 -2.366540909 -0.841682196 0.034158140 0.504817009 -0.188584507
1403715933934057984.000000 0.341297269 -0.015420556 -2.459340096 -0.852857172 0.028506450 0.485311210 -0.190512910
1403715933984058112.000000 0.348084092 0.047499895 -2.564932823 -0.869543195 0.018894017 0.454711288 -0.191768840
1403715934034057984.000000 0.354334116 0.109293461 -2.679060936 -0.887555480 0.010687799 0.418057919 -0.193284169
1403715934084058112.000000 0.359983325 0.170884609 -2.798825979 -0.905213416 -0.000435673 0.378206670 -0.193773836
1403715934134057984.000000 0.362876654 0.233406305 -2.920078993 -0.921617270 -0.009000466 0.335933417 -0.194137380
1403715934184058112.000000 0.361366272 0.297470570 -3.040917635 -0.936227620 -0.018717939 0.292362064 -0.194041058
1403715934234057984.000000 0.352875590 0.363791227 -3.158597469 -0.946622729 -0.026598584 0.256143749 -0.193876907
1403715934284058112.000000 0.339515924 0.433033705 -3.272555590 0.954487503 0.035011854 -0.224642515 0.193037853
1403715934334057984.000000 0.322565794 0.505495071 -3.381888866 0.960241497 0.039862555 -0.198566988 0.192141697
1403715934384058112.000000 0.303847075 0.581667900 -3.485824585 0.964994788 0.044088788 -0.174546391 0.190722227
1403715934434057984.000000 0.283552766 0.662207842 -3.583421707 0.968657374 0.049045254 -0.153236061 0.189251855
1403715934484058112.000000 0.262336016 0.747671366 -3.673649311 0.971683562 0.052455075 -0.133748397 0.187592715
1403715934534057984.000000 -0.400345981 1.042719364 -3.818417549 0.974111617 0.056124158 -0.116653927 0.185333580
1403715934584058112.000000 -0.449872375 1.145802259 -3.893240690 0.976183772 0.058320474 -0.100892775 0.182988331
1403715934634057984.000000 -0.501164794 1.260414124 -3.958037615 0.977793157 0.059432551 -0.088228770 0.180566102
1403715934684058112.000000 -0.549926162 1.381854773 -4.012635708 0.979082227 0.059051614 -0.079303764 0.177825674
1403715934734057984.000000 -0.595803440 1.510047674 -4.056906700 0.980160892 0.056502994 -0.073732421 0.175087273
1403715934784058112.000000 -0.637624681 1.645118713 -4.089996338 0.981039584 0.052481249 -0.071290158 0.172408968
1403715934834057984.000000 -0.661161304 1.775838375 -3.982939720 0.980889857 0.047670767 -0.079973660 0.170841679
1403715934884058112.000000 -0.687103689 1.908010483 -3.869462013 0.978828549 0.043508217 -0.103296086 0.171264872
1403715934934057984.000000 -0.727550864 2.057195663 -3.817007065 0.975018322 0.037499748 -0.134975865 0.172379464
1403715934984058112.000000 -0.781086206 2.239666939 -3.793434858 0.969737768 0.029245509 -0.169093788 0.173668370
1403715935034057984.000000 -0.817951143 2.400103092 -3.767881393 0.962803841 0.021817893 -0.204416767 0.175346941
1403715935084058112.000000 -0.863932610 2.571656704 -3.787167072 -0.954228997 -0.014086211 0.240541399 -0.177168295
1403715935134057984.000000 -0.906230450 2.738687038 -3.753990173 -0.944848657 -0.008494998 0.273918420 -0.179325476
1403715935184058112.000000 -0.952924490 2.923965454 -3.763116598 -0.934875429 -0.002200685 0.305297256 -0.181098729
1403715935234057984.000000 -0.983183980 3.094531536 -3.683820724 -0.925392449 0.002159640 0.332019448 -0.182776809
1403715935284058112.000000 -1.036378860 3.267454147 -3.647454977 -0.916412771 0.006163311 0.355384588 -0.183987707
1403715935334057984.000000 -1.088509679 3.425745010 -3.605798244 -0.907906234 0.008444775 0.376121372 -0.184845462
1403715935384058112.000000 -1.120830297 3.583019733 -3.524827003 -0.900548160 0.010412948 0.393076420 -0.185460582
1403715935434057984.000000 -1.144388676 3.720540524 -3.407088757 -0.893639028 0.011561671 0.408309788 -0.185900062
1403715935484058112.000000 -1.166335583 3.852254391 -3.263452768 -0.887823880 0.013033482 0.420568615 -0.186335385
1403715935534057984.000000 -1.180821657 3.979816437 -3.137219191 -0.882923186 0.013439090 0.430656344 -0.186550900
1403715935584058112.000000 -1.208939910 4.140480995 -3.142685175 -0.879007280 0.013298289 0.438573748 -0.186607927
1403715935634057984.000000 -1.229213834 4.292215824 -3.124824047 -0.874970019 0.014777613 0.446453363 -0.186784774
1403715935684058112.000000 -1.244705319 4.441795826 -3.114668846 -0.870850742 0.016064709 0.454326093 -0.186945751
1403715935734057984.000000 -1.236124039 4.571922779 -3.052774191 -0.866387784 0.016760573 0.462678343 -0.187136859
1403715935784058112.000000 -1.220648408 4.699193001 -3.004479408 -0.862081647 0.018564120 0.470410049 -0.187576741
1403715935834057984.000000 -1.301411986 4.882594109 -3.151735067 -0.858154655 0.018594366 0.477448761 -0.187797025
1403715935884058112.000000 -1.297891855 5.053710938 -3.368137360 -0.855219245 0.018568603 0.482496530 -0.188287824
1403715935934057984.000000 -1.281376839 5.221867085 -3.616351128 -0.854802966 0.017838020 0.482879251 -0.189265400
1403715935984058112.000000 -1.548173904 5.599361420 -4.952764511 -0.858454406 0.014723987 0.476348668 -0.189555466
1403715936034057984.000000 -1.616893291 5.757678986 -5.072856426 -0.867781699 0.010456190 0.458835810 -0.190565974
1403715936084058112.000000 -1.686189175 5.914918900 -5.202578068 -0.880332708 0.004698911 0.433810979 -0.191834196
1403715936134057984.000000 -1.756186724 6.071854591 -5.340379238 -0.894052744 -0.003948108 0.404483527 -0.192476720
1403715936184058112.000000 -1.827549458 6.229269028 -5.484029293 -0.907004774 -0.011668026 0.373919219 -0.193366796
1403715936234057984.000000 -1.899989486 6.387856483 -5.631971836 -0.918957889 -0.019815661 0.342683583 -0.194143653
1403715936284058112.000000 -1.973395586 6.548453331 -5.783108711 -0.929855645 -0.026969448 0.311098993 -0.194573104
1403715936334057984.000000 -2.048811436 6.711415291 -5.934932232 -0.938017905 -0.031069679 0.284532517 -0.195444033
1403715936384058112.000000 -2.125606298 6.877249718 -6.086373329 -0.944606543 -0.031434547 0.261275679 -0.196125939
1403715936434057984.000000 -2.203746557 7.046376228 -6.236238480 -0.948780477 -0.032742459 0.244775996 -0.197048947
1403715936484058112.000000 -2.282317400 7.219128609 -6.383659363 0.951460540 0.032749087 -0.233445525 0.197872594
1403715936534057984.000000 -2.360550404 7.395358086 -6.528635979 0.953785598 0.031042468 -0.223364055 0.198589966
1403715936584058112.000000 -2.438070536 7.574931145 -6.670531750 0.955667973 0.028160702 -0.214963228 0.199239746
1403715936634057984.000000 -2.514083385 7.758014679 -6.809489727 0.957336664 0.024565136 -0.207615674 0.199496761
1403715936684058112.000000 -2.588374138 7.944817543 -6.944961071 0.958554924 0.020587727 -0.201957032 0.199904874
1403715936734057984.000000 -2.661472797 8.135180473 -7.076524258 0.958148181 0.019751983 -0.203123018 0.200756103
1403715936784058112.000000 -2.734122276 8.328970909 -7.204039097 0.956266820 0.019120103 -0.211008325 0.201652780
1403715936834057984.000000 -2.805605650 8.525822639 -7.328769684 0.953426123 0.020638261 -0.222231045 0.202894375
1403715936884058112.000000 -2.876140833 8.725605965 -7.451454639 0.950806618 0.021572443 -0.232136279 0.203995630
1403715936934057984.000000 -2.946318626 8.928373337 -7.572285175 -0.948287845 -0.020747678 0.241620064 -0.204791367
1403715936984058112.000000 -3.016026497 9.133922577 -7.691962719 -0.946497500 -0.019449765 0.249354735 -0.203927770
1403715937034057984.000000 -3.085542679 9.342200279 -7.810889721 -0.944950759 -0.018410712 0.257339507 -0.201259941
1403715937084058112.000000 -3.155588627 9.553056717 -7.929217339 -0.943175077 -0.016853286 0.267086059 -0.196981966
