1403638149345096960.000000 0.619733095 -0.988364697 7.251538754 -0.588629305 -0.572175741 -0.406243205 0.401369005
1403638149695097088.000000 0.583018184 -0.900467515 7.331891060 -0.582568288 -0.576114237 -0.406721562 0.404084325
1403638150195097088.000000 0.512413025 -0.786532998 7.331410408 -0.563907027 -0.594972014 -0.410235614 0.399654835
1403638150445096960.000000 0.445032895 -0.733154476 7.285312653 -0.568720341 -0.602505028 -0.397243202 0.394642562
1403638150945096960.000000 0.234110951 -0.577852666 7.305540085 -0.547032714 -0.622953236 -0.374660641 0.415107161
1403638151195097088.000000 0.108294137 -0.478075475 7.315212250 -0.516896486 -0.640433371 -0.367145926 0.433436334
1403638151445096960.000000 -0.036320634 -0.382189929 7.300154209 -0.479014814 -0.670887649 -0.335343689 0.456069350
1403638151695097088.000000 -0.199426234 -0.287088662 7.318562508 -0.445702702 -0.692986667 -0.312111557 0.472974718
1403638151795097088.000000 -0.269425273 -0.256063461 7.338165760 -0.438712060 -0.698224843 -0.307197839 0.475019276
1403638151945096960.000000 -0.364258647 -0.200440571 7.376459599 -0.432800472 -0.702836275 -0.303583980 0.475963980
1403638152345096960.000000 -0.644640923 -0.056827411 7.456547737 -0.428981692 -0.705598056 -0.307031214 0.473115295
1403638152745096960.000000 -0.978348255 0.069402225 7.432448387 -0.430324405 -0.707086265 -0.303583592 0.471897274
1403638152945096960.000000 -1.174473047 0.129315600 7.470448494 -0.417166352 -0.709378719 -0.290630966 0.488147289
1403638153045096960.000000 -1.271420598 0.162322834 7.490812302 -0.407226473 -0.716455817 -0.281201661 0.491714716
1403638153345096960.000000 -1.563698888 0.266735315 7.552781105 -0.386543244 -0.735205650 -0.261251926 0.491736084
1403638153595097088.000000 -1.817875147 0.360886812 7.590868473 -0.350570798 -0.755966425 -0.251302212 0.492404431
1403638153695097088.000000 -1.927347064 0.398648798 7.614664555 -0.334347367 -0.763137579 -0.243404523 0.496575356
1403638153945096960.000000 -2.218327761 0.491479248 7.656795025 -0.305847913 -0.768093765 -0.222648025 0.516640127
1403638154045096960.000000 -2.338037252 0.526553214 7.662046432 -0.301369935 -0.767458141 -0.217368215 0.522432089
1403638154245096960.000000 -2.578485250 0.591013789 7.658232212 -0.291987062 -0.763124228 -0.220796421 0.532572925
1403638154645096960.000000 -3.047791004 0.672485948 7.621421337 -0.289451569 -0.754604042 -0.221250325 0.545746148
1403638154745096960.000000 -3.159419775 0.677875996 7.621728420 -0.285324186 -0.761467755 -0.214679450 0.540989637
1403638154895097088.000000 -3.324266672 0.678794980 7.635122776 -0.274180919 -0.770215631 -0.211496070 0.535595119
1403638154995097088.000000 -3.434454203 0.673941970 7.653897762 -0.264897376 -0.773979783 -0.209413305 0.535659313
1403638155345096960.000000 -3.823235035 0.617330670 7.729478359 -0.232619181 -0.776238322 -0.193193644 0.553189397
1403638155445096960.000000 -3.932821512 0.589881063 7.738670826 -0.221380427 -0.776512265 -0.190903902 0.558189154
1403638155695097088.000000 -4.198626995 0.491891772 7.735270023 -0.195471287 -0.777686834 -0.159319371 0.575857282
1403638155845096960.000000 -4.346227169 0.416074753 7.719641209 -0.173082188 -0.782672584 -0.134951055 0.582455635
1403638155995097088.000000 -4.480397701 0.330185324 7.701232433 -0.146214992 -0.797969282 -0.106434748 0.574924290
1403638156295097088.000000 -4.727424622 0.152463317 7.714869022 -0.092834316 -0.820393622 -0.054665815 0.561558425
1403638156395097088.000000 -4.808732033 0.097123183 7.725594521 -0.081024230 -0.824834287 -0.042758200 0.557902634
1403638156545096960.000000 -4.932400227 0.020399079 7.730446339 -0.070622556 -0.828395128 -0.032439128 0.554726601
1403638156695097088.000000 -5.061517715 -0.048471048 7.721467018 -0.066692904 -0.829391599 -0.028826213 0.553922892
1403638156795097088.000000 -5.152449608 -0.090449333 7.709546089 -0.065820172 -0.829502225 -0.029059298 0.553849638
1403638157145096960.000000 -5.494204521 -0.212038174 7.676246643 -0.072669484 -0.833009541 -0.033571750 0.547437072
1403638157395097088.000000 -5.768755436 -0.278108358 7.697655678 -0.069668077 -0.832809448 -0.037254661 0.547893167
1403638157545096960.000000 -5.945985794 -0.314246953 7.709457874 -0.059804991 -0.829020679 -0.037996080 0.554711223
1403638157645096960.000000 -6.068168640 -0.339086682 7.711650372 -0.047442909 -0.825328708 -0.034729067 0.561583161
1403638158045096960.000000 -6.557298660 -0.459019244 7.758263111 0.019762525 -0.821695387 0.010390935 0.569489479
1403638158295097088.000000 -6.853654861 -0.536917686 7.783652306 0.034861643 -0.821470320 0.035532068 0.568074465
1403638158595097088.000000 -7.198926926 -0.616287768 7.776708126 0.048399668 -0.819474518 0.026154174 0.570468962
1403638158745096960.000000 -7.366290569 -0.659616530 7.765443802 0.044899870 -0.818963766 0.028071446 0.571396947
1403638158995097088.000000 -7.638876438 -0.735509217 7.766962051 0.033818685 -0.827934980 0.035981357 0.558646083
1403638159145096960.000000 -7.803874969 -0.777730405 7.788971901 0.030680109 -0.839074850 0.036394037 0.541929543
1403638159245096960.000000 -7.919304371 -0.804156899 7.801120758 0.030417373 -0.844561517 0.034214523 0.533497870
1403638159995097088.000000 -8.799048424 -0.860728204 7.982547760 0.023301594 -0.795237601 0.043284792 0.604301929
1403638160145096960.000000 -8.912343025 -0.824783921 8.064527512 0.030704081 -0.801139295 0.035722196 0.596621454
1403638160245096960.000000 -8.982127190 -0.799035490 8.129684448 0.033450183 -0.812900841 0.033871770 0.580453396
1403638160345096960.000000 -9.048837662 -0.772341132 8.202790260 0.035336431 -0.822328329 0.032704100 0.566972733
1403638160645096960.000000 -9.256743431 -0.692516625 8.418069839 0.035229437 -0.829864323 0.032816943 0.555884123
1403638160745096960.000000 -9.331908226 -0.667091668 8.481290817 0.033753674 -0.827343822 0.034839272 0.559597194
1403638160895097088.000000 -9.447433472 -0.625144184 8.570813179 0.018856458 -0.815726995 0.040495697 0.576709688
1403638161045096960.000000 -9.556631088 -0.572873712 8.651907921 -0.002384358 -0.806872010 0.029981595 0.589960158
1403638161445096960.000000 -9.789452553 -0.391849369 8.833134651 -0.075837605 -0.815825403 -0.031020084 0.572464347
1403638161545096960.000000 -9.840408325 -0.342678189 8.871591568 -0.087536275 -0.820385814 -0.041372932 0.563553751
1403638161645096960.000000 -9.891776085 -0.292489588 8.904350281 -0.098012641 -0.821851492 -0.046670768 0.559263408
1403638162045096960.000000 -10.100035667 -0.069466271 8.989673615 -0.128759667 -0.810606837 -0.062164918 0.567867219
1403638162345096960.000000 -10.250704765 0.126000673 9.070168495 -0.145713508 -0.812752545 -0.060236961 0.560867548
1403638162745096960.000000 -10.441511154 0.446362317 9.170106888 -0.138036162 -0.812733829 -0.070957899 0.561582386
1403638162895097088.000000 -10.507545471 0.579928100 9.230498314 -0.146717757 -0.811667442 -0.068725862 0.561200976
1403638163045096960.000000 -10.571152687 0.722155511 9.301856041 -0.155465573 -0.800838232 -0.070388824 0.574050546
1403638163195097088.000000 -10.627730370 0.872593641 9.344841957 -0.165901929 -0.795656383 -0.079363905 0.577155888
1403638163495097088.000000 -10.715371132 1.190372229 9.358677864 -0.196326956 -0.791044652 -0.119244099 0.566996336
1403638163645096960.000000 -10.749205589 1.349471092 9.373081207 -0.209004447 -0.788492978 -0.129415646 0.563779831
1403638163795097088.000000 -10.777821541 1.507100463 9.408591270 -0.214176819 -0.786591947 -0.136000901 0.562943280
1403638163945096960.000000 -10.798521042 1.661085129 9.461789131 -0.219029263 -0.785369992 -0.133813754 0.563306391
1403638164095097088.000000 -10.813067436 1.815535188 9.529098511 -0.223827705 -0.784997702 -0.125424057 0.563869357
1403638164245096960.000000 -10.819259644 1.973957896 9.605248451 -0.224501416 -0.782717526 -0.120474771 0.567836463
1403638164395097088.000000 -10.815841675 2.137370348 9.670296669 -0.223845959 -0.780497611 -0.117183499 0.571825624
1403638164895097088.000000 -10.718896866 2.728371620 9.804943085 -0.221813485 -0.775979817 -0.146727845 0.571948588
1403638207645096960.000000 -10.223870277 4.612585545 9.882186890 -0.182362705 -0.771484792 -0.142494887 0.592663825
1403638207695097088.000000 -10.243297577 4.542867184 9.876883507 -0.178245902 -0.777008832 -0.136027202 0.588202715
1403638207945096960.000000 -10.315697670 4.202147007 9.883630753 -0.171033129 -0.793161929 -0.112224817 0.573626578
1403638208195097088.000000 -10.360214233 3.883543253 9.907198906 -0.169922069 -0.788887203 -0.111292735 0.579997838
1403638208445096960.000000 -10.379128456 3.582906723 9.888678551 -0.171530962 -0.791695714 -0.114750810 0.575002074
1403638208695097088.000000 -10.377030373 3.293089628 9.873338699 -0.153835312 -0.798326552 -0.099736355 0.573639393
1403638208945096960.000000 -10.357410431 3.023068428 9.888615608 -0.135095000 -0.799599111 -0.087270491 0.578597069
1403638209445096960.000000 -10.261213303 2.538542032 9.810899734 -0.128409907 -0.801326156 -0.076886334 0.579202831
1403638209695097088.000000 -10.194117546 2.326421738 9.688926697 -0.130727306 -0.798297584 -0.076613680 0.582890928
1403638209745096960.000000 -10.179033279 2.286402464 9.650740623 -0.130708918 -0.798575580 -0.077373713 0.582413614
1403638209845096960.000000 -10.147431374 2.208481312 9.562011719 -0.128131270 -0.798419952 -0.082084283 0.582554877
1403638210045096960.000000 -10.074907303 2.057276011 9.361525536 -0.124807313 -0.791141093 -0.088253528 0.592224956
1403638210095097088.000000 -10.054574013 2.020015240 9.311968803 -0.124682583 -0.788608968 -0.088662565 0.595557928
1403638210295097088.000000 -9.953333855 1.870359182 9.129437447 -0.124976598 -0.783991992 -0.088261254 0.601620615
1403638210395097088.000000 -9.889134407 1.794768453 9.043666840 -0.125208765 -0.784757793 -0.088373572 0.600556552
1403638210595097088.000000 -9.740894318 1.644524097 8.860463142 -0.126072600 -0.783630788 -0.088500395 0.601827383
1403638210695097088.000000 -9.657096863 1.569502115 8.762078285 -0.127932802 -0.782284677 -0.086657599 0.603452027
1403638210895097088.000000 -9.464049339 1.419284225 8.577831268 -0.130102947 -0.784635901 -0.084066823 0.600293696
1403638210995097088.000000 -9.357584953 1.345897913 8.496088028 -0.131103978 -0.788561463 -0.082388066 0.595142782
1403638211095097088.000000 -9.244931221 1.273256660 8.422456741 -0.132062793 -0.791707039 -0.080525972 0.590994954
1403638211295097088.000000 -9.015434265 1.137486935 8.300560951 -0.133973435 -0.795582056 -0.078170478 0.585653126
1403638211495097088.000000 -8.777613640 1.017201304 8.189347267 -0.149636522 -0.793830872 -0.088151753 0.582812667
1403638211645096960.000000 -8.590496063 0.934965968 8.092980385 -0.174419075 -0.788326740 -0.099804811 0.581513584
1403638211795097088.000000 -8.395733833 0.861420989 7.985129833 -0.209452167 -0.780260623 -0.116452083 0.577721477
1403638211945096960.000000 -8.194569588 0.798813343 7.882873535 -0.247992724 -0.770312905 -0.134436443 0.571878076
1403638212095097088.000000 -7.985047340 0.749089181 7.797779083 -0.280809194 -0.759974182 -0.157683551 0.564554095
1403638212245096960.000000 -7.768317699 0.711112797 7.732193470 -0.309101999 -0.749003053 -0.184984237 0.556085587
1403638212395097088.000000 -7.542518139 0.677914739 7.686536312 -0.336626589 -0.737010300 -0.210704386 0.546902299
1403638212545096960.000000 -7.309789658 0.649640918 7.659830570 -0.366698772 -0.722464144 -0.231043458 0.538698971
1403638212695097088.000000 -7.069114208 0.623294532 7.648153782 -0.396636635 -0.708001196 -0.251224160 0.527541697
1403638212945096960.000000 -6.651616573 0.581421673 7.662482262 -0.447877109 -0.678802907 -0.287530601 0.505923867
1403638213095097088.000000 -6.393112183 0.559678197 7.686426163 -0.481382906 -0.657844305 -0.308512747 0.490235835
1403638213245096960.000000 -6.129648209 0.540368676 7.707327843 -0.520831466 -0.635942221 -0.319063514 0.471710235
1403638213395097088.000000 -5.859851360 0.528195322 7.713397026 -0.563370109 -0.611761570 -0.321880519 0.452498496
1403638213495097088.000000 -5.606767178 0.577009678 7.646522045 -0.588724196 -0.593541920 -0.322091758 0.444262087
1403638213595097088.000000 -5.499721050 0.577658653 7.648388863 -0.603020489 -0.576836288 -0.340391695 0.433312535
1403638213695097088.000000 -5.272115707 0.613132477 7.633226871 -0.601147175 -0.566369891 -0.366565675 0.428342104
1403638213795097088.000000 -5.079935551 0.619218946 7.652335644 -0.597823441 -0.559531450 -0.387620389 0.423417151
1403638213945096960.000000 -4.773438454 0.584861040 7.717553616 -0.593771994 -0.558728039 -0.404154301 0.414629012
1403638214045096960.000000 -4.615073204 0.640377402 7.712525845 -0.598521113 -0.559607029 -0.399609894 0.411004126
1403638214295097088.000000 -4.115979671 0.667993188 7.765121937 -0.604502738 -0.575791121 -0.382423341 0.395971566
1403638214395097088.000000 -3.923042297 0.685675383 7.769042015 -0.603495598 -0.581771731 -0.378298402 0.392715126
1403638214495097088.000000 -3.691717148 0.697174728 7.804930210 -0.596951127 -0.583558500 -0.382257283 0.396217346
1403638214595097088.000000 -3.539964437 0.767435253 7.768920422 -0.592110693 -0.581598699 -0.386292577 0.402400255
1403638214745096960.000000 -3.220327377 0.790335715 7.803557396 -0.579443038 -0.578515410 -0.396580160 0.415078282
1403638214895097088.000000 -2.981239080 0.878213167 7.738890648 -0.574923217 -0.577474177 -0.398884088 0.420569092
1403638215095097088.000000 -2.586837769 0.909803212 7.744992733 -0.568731010 -0.579017639 -0.401777267 0.424097568
1403638215245096960.000000 -2.372697592 0.977629721 7.667993069 -0.571511805 -0.581420064 -0.398850381 0.419813544
1403638215645096960.000000 -1.676876307 1.049854994 7.610111713 -0.563609302 -0.586089671 -0.408751875 0.414445996
1403638215745096960.000000 -1.566024542 1.098882914 7.561734200 -0.568138897 -0.582981229 -0.404114306 0.417184323
1403638215995097088.000000 -1.210953832 1.129691839 7.528847218 -0.577196419 -0.573746979 -0.405698717 0.416013658
1403638216395097088.000000 -0.655827463 1.140472054 7.516082287 -0.576148510 -0.568973958 -0.418198586 0.411620617
1403638216795097088.000000 -0.230685055 1.147740006 7.433703423 -0.576551139 -0.571705878 -0.421659350 0.403664052
1403638217045096960.000000 0.014114626 1.115126610 7.378817081 -0.589738190 -0.553304851 -0.431256562 0.400100410
1403638217445096960.000000 0.352256119 1.039657116 7.272756100 -0.622473896 -0.528908253 -0.438872188 0.374397665
1403638217845096960.000000 0.621626854 0.945786536 7.289209366 -0.618215561 -0.538225651 -0.453173608 0.350366056
1403638218195097088.000000 0.762008786 0.893779993 7.321220398 -0.610038280 -0.538464069 -0.458720207 0.357051224
1403638218595097088.000000 0.809282243 0.813261867 7.334504604 -0.609049141 -0.533097148 -0.452566087 0.374233395
1403638218845096960.000000 0.790817678 0.743243277 7.368983269 -0.623901546 -0.531939864 -0.444310933 0.361074299
1403638219195097088.000000 0.777444124 0.647874653 7.414138317 -0.641628742 -0.505309880 -0.440349936 0.372916132
1403638219545096960.000000 0.724270999 0.555241704 7.342112064 -0.625364244 -0.497028053 -0.469123781 0.376570940
1403638219995097088.000000 0.684447408 0.322338104 7.384834766 -0.645886838 -0.491814852 -0.437464923 0.386746317
1403638220445096960.000000 0.680186629 0.057400733 7.322626591 -0.638453424 -0.512051761 -0.450392038 0.356829405
1403638220595097088.000000 0.682709277 -0.026486494 7.339590073 -0.637574136 -0.512025356 -0.453062356 0.355054706
1403638220995097088.000000 0.679623246 -0.257492721 7.337798595 -0.642021954 -0.508282602 -0.451569289 0.354318947
1403638221445096960.000000 0.644755363 -0.487623036 7.303083420 -0.649960697 -0.506505728 -0.443520010 0.352552354
1403638221745096960.000000 0.620012999 -0.619636714 7.285426140 -0.650557160 -0.500695467 -0.443975985 0.359116733
1403638222145096960.000000 0.601271987 -0.784547746 7.302615166 -0.646106780 -0.506792724 -0.448871791 0.352450520
1403638222445096960.000000 0.583472252 -0.898084760 7.303996086 -0.654359102 -0.512431145 -0.437581033 0.343149275
1403638222545096960.000000 0.577841759 -0.928557992 7.295789242 -0.654173017 -0.512096286 -0.437806875 0.343715459
1403638222745096960.000000 0.568245113 -0.978271782 7.271374226 -0.647418559 -0.505771220 -0.447550237 0.353190452
1403638223045096960.000000 0.549387693 -1.047567129 7.221372128 -0.639075398 -0.499255955 -0.458306432 0.363705188
1403638223545096960.000000 0.510540903 -1.185587764 7.178464890 0.658788264 0.493566245 0.431057632 -0.369567037
