1403636626263555584.000000 19.688674927 -10.805608749 1.103148103 -0.568194032 -0.579801977 -0.383983672 0.439933777
1403636626313555456.000000 19.688827515 -10.799768448 1.115901709 -0.568361163 -0.579433560 -0.383319259 0.440782040
1403636626563555584.000000 19.701885223 -10.778134346 1.139085174 -0.558780670 -0.581881583 -0.395122051 0.439382017
1403636626813555456.000000 19.725780487 -10.778206825 1.131918430 -0.552457035 -0.587794662 -0.398308009 0.436622679
1403636627313555456.000000 19.771699905 -10.818860054 1.112371445 -0.556234956 -0.596108496 -0.389494598 0.428428918
1403636627563555584.000000 19.795009613 -10.837404251 1.171830654 -0.562109172 -0.589894056 -0.389100850 0.429719388
1403636627813555456.000000 19.826013565 -10.860938072 1.165176511 -0.584411800 -0.585209072 -0.388362050 0.406408966
1403636628063555584.000000 19.859094620 -10.861971855 1.149738789 -0.601555049 -0.577491701 -0.394076467 0.386443645
1403636628413555456.000000 19.901329041 -10.817838669 1.216221929 -0.598974943 -0.549652219 -0.410675168 0.412864834
1403636628563555584.000000 19.925857544 -10.801723480 1.241202354 -0.600493014 -0.548827469 -0.407226592 0.415166318
1403636629013555456.000000 20.040813446 -10.765787125 1.251321316 -0.614225864 -0.553191721 -0.409508467 0.386016011
1403636629113555456.000000 20.069030762 -10.761751175 1.265099287 -0.617708743 -0.551128149 -0.411374867 0.381397963
1403636629413555456.000000 20.158548355 -10.732340813 1.289871812 -0.631539702 -0.526397347 -0.424627453 0.379150152
1403636629513555456.000000 20.190618515 -10.718767166 1.287346482 -0.638074756 -0.513503850 -0.428660244 0.381346136
1403636629613555456.000000 20.226190567 -10.705526352 1.277190924 -0.648428679 -0.504030943 -0.431473702 0.373260707
1403636629813555456.000000 20.308345795 -10.677867889 1.239134550 -0.674778223 -0.486260593 -0.438098907 0.341019481
1403636629913555456.000000 20.353595734 -10.659470558 1.215238333 -0.686918259 -0.473325193 -0.443625838 0.327570826
1403636630013555456.000000 20.399032593 -10.639562607 1.196898580 -0.694737196 -0.462544680 -0.449576229 0.318235606
1403636630113555456.000000 20.444919586 -10.616786003 1.186646461 -0.696897030 -0.452832848 -0.458188146 0.315183491
1403636630513555456.000000 20.636291504 -10.507320404 1.213289618 -0.693562090 -0.439319313 -0.477157205 0.313514233
1403636630613555456.000000 20.683546066 -10.478594780 1.232849121 -0.691594541 -0.444279701 -0.477768868 0.309918344
1403636630813555456.000000 20.773469925 -10.415436745 1.258410811 -0.690107405 -0.449662596 -0.474017322 0.311228096
1403636630913555456.000000 20.816061020 -10.381361008 1.262415886 -0.690261245 -0.449408889 -0.471450180 0.315128177
1403636631663555584.000000 21.123992920 -10.118502617 1.186696887 -0.682219803 -0.453493476 -0.474771112 0.321733236
1403636631863555584.000000 21.197631836 -10.049968719 1.167827845 -0.680820942 -0.456534922 -0.474667966 0.320544869
1403636632213555456.000000 21.315933228 -9.916984558 1.174809694 -0.677075386 -0.458413780 -0.480814159 0.316612571
1403636632613555456.000000 21.408290863 -9.764985085 1.128668308 -0.689826012 -0.457519144 -0.457413226 0.324945360
1403636632863555584.000000 21.462846756 -9.659277916 1.090305448 -0.669983447 -0.488273412 -0.438443482 0.347100288
1403636633113555456.000000 21.529178619 -9.542178154 1.092341781 -0.633626759 -0.523830056 -0.438041151 0.363647014
1403636633563555584.000000 21.636133194 -9.324007988 1.038614869 -0.632516742 -0.535090268 -0.417583704 0.373128384
1403636633863555584.000000 21.716567993 -9.153187752 1.004881144 -0.638823330 -0.528712809 -0.418253809 0.370717436
1403636634163555584.000000 21.812911987 -8.961897850 1.001390815 -0.644861817 -0.518136084 -0.415787160 0.377901167
1403636634463555584.000000 21.936960220 -8.752629280 1.028705478 -0.629246831 -0.524729431 -0.433097512 0.375678182
1403636634563555584.000000 21.979269028 -8.681953430 1.030087352 -0.624740005 -0.524919629 -0.437134475 0.378249705
1403636634863555584.000000 22.093441010 -8.481164932 1.016762614 -0.613579988 -0.541387975 -0.429019719 0.382571220
1403636635013555456.000000 22.143411636 -8.384561539 1.026024938 -0.609596968 -0.549830437 -0.423095644 0.383494526
1403636635313555456.000000 22.232643127 -8.190563202 1.031119227 -0.608760655 -0.557557404 -0.412143260 0.385588050
1403636635463555584.000000 22.274629593 -8.089949608 1.026353955 -0.611902177 -0.556161940 -0.405877650 0.389259458
1403636635563555584.000000 22.303480148 -8.020017624 1.031861424 -0.613729239 -0.554618537 -0.403331488 0.391226679
1403636635713555456.000000 22.350130081 -7.917577267 1.047908187 -0.614061296 -0.551665783 -0.404405743 0.393763453
1403636635863555584.000000 22.402158737 -7.807507038 1.080696940 -0.614605844 -0.542351127 -0.405611396 0.404468089
1403636636013555456.000000 22.463422775 -7.698091984 1.123172641 -0.620623529 -0.544268131 -0.398616582 0.399629086
1403636636163555584.000000 22.529674530 -7.586212635 1.161624670 -0.618001640 -0.552001953 -0.403694212 0.387812942
1403636636313555456.000000 22.601076126 -7.470842838 1.210952997 -0.606986046 -0.550139546 -0.419728488 0.390822917
1403636636613555456.000000 22.736457825 -7.256536484 1.300920129 -0.589508474 -0.546049476 -0.443977624 0.396476597
1403636637063555584.000000 22.861948013 -7.020030499 1.300949216 -0.592853069 -0.553147316 -0.435075164 0.391488224
1403636637213555456.000000 22.880586624 -6.959299088 1.275533438 -0.600028694 -0.554175675 -0.422914177 0.392426401
1403636637363555584.000000 22.896627426 -6.898418903 1.256933451 -0.602564216 -0.557691455 -0.417555779 0.389286309
1403636637663555584.000000 22.921489716 -6.766808033 1.275797009 -0.604357481 -0.560719907 -0.410408884 0.389756143
1403636637963555584.000000 22.943054199 -6.623791695 1.352594495 -0.598221600 -0.558581054 -0.416239142 0.396059394
1403636638363555584.000000 22.966667175 -6.438927650 1.341827989 -0.599645317 -0.556813955 -0.411474437 0.401338428
1403636638513555456.000000 22.977880478 -6.374190807 1.308197737 -0.617115796 -0.561560750 -0.385338932 0.394121259
1403636638663555584.000000 22.997917175 -6.302929401 1.287187696 -0.616612077 -0.566547334 -0.385340512 0.387719482
1403636638863555584.000000 23.036157608 -6.186674118 1.297877550 -0.605983138 -0.564348996 -0.400182128 0.392618179
1403636639213555456.000000 23.118154526 -5.961817265 1.332249999 -0.613436878 -0.549598575 -0.387490094 0.414111048
1403636639413555456.000000 23.189655304 -5.826321602 1.296164632 -0.608118832 -0.557615638 -0.395648450 0.403384119
1403636639763555584.000000 23.329782486 -5.584240913 1.204443812 -0.590950668 -0.562493145 -0.419051200 0.398465693
1403636640113555456.000000 23.448104858 -5.364861965 1.171721935 -0.585506737 -0.562699854 -0.417004019 0.408238113
1403636640413555456.000000 23.539566040 -5.200658798 1.199679732 -0.572492778 -0.577028096 -0.408211142 0.415517032
1403636640763555584.000000 23.636541367 -5.038203716 1.180657387 -0.568154514 -0.583612025 -0.402547687 0.417795241
1403636640963555584.000000 23.685638428 -4.953321934 1.172782779 -0.568473399 -0.586594403 -0.400353074 0.415285885
1403636641113555456.000000 23.718954086 -4.895760536 1.174587250 -0.568001330 -0.585105956 -0.402204186 0.416242003
1403636641313555456.000000 23.758010864 -4.822702408 1.157441974 -0.570332050 -0.581641555 -0.400869459 0.419187456
1403636641463555584.000000 23.786205292 -4.772631645 1.132410526 -0.574605465 -0.577570498 -0.395760745 0.423809409
1403636641613555456.000000 23.817056656 -4.730115891 1.109795451 -0.572764874 -0.579397738 -0.399674058 0.420118272
1403636642113555456.000000 23.918493271 -4.609292984 1.149660945 -0.579856157 -0.568357289 -0.412324816 0.413189143
1403636642313555456.000000 23.955972672 -4.568109989 1.170451760 -0.587899089 -0.558378935 -0.418972194 0.408717364
