1403715394512143104.000000 -0.538251519 3.883536577 3.402821779 -0.618486464 -0.526771486 -0.453587741 0.366394013
1403715395062142976.000000 -0.588190377 3.874097824 3.385997057 -0.506540060 -0.646645725 -0.358646572 0.443440109
1403715395312143104.000000 -0.640442729 3.863441944 3.376241446 -0.446328104 -0.692480505 -0.314010590 0.471867979
1403715395562142976.000000 -0.704993963 3.855077267 3.356246710 -0.398912400 -0.723699689 -0.276162118 0.490777105
1403715395812143104.000000 -0.779761314 3.853233576 3.322971106 -0.358616024 -0.744786799 -0.250121862 0.504109502
1403715396312143104.000000 -0.938304305 3.888813972 3.256024122 -0.351320386 -0.742694020 -0.220393181 0.525743723
1403715396562142976.000000 -0.997401357 3.933279991 3.231036425 -0.336630464 -0.747047007 -0.240573615 0.520312548
1403715396812143104.000000 -1.061299086 3.966941357 3.198966742 -0.318767786 -0.754540205 -0.228258371 0.526264429
1403715397062142976.000000 -1.129026532 3.992230654 3.155002356 -0.312566042 -0.770707250 -0.208298206 0.514708340
1403715397162142976.000000 -1.159099340 4.005566597 3.135208130 -0.313182324 -0.774574578 -0.200524837 0.511606097
1403715397512143104.000000 -1.283542395 4.095802307 3.071819544 -0.325903893 -0.770432413 -0.173651308 0.519678533
1403715398212143104.000000 -1.485036373 4.499689579 3.029083967 -0.302935272 -0.744542539 -0.216573119 0.554060221
1403715398612143104.000000 -1.530717611 4.693941116 2.987000704 -0.309148252 -0.746948957 -0.227934480 0.542715967
1403715398912143104.000000 -1.545018196 4.781184673 2.968400002 -0.296889365 -0.741187632 -0.256666183 0.544628441
1403715399362142976.000000 -1.566741943 4.750338554 2.951719999 -0.299437910 -0.745693982 -0.242046520 0.543774724
1403715399812143104.000000 -1.591735244 4.579976559 2.943879366 -0.317800134 -0.768694758 -0.221430227 0.508999228
1403715400162142976.000000 -1.663816214 4.444993973 2.966411352 -0.334300935 -0.763040602 -0.239480019 0.498659462
1403715400912143104.000000 -2.067424536 4.203317642 2.995630980 -0.491646379 -0.676332653 -0.315938950 0.448375553
1403715401162142976.000000 -2.244720221 4.162146568 2.990023375 -0.530656397 -0.653824806 -0.325167030 0.430329353
1403715401312143104.000000 -2.348688841 4.161431313 2.994884491 -0.534687877 -0.652624428 -0.336389720 0.418368489
1403715401412143104.000000 -2.420794964 4.172432423 3.001861811 -0.535243809 -0.649241209 -0.341482282 0.418795586
1403715401512143104.000000 -2.493839025 4.192183971 3.011121511 -0.534367800 -0.645492196 -0.345488906 0.422407866
1403715401662142976.000000 -2.600628853 4.232713223 3.029580593 -0.534319460 -0.635934234 -0.348203450 0.434562683
1403715401762142976.000000 -2.669148207 4.266299725 3.042625427 -0.540386856 -0.622107685 -0.348089367 0.446987718
1403715401862142976.000000 -2.732683182 4.302975178 3.055300951 -0.546266496 -0.612063825 -0.352309465 0.450387508
1403715402262142976.000000 -2.945453644 4.451588631 3.092141390 -0.531837940 -0.605067551 -0.388061166 0.447716743
1403715402412143104.000000 -3.012984514 4.495275974 3.095353842 -0.538171411 -0.604491651 -0.398691148 0.431285024
1403715402512143104.000000 -3.056590796 4.519584179 3.096626043 -0.542318761 -0.599533617 -0.413737416 0.418653905
1403715402662142976.000000 -3.128383160 4.550631523 3.098839521 -0.546631932 -0.589964211 -0.430520654 0.409618914
1403715402812143104.000000 -3.211627007 4.571322441 3.097692013 -0.561576545 -0.579992473 -0.424981534 0.409427911
1403715403162142976.000000 -3.414525747 4.597002983 3.094897270 -0.603186190 -0.572085738 -0.383364439 0.402387828
1403715403312143104.000000 -3.486588478 4.618919849 3.102157116 -0.606460750 -0.575800121 -0.379720747 0.395565063
1403715403712143104.000000 -3.628727198 4.736098766 3.123425722 -0.627635479 -0.551003635 -0.404105961 0.373051196
1403715403812143104.000000 -3.655433178 4.776586056 3.125307798 -0.643954277 -0.536069810 -0.406502336 0.364290982
1403715403962142976.000000 -3.686048746 4.848425865 3.131052017 -0.665023744 -0.511286438 -0.416305542 0.350741088
1403715404112143104.000000 -3.704570293 4.930956364 3.141165972 -0.677756548 -0.486969918 -0.436691433 0.335867494
1403715404212143104.000000 -3.711789846 4.990610600 3.149059772 -0.681330621 -0.474088907 -0.455710053 0.321491420
1403715404312143104.000000 -3.718725443 5.053420544 3.154754162 -0.683340609 -0.465230227 -0.471452773 0.307146311
1403715404462142976.000000 -3.733811617 5.152671814 3.159377813 -0.686872244 -0.455350190 -0.483516455 0.295084029
1403715404862142976.000000 -3.813794613 5.434896946 3.148347616 -0.694438338 -0.431807548 -0.488768488 0.303978831
1403715405012143104.000000 -3.849844933 5.539545059 3.138863087 -0.702387869 -0.412443519 -0.494171262 0.303869158
1403715405262142976.000000 -3.904338360 5.692737579 3.119699001 -0.733366132 -0.356193095 -0.503390133 0.286180109
1403715405412143104.000000 -3.928372860 5.768216610 3.106929064 -0.753373861 -0.321539462 -0.512448251 0.257753551
1403715405512143104.000000 -3.940391064 5.813085079 3.098379135 -0.766084254 -0.297707886 -0.517365873 0.238364145
1403715405612143104.000000 -3.949279785 5.854061127 3.090440989 -0.776715994 -0.275299847 -0.523619652 0.216205388
1403715405762142976.000000 -3.956911325 5.912792206 3.078106880 -0.790969372 -0.247551084 -0.530317485 0.178463742
1403715405862142976.000000 -3.958901167 5.952506542 3.069219589 -0.800341010 -0.227265164 -0.532085359 0.157130837
1403715405962142976.000000 -3.958140612 5.993760109 3.059655428 -0.805963576 -0.201646760 -0.538306415 0.141377300
1403715406062142976.000000 -3.953803539 6.036693096 3.049767017 -0.807601392 -0.174114347 -0.549111545 0.126256138
1403715406212143104.000000 -3.944089651 6.100913048 3.029152870 -0.811385870 -0.133366063 -0.559689820 0.103023544
1403715406312143104.000000 -3.936527014 6.142907143 3.012572050 -0.815019786 -0.107620761 -0.562646866 0.087114930
1403715406412143104.000000 -3.928191900 6.183935165 2.994145393 -0.820352495 -0.080960587 -0.561178565 0.074470960
1403715406562142976.000000 -3.911732674 6.241836548 2.964140177 -0.827052295 -0.041018400 -0.557681322 0.057389781
1403715406712143104.000000 -3.890488625 6.291601181 2.934054613 -0.828754604 -0.005616683 -0.558360100 0.036989592
1403715406812143104.000000 -3.872494936 6.319101810 2.913626432 0.827378511 -0.015086202 0.561105549 -0.019435920
1403715406912143104.000000 -3.852528334 6.342875481 2.894484758 0.825973630 -0.035149883 0.562610626 -0.001150400
1403715407062142976.000000 -3.819269419 6.373449326 2.869752169 0.824195623 -0.066070303 0.561962724 0.023114832
1403715407162142976.000000 -3.795352459 6.390258312 2.854013681 0.824852705 -0.086760797 0.557465971 0.036363989
1403715407262142976.000000 -3.769971609 6.404956818 2.839503288 0.829348147 -0.102325656 0.547298431 0.046642285
1403715407412143104.000000 -3.722224474 6.422333717 2.822933912 0.834439635 -0.114408039 0.535932183 0.058293469
1403715407562142976.000000 -3.657528400 6.432662487 2.814790487 0.831082106 -0.119104840 0.539353907 0.064915143
1403715407662142976.000000 -3.606926680 6.436763763 2.813786268 0.827581227 -0.117288224 0.544376969 0.070757613
1403715407762142976.000000 -3.551263332 6.440121651 2.816655159 0.823504627 -0.109412365 0.550816357 0.080439359
1403715407862142976.000000 -3.491830111 6.444193840 2.819782257 0.821730793 -0.103946224 0.553845644 0.084903665
1403715408012143104.000000 -3.396652222 6.453986645 2.828238964 0.819513738 -0.104762033 0.557741106 0.079667799
1403715408112143104.000000 -3.331169367 6.462487698 2.845676422 0.818829060 -0.105888829 0.559038460 0.076043420
1403715408262142976.000000 -3.229826927 6.475471020 2.893305779 0.816828489 -0.106281266 0.562497258 0.071361810
1403715408362142976.000000 -3.161107302 6.484071732 2.924283743 0.815942764 -0.106464937 0.564057291 0.068863466
1403715408462142976.000000 -3.091468334 6.493214607 2.944899559 0.812506676 -0.102938168 0.569954336 0.066247456
1403715408562142976.000000 -3.023009777 6.503408909 2.951776743 0.808168471 -0.093702234 0.578299880 0.060438450
1403715408712143104.000000 -2.925773144 6.520774841 2.944545031 0.801982403 -0.069431379 0.591344595 0.048115864
1403715408812143104.000000 -2.868124723 6.534214497 2.938934088 0.800705969 -0.049113594 0.596034110 0.034658723
1403715408912143104.000000 -2.816441059 6.549431801 2.936030388 0.801662028 -0.026882092 0.596917272 0.017469995
1403715409062142976.000000 -2.751134157 6.574963093 2.937390327 -0.802659392 -0.010822232 -0.596259117 0.009784222
1403715409162142976.000000 -2.716188908 6.591656685 2.943043947 -0.802694082 -0.031899963 -0.594680905 0.031926885
1403715409262142976.000000 -2.687585592 6.605719090 2.951097250 -0.804822266 -0.048285738 -0.589538336 0.048725970
1403715409362142976.000000 -2.663754940 6.617057800 2.963185549 -0.805834174 -0.059652381 -0.586007357 0.060566120
1403715409462142976.000000 -2.644147158 6.624440193 2.978760481 -0.805087388 -0.069133878 -0.585592568 0.064313844
1403715409562142976.000000 -2.628452778 6.628644466 2.997213364 -0.804423034 -0.076959409 -0.586124420 0.058643252
1403715409712143104.000000 -2.611091137 6.632694244 3.025056124 -0.812954366 -0.072632454 -0.575183570 0.054715291
1403715409862142976.000000 -2.595879555 6.635942936 3.055741310 -0.823577523 -0.065969504 -0.561206400 0.049146991
1403715409962142976.000000 -2.583484888 6.638846874 3.077405453 -0.830442309 -0.060922384 -0.551924050 0.045100417
1403715410112143104.000000 -2.555809498 6.644948959 3.112491369 -0.832414389 -0.053820610 -0.550049722 0.040435381
1403715410262142976.000000 -2.517365217 6.652776718 3.140940428 -0.824183464 -0.050227452 -0.562888622 0.036814310
1403715410762142976.000000 -2.379311323 6.708604813 3.127343416 0.815267801 0.058719400 0.575420618 -0.027958196
1403715410862142976.000000 -2.352483988 6.726969242 3.125430346 0.807194173 0.058981299 0.586378932 -0.033444468
