1413393919505760512.000000 5.261428833 9.323416710 -18.412406921 -0.557196736 -0.524671435 -0.381188840 0.518600821
1413393919655760384.000000 5.357581615 9.390611649 -18.437799454 -0.594650388 -0.492018431 -0.396744400 0.496893078
1413393919905760512.000000 5.580157280 9.438585281 -18.511289597 -0.586654127 -0.482415169 -0.464162737 0.455703408
1413393920205760512.000000 5.864495277 9.372094154 -18.677728653 -0.582984746 -0.509869516 -0.473460913 0.419519633
1413393920455760384.000000 6.075254440 9.236139297 -18.841724396 -0.589500844 -0.529221714 -0.456296444 0.405224293
1413393920705760512.000000 6.260726929 9.065913200 -18.983282089 -0.595017731 -0.549661875 -0.439005822 0.388715416
1413393920955760384.000000 6.418242455 8.900373459 -19.111080170 -0.594016016 -0.563432872 -0.433094829 0.376984447
1413393921205760512.000000 6.543802261 8.762257576 -19.232868195 -0.607646346 -0.585554242 -0.410407901 0.345626414
1413393921455760384.000000 6.628547668 8.701561928 -19.324970245 -0.608697951 -0.582759202 -0.409241617 0.349856943
1413393921705760512.000000 6.677472591 8.710552216 -19.397653580 -0.592989326 -0.562046945 -0.434323460 0.379249483
1413393921755760384.000000 6.683897972 8.714425087 -19.418510437 -0.592125297 -0.559611738 -0.436656505 0.381514579
1413393921955760384.000000 6.699034691 8.730596542 -19.520778656 -0.581439734 -0.546628654 -0.454505175 0.395663947
1413393922055760384.000000 6.700266838 8.734839439 -19.575508118 -0.581100821 -0.543897033 -0.456963658 0.397092015
1413393922305760512.000000 6.684347630 8.731210709 -19.719444275 -0.613113761 -0.565368295 -0.419689298 0.358205438
1413393922405760512.000000 6.671739578 8.736963272 -19.774801254 -0.626182675 -0.572441936 -0.402859181 0.343380421
1413393922605760512.000000 6.643915176 8.792696953 -19.866989136 -0.639895618 -0.549970925 -0.389221936 0.369556338
1413393922705760512.000000 6.636118889 8.840641975 -19.905706406 -0.639442980 -0.536813676 -0.391116023 0.387262344
1413393922755760384.000000 6.635081768 8.867824554 -19.924230576 -0.638819695 -0.534113169 -0.391306311 0.391806036
1413393922955760384.000000 6.653627396 8.993279457 -19.986251831 -0.636345506 -0.549561441 -0.393439949 0.371822178
1413393923055760384.000000 6.672313690 9.068029404 -19.999137878 -0.632152677 -0.563830853 -0.399662405 0.350353926
1413393923105760512.000000 6.681992054 9.110194206 -20.000646591 -0.631075740 -0.567617953 -0.401821017 0.343646944
1413393923205760512.000000 6.699907303 9.205747604 -19.994741440 -0.630158842 -0.572184920 -0.404138029 0.334927857
1413393923305760512.000000 6.714850903 9.315676689 -19.982248306 -0.630298972 -0.567243338 -0.406081885 0.340669543
1413393923405760512.000000 6.726966858 9.438852310 -19.968660355 -0.634432614 -0.552332520 -0.396687359 0.367509633
1413393923505760512.000000 6.740440369 9.570530891 -19.953397751 -0.629122555 -0.544561982 -0.383632928 0.400603175
1413393923605760512.000000 6.760705471 9.706356049 -19.936260223 -0.610239506 -0.551907897 -0.371752769 0.429889888
1413393923705760512.000000 6.790032387 9.843516350 -19.917335510 -0.577579141 -0.579796135 -0.365715593 0.443272829
1413393923805760512.000000 6.826106071 9.980628014 -19.899913788 -0.541435659 -0.618692696 -0.354333848 0.445549488
1413393923905760512.000000 6.865838051 10.117709160 -19.883041382 -0.505939186 -0.652811050 -0.337571681 0.451562434
1413393924005760512.000000 6.906489849 10.254631996 -19.866403580 -0.474122584 -0.681438982 -0.315506816 0.459678292
1413393924105760512.000000 6.946365833 10.393761635 -19.850439072 -0.442704558 -0.707474053 -0.297024608 0.463971585
1413393924205760512.000000 6.981714725 10.536751747 -19.832731247 -0.401691496 -0.732668698 -0.295251817 0.463321596
1413393924305760512.000000 7.007889271 10.679759026 -19.813320160 -0.354785085 -0.753402591 -0.304161251 0.462599277
1413393924405760512.000000 7.020203114 10.818184853 -19.793067932 -0.314384401 -0.768795431 -0.315208048 0.459086090
1413393924505760512.000000 7.012929440 10.947687149 -19.770111084 -0.282522380 -0.778459966 -0.328624696 0.454078287
1413393924605760512.000000 6.982874393 11.061076164 -19.742452621 -0.258352697 -0.780060470 -0.341267169 0.456394881
1413393924855760384.000000 6.790407658 11.236415863 -19.631286621 -0.236527920 -0.762847424 -0.363522500 0.479551762
1413393924955760384.000000 6.666079521 11.255319595 -19.562143326 -0.269877613 -0.760322392 -0.331896007 0.488795489
1413393925055760384.000000 6.522778034 11.249378204 -19.476713181 -0.301735312 -0.758575261 -0.291178137 0.498733163
1413393925155760384.000000 6.366686821 11.232036591 -19.380420685 -0.322184950 -0.759278417 -0.250764400 0.506764710
1413393925255760384.000000 6.203080654 11.212588310 -19.281522751 -0.333949685 -0.764885306 -0.203447834 0.511895657
1413393925355760384.000000 6.037629128 11.200014114 -19.181373596 -0.328955084 -0.772939265 -0.170502484 0.515055716
1413393925455760384.000000 5.873804569 11.200159073 -19.078977585 -0.311373532 -0.778254509 -0.163229376 0.520310223
1413393925555760384.000000 5.711563110 11.211233139 -18.977266312 -0.294975162 -0.779975116 -0.163092732 0.527284861
1413393925705760512.000000 5.468646049 11.244216919 -18.846071243 -0.281166434 -0.780895174 -0.160033450 0.534357071
1413393925805760512.000000 5.306870937 11.273649216 -18.792715073 -0.273797899 -0.780177712 -0.162337095 0.538520455
1413393925955760384.000000 5.067393303 11.324718475 -18.761960983 -0.265120804 -0.772600591 -0.168910757 0.551605403
1413393926055760384.000000 4.910994530 11.361275673 -18.763174057 -0.261404872 -0.760650337 -0.173336402 0.568360031
1413393926155760384.000000 4.761752129 11.396943092 -18.767812729 -0.260839492 -0.749260783 -0.173598781 0.583467722
1413393926255760384.000000 4.622978687 11.431100845 -18.771507263 -0.264120102 -0.746034920 -0.170552298 0.587013245
1413393926355760384.000000 4.495189667 11.463914871 -18.772693634 -0.269494444 -0.750611126 -0.165471181 0.580150843
1413393926905760512.000000 3.935069561 11.631472588 -18.800397873 -0.195363998 -0.776081502 -0.134713739 0.584279597
1413393927105760512.000000 3.786541462 11.678160667 -18.750280380 -0.173125058 -0.802734494 -0.095056035 0.562680662
1413393927205760512.000000 3.715093851 11.706775665 -18.712026596 -0.172368556 -0.808203876 -0.073449649 0.558301628
1413393927305760512.000000 3.643934011 11.742965698 -18.673604965 -0.172341421 -0.815926373 -0.055913962 0.549032092
1413393927405760512.000000 3.570056677 11.789532661 -18.633310318 -0.158342376 -0.825899005 -0.054900248 0.538335025
1413393927505760512.000000 3.490366936 11.845504761 -18.587987900 -0.130259320 -0.828260422 -0.072419159 0.540159822
1413393927605760512.000000 3.403557301 11.904011726 -18.539770126 -0.100276455 -0.827677786 -0.091196187 0.544589162
1413393927905760512.000000 3.108228683 12.027521133 -18.375656128 -0.021956978 -0.805577278 -0.125833005 0.578557968
1413393928005760512.000000 3.006463289 12.035638809 -18.317949295 -0.015327178 -0.800771713 -0.126323953 0.585296571
1413393928305760512.000000 2.719072819 11.950711250 -18.194812775 -0.023077456 -0.800169706 -0.115275383 0.588138998
1413393928705760512.000000 2.397686958 11.674588203 -18.142269135 -0.081820615 -0.777491510 -0.047265705 0.621754348
1413393928805760512.000000 2.340416670 11.603737831 -18.134159088 -0.080526657 -0.776686728 -0.056526750 0.622155964
1413393928905760512.000000 2.295054197 11.532774925 -18.123788834 -0.075329587 -0.777418196 -0.074070424 0.620048344
1413393929005760512.000000 2.261248112 11.459944725 -18.111690521 -0.075427197 -0.778171718 -0.096777193 0.615949512
1413393929405760512.000000 2.213003159 11.099892616 -18.043523788 -0.172908366 -0.778433561 -0.157024577 0.582655370
1413393929955760384.000000 2.228898525 10.491786003 -17.904212952 -0.372952312 -0.722122967 -0.232090190 0.534396172
1413393930155760384.000000 2.249738216 10.283883095 -17.860969543 -0.435348839 -0.689168334 -0.242701262 0.525941610
1413393930255760384.000000 2.269175768 10.190383911 -17.851631165 -0.449401110 -0.680344045 -0.252225727 0.521107376
1413393930405760512.000000 2.310830116 10.062264442 -17.855508804 -0.444081157 -0.684449971 -0.282484800 0.504502237
1413393930505760512.000000 2.342512608 9.982012749 -17.875320435 -0.434731543 -0.691178322 -0.300661087 0.492832690
1413393931155760384.000000 2.575860500 9.505640984 -18.221778870 -0.425157279 -0.688013196 -0.282419652 0.515866637
1413393931305760512.000000 2.649571657 9.408128738 -18.245498657 -0.428307742 -0.693123221 -0.271934539 0.512039304
1413393931455760384.000000 2.728744745 9.320010185 -18.284931183 -0.435126752 -0.693397999 -0.257033914 0.513612211
1413393931555760384.000000 2.787274837 9.267241478 -18.321964264 -0.438228369 -0.692436874 -0.249329761 0.516063750
1413393931705760512.000000 2.885877132 9.199617386 -18.396099091 -0.438389927 -0.693085194 -0.244610891 0.517313004
1413393931805760512.000000 2.957421541 9.165613174 -18.454206467 -0.436175495 -0.694306552 -0.244566634 0.517567992
1413393931905760512.000000 3.034529209 9.140187263 -18.514722824 -0.434063286 -0.695962429 -0.245192885 0.516822755
1413393932005760512.000000 3.116986752 9.123760223 -18.570074081 -0.431062877 -0.697635651 -0.247563630 0.515947342
1413393932155760384.000000 3.248531818 9.114810944 -18.642307281 -0.423101395 -0.705314040 -0.256719261 0.507555425
1413393932405760512.000000 3.468890667 9.131090164 -18.741010666 -0.405058086 -0.718863249 -0.282979310 0.488964558
1413393932505760512.000000 3.549186230 9.143841743 -18.775703430 -0.402743697 -0.721077204 -0.288885772 0.484138757
1413393932655760384.000000 3.655725956 9.167243958 -18.821350098 -0.399773508 -0.717554212 -0.298017740 0.486294806
1413393932805760512.000000 3.746413231 9.190901756 -18.859189987 -0.399812579 -0.711644948 -0.303778797 0.491355151
1413393932905760512.000000 3.799266338 9.205422401 -18.880443573 -0.398325831 -0.710043371 -0.309849948 0.491088599
1413393933005760512.000000 3.845449448 9.217455864 -18.895811081 -0.392690986 -0.700789154 -0.319555730 0.502565980
1413393933155760384.000000 3.905955791 9.221855164 -18.913755417 -0.383200526 -0.686870992 -0.328541934 0.522901356
1413393933305760512.000000 3.963523865 9.202723503 -18.924535751 -0.392107040 -0.677392483 -0.314151615 0.537308395
1413393933455760384.000000 4.027597904 9.162719727 -18.927545547 -0.412368923 -0.671593189 -0.284455717 0.545893252
1413393933605760512.000000 4.108357430 9.115287781 -18.932369232 -0.435768038 -0.675949574 -0.250813842 0.538786530
1413393933755760384.000000 4.209888935 9.078618050 -18.948019028 -0.433802843 -0.687560439 -0.257293314 0.522375286
1413393933905760512.000000 4.324320316 9.048203468 -18.979518890 -0.421981990 -0.699320257 -0.276666343 0.506298482
1413393934055760384.000000 4.438440800 9.023447037 -19.006504059 -0.404487818 -0.694279909 -0.301333785 0.513383925
1413393934205760512.000000 4.549906254 8.989703178 -19.004592896 -0.391398430 -0.689342976 -0.316177487 0.521196008
1413393934355760384.000000 4.657379150 8.939755440 -18.999452591 -0.399381906 -0.692648053 -0.300304979 0.520144045
1413393934505760512.000000 4.763922691 8.883702278 -19.021080017 -0.415356457 -0.696520865 -0.274541795 0.516686082
1413393934955760384.000000 5.124745369 8.761960983 -19.216194153 -0.431754887 -0.710812747 -0.192921251 0.520686507
1413393935055760384.000000 5.220456123 8.761001587 -19.277704239 -0.394646227 -0.740897834 -0.197488695 0.506283522
1413393935105760512.000000 5.268059254 8.765321732 -19.308967590 -0.371761709 -0.756097078 -0.200376719 0.499959528
1413393935155760384.000000 5.314231873 8.772325516 -19.338174820 -0.349164248 -0.769497216 -0.199816182 0.496016055
