1413393889655760384.000000 0.009054471 -0.249734998 0.112670995 -0.563244462 -0.601290822 -0.379131615 0.421265155
1413393889705760512.000000 0.012344543 -0.252701432 0.117443591 -0.563481629 -0.604408860 -0.380030423 0.415638477
1413393890205760512.000000 -0.149346784 -0.098245956 0.296473205 -0.564736903 -0.578582048 -0.416324407 0.415919572
1413393892305760512.000000 -0.509597301 -1.046162605 0.526473403 -0.559233248 -0.597162485 -0.395501047 0.417413563
1413393892355760384.000000 -0.519631982 -1.119781137 0.531007826 -0.561184585 -0.598498046 -0.393947691 0.414339483
1413393892605760512.000000 -0.575365543 -1.467290282 0.513674259 -0.569571495 -0.602494538 -0.387927741 0.402617484
1413393892655760384.000000 -0.587892056 -1.532153368 0.503513932 -0.572601378 -0.605295539 -0.384238005 0.397625744
1413393892705760512.000000 -0.600857437 -1.594766378 0.493064642 -0.576808810 -0.609496415 -0.379043430 0.390040785
1413393892855760384.000000 -0.643519282 -1.763905883 0.464354992 -0.591029882 -0.625541270 -0.356947243 0.363277495
1413393892955760384.000000 -0.676476002 -1.853220105 0.451576501 -0.598160744 -0.634403765 -0.343257189 0.349156260
1413393893055760384.000000 -0.713721395 -1.918631792 0.445042849 -0.600893438 -0.640111983 -0.336121768 0.340889990
1413393893155760384.000000 -0.755161464 -1.957356930 0.444824427 -0.599768460 -0.639924288 -0.336070120 0.343266219
1413393893255760384.000000 -0.800073624 -1.970595121 0.451563537 -0.594448388 -0.636528134 -0.343293399 0.351585865
1413393893355760384.000000 -0.848388493 -1.961455226 0.462498963 -0.595791876 -0.628952920 -0.343561411 0.362513304
1413393893455760384.000000 -0.897664666 -1.932186246 0.476367235 -0.599018931 -0.620431066 -0.341554552 0.373606831
1413393893505760512.000000 -0.922246993 -1.910928130 0.483582586 -0.600613832 -0.617881656 -0.338972986 0.377601206
1413393893605760512.000000 -0.969377816 -1.855731249 0.498938650 -0.602178216 -0.612940669 -0.336172640 0.385581672
1413393893705760512.000000 -1.012433171 -1.784117341 0.514134645 -0.605543613 -0.609001279 -0.330572426 0.391351789
1413393893805760512.000000 -1.049478889 -1.696051240 0.532174051 -0.604844570 -0.604119241 -0.331837535 0.398856938
1413393893905760512.000000 -1.079905272 -1.593759179 0.553618312 -0.597448885 -0.597261012 -0.344152004 0.409748137
1413393893955760384.000000 -1.092584133 -1.538478732 0.564743876 -0.592193127 -0.593286395 -0.352206230 0.416256398
1413393894005760512.000000 -1.103827477 -1.481407166 0.575643301 -0.588654518 -0.590146959 -0.358023763 0.420751154
1413393894105760512.000000 -1.122661710 -1.363177419 0.597827017 -0.583595753 -0.587230742 -0.364547402 0.426240861
1413393894205760512.000000 -1.136308670 -1.241177678 0.620605350 -0.583112299 -0.585780501 -0.364102602 0.429267526
1413393894305760512.000000 -1.143655777 -1.116245985 0.642461598 -0.584136844 -0.583801091 -0.363091588 0.431421995
1413393894555760384.000000 -1.139909983 -0.793956339 0.637170851 -0.578469336 -0.585413754 -0.371516228 0.429697245
1413393894655760384.000000 -1.130776644 -0.661022246 0.614912093 -0.574890375 -0.586379170 -0.376978129 0.428425044
1413393894755760384.000000 -1.117927909 -0.527226925 0.592950583 -0.571872890 -0.586896718 -0.380538076 0.428607732
1413393895105760512.000000 -1.054427624 -0.064474374 0.543938339 -0.557509959 -0.581491947 -0.394752473 0.441837490
1413393895205760512.000000 -1.032925487 0.061750680 0.535914004 -0.557915330 -0.584642231 -0.392642409 0.439039618
1413393895255760384.000000 -1.021804571 0.123452187 0.532794893 -0.558254957 -0.585819781 -0.391996205 0.437613428
1413393895355760384.000000 -0.999665082 0.243802354 0.523792386 -0.556180894 -0.585114777 -0.394084960 0.439318240
1413393895455760384.000000 -0.976716459 0.358777612 0.506401658 -0.554395437 -0.583221793 -0.397366405 0.441132694
1413393895555760384.000000 -0.951906145 0.467774808 0.482012957 -0.557835221 -0.579123914 -0.400384426 0.439463019
1413393895655760384.000000 -0.925515175 0.571535587 0.459289134 -0.565156400 -0.572657883 -0.404751331 0.434554368
1413393897005760512.000000 -0.683483958 1.191599488 0.466501981 -0.818244994 -0.182364509 -0.502327263 0.211862445
1413393897205760512.000000 -0.591445148 1.153341055 0.490713775 -0.837994814 -0.198077649 -0.494279683 0.119237512
1413393899055760384.000000 -0.175551564 2.105518341 0.652932346 -0.895835638 -0.051837552 -0.436245769 0.066941731
1413393899555760384.000000 0.009288456 2.189169884 0.834703743 -0.683258653 -0.059731577 -0.723022580 0.082632527
1413393899605760512.000000 0.010766510 2.187993765 0.854172647 -0.671726644 -0.055879526 -0.732141554 0.098130189
1413393899705760512.000000 -0.043206010 2.211565018 0.878459454 -0.682242095 -0.046957936 -0.719189882 0.122909427
1413393900005760512.000000 -0.320263594 2.165779591 0.925077498 -0.848481834 -0.038254932 -0.505664527 0.151388451
1413393900055760384.000000 -0.373693496 2.139591932 0.927502632 -0.866564512 -0.037998550 -0.476004332 0.145058453
1413393900105760512.000000 -0.407803535 2.104052305 0.935898781 -0.879867792 -0.037883509 -0.453445822 0.137056559
1413393900205760512.000000 -0.472495049 2.040817738 0.924517393 -0.894174635 -0.045027401 -0.431904405 0.109008826
1413393900355760384.000000 -0.491664499 1.896287799 0.893001497 -0.888579249 -0.077663280 -0.448717952 0.055205878
1413393900755760384.000000 -0.365963519 1.683664322 0.819885254 -0.734704077 -0.084608890 -0.671804428 0.041596100
1413393900905760512.000000 -0.377739012 1.638483047 0.760675430 -0.723195672 -0.065780081 -0.683982909 0.069486827
1413393901205760512.000000 -0.531197727 1.464443326 0.660430729 -0.833668828 -0.063394055 -0.542761505 0.079921171
1413393901305760512.000000 -0.583108723 1.388522387 0.641857266 -0.858658195 -0.076977782 -0.503336608 0.058589540
1413393901405760512.000000 -0.619122565 1.328516960 0.622270644 -0.871194780 -0.083585039 -0.481720030 0.044487067
1413393901505760512.000000 -0.628363371 1.266388535 0.613858581 -0.878877163 -0.088954158 -0.467442036 0.034059856
1413393901605760512.000000 -0.611665428 1.219809771 0.617987216 -0.880102396 -0.096490271 -0.464344323 0.022223592
1413393901705760512.000000 -0.567079782 1.179974556 0.623854578 -0.862888157 -0.109242380 -0.493338794 0.010342256
1413393901805760512.000000 -0.498732954 1.178843617 0.618153930 -0.833944976 -0.112562589 -0.540178537 0.008529949
1413393902005760512.000000 -0.353208601 1.189895511 0.633436263 -0.815479875 -0.096720509 -0.570012093 0.026907731
1413393902105760512.000000 -0.281958818 1.209727049 0.640102327 -0.816663742 -0.093576409 -0.568730116 0.029151367
1413393902205760512.000000 -0.211174995 1.236363769 0.647762060 -0.816199899 -0.093922898 -0.569407403 0.027775938
1413393902355760384.000000 -0.105225027 1.290420294 0.659165263 -0.815592051 -0.094364405 -0.570317507 0.025356917
1413393902705760512.000000 0.133230075 1.481108308 0.667197287 -0.810428619 -0.092972502 -0.577880263 0.024819739
1413393903005760512.000000 0.324461430 1.711015821 0.748967469 -0.835131228 -0.059025463 -0.542718589 0.067292430
1413393903105760512.000000 0.398312509 1.786995530 0.782491982 -0.837459624 -0.052033070 -0.538929045 0.074226603
1413393903205760512.000000 0.480248451 1.857820868 0.818888307 -0.829763889 -0.054947406 -0.551180243 0.068360031
1413393903305760512.000000 0.564599514 1.917729259 0.850604236 -0.822250903 -0.055314351 -0.563514352 0.057406418
1413393903655760384.000000 0.886983514 2.123031378 0.862114191 0.804516673 -0.031479131 0.592832208 -0.017665241
1413393903955760384.000000 1.102828383 2.236228228 0.845639944 0.795396030 -0.112370647 0.595476210 -0.011232243
1413393904055760384.000000 1.167050958 2.254278421 0.845920742 0.795891523 -0.124527492 0.592408299 -0.010101768
1413393904155760384.000000 1.225073576 2.259566307 0.840046406 0.797814608 -0.124955475 0.589811862 -0.000050551
1413393904305760512.000000 1.301017284 2.246951580 0.826027632 0.803328574 -0.117481701 0.583581269 0.017153339
1413393904605760512.000000 1.430158019 2.149178028 0.896434069 0.805699468 -0.123583846 0.576959074 0.051900771
1413393904705760512.000000 1.495092392 2.103067636 0.930182159 0.820142925 -0.126334086 0.551842511 0.082916968
1413393905105760512.000000 1.678191185 1.924077272 0.955689251 0.793461144 -0.196366489 0.546949327 0.180848360
1413393905455760384.000000 1.916290998 1.834932208 0.873284161 0.745862365 -0.296646923 0.554335475 0.220005095
1413393905505760512.000000 1.947990298 1.827039719 0.862177968 0.740722120 -0.310659885 0.551267385 0.225666597
1413393905555760384.000000 1.978414297 1.819977522 0.851469040 0.735054016 -0.326839089 0.548280001 0.228606418
1413393905605760512.000000 2.007438660 1.813378334 0.840850174 0.729439259 -0.344589770 0.544415951 0.229755566
1413393905655760384.000000 2.034959555 1.806814551 0.831098258 0.722918928 -0.361825645 0.541095853 0.231701806
1413393909905760512.000000 0.938331187 -0.298113644 1.052871346 0.617125094 -0.569387376 0.380873084 0.387156814
1413393914905760512.000000 1.142862082 -1.941720724 0.421880990 0.051438920 -0.817099810 0.092119493 0.566759229
1413393915005760512.000000 1.065817237 -1.894774437 0.449774146 0.044305224 -0.825274885 0.066765800 0.559017658
1413393915255760384.000000 0.853170633 -1.776647687 0.518402457 0.040667932 -0.835591257 0.033471726 0.546820939
1413393915505760512.000000 0.607190251 -1.682219028 0.552360952 0.078897484 -0.816423714 0.022534221 0.571594119
1413393915755760384.000000 0.357657135 -1.632599592 0.581591606 0.104209036 -0.803343475 0.039007217 0.585028291
1413393916005760512.000000 0.134948879 -1.628811836 0.611855209 0.123525128 -0.798881769 0.038562041 0.587403238
1413393916255760384.000000 -0.054217741 -1.681311250 0.649661601 0.123320840 -0.790798962 0.036732946 0.598397613
1413393916505760512.000000 -0.211012691 -1.778844953 0.695008278 0.060233563 -0.803584754 0.032605916 0.591236234
1413393916755760384.000000 -0.338759482 -1.887539744 0.756580234 -0.027762361 -0.821165979 -0.021755010 0.569598556
1413393917005760512.000000 -0.455527931 -2.001111984 0.816734910 -0.135341436 -0.804802656 -0.075398259 0.572966397
1413393917055760384.000000 -0.478899240 -2.023014784 0.829736173 -0.159812704 -0.797767162 -0.081995957 0.575590312
1413393917155760384.000000 -0.523074985 -2.063259602 0.856323123 -0.204833031 -0.783457696 -0.099600241 0.578201771
1413393917205760512.000000 -0.543533146 -2.081046343 0.870212555 -0.225935161 -0.776766062 -0.109715149 0.577538252
1413393917255760384.000000 -0.562091053 -2.097452879 0.883384943 -0.247162953 -0.771424234 -0.117884144 0.574385285
1413393917305760512.000000 -0.578743279 -2.112046242 0.896532118 -0.266871274 -0.768270910 -0.128140032 0.567555964
1413393917705760512.000000 -0.657649994 -2.152485609 0.935462892 -0.422342420 -0.721425831 -0.232774913 0.496978343
1413393917805760512.000000 -0.666441023 -2.140111923 0.927028120 -0.451020658 -0.697480440 -0.273624927 0.485006094
1413393918005760512.000000 -0.676470220 -2.100273132 0.914142430 0.517425478 0.636784792 0.328213751 -0.468029678
1413393918255760384.000000 -0.659120381 -2.038159847 0.909043849 0.600806296 0.565360725 0.366177946 -0.430479854
1413393918355760384.000000 -0.637538850 -2.008419752 0.910335779 0.630616605 0.535912693 0.380150288 -0.413044810
1413393918505760512.000000 -0.585158765 -1.958926201 0.916436732 0.671308279 0.490411341 0.404292434 -0.381299943
1413393918605760512.000000 -0.535547614 -1.922472000 0.924157560 0.696686983 0.454796761 0.422642231 -0.359389395
1413393918705760512.000000 -0.474112958 -1.884744763 0.933766901 0.716626763 0.413087368 0.448492140 -0.338614494
1413393918805760512.000000 -0.402459979 -1.849386096 0.942755342 0.738888264 0.362492204 0.469287038 -0.320020795
1413393918905760512.000000 -0.319691241 -1.819033504 0.952764928 0.754845560 0.304433286 0.496754140 -0.301270604
1413393919005760512.000000 -0.228504375 -1.798987985 0.963084996 0.762902796 0.252260029 0.531463563 -0.268124580
1413393919105760512.000000 -0.133537069 -1.791309357 0.974256098 0.769474208 0.202305317 0.561019778 -0.228558242
1413393919205760512.000000 -0.039890222 -1.795866966 0.985099375 0.774569333 0.150772899 0.583261013 -0.192656636
1413393919305760512.000000 0.048636958 -1.813199878 0.996517718 0.771835029 0.098347537 0.607057154 -0.161493436
1413393919405760512.000000 0.126540542 -1.843094230 1.001440406 0.764432430 0.047402378 0.627781153 -0.138877660
1413393919505760512.000000 0.192656457 -1.885616779 0.994397998 0.765487075 0.003757624 0.631557047 -0.123090006
1413393919605760512.000000 0.246002644 -1.943621397 0.978008449 0.770150781 -0.032181859 0.628020525 -0.106875405
1413393919805760512.000000 0.318103045 -2.103508472 0.925528467 0.763901174 -0.057381950 0.640495241 -0.054112535
1413393920105760512.000000 0.317784846 -2.394618750 0.784977138 0.769040585 -0.029991830 0.638418198 0.009959069
1413393920205760512.000000 0.290165246 -2.489003420 0.720297277 0.774781168 -0.024627021 0.631627738 0.012413875
1413393920305760512.000000 0.250682473 -2.580002069 0.652466714 0.778542638 -0.020542955 0.627140224 0.012022584
1413393920405760512.000000 0.199847743 -2.667360067 0.586527705 0.785976350 -0.016254185 0.617923141 0.012170931
1413393920605760512.000000 0.078410596 -2.831361294 0.465765834 0.806833267 -0.008214782 0.590620100 0.010982102
1413393920805760512.000000 -0.046136275 -2.978553057 0.359763265 0.811902404 -0.000101480 0.583685219 0.011222925
1413393920905760512.000000 -0.107244760 -3.045117378 0.308526039 0.815544367 0.004701236 0.578488350 0.014716560
1413393921005760512.000000 -0.166576415 -3.106636524 0.257187515 0.825233161 0.008128470 0.564456642 0.017691683
1413393921105760512.000000 -0.220983446 -3.162254572 0.206456020 0.837524176 0.011516177 0.545900106 0.020339336
1413393921205760512.000000 -0.265631527 -3.211260796 0.160764575 0.844370961 0.014205790 0.535044193 0.023740212
1413393921305760512.000000 -0.297782153 -3.252502203 0.119831257 0.847259283 0.015442412 0.530343711 0.025471654
1413393921555760384.000000 -0.319397032 -3.322381496 0.041374616 0.830538750 0.009318103 0.556649148 0.016130017
1413393921905760512.000000 -0.290201336 -3.364340067 -0.100048400 0.804524183 0.003651293 0.593678057 0.016551176
1413393922305760512.000000 -0.287781239 -3.349580288 -0.324794650 0.834743798 -0.004401008 0.550212443 0.021209413
1413393922405760512.000000 -0.283254206 -3.336145163 -0.379952848 0.849113107 -0.008058342 0.527746916 0.020617684
1413393922505760512.000000 -0.264798135 -3.319796324 -0.429368138 0.852836370 -0.019550303 0.521740019 0.008681213
1413393922605760512.000000 -0.230172649 -3.303529739 -0.471817970 0.843819320 -0.033899214 0.535499990 -0.007726495
1413393922755760384.000000 -0.156161785 -3.288688183 -0.528934181 0.832239449 -0.044836085 0.552142084 -0.022500820
1413393922855760384.000000 -0.096833244 -3.289071560 -0.563950896 0.833890080 -0.041233785 0.550068319 -0.018760394
1413393923005760512.000000 0.006748255 -3.303720236 -0.599474967 0.844840527 -0.024668973 0.534432650 0.004206264
1413393923105760512.000000 0.088875711 -3.316882372 -0.605865002 0.849483967 -0.014912933 0.527023196 0.020028953
1413393923205760512.000000 0.185584009 -3.327593327 -0.600250483 0.851947546 -0.010923741 0.522762120 0.028034328
1413393923305760512.000000 0.296448350 -3.334277153 -0.588079631 0.848701477 -0.014652006 0.528067529 0.025213962
1413393923405760512.000000 0.420344949 -3.337117672 -0.574833453 0.841557920 -0.028447729 0.539416611 -0.000762237
1413393923505760512.000000 0.552849114 -3.340648890 -0.559913754 0.832351804 -0.030598760 0.552367985 -0.033822272
1413393923655760384.000000 0.759484053 -3.358977556 -0.534109294 0.820837617 0.006607526 0.566620827 -0.071574196
1413393923805760512.000000 0.968762517 -3.395043850 -0.507379949 0.818566024 0.083287559 0.561686695 -0.086723417
1413393923905760512.000000 1.108543634 -3.424249172 -0.490823030 0.815775990 0.132429585 0.553579450 -0.102575958
1413393924005760512.000000 1.248169303 -3.454411030 -0.474518418 0.811932266 0.175037041 0.543009400 -0.123567104
1413393924105760512.000000 1.389857888 -3.483666658 -0.458891034 0.806629479 0.215483621 0.532453895 -0.139315128
1413393924255760384.000000 1.607559919 -3.517212868 -0.431915730 0.783445656 0.286670208 0.534140587 -0.136846229
1413393924355760384.000000 1.749736667 -3.526452780 -0.412665874 0.764091969 0.329491079 0.539427161 -0.128908619
1413393924455760384.000000 1.884019375 -3.519955873 -0.391599059 0.745895386 0.363832921 0.545707703 -0.116055116
1413393924555760384.000000 2.004111767 -3.492746592 -0.366493940 0.730361223 0.386663586 0.552915454 -0.106528871
1413393924655760384.000000 2.103824854 -3.443094015 -0.336107850 0.712124825 0.399753600 0.568169594 -0.101285517
1413393924755760384.000000 2.176010370 -3.368086576 -0.295267940 0.694729507 0.404908657 0.586200118 -0.098839968
1413393924905760512.000000 2.223707438 -3.208805084 -0.207835078 0.702801228 0.386063010 0.586212993 -0.115672491
1413393925005760512.000000 2.218196630 -3.074413776 -0.129956916 0.728713393 0.359501928 0.563011885 -0.150840610
1413393925155760384.000000 2.177666903 -2.848407507 0.011362936 0.754211366 0.335652053 0.527358651 -0.200987175
1413393925305760512.000000 2.131670475 -2.605765820 0.160495996 0.769061506 0.334296316 0.482902020 -0.252182633
1413393925405760512.000000 2.112984896 -2.442658663 0.261843622 0.764376640 0.349684328 0.471884131 -0.266035080
1413393925505760512.000000 2.106819391 -2.280379295 0.364692539 0.753102720 0.363613933 0.475491762 -0.272999823
1413393925655760384.000000 2.115676641 -2.037263870 0.508193254 0.741564929 0.375575304 0.479021847 -0.282068640
1413393925805760512.000000 2.264042854 -1.817039728 0.660119534 -0.737015069 -0.384951890 -0.471928924 0.293093771
1413393925905760512.000000 2.161388636 -1.631577253 0.625204384 0.726220071 0.385157317 0.492291719 -0.286194146
1413393926005760512.000000 2.185586929 -1.471939087 0.630666494 0.716510177 0.381950647 0.505137444 -0.292511642
1413393926105760512.000000 2.210496664 -1.316778898 0.626501679 0.705609679 0.373233289 0.519546926 -0.304766953
1413393926205760512.000000 2.234662056 -1.170975685 0.621920109 0.701923013 0.366862237 0.524389505 -0.312620938
1413393926305760512.000000 2.257328749 -1.034610987 0.618488669 -0.705620527 -0.363550484 -0.520865858 0.314053506
1413393926405760512.000000 2.280234575 -0.909666538 0.618714273 -0.712918520 -0.367022127 -0.510772169 0.310086757
1413393926855760384.000000 2.383537292 -0.443795770 0.585393906 -0.675086617 -0.422382325 -0.504798532 0.333211362
1413393927055760384.000000 2.418728352 -0.287790716 0.622125626 -0.673270881 -0.462274820 -0.463371426 0.343940735
1413393927205760512.000000 2.452116251 -0.178143069 0.678620756 -0.677721739 -0.472423285 -0.434174478 0.359168500
1413393927355760384.000000 2.502372026 -0.067241050 0.737270653 -0.682917476 -0.485629171 -0.408907503 0.361362338
1413393927505760512.000000 2.574151278 0.054570973 0.803531110 -0.660604477 -0.515757322 -0.421334684 0.346515924
1413393927605760512.000000 2.626027584 0.144646585 0.852052212 -0.638212800 -0.535807371 -0.438141972 0.337085575
1413393927905760512.000000 2.728210688 0.444707096 1.017256260 -0.565865159 -0.573249102 -0.486774832 0.337982863
1413393928055760384.000000 2.723199844 0.594722688 1.101322651 -0.554881871 -0.575037718 -0.493941903 0.342723191
1413393928255760384.000000 2.653506994 0.779574931 1.184603333 -0.554843009 -0.572648942 -0.494640231 0.345764965
1413393928455760384.000000 2.520212650 0.947161734 1.232978344 -0.585820496 -0.544261277 -0.459628075 0.386440367
1413393928655760384.000000 2.365980625 1.092089295 1.250034332 -0.591202915 -0.514858246 -0.456451774 0.420775443
1413393928955760384.000000 2.141802311 1.230985999 1.277716637 -0.584923387 -0.517777503 -0.484477848 0.393766940
1413393929055760384.000000 2.064249277 1.254069209 1.290588498 -0.590656281 -0.513861656 -0.495823085 0.375807077
1413393929155760384.000000 1.980188727 1.267003536 1.306551218 -0.601039290 -0.503265321 -0.506733298 0.358743906
1413393929455760384.000000 1.684928775 1.262337804 1.364253521 -0.669822633 -0.436425686 -0.513630271 0.311535299
1413393929855760384.000000 1.241296291 1.220410466 1.466689944 -0.748284698 -0.314580739 -0.534886897 0.234531656
1413393929955760384.000000 1.129918218 1.209200621 1.494397402 -0.765535653 -0.272364885 -0.534442842 0.232687190
1413393930055760384.000000 1.023549199 1.194662333 1.519822121 -0.779429138 -0.234335840 -0.534551978 0.227664679
1413393930155760384.000000 0.924254715 1.175015807 1.538023829 -0.788717389 -0.205391735 -0.536334515 0.219281748
1413393930255760384.000000 0.832804263 1.149837613 1.547559857 -0.792898357 -0.189205408 -0.540135622 0.209205717
1413393930355760384.000000 0.748916328 1.118358493 1.547478914 -0.792893291 -0.190345123 -0.547271371 0.188634604
1413393930855760384.000000 0.377881616 0.942603469 1.308485270 -0.778065443 -0.199390963 -0.567591131 0.180825338
1413393931305760512.000000 0.088341482 0.728459537 1.148098350 -0.786146939 -0.212615222 -0.548717737 0.188882530
