1403638148295097088.000000 -4.943741322 -1.606805563 1.247741103 -0.570517778 -0.584714532 -0.399336100 0.416111857
1403638148495097088.000000 -4.946489334 -1.590062737 1.334845066 -0.568209350 -0.591121972 -0.395439386 0.413933069
1403638149095097088.000000 -4.974882603 -1.499090791 1.405117750 -0.564018726 -0.601943910 -0.386318147 0.412679911
1403638149345096960.000000 -5.000537872 -1.437800646 1.496298313 -0.562066495 -0.598082364 -0.387685657 0.419617295
1403638149845096960.000000 -5.064417362 -1.323703527 1.588025570 -0.550261319 -0.607255995 -0.384211123 0.425246507
1403638150095097088.000000 -5.102949142 -1.272221088 1.585780382 -0.541122198 -0.615402400 -0.386896402 0.422821313
1403638150345096960.000000 -5.160127163 -1.224559665 1.548469543 -0.535930753 -0.623713136 -0.391224891 0.413162619
1403638150645096960.000000 -5.276641846 -1.165349126 1.515646577 -0.539165735 -0.637167633 -0.359395504 0.417316020
1403638150745096960.000000 -5.313050270 -1.139442205 1.525400043 -0.534610868 -0.640071750 -0.356340677 0.421332210
1403638150845096960.000000 -5.361637115 -1.108443379 1.533759236 -0.526781559 -0.643908560 -0.355316043 0.426184803
1403638151295097088.000000 -5.606268883 -0.953180611 1.557049036 -0.472445905 -0.674918234 -0.334885985 0.457309097
1403638151745096960.000000 -5.886110783 -0.815460742 1.570493221 -0.409358859 -0.714981019 -0.287249506 0.488584995
1403638151995097088.000000 -6.053143501 -0.736437738 1.636869192 -0.399067372 -0.722762704 -0.280395329 0.489630282
1403638152095097088.000000 -6.130402088 -0.711735785 1.659181595 -0.398668885 -0.723423958 -0.280466527 0.488937169
1403638152495097088.000000 -6.444182873 -0.603188336 1.703373194 -0.396588802 -0.725326717 -0.289187461 0.482689440
1403638152945096960.000000 -6.861618996 -0.497206122 1.716778517 -0.384175420 -0.727629125 -0.267766923 0.501264513
1403638153095097088.000000 -6.967030048 -0.452992618 1.745033264 -0.368288577 -0.739371836 -0.251708269 0.504317105
1403638153195097088.000000 -7.108716965 -0.436572790 1.773141384 -0.363102973 -0.744807005 -0.245673165 0.503054142
1403638153295097088.000000 -7.208446503 -0.409660459 1.792244315 -0.356179148 -0.749570549 -0.241551161 0.502924979
1403638153495097088.000000 -7.412156582 -0.354095042 1.819142103 -0.332348228 -0.762520909 -0.232078254 0.504228354
1403638153695097088.000000 -7.630366325 -0.297767907 1.862157106 -0.298829108 -0.777559400 -0.220078215 0.507610321
1403638153795097088.000000 -7.746747017 -0.270679772 1.883549333 -0.284873366 -0.780822217 -0.209422991 0.515078664
1403638153945096960.000000 -7.926697731 -0.231778160 1.904838681 -0.270085096 -0.781204402 -0.198401287 0.526697755
1403638154395097088.000000 -8.473559380 -0.141334325 1.895604610 -0.253792614 -0.768838882 -0.199750125 0.551884055
1403638154595097088.000000 -8.707528114 -0.126309752 1.873719931 -0.254812926 -0.765102148 -0.198467985 0.557045460
1403638154995097088.000000 -9.146232605 -0.160341084 1.904986501 -0.228770137 -0.785236835 -0.184155554 0.545118392
1403638155095097088.000000 -9.255262375 -0.180948600 1.930511713 -0.217693701 -0.787539005 -0.178641930 0.548159420
1403638155245096960.000000 -9.418114662 -0.220015556 1.965612173 -0.204754576 -0.787298262 -0.169277281 0.556401253
1403638155445096960.000000 -9.631274223 -0.288553149 1.990851283 -0.185127065 -0.785767376 -0.164569125 0.566757977
1403638155745096960.000000 -9.932798386 -0.437861204 1.983842373 -0.152299166 -0.786247253 -0.124066219 0.585856557
1403638155845096960.000000 -10.023967743 -0.497776031 1.972535849 -0.136544079 -0.789663911 -0.107551567 0.588403940
1403638155995097088.000000 -10.148583412 -0.594801784 1.954343796 -0.108967774 -0.803698480 -0.079415098 0.579558551
1403638156095097088.000000 -10.226139069 -0.661476493 1.950958490 -0.088430554 -0.813972056 -0.060393821 0.570948541
1403638156295097088.000000 -10.376115799 -0.792719483 1.968328238 -0.054558888 -0.823611200 -0.028318295 0.563813925
1403638156495097088.000000 -10.527445793 -0.913577318 1.983893633 -0.034870449 -0.830246329 -0.008746766 0.556236088
1403638156695097088.000000 -10.687699318 -1.021289349 1.975144744 -0.028003115 -0.831370533 -0.002838798 0.555005312
1403638157095097088.000000 -11.050715446 -1.202509046 1.929936528 -0.032421358 -0.833942354 -0.007038037 0.550853550
1403638157195097088.000000 -11.152025223 -1.240436316 1.930834651 -0.034683380 -0.836624622 -0.009164125 0.546600878
1403638157495097088.000000 -11.480742455 -1.345912814 1.959990025 -0.025002187 -0.832341611 -0.013011091 0.553545952
1403638157595097088.000000 -11.598090172 -1.380877733 1.964163899 -0.015765041 -0.828781188 -0.009996145 0.559261501
1403638157745096960.000000 -11.777081490 -1.435678005 1.966894031 0.009324603 -0.822666705 -0.003549326 0.568436444
1403638157995097088.000000 -12.073733330 -1.539700985 2.002333641 0.052660067 -0.818442583 0.029342599 0.571417272
1403638158245096960.000000 -12.361283302 -1.645806789 2.034043550 0.070239186 -0.819312692 0.060845796 0.565765977
1403638158395097088.000000 -12.531830788 -1.703049421 2.038014889 0.078650996 -0.818623722 0.061350398 0.565601945
1403638158645096960.000000 -12.807771683 -1.793849707 2.025771856 0.086713403 -0.815284729 0.052230909 0.570143461
1403638159045096960.000000 -13.230257988 -1.952345371 2.026384115 0.071594417 -0.828353763 0.062757969 0.552055895
1403638159195097088.000000 -13.392294884 -2.008500099 2.048860312 0.070214696 -0.840504646 0.060593009 0.533807397
1403638159295097088.000000 -13.508796692 -2.044759989 2.060366154 0.068610847 -0.839443088 0.060157858 0.535732090
1403638159495097088.000000 -13.758509636 -2.112096548 2.079188108 0.060125813 -0.812996387 0.069290422 0.574996233
1403638159645096960.000000 -13.940074921 -2.151542664 2.104749680 0.046611372 -0.797557056 0.089003853 0.594817936
1403638159895097088.000000 -14.211856842 -2.168529749 2.185465813 0.050850287 -0.791616917 0.084919795 0.602947414
1403638160195097088.000000 -14.459080696 -2.125774384 2.348699331 0.069231048 -0.803855896 0.063098773 0.587402105
1403638160295097088.000000 -14.529720306 -2.106703520 2.419154882 0.071875244 -0.815154254 0.061467517 0.571471095
1403638160445096960.000000 -14.633872986 -2.077002764 2.534378052 0.074378558 -0.824024618 0.059214562 0.558520198
1403638160595097088.000000 -14.742043495 -2.047650099 2.641783476 0.074434429 -0.826182723 0.058966015 0.555342019
1403638160695097088.000000 -14.818015099 -2.029453278 2.707375526 0.073887683 -0.826235473 0.058992196 0.555333793
1403638160945096960.000000 -15.014275551 -1.977950811 2.857401371 0.049757853 -0.809833765 0.066452660 0.580756009
1403638161095097088.000000 -15.124461174 -1.933011055 2.936032534 0.026886433 -0.805404782 0.052801218 0.589756131
1403638161195097088.000000 -15.189377785 -1.896964550 2.983066320 0.010425850 -0.807460308 0.036729190 0.588685095
1403638161595097088.000000 -15.420959473 -1.728621244 3.146299839 -0.054839090 -0.824407220 -0.017833486 0.563051939
1403638161995097088.000000 -15.649355888 -1.533838272 3.236713648 -0.087336928 -0.816271603 -0.033215400 0.570061207
1403638162095097088.000000 -15.706237793 -1.478689909 3.256739855 -0.093594939 -0.815508008 -0.037180614 0.569916189
1403638162245096960.000000 -15.789690971 -1.391397595 3.298949957 -0.102363311 -0.818121552 -0.036393639 0.564689696
1403638162395097088.000000 -15.873548508 -1.295292020 3.338752031 -0.109118097 -0.817885458 -0.032885335 0.563981593
1403638162595097088.000000 -15.984006882 -1.149963260 3.382143974 -0.106189422 -0.816381693 -0.038229361 0.566377342
1403638162745096960.000000 -16.063486099 -1.030918360 3.426852942 -0.099705495 -0.818359911 -0.044673022 0.564225376
1403638162945096960.000000 -16.165399551 -0.861804485 3.510186195 -0.112550795 -0.815062165 -0.040888287 0.566863537
1403638163095097088.000000 -16.239496231 -0.724042654 3.576385736 -0.120864838 -0.803756177 -0.044825256 0.580825746
1403638163245096960.000000 -16.304714203 -0.578043997 3.604282141 -0.131469682 -0.802711785 -0.058828048 0.578713059
1403638163395097088.000000 -16.362279892 -0.425174683 3.609563112 -0.146024749 -0.801282823 -0.080743507 0.574546039
1403638163895097088.000000 -16.508882523 0.085309036 3.687418461 -0.179990873 -0.794062078 -0.108303793 0.570385098
1403638164045096960.000000 -16.538999557 0.235410243 3.747043848 -0.185265765 -0.794655085 -0.101004653 0.569208205
1403638207295097088.000000 -16.145860672 3.625503063 4.188632011 -0.189443752 -0.766768336 -0.152723193 0.594014347
1403638207345096960.000000 -16.176469803 3.559122324 4.176254272 -0.185180292 -0.766735673 -0.148603901 0.596440673
1403638207595097088.000000 -16.293891907 3.213247061 4.122289181 -0.147232383 -0.775652587 -0.121611133 0.601578355
1403638207845096960.000000 -16.347003937 2.860015869 4.108165741 -0.132580101 -0.794665575 -0.089360200 0.585614204
1403638208095097088.000000 -16.368217468 2.528591156 4.135016918 -0.129156709 -0.801357090 -0.082599655 0.578206420
1403638208345096960.000000 -16.366151810 2.219782352 4.134648323 -0.131314233 -0.796308279 -0.085025720 0.584311962
1403638208595097088.000000 -16.341548920 1.925883412 4.107754707 -0.123271033 -0.804116666 -0.078549378 0.576220989
1403638208845096960.000000 -16.301551819 1.648541331 4.117033482 -0.102813937 -0.805476964 -0.060168810 0.580530822
1403638209345096960.000000 -16.171617508 1.158109188 4.072319508 -0.088136658 -0.806971431 -0.049529035 0.581872821
1403638209395097088.000000 -16.155569077 1.113169670 4.059032917 -0.088539518 -0.806572914 -0.048394486 0.582459390
1403638209595097088.000000 -16.088762283 0.943130612 3.984339237 -0.089327253 -0.803240299 -0.047828548 0.586973727
1403638209645096960.000000 -16.071025848 0.902603149 3.955302238 -0.090364926 -0.803288162 -0.047264151 0.586795092
1403638209695097088.000000 -16.052837372 0.863047361 3.921751976 -0.091140360 -0.803967535 -0.047414318 0.585731626
1403638209795097088.000000 -16.015062332 0.786512434 3.841172457 -0.089392856 -0.804099321 -0.051246516 0.585497260
1403638209995097088.000000 -15.932574272 0.640036106 3.644975901 -0.086301833 -0.799037158 -0.057545785 0.592267036
1403638210195097088.000000 -15.833702087 0.498414755 3.451103449 -0.085553370 -0.789505124 -0.059088200 0.604872525
1403638210295097088.000000 -15.772319794 0.428322256 3.362100124 -0.086315505 -0.789390564 -0.058221478 0.604997993
1403638210595097088.000000 -15.540616989 0.222281769 3.093402386 -0.087550946 -0.789060175 -0.058517080 0.605222762
1403638210695097088.000000 -15.450398445 0.155156404 2.995146513 -0.089518473 -0.787803590 -0.056619234 0.606750488
1403638210795097088.000000 -15.351677895 0.089000449 2.899989843 -0.089840271 -0.787607729 -0.056858003 0.606934965
1403638210895097088.000000 -15.244427681 0.023278691 2.811214685 -0.091660313 -0.790240467 -0.054232437 0.603470922
1403638210995097088.000000 -15.131615639 -0.039952748 2.729644299 -0.092512347 -0.794195950 -0.052829426 0.598250210
1403638211095097088.000000 -15.012639046 -0.101820782 2.656200886 -0.093360253 -0.797374189 -0.051191717 0.594018340
1403638211295097088.000000 -14.771232605 -0.215630293 2.534679890 -0.095164537 -0.801322877 -0.049140453 0.588566542
1403638211445096960.000000 -14.586057663 -0.290080637 2.453151941 -0.105373703 -0.801118374 -0.055444878 0.586542130
1403638211545096960.000000 -14.458484650 -0.335614979 2.393190622 -0.117819630 -0.799660742 -0.063159652 0.585382104
1403638211695097088.000000 -14.261456490 -0.397061169 2.292473555 -0.146757320 -0.793535709 -0.076488420 0.585587800
1403638211845096960.000000 -14.058225632 -0.448716700 2.184352398 -0.185519621 -0.787403226 -0.092248373 0.580576479
1403638211995097088.000000 -13.849149704 -0.487567008 2.087980747 -0.222414881 -0.778925478 -0.113394141 0.575281203
1403638212145096960.000000 -13.633246422 -0.512743533 2.008999825 -0.253433555 -0.770031095 -0.138792187 0.568823636
1403638212295097088.000000 -13.409607887 -0.528275371 1.951032519 -0.282356322 -0.759637177 -0.165860295 0.561886787
1403638212445096960.000000 -13.179129601 -0.537752986 1.910788894 -0.310702115 -0.749284863 -0.191242635 0.552686870
1403638212745096960.000000 -12.694834709 -0.546700835 1.884087563 -0.371744335 -0.723166347 -0.233430132 0.533242047
1403638212845096960.000000 -12.527118683 -0.547867417 1.889518499 -0.392515302 -0.711772323 -0.248410314 0.526881695
1403638212995097088.000000 -12.270189285 -0.548102856 1.905002952 -0.426307082 -0.694343865 -0.269750863 0.513208985
1403638213095097088.000000 -12.096021652 -0.546164036 1.922647953 -0.449386477 -0.680521727 -0.284268171 0.504116714
1403638213245096960.000000 -11.831027985 -0.540991187 1.943751097 -0.489875615 -0.660515070 -0.295742303 0.486084521
1403638213345096960.000000 -11.651438713 -0.533723712 1.949343204 -0.519329906 -0.646487355 -0.298094839 0.472747445
1403638213445096960.000000 -11.468486786 -0.521074653 1.949496031 -0.547539771 -0.629953563 -0.300314665 0.461703300
1403638213545096960.000000 -11.188113213 -0.584113300 2.003485680 -0.573854566 -0.604663074 -0.300435275 0.463478476
1403638213645096960.000000 -11.065899849 -0.456670433 1.909211040 -0.575778306 -0.598081589 -0.332051367 0.447794348
1403638213745096960.000000 -10.884356499 -0.440814376 1.939465046 -0.570458591 -0.590871215 -0.359524369 0.442934066
1403638213845096960.000000 -10.683600426 -0.406452835 1.944671035 -0.567389905 -0.587195933 -0.376402587 0.437710822
1403638213945096960.000000 -10.481650352 -0.417669892 1.944164634 -0.568241954 -0.585746169 -0.381069362 0.434498072
1403638214045096960.000000 -10.284184456 -0.338123500 1.970393896 -0.568291545 -0.588943005 -0.382137924 0.429140508
1403638214145096960.000000 -10.086914062 -0.305048048 1.989612579 -0.571168840 -0.595106244 -0.376390338 0.421835274
1403638214245096960.000000 -9.892767906 -0.269063205 2.011776209 -0.573146164 -0.602168977 -0.369309336 0.415339321
1403638214345096960.000000 -9.701357841 -0.229700148 2.028892279 -0.573993266 -0.607688189 -0.363084674 0.411602259
1403638214495097088.000000 -9.418471336 -0.159148619 2.043824673 -0.568681777 -0.611641526 -0.362591147 0.413549840
1403638214595097088.000000 -9.232770920 -0.105859920 2.047444582 -0.561693430 -0.609558821 -0.368220776 0.421131909
1403638214795097088.000000 -8.869245529 0.004538639 2.038766146 -0.549073160 -0.605059087 -0.377296001 0.435970187
1403638214895097088.000000 -8.673088074 0.046573747 1.983884573 -0.546445966 -0.604266286 -0.377692819 0.440008134
1403638214995097088.000000 -8.515017509 0.107079871 2.008174181 -0.542410612 -0.604487658 -0.380466640 0.442301482
1403638215195097088.000000 -8.171098709 0.199818075 1.957390070 -0.541005552 -0.607170880 -0.379853904 0.440871388
1403638215545096960.000000 -7.602506638 0.342581034 1.863282204 -0.536821604 -0.613946080 -0.386646807 0.430577517
1403638215895097088.000000 -7.099142075 0.458572745 1.768483520 -0.545398176 -0.603708327 -0.384905607 0.435803562
1403638216045096960.000000 -6.892958641 0.497936487 1.799914479 -0.548355043 -0.600123882 -0.388224095 0.434096843
1403638216495097088.000000 -6.346735001 0.567947149 1.692426443 -0.551184416 -0.593590856 -0.398060173 0.430573732
1403638216595097088.000000 -6.233732224 0.579835653 1.694449186 -0.551282465 -0.594674289 -0.398903012 0.428166568
1403638216995097088.000000 -5.833363533 0.586481988 1.618304491 -0.557734549 -0.583655417 -0.412758321 0.421792746
1403638217245096960.000000 -5.611889362 0.557093799 1.562170744 -0.587087631 -0.564056575 -0.416847885 0.404235393
1403638217495097088.000000 -5.413462162 0.519858003 1.514109731 -0.598871469 -0.556134105 -0.423344433 0.390957028
1403638217845096960.000000 -5.172463417 0.466262460 1.534837127 -0.593147814 -0.565900683 -0.436756253 0.370372802
1403638217995097088.000000 -5.103427887 0.446954489 1.561676860 -0.588917792 -0.566498399 -0.440327942 0.371976733
1403638218445096960.000000 -4.985940456 0.382116169 1.566896200 -0.582235813 -0.560208440 -0.439751059 0.392156959
1403638218795097088.000000 -4.978550434 0.285596222 1.610211015 -0.595115900 -0.561376393 -0.427353024 0.384789675
1403638219195097088.000000 -5.015082836 0.184481725 1.613602400 -0.620156765 -0.533836782 -0.420853138 0.391543657
1403638219645096960.000000 -5.016145706 0.049498353 1.651533961 -0.603304029 -0.525978208 -0.447992057 0.398339331
1403638220045096960.000000 -5.077910900 -0.170603752 1.585678577 -0.626849771 -0.520699024 -0.414888501 0.404721528
1403638220345096960.000000 -5.052375317 -0.342539907 1.562533617 -0.616651416 -0.538018048 -0.430774957 0.380408436
1403638220795097088.000000 -5.014979839 -0.612339616 1.598119855 -0.615623891 -0.538289249 -0.436711222 0.374880433
1403638221195097088.000000 -5.015295029 -0.823406100 1.558869720 -0.620848179 -0.536869884 -0.433640540 0.371852458
1403638221495097088.000000 -5.030433178 -0.971378446 1.554142952 -0.627174973 -0.534896255 -0.426399946 0.372452229
1403638221895097088.000000 -5.043049812 -1.144868970 1.525219679 -0.624763787 -0.529295921 -0.430179685 0.380081028
1403638222195097088.000000 -5.045166969 -1.267468572 1.549333096 -0.623781621 -0.536842048 -0.431212783 0.369800955
1403638222345096960.000000 -5.049086571 -1.324829936 1.551374197 -0.628281534 -0.539699018 -0.425085992 0.365088046
1403638222845096960.000000 -5.062737465 -1.456134915 1.499200702 -0.621845782 -0.532714784 -0.434461236 0.375188261
1403638223345096960.000000 -5.090922356 -1.582376599 1.446653724 0.633381605 0.535978675 0.417770356 -0.370165646
