1413393889655760384.000000 -0.093265973 2.158730030 0.394426256 -0.481726348 -0.667626262 -0.322650909 0.467023969
1413393889705760512.000000 -0.089791313 2.157160282 0.399009824 -0.481560379 -0.670763075 -0.324254245 0.461557955
1413393890205760512.000000 -0.253039956 2.265554667 0.543255329 -0.479659110 -0.650190711 -0.361758351 0.465091527
1413393890455760384.000000 -0.186528265 2.214580059 0.686741710 -0.475792974 -0.657939136 -0.339926094 0.474539071
1413393890955760384.000000 -0.317173719 2.225363016 0.711909235 -0.474626124 -0.658383727 -0.342027217 0.473580360
1413393892455760384.000000 -0.360296488 1.044344664 0.806136250 -0.482758909 -0.667651832 -0.335738569 0.456579089
1413393892605760512.000000 -0.341347247 0.838436902 0.788496733 -0.487065434 -0.670547843 -0.333333552 0.449468136
1413393892705760512.000000 -0.333134413 0.708855748 0.768094659 -0.493331134 -0.678451896 -0.326126397 0.435854465
1413393892855760384.000000 -0.330779105 0.534642935 0.739577651 -0.505366385 -0.696239710 -0.307635963 0.406466872
1413393893055760384.000000 -0.358699590 0.367303759 0.720396280 -0.513257682 -0.712009132 -0.289835393 0.381582111
1413393893155760384.000000 -0.388695657 0.319326758 0.720220208 -0.512146473 -0.711700857 -0.289458841 0.383929074
1413393893255760384.000000 -0.428578079 0.295070291 0.726999044 -0.507284343 -0.707667708 -0.295527339 0.393106341
1413393893355760384.000000 -0.477477580 0.291548729 0.737976432 -0.509569168 -0.700353920 -0.294361979 0.403973728
1413393893455760384.000000 -0.532454967 0.307219744 0.751890540 -0.513846457 -0.692346275 -0.290917814 0.414711058
1413393893505760512.000000 -0.561582625 0.321466833 0.759132206 -0.515749872 -0.690036774 -0.287834585 0.418333054
1413393893555760384.000000 -0.591162741 0.339937240 0.766744614 -0.516922355 -0.687790871 -0.285852432 0.421928257
1413393893605760512.000000 -0.621116281 0.362732589 0.774555624 -0.517920554 -0.685364902 -0.284007818 0.425878882
1413393893805760512.000000 -0.739121258 0.496552646 0.808015347 -0.521670163 -0.677006960 -0.277954608 0.438478112
1413393893905760512.000000 -0.794574320 0.587668121 0.829635322 -0.515201986 -0.669266105 -0.288740009 0.450864732
1413393893955760384.000000 -0.820912182 0.637883663 0.840864539 -0.510490835 -0.664651752 -0.295878917 0.458358854
1413393894005760512.000000 -0.846322656 0.690205395 0.851877809 -0.507372558 -0.661089599 -0.301060230 0.463569224
1413393894055760384.000000 -0.870956182 0.744199872 0.862879574 -0.504307985 -0.659352124 -0.304530412 0.467107594
1413393894155760384.000000 -0.917365253 0.856458366 0.885715961 -0.502334714 -0.656697512 -0.306697488 0.471534520
1413393894255760384.000000 -0.959044933 0.973342538 0.908949077 -0.502653658 -0.655363977 -0.305837244 0.473604292
1413393894405760512.000000 -1.012042761 1.155838251 0.930625081 -0.502837121 -0.654331028 -0.305710733 0.474917531
1413393894755760384.000000 -1.102981448 1.609912395 0.871360540 -0.491000026 -0.656024158 -0.322153449 0.474097490
1413393894955760384.000000 -1.138300657 1.876543045 0.838337541 -0.484843791 -0.653249860 -0.327128708 0.480809718
1413393895055760384.000000 -1.152807117 2.008743286 0.827892780 -0.479079902 -0.648803532 -0.332961082 0.488542140
1413393895155760384.000000 -1.165273666 2.138274908 0.819213569 -0.476801455 -0.650095761 -0.334548026 0.487968892
1413393895255760384.000000 -1.175636888 2.264314651 0.812678635 -0.477564812 -0.653234720 -0.332313836 0.484544903
1413393895305760512.000000 -1.180450797 2.326165676 0.808894157 -0.476882845 -0.653023481 -0.332553029 0.485336512
1413393895405760512.000000 -1.188932896 2.446171761 0.797028661 -0.474569112 -0.650660217 -0.335616499 0.488658428
1413393895505760512.000000 -1.194453120 2.560716391 0.775346994 -0.474803776 -0.648337245 -0.339040756 0.489154041
1413393895605760512.000000 -1.196915865 2.670772076 0.750981450 -0.482285678 -0.643667400 -0.341441810 0.486323357
1413393895655760384.000000 -1.197016478 2.723934650 0.740446150 -0.486014396 -0.641215682 -0.345246494 0.483153492
1413393895705760512.000000 -1.196267605 2.775922537 0.731839418 -0.488557607 -0.636446118 -0.352502316 0.481653243
1413393895805760512.000000 -1.192899942 2.876240253 0.716694593 -0.499282897 -0.624402642 -0.364936173 0.477136850
1413393896955760384.000000 -1.122489691 3.408508301 0.750755250 -0.775052249 -0.293366581 -0.476968020 0.292799830
1413393897055760384.000000 -1.089220047 3.397326708 0.761350870 -0.799178243 -0.288106143 -0.464124769 0.250793397
1413393897255760384.000000 -0.978057563 3.391010284 0.773607016 -0.795879364 -0.314186841 -0.491314679 0.162704065
1413393897505760512.000000 -0.822274327 3.465297222 0.788604259 -0.759061038 -0.312245637 -0.549013615 0.157838702
1413393899555760384.000000 -0.683284998 4.555072784 1.119367599 -0.669361591 -0.149063244 -0.706167042 0.176248252
1413393899605760512.000000 -0.709240615 4.557785988 1.133452892 -0.658593237 -0.140891314 -0.714152396 0.190764084
1413393899705760512.000000 -0.756659269 4.556436539 1.158845305 -0.669523001 -0.135404229 -0.697849035 0.215433121
1413393900005760512.000000 -1.026401162 4.412850380 1.181802154 -0.833569825 -0.150863498 -0.485034913 0.217123866
1413393900055760384.000000 -1.054143786 4.374386787 1.176815271 -0.851770818 -0.151452214 -0.456573397 0.207580060
1413393900155760384.000000 -1.109243155 4.290743351 1.176749706 -0.872656822 -0.157199591 -0.424864113 0.182342738
1413393900305760512.000000 -1.126136661 4.166326523 1.173429847 -0.877181530 -0.182756901 -0.424695879 0.129560784
1413393900405760512.000000 -1.096166372 4.096759319 1.169880748 -0.858164489 -0.200044811 -0.461656749 0.102024153
1413393900755760384.000000 -0.927691162 3.946997404 1.104534507 -0.717470348 -0.180751577 -0.660184741 0.129310787
1413393900855760384.000000 -0.913403094 3.907138109 1.066515088 -0.702919960 -0.166070208 -0.674759924 0.151734248
1413393900955760384.000000 -0.926199138 3.858044624 1.026002288 -0.722707570 -0.157200769 -0.651407480 0.169263229
1413393901255760384.000000 -1.044640660 3.644805431 0.927819788 -0.830489218 -0.181108952 -0.508449197 0.137719616
1413393901355760384.000000 -1.066065907 3.574114799 0.922814548 -0.847988486 -0.193861589 -0.479877204 0.114241824
1413393901455760384.000000 -1.077194691 3.506827354 0.897127986 -0.856583178 -0.200028911 -0.464763343 0.101236597
1413393901555760384.000000 -1.061463118 3.458904505 0.889135242 -0.860321522 -0.207064763 -0.457299829 0.088588648
1413393901655760384.000000 -1.021456480 3.430188417 0.888436437 -0.851912260 -0.216509447 -0.470622867 0.076703176
1413393901805760512.000000 -0.928220332 3.427039385 0.902397990 -0.811741233 -0.221011594 -0.534807205 0.078812115
1413393902005760512.000000 -0.795057714 3.473120689 0.914302409 -0.795131207 -0.203159243 -0.562425077 0.100850195
1413393902205760512.000000 -0.669030190 3.553958178 0.928111672 -0.796421766 -0.200214937 -0.561496139 0.101727404
1413393902605760512.000000 -0.443685234 3.801945925 0.938275456 -0.789254606 -0.199215159 -0.572070956 0.100625165
1413393902905760512.000000 -0.313595563 4.061071873 1.000137806 -0.807256699 -0.181015983 -0.548261285 0.122390434
1413393903055760384.000000 -0.244804412 4.203243732 1.046972871 -0.823188245 -0.162949324 -0.524631500 0.143424392
1413393903105760512.000000 -0.215998799 4.253917217 1.065230370 -0.823170781 -0.161595404 -0.525132716 0.143221900
1413393903205760512.000000 -0.151939780 4.340689182 1.101449847 -0.815082133 -0.163947165 -0.537905335 0.139357135
1413393903655760384.000000 0.161563829 4.696989059 1.151403427 -0.801840842 -0.074197486 -0.585301995 0.094696999
1413393903955760384.000000 0.371096730 4.901973248 1.138816476 0.804461718 -0.008172955 0.587547839 -0.086960539
1413393904055760384.000000 0.422483474 4.933753490 1.125922918 0.805053413 -0.020453118 0.586587369 -0.085941248
1413393904155760384.000000 0.468010843 4.928556442 1.122329473 0.806762993 -0.019188611 0.585408032 -0.077864237
1413393904405760512.000000 0.598675072 4.928651333 1.118088722 0.810504258 -0.009552008 0.583102107 -0.054622751
1413393904755760384.000000 0.782761037 4.845343590 1.229723573 0.836341977 -0.024241243 0.546874821 0.029538237
1413393905005760512.000000 0.938799262 4.748689651 1.246751904 0.828024387 -0.068612874 0.549380779 0.088592879
1413393905405760512.000000 1.244393587 4.707628727 1.177382231 0.781996012 -0.183876798 0.578428864 0.141745135
1413393905455760384.000000 1.280105233 4.708379745 1.165950060 0.778022408 -0.198620319 0.577498138 0.147400707
1413393905505760512.000000 1.321612954 4.722910881 1.209336162 0.781189561 -0.211257219 0.566790342 0.154473573
1413393905605760512.000000 1.379518270 4.714217663 1.135949731 0.767794013 -0.248550549 0.568799675 0.158688113
1413393905655760384.000000 1.409903049 4.716335297 1.127214551 0.763586581 -0.266592890 0.565623224 0.161040872
1413393910205760512.000000 1.655303240 5.660878181 0.497353166 0.678059816 -0.528769433 0.390605927 0.328732014
1413393915705760512.000000 0.535941005 0.917162418 0.566359580 0.198089749 -0.787172675 0.108280055 0.573929548
1413393915805760512.000000 0.442432046 0.903344870 0.577497602 0.206612840 -0.783004880 0.111100130 0.576082706
1413393916105760512.000000 0.199738562 0.823707402 0.613623381 0.225942895 -0.773698628 0.108220227 0.581918120
1413393916405760512.000000 0.023111604 0.679204702 0.660396039 0.185873836 -0.780904412 0.113971889 0.585362911
1413393916705760512.000000 -0.106033832 0.512972713 0.730763197 0.091943838 -0.813491046 0.061273176 0.570985436
1413393916955760384.000000 -0.193507582 0.372635186 0.791334152 -0.010302051 -0.819153905 0.001749206 0.573478699
1413393917205760512.000000 -0.278637230 0.244769037 0.858169794 -0.129118502 -0.798696697 -0.038129017 0.586479604
1413393917455760384.000000 -0.337747633 0.164673358 0.916690588 -0.232905731 -0.789810956 -0.091481477 0.559986413
1413393917705760512.000000 -0.375234902 0.146729410 0.924152017 -0.330894738 -0.767739952 -0.170225680 0.521639049
1413393917955760384.000000 -0.403530627 0.182425395 0.905379593 -0.416462272 -0.708324671 -0.257779181 0.508316159
1413393918005760512.000000 0.142448455 0.490402848 1.030948639 -0.419659704 -0.704063058 -0.242911741 0.518820643
1413393918155760384.000000 0.098714672 0.520308435 0.986088991 -0.479709953 -0.663162589 -0.272505343 0.505801082
1413393918205760512.000000 0.041614994 0.554273605 1.013444543 -0.503126860 -0.650596440 -0.279290944 0.495564520
1413393918555760384.000000 -0.337141633 0.376042604 0.908457875 0.621881306 0.553576648 0.363634735 -0.417835504
1413393918605760512.000000 -0.316094995 0.400301576 0.912986279 0.635897398 0.536521256 0.375525624 -0.408362478
1413393918655760384.000000 -0.292228043 0.425584495 0.917746544 0.648012698 0.518460214 0.390275866 -0.398702145
1413393918755760384.000000 -0.236623973 0.477587759 0.927425742 0.675335944 0.475190312 0.414745897 -0.382232189
1413393918855760384.000000 -0.169712737 0.528660595 0.936862111 0.702597082 0.421923012 0.438402385 -0.368973792
1413393918955760384.000000 -0.090946302 0.574416876 0.947312772 0.719886422 0.368111819 0.475259185 -0.346966833
1413393919005760512.000000 -0.047952726 0.593705654 0.952632427 0.726436675 0.343542695 0.494709700 -0.330954105
1413393919055760384.000000 -0.003303047 0.610153735 0.958307803 0.733010769 0.318522841 0.512681484 -0.313681662
1413393919155760384.000000 0.418832660 0.934712231 0.896537244 -0.750225008 -0.268263400 -0.526242018 0.297096908
1413393919255760384.000000 0.180270270 0.645799339 0.980573118 0.753753781 0.218564034 0.568303823 -0.247216046
1413393919355760384.000000 0.267844379 0.642990291 0.990071297 0.753716707 0.165863246 0.595603108 -0.222839430
1413393919455760384.000000 0.346176416 0.625180602 0.989009678 0.755286694 0.117058188 0.610639036 -0.207266450
1413393919555760384.000000 0.416811019 0.591001570 0.977525711 0.763876438 0.078315660 0.611324191 -0.191421270
1413393919655760384.000000 0.478418857 0.538525581 0.956523240 0.770625472 0.048668679 0.611633956 -0.172254696
1413393919755760384.000000 0.718358099 0.755798876 0.623844147 -0.765193164 -0.020478046 -0.619438708 0.174229309
1413393919855760384.000000 0.578662992 0.386007249 0.898872554 0.761236727 0.040045094 0.636991322 -0.114704035
1413393920055760384.000000 0.625252366 0.195962936 0.804348230 0.764439642 0.060713947 0.637888253 -0.071024120
1413393920205760512.000000 0.623938859 0.048809379 0.710001826 0.771982312 0.069925115 0.628486276 -0.064489409
1413393920305760512.000000 0.607690573 -0.048890330 0.642051280 0.775216997 0.074415147 0.623990893 -0.064315490
1413393920405760512.000000 0.579528034 -0.145771146 0.575977802 0.782072544 0.079556324 0.614865482 -0.063037708
1413393920555760384.000000 0.522292197 -0.287981361 0.483297288 0.798816979 0.086964838 0.592056751 -0.061624508
1413393920655760384.000000 0.480201542 -0.378677487 0.427371055 0.803916633 0.092622153 0.584372938 -0.060395036
1413393920755760384.000000 0.437569082 -0.465024799 0.374711156 0.804993927 0.097540654 0.582203984 -0.059238814
1413393920955760384.000000 0.351271540 -0.623025239 0.271670610 0.812315404 0.106774464 0.570856750 -0.053530805
1413393921155760384.000000 0.273820966 -0.756498098 0.171318769 0.833617866 0.114455231 0.538522184 -0.044443764
1413393921255760384.000000 0.247059435 -0.809583902 0.127977446 0.838063955 0.118134610 0.531127334 -0.039961137
1413393921455760384.000000 0.227648690 -0.882889628 0.056607336 0.835554898 0.113818705 0.535566509 -0.045408729
1413393921705760512.000000 0.251026839 -0.925651252 -0.015997656 0.810742497 0.106100678 0.573137701 -0.054335993
1413393921805760512.000000 0.261932790 -0.934029996 -0.060224846 0.806189299 0.103904381 0.579879820 -0.054791696
1413393922205760512.000000 0.275877297 -0.931984603 -0.278372586 0.810262740 0.097771071 0.575703025 -0.049811412
1413393922305760512.000000 0.270796478 -0.923325181 -0.336467952 0.829004109 0.096935458 0.548883498 -0.045637082
1413393922405760512.000000 0.271961898 -0.909221649 -0.391565412 0.843709409 0.095033206 0.526528537 -0.043483146
1413393922505760512.000000 0.285932541 -0.888940632 -0.440941572 0.848801732 0.084069833 0.519122481 -0.054586079
1413393922605760512.000000 0.315598905 -0.864846885 -0.483368605 0.841591239 0.068732679 0.530791283 -0.072531037
1413393922805760512.000000 0.411616474 -0.824767053 -0.558269501 0.830788195 0.056846865 0.546403348 -0.089458033
1413393922905760512.000000 0.473575622 -0.814146221 -0.590546966 0.835563898 0.064418688 0.539716661 -0.079932444
1413393923005760512.000000 0.545379817 -0.808022022 -0.610810339 0.841486812 0.078003839 0.531181812 -0.060508784
1413393923055760384.000000 0.585133553 -0.805043578 -0.615526438 0.843543291 0.084524721 0.527947903 -0.050610479
1413393923155760384.000000 0.674609661 -0.795537651 -0.615898669 0.846450865 0.091079608 0.523206353 -0.038478971
1413393923255760384.000000 0.777653396 -0.779106915 -0.605580986 0.845906854 0.092330784 0.524161994 -0.034219105
1413393923355760384.000000 0.892916322 -0.755090296 -0.592774868 0.841204047 0.081351355 0.532215834 -0.050041161
1413393923455760384.000000 1.018205404 -0.726471186 -0.578925073 0.834802747 0.070081867 0.539678693 -0.083306082
1413393923555760384.000000 1.151179790 -0.700096726 -0.562913775 0.823878527 0.076234289 0.549471438 -0.116162479
1413393923655760384.000000 1.288856268 -0.680604279 -0.545523107 0.813859046 0.106035247 0.554009676 -0.139511019
1413393923755760384.000000 1.429545403 -0.669029415 -0.526940584 0.805424094 0.155934826 0.552146673 -0.148695901
1413393923855760384.000000 1.571802020 -0.662175775 -0.510946393 0.798285663 0.206582606 0.542392075 -0.160855487
1413393923955760384.000000 1.714373112 -0.657558978 -0.494133979 0.788857579 0.251705348 0.531462550 -0.178593874
1413393924055760384.000000 1.857729197 -0.652732849 -0.478427500 0.780040443 0.291152298 0.517661214 -0.196962342
1413393924155760384.000000 2.003567219 -0.644553185 -0.462307036 0.766692996 0.333321065 0.509345710 -0.204073593
1413393924255760384.000000 2.149463415 -0.629264772 -0.443694562 0.742871404 0.379435092 0.513889134 -0.200222760
1413393924355760384.000000 2.289551735 -0.603864491 -0.424477130 0.718475282 0.419590175 0.520095706 -0.192971140
1413393924455760384.000000 2.418174744 -0.565060973 -0.403414667 0.696250975 0.451461762 0.527891219 -0.180963621
1413393924555760384.000000 2.528028011 -0.509536743 -0.378283232 0.678059220 0.472227335 0.536212862 -0.172374398
1413393924655760384.000000 2.612686872 -0.437119544 -0.347858548 0.658362210 0.482998580 0.552002907 -0.169010192
1413393924755760384.000000 2.664504766 -0.346701980 -0.306979746 0.640460551 0.485996723 0.570207000 -0.168764770
1413393924855760384.000000 2.678837061 -0.239686355 -0.252265841 0.640774548 0.477939188 0.574804187 -0.174878240
1413393924955760384.000000 2.656845570 -0.116566867 -0.182405367 0.666267812 0.456214428 0.554622531 -0.200871691
1413393925055760384.000000 2.605535269 0.016982999 -0.096342511 0.691003144 0.435978979 0.527499259 -0.232769370
1413393925155760384.000000 2.539586067 0.159247190 0.000484850 0.707948267 0.424436539 0.499515742 -0.262958139
1413393925305760512.000000 2.436054468 0.384106576 0.149876788 0.722893536 0.424860805 0.449233621 -0.308394998
1413393925405760512.000000 2.378393650 0.538165569 0.251313031 0.716399372 0.439558804 0.436632186 -0.320799470
1413393925555760384.000000 2.314160585 0.773206592 0.404603153 0.698152840 0.456914753 0.440747857 -0.330987751
1413393925705760512.000000 2.269805670 1.013637424 0.535873652 0.687574327 0.465710402 0.442500979 -0.338449925
1413393925805760512.000000 2.247407913 1.176097631 0.589231312 0.681225181 0.469428301 0.446858406 -0.340421677
1413393925955760384.000000 2.221397161 1.418931603 0.619909167 0.669806004 0.468353063 0.459947944 -0.347063601
1413393926055760384.000000 2.207479954 1.578545451 0.618619084 0.659817159 0.460837185 0.473438472 -0.357947648
1413393926205760512.000000 2.291433334 2.075551510 0.549020350 -0.660440505 -0.441222608 -0.466110796 0.389720112
1413393926305760512.000000 2.179703712 1.940175414 0.609031379 0.656535685 0.446893185 0.478895903 -0.374040455
1413393926405760512.000000 2.172406912 2.066879034 0.609496891 0.663425088 0.451165766 0.469352543 -0.368815452
1413393926805760512.000000 2.267269850 2.723325253 0.517259896 -0.630190790 -0.484653860 -0.450304896 0.406442821
1413393926955760384.000000 2.159634590 2.629161596 0.587710917 0.613053024 0.521881104 0.441706091 -0.395855904
1413393927155760384.000000 2.160846233 2.782065392 0.649331510 0.614827335 0.549585462 0.396173865 -0.403719485
1413393927255760384.000000 2.267292023 3.059756517 0.627950251 -0.622710228 -0.544795156 -0.361501008 0.429822505
1413393927455760384.000000 2.271374226 3.177548170 0.758872867 -0.606532454 -0.581783473 -0.358975440 0.405934721
1413393927555760384.000000 2.293038130 3.276353836 0.810658693 -0.583579957 -0.598608911 -0.378421783 0.397364885
1413393927655760384.000000 2.312740803 3.381939411 0.864548862 -0.557106435 -0.615357220 -0.396653503 0.391961724
1413393927755760384.000000 2.324247122 3.491359711 0.921476364 -0.526691318 -0.628143311 -0.416951716 0.392662197
1413393927855760384.000000 2.322439671 3.600680590 0.982058287 -0.501649976 -0.634598672 -0.434688598 0.395825475
1413393928155760384.000000 2.216328859 3.892699480 1.150039673 -0.480480343 -0.633985996 -0.449198067 0.406720459
1413393928555760384.000000 1.870751977 4.168988705 1.254273891 -0.527236938 -0.593363345 -0.396809757 0.460958958
1413393928655760384.000000 1.773886323 4.220195770 1.262142897 -0.527259409 -0.579201877 -0.399057418 0.476734638
1413393928905760512.000000 1.549329877 4.299341202 1.286825657 -0.521835744 -0.580267906 -0.422298044 0.461130142
1413393929005760512.000000 1.463900328 4.309914112 1.300053954 -0.522720814 -0.580727935 -0.438430160 0.444181442
1413393929105760512.000000 1.376003385 4.308501244 1.315435767 -0.532970905 -0.574097037 -0.450840563 0.427898824
1413393929355760384.000000 1.133617997 4.259436131 1.364331365 -0.586977482 -0.535764337 -0.466947466 0.387781054
1413393929755760384.000000 0.696766555 4.114680290 1.468930364 -0.685270011 -0.433846235 -0.495816439 0.310400635
1413393930155760384.000000 0.272590458 3.952676058 1.571526766 -0.761191487 -0.295524508 -0.502815127 0.283601671
1413393930355760384.000000 0.107071623 3.852972269 1.580315471 -0.767105758 -0.281282991 -0.517543852 0.254120171
1413393930455760384.000000 0.034979951 3.798085451 1.568110943 -0.763676524 -0.292545915 -0.527141213 0.230948478
1413393930555760384.000000 -0.034283049 3.743827343 1.535501122 -0.760670900 -0.299489677 -0.532612443 0.219111338
1413393930655760384.000000 -0.102427363 3.691406488 1.479635954 -0.758529782 -0.295885652 -0.534541547 0.226604357
1413393930755760384.000000 -0.168772057 3.639156818 1.406324506 -0.755172968 -0.290347278 -0.536845863 0.239183784
1413393930855760384.000000 -0.231789321 3.585882664 1.331699252 -0.751417994 -0.288610965 -0.538860619 0.248402581
1413393930955760384.000000 -0.291712731 3.528228045 1.267542243 -0.750283062 -0.293428808 -0.537487984 0.249161854
1413393931055760384.000000 -0.348375201 3.466491699 1.220008850 -0.750792325 -0.297785133 -0.534319103 0.249275237
1413393931155760384.000000 -0.402044147 3.401295662 1.189661503 -0.752167583 -0.300478548 -0.529979944 0.251153141
1413393931655760384.000000 -0.597299278 3.042678118 1.025802135 -0.765665710 -0.296069086 -0.500862300 0.274292171
1413393932005760512.000000 -0.604875565 2.751347065 0.812073410 -0.762287617 -0.304245889 -0.502211511 0.272278696
