1413394924905760512.000000 0.258582562 0.138264984 0.329436243 -0.468664557 -0.651937544 -0.385590434 0.454588950
1413394925005760512.000000 0.280394226 0.249319017 0.349265993 -0.436568320 -0.665056348 -0.393711030 0.460542947
1413394925255760384.000000 0.282720983 0.467932403 0.399796724 -0.397636026 -0.703649342 -0.383153588 0.447165072
1413394925505760512.000000 0.185824767 0.617947161 0.430029005 -0.386503547 -0.718444109 -0.362749547 0.450406283
1413394925755760384.000000 -0.000564210 0.722040355 0.403285265 -0.406445235 -0.709261119 -0.323689640 0.476419896
1413394926005760512.000000 -0.230693996 0.802016377 0.373965144 -0.422406912 -0.702504814 -0.293932378 0.491592616
1413394926255760384.000000 -0.473252386 0.880556285 0.354018092 -0.397978663 -0.721828461 -0.304380476 0.477419287
1413394926505760512.000000 -0.748094141 0.956988931 0.337768018 -0.405119807 -0.728275657 -0.278275818 0.477551281
1413394926755760384.000000 -1.057373762 1.050174356 0.331655771 -0.380441010 -0.733638406 -0.214905232 0.520437419
1413394927005760512.000000 -1.342105627 1.180922031 0.326383322 -0.341545343 -0.743988991 -0.125507623 0.560424030
1413394927055760384.000000 -1.390481472 1.216912270 0.320921779 -0.328178406 -0.748438656 -0.123884872 0.562842011
1413394927105760512.000000 -1.436131239 1.256611228 0.313734591 -0.309606344 -0.754898608 -0.133257315 0.562596262
1413394927155760384.000000 -1.479201794 1.298412442 0.303652823 -0.292817861 -0.761867762 -0.142588302 0.559896410
1413394927205760512.000000 -1.520275593 1.342263460 0.294440657 -0.276444137 -0.766778409 -0.153962135 0.558502734
1413394927555760384.000000 -1.796116352 1.652586460 0.311555147 -0.244951427 -0.787485182 -0.168819860 0.539783061
1413394927605760512.000000 -1.836415768 1.694520235 0.327314198 -0.246796161 -0.787862122 -0.166735753 0.539040148
1413394927655760384.000000 -1.876968741 1.735980749 0.345271975 -0.247090518 -0.787323177 -0.165163651 0.540175438
1413394927755760384.000000 -1.959880471 1.818282127 0.382616132 -0.244990647 -0.787508667 -0.162323013 0.541720390
1413394927955760384.000000 -2.131358862 1.981273890 0.436688334 -0.236646906 -0.787910283 -0.165350571 0.543925464
1413394928255760384.000000 -2.399830103 2.211989403 0.453341365 -0.210478097 -0.773511171 -0.196894452 0.564457357
1413394928305760512.000000 -2.445354462 2.244874001 0.453750193 -0.206734687 -0.768438816 -0.202910438 0.570604861
1413394928355760384.000000 -2.490351915 2.274663925 0.454657674 -0.204696760 -0.765072763 -0.206391320 0.574600399
1413394929255760384.000000 -3.140932560 2.502842903 0.433171809 -0.238400474 -0.753706574 -0.185658589 0.583628833
1413394929655760384.000000 -3.299588203 2.489582539 0.403081745 -0.260568410 -0.771281302 -0.157608896 0.558917582
1413394929855760384.000000 -3.352266312 2.489896059 0.394770175 -0.254570037 -0.777991772 -0.170073748 0.548632741
1413394930155760384.000000 -3.423897266 2.488317490 0.327353597 -0.243277609 -0.754500329 -0.189791128 0.579244971
1413394930555760384.000000 -3.430622101 2.415245295 0.229431182 -0.280633450 -0.784372151 -0.140100554 0.535142183
1413394930855760384.000000 -3.428370714 2.418362617 0.115738481 -0.273494571 -0.811379433 -0.158468634 0.491682768
1413394930955760384.000000 -3.453261375 2.445431471 0.086281195 -0.256710112 -0.784884810 -0.184533760 0.532919407
1413394931255760384.000000 -3.527295589 2.497059822 0.060059160 -0.240018234 -0.738782525 -0.212589592 0.592787862
1413394931655760384.000000 -3.528399229 2.419586897 0.164858654 -0.254693180 -0.770484269 -0.203562334 0.547766089
1413394931855760384.000000 -3.522597790 2.338942051 0.179767370 -0.212910533 -0.796088576 -0.205655918 0.527842641
1413394931955760384.000000 -3.533769369 2.287990808 0.176945806 -0.190777421 -0.803814948 -0.182800129 0.532981873
1413394932155760384.000000 -3.580387831 2.165513039 0.197033882 -0.137612998 -0.798192620 -0.112311304 0.575619280
1413394932355760384.000000 -3.628557444 2.031961203 0.269022852 -0.080606595 -0.786154151 -0.031301033 0.611951351
1413394932455760384.000000 -3.642331123 1.969868183 0.309377581 -0.043182097 -0.777963459 -0.007098236 0.626783729
1413394932555760384.000000 -3.644070148 1.911422491 0.339815497 -0.005620003 -0.770665526 0.011978395 0.637102544
1413394932755760384.000000 -3.606698275 1.802826643 0.365867496 0.062101752 -0.772479892 0.046709154 0.630267024
1413394933055760384.000000 -3.479660034 1.652402520 0.388536155 0.133287057 -0.807436109 0.097579606 0.566356659
1413394933155760384.000000 -3.436699152 1.602508664 0.386066020 0.156016782 -0.807532609 0.113170207 0.557442784
1413394933255760384.000000 -3.396895647 1.552322626 0.374939084 0.177662238 -0.801132977 0.131092355 0.556270421
1413394933455760384.000000 -3.321484566 1.454332590 0.319874823 0.220780060 -0.782926977 0.160083562 0.559155464
1413394933855760384.000000 -3.169560909 1.274286270 0.155987263 0.283490449 -0.741029620 0.220237061 0.567453921
1413394933955760384.000000 -3.124160767 1.239362597 0.120675221 0.301229864 -0.741817832 0.225763783 0.554975390
1413394934055760384.000000 -3.075244427 1.207190037 0.088230319 0.322086871 -0.743436515 0.233240232 0.537737191
1413394934155760384.000000 -3.026595354 1.173703551 0.063902333 0.339903206 -0.731646061 0.250300914 0.535265744
1413394934255760384.000000 -2.977303743 1.140634656 0.037447531 0.358293027 -0.714927077 0.270308971 0.536132991
1413394934555760384.000000 -2.820357084 1.059468389 -0.112072363 0.421492845 -0.694509029 0.315636933 0.490279824
1413394934655760384.000000 -2.772591352 1.037015915 -0.173224553 0.438151717 -0.687074959 0.318173438 0.484475672
1413394934755760384.000000 -2.726384878 1.018977880 -0.222618476 0.446187705 -0.681404471 0.324383318 0.481019706
1413394934955760384.000000 -2.638705492 0.989715695 -0.275571495 0.450098485 -0.674809575 0.332563251 0.481087357
1413394935155760384.000000 -2.560023308 0.964703918 -0.271797836 0.436930329 -0.672167897 0.340820968 0.491043121
1413394935255760384.000000 -2.523592949 0.959165752 -0.270269394 0.425607085 -0.674077153 0.339150310 0.499455452
1413394935505760512.000000 -2.433843374 0.972850442 -0.308166146 0.410946429 -0.676230252 0.324099779 0.518454432
1413394935805760512.000000 -2.310409546 1.029738426 -0.382267982 0.409160376 -0.690796256 0.300870538 0.514650583
1413394935905760512.000000 -2.266517401 1.050940752 -0.381186306 0.406153947 -0.693033755 0.299583167 0.514774799
1413394936005760512.000000 -2.220154047 1.074530005 -0.385520101 0.408021390 -0.698265970 0.294728279 0.508997440
1413394936105760512.000000 -2.170789003 1.099016190 -0.404637873 0.421094239 -0.707358122 0.287938833 0.489300936
1413394936205760512.000000 -2.119930506 1.119471073 -0.432438344 0.440743655 -0.706080556 0.292121470 0.471020520
1413394936305760512.000000 -2.068801165 1.133501410 -0.463081181 0.464994490 -0.685224533 0.311098695 0.466331571
1413394936405760512.000000 -2.015958548 1.142857432 -0.491932690 0.493429214 -0.652624309 0.340194553 0.463548183
1413394936505760512.000000 -1.960823059 1.149746299 -0.516912818 0.530003369 -0.615015268 0.365540564 0.455228359
1413394936605760512.000000 -1.901859760 1.156847715 -0.537611425 0.568684816 -0.578791738 0.384406149 0.440260917
1413394936705760512.000000 -1.838726997 1.165086508 -0.555326998 0.599306822 -0.553077161 0.403422385 0.414954633
1413394936805760512.000000 -1.771986127 1.173425198 -0.568675339 0.623817623 -0.529833019 0.419047683 0.393100023
1413394936905760512.000000 -1.701191545 1.181751370 -0.578980327 0.646066248 -0.507737517 0.430070668 0.373952180
1413394937005760512.000000 -1.625589609 1.189195514 -0.588690996 0.669020474 -0.485182434 0.438085020 0.353682458
1413394937105760512.000000 -1.544445515 1.194433212 -0.597057343 0.692403376 -0.460414231 0.445328921 0.332082242
1413394937205760512.000000 -1.457867503 1.196346402 -0.604638159 0.711687744 -0.434956491 0.454391360 0.312797040
1413394937255760384.000000 -1.413037419 1.196057320 -0.608928442 0.718753815 -0.427144498 0.459155113 0.300195187
1413394937305760512.000000 -1.367119193 1.194417834 -0.613366365 0.724263251 -0.421963006 0.463742971 0.286936343
1413394937355760384.000000 -1.320188165 1.190909624 -0.616823554 0.727816820 -0.417260915 0.468811125 0.276391387
1413394937455760384.000000 -1.225900769 1.179062724 -0.623339593 0.731187761 -0.409312457 0.477568507 0.264113694
1413394937555760384.000000 -1.130639076 1.159608364 -0.628705502 0.732078612 -0.403153539 0.483915031 0.259527504
1413394937655760384.000000 -1.034623861 1.133953810 -0.633754134 0.730276763 -0.400155991 0.489250630 0.259239256
1413394937755760384.000000 -0.936088622 1.101157665 -0.635454416 0.725508273 -0.401354671 0.495287269 0.259312272
1413394937855760384.000000 -0.839781225 1.064717054 -0.635552049 0.719546139 -0.408204049 0.497853786 0.260315955
1413394937955760384.000000 -0.746878147 1.023050547 -0.634194970 0.711156189 -0.424194902 0.496760786 0.259892821
1413394938055760384.000000 -0.657794595 0.975058913 -0.627363324 0.701997459 -0.445632845 0.493237525 0.255592763
1413394938155760384.000000 -0.574094892 0.918296337 -0.609291792 0.694051385 -0.465238214 0.488579124 0.251269817
1413394938255760384.000000 -0.497925162 0.848321676 -0.576074958 0.685872018 -0.480854928 0.483313680 0.254491836
1413394938355760384.000000 -0.431449205 0.765183389 -0.522743285 0.679036617 -0.485701084 0.476066530 0.276341110
1413394938455760384.000000 -0.371890724 0.672642887 -0.457001805 0.666613758 -0.491025239 0.474530160 0.298900515
1413394938555760384.000000 -0.317688376 0.575045526 -0.391499192 0.657399595 -0.496955305 0.464803785 0.323757112
1413394938655760384.000000 -0.266608775 0.476035744 -0.338506281 0.648958087 -0.511806190 0.446529329 0.342811227
1413394938755760384.000000 -0.216652319 0.375768661 -0.297893196 0.636355340 -0.534388006 0.427796930 0.355627954
1413394938855760384.000000 -0.167037874 0.273804069 -0.267831266 0.615450561 -0.563638031 0.414675355 0.362735748
1413394938955760384.000000 -0.119644262 0.169009730 -0.248302549 0.579295635 -0.599126339 0.414315045 0.365796834
1413394939055760384.000000 -0.080085747 0.061766312 -0.238223627 0.534202874 -0.632742882 0.418068469 0.373473704
1413394939155760384.000000 -0.052837368 -0.046259448 -0.237511262 0.492879182 -0.659644306 0.414190382 0.387796193
1413394939255760384.000000 -0.039569300 -0.152715176 -0.245434374 0.464076012 -0.678692281 0.397160709 0.407766700
1413394939355760384.000000 -0.039456114 -0.256738752 -0.260052323 0.445160121 -0.690668404 0.375343055 0.428867459
1413394939455760384.000000 -0.050735138 -0.357922018 -0.269368827 0.444119513 -0.691919148 0.344853610 0.452859551
1413394939555760384.000000 -0.068181835 -0.458229959 -0.263049483 0.447225094 -0.686828494 0.320155680 0.475138575
1413394939655760384.000000 -0.085910499 -0.558711946 -0.242923141 0.434794664 -0.691122472 0.321241677 0.479694813
1413394939755760384.000000 -0.105598427 -0.657025993 -0.212583423 0.412964165 -0.703479052 0.330071092 0.475006223
1413394939855760384.000000 -0.131291583 -0.751242280 -0.177992210 0.385795712 -0.719817281 0.339849591 0.466397971
1413394939955760384.000000 -0.167238027 -0.839930654 -0.148526475 0.380544841 -0.730183065 0.320576429 0.468240529
1413394940455760384.000000 -0.435927421 -1.267369151 -0.174591079 0.290629119 -0.767073214 0.233184323 0.522262871
1413394940555760384.000000 -0.501236439 -1.347666502 -0.200081497 0.264452666 -0.772701502 0.209209248 0.537799954
