1403638175195097088.000000 -5.816655159 1.092570424 0.981425166 -0.675665677 -0.484665126 -0.447506309 0.329110771
1403638175295097088.000000 -5.674090385 0.946024537 0.943191648 -0.677474439 -0.485691458 -0.446738631 0.324895173
1403638175595097088.000000 -5.258353233 0.569482505 0.871946871 -0.690006793 -0.500002682 -0.429982841 0.298333377
1403638175845096960.000000 -4.926369190 0.352059007 0.847447634 -0.699438632 -0.508406937 -0.413405776 0.285313427
1403638176095097088.000000 -4.599204540 0.236836627 0.781888247 -0.681875229 -0.512905002 -0.437262565 0.284211606
1403638176345096960.000000 -4.303267002 0.208763257 0.731926084 -0.659394085 -0.490943670 -0.472058415 0.318331152
1403638176595097088.000000 -4.055202961 0.204350218 0.711446702 -0.658801019 -0.489565134 -0.475533336 0.316504747
1403638176845096960.000000 -3.856615543 0.222776726 0.729942024 -0.661798656 -0.487512946 -0.473013163 0.317194372
1403638177095097088.000000 -3.700586557 0.257554650 0.758786857 -0.663494945 -0.488775671 -0.471839368 0.313433349
1403638177345096960.000000 -3.579745054 0.312668651 0.745892584 -0.662133813 -0.490544140 -0.475138217 0.308527201
1403638177395097088.000000 -3.560464144 0.326281726 0.738812208 -0.662391186 -0.490325153 -0.475149840 0.308304876
1403638177545096960.000000 -3.512615919 0.372606605 0.711115718 -0.667826653 -0.483626544 -0.469790816 0.315292746
1403638177745096960.000000 -3.460885286 0.443944931 0.660989404 -0.678610563 -0.467251360 -0.458627433 0.332903683
1403638178045096960.000000 -3.371879101 0.549192667 0.587791800 -0.674551904 -0.444695741 -0.474107087 0.349925488
1403638178395097088.000000 -3.239145994 0.611738682 0.583094895 -0.692620158 -0.404668719 -0.500566900 0.325504869
1403638178595097088.000000 -3.162413359 0.606664598 0.587107718 -0.722593904 -0.367858618 -0.503447175 0.298461050
1403638178995097088.000000 -2.989081860 0.541866839 0.545270324 -0.765500605 -0.307722986 -0.508953035 0.245524123
1403638179195097088.000000 -2.884757996 0.499284178 0.502423763 -0.776918054 -0.301020920 -0.506937325 0.220905930
1403638179395097088.000000 -2.761571646 0.464661598 0.448392630 -0.785384595 -0.286723673 -0.511895657 0.197290465
1403638179495097088.000000 -2.693585634 0.452506661 0.420302480 -0.785292506 -0.266743183 -0.523950636 0.194009215
1403638179595097088.000000 -2.622377157 0.441259772 0.389794141 -0.786655128 -0.245379388 -0.534897745 0.186673760
1403638179645096960.000000 -2.586488247 0.435084552 0.374598563 -0.788636684 -0.234639004 -0.538356304 0.182124257
1403638180045096960.000000 -2.297771931 0.370902359 0.309380233 -0.811300337 -0.163103521 -0.545833707 0.131357297
1403638180245096960.000000 -2.142808676 0.338284999 0.300202489 -0.816621482 -0.146776631 -0.545134544 0.120059758
1403638180645096960.000000 -1.791767478 0.274613827 0.240430385 -0.819041252 -0.149858221 -0.543514550 0.106329329
1403638180845096960.000000 -1.594632030 0.252295822 0.222838759 -0.823719263 -0.155642435 -0.534803391 0.106054179
1403638180945096960.000000 -1.488233447 0.246393055 0.223166615 -0.823366046 -0.156780392 -0.534299552 0.109600455
1403638181045096960.000000 -1.377434731 0.242756173 0.220146775 -0.821646631 -0.156555995 -0.535962284 0.114593096
1403638181445096960.000000 -0.896787405 0.230265409 0.157380104 -0.811526537 -0.125587791 -0.555624604 0.130129874
1403638181645096960.000000 -0.650397658 0.195162341 0.107615136 -0.802523077 -0.082262367 -0.579509318 0.115579754
1403638181745096960.000000 -0.532979548 0.164721832 0.088199668 -0.805464685 -0.067132138 -0.581131220 0.094902351
1403638181845096960.000000 -0.420202553 0.127585560 0.078394368 -0.809911788 -0.053166129 -0.579738379 0.071552351
1403638182795097088.000000 0.649960220 -0.296342164 0.196697950 -0.838674307 -0.016810324 -0.544161439 0.015206267
1403638183095097088.000000 1.058155537 -0.425894439 0.254296929 -0.826250911 -0.020900326 -0.562542498 0.020458004
1403638183545096960.000000 1.687235236 -0.594557881 0.260086983 -0.838311732 -0.031634927 -0.544201791 0.008784533
1403638183945096960.000000 2.282550335 -0.685913503 0.271397799 -0.819171846 -0.032330725 -0.572609186 0.005575149
1403638184245096960.000000 2.709694147 -0.713952482 0.330038667 -0.831780076 -0.028275318 -0.554355741 0.005664841
1403638184445096960.000000 2.996189594 -0.716617703 0.352208108 -0.828435898 -0.026760304 -0.559424818 0.004666791
1403638184895097088.000000 3.638046265 -0.675568342 0.383875340 -0.823961437 -0.024082841 -0.566128850 0.002402528
1403638185195097088.000000 4.054071903 -0.616671503 0.418905675 -0.823585808 -0.024285933 -0.566671610 -0.000034938
1403638185445096960.000000 4.393783569 -0.544880629 0.453044772 -0.819746971 -0.035007592 -0.571603894 -0.007645831
1403638185845096960.000000 4.904344559 -0.352588356 0.515303195 -0.814070523 -0.060715750 -0.576512992 0.035150174
1403638186295097088.000000 5.430530548 -0.123987734 0.537156165 -0.822347581 -0.067144118 -0.563114941 0.046234380
1403638186645096960.000000 5.830103874 0.038242586 0.584408700 -0.822204173 -0.070481673 -0.563724041 0.035040326
1403638186745096960.000000 5.943373680 0.088018604 0.591986001 -0.821004748 -0.075202063 -0.565240204 0.028274510
1403638186945096960.000000 6.168808937 0.201440006 0.592572570 -0.818902493 -0.097010456 -0.564984620 0.027932238
1403638188245096960.000000 7.282968998 1.142406225 0.808282793 -0.769534945 -0.217691973 -0.588872910 0.116854317
1403638188645096960.000000 7.365271091 1.435100913 0.778039753 -0.747217119 -0.191964969 -0.618411422 0.149611115
1403638188945096960.000000 7.274871349 1.594458938 0.798707843 -0.760179579 -0.211603478 -0.594138265 0.156047285
1403638189245096960.000000 7.103656769 1.719203353 0.881098270 -0.759111881 -0.236811385 -0.579448938 0.178629711
1403638189645096960.000000 6.809389591 1.834611654 0.961490512 -0.771558404 -0.289467961 -0.530649841 0.198284432
1403638189945096960.000000 6.615184307 1.922535539 1.027016163 -0.784494102 -0.298060119 -0.506485641 0.197993621
1403638190395097088.000000 6.409680843 2.099509239 1.042582512 -0.746616960 -0.307838589 -0.557891071 0.191196769
1403638190795097088.000000 6.160930634 2.282877445 0.986434281 -0.739987791 -0.325783789 -0.551115394 0.206288189
1403638191195097088.000000 5.825877190 2.458071709 0.998681366 -0.745306075 -0.321028888 -0.540329814 0.222492918
1403638191395097088.000000 5.646029949 2.532832861 1.037640572 -0.757178187 -0.325069964 -0.524660349 0.213874638
1403638191795097088.000000 5.303077698 2.700429916 1.068734646 -0.757497191 -0.329311132 -0.527007043 0.200039625
1403638192195097088.000000 4.971150398 2.928148985 1.064913511 -0.756753802 -0.327568233 -0.529255152 0.199779138
1403638192395097088.000000 4.807322025 3.070874929 1.115006685 -0.750561953 -0.320834458 -0.538134515 0.210079387
1403638192495097088.000000 4.726027966 3.142498732 1.150407076 -0.748719931 -0.319209903 -0.540515721 0.212993577
1403638192595097088.000000 4.643667698 3.209495068 1.190286994 -0.745319903 -0.317394227 -0.545352578 0.215290084
1403638192695097088.000000 4.558763504 3.272300482 1.230492353 -0.739557087 -0.312568158 -0.553677559 0.220901817
1403638192995097088.000000 4.278329372 3.425452709 1.320515752 -0.721979082 -0.290640026 -0.574898958 0.252519101
1403638193145096960.000000 4.121627808 3.467539549 1.359482050 -0.721441686 -0.294775575 -0.568745553 0.262978673
1403638193245096960.000000 4.012088299 3.478939533 1.393863678 -0.724281371 -0.307365179 -0.560191810 0.259091467
1403638193345096960.000000 3.897856236 3.477522135 1.438531160 -0.725116432 -0.318943858 -0.554924130 0.254047930
1403638193445096960.000000 3.782194853 3.467891932 1.491827846 -0.722109914 -0.327492744 -0.555684507 0.250041068
1403638193545096960.000000 3.663438082 3.451803207 1.543660641 -0.719419718 -0.331230164 -0.556541860 0.250964493
1403638194045096960.000000 3.032406569 3.304442406 1.700940609 -0.740605056 -0.341280907 -0.525736809 0.242141053
1403638196895097088.000000 0.678451657 3.092415094 1.709592938 -0.764739931 -0.339570999 -0.499803871 0.223742276
1403638199895097088.000000 -1.262882113 4.637938023 1.720551014 -0.726139903 -0.366383970 -0.537453234 0.222772732
1403638202895097088.000000 -8.699479103 7.461487770 1.937760472 0.682138801 0.457853109 0.477498204 -0.311532766
1403638205445096960.000000 -13.311293602 8.443564415 2.008287907 0.531766772 0.622448146 0.390509635 -0.421051949
1403638207395097088.000000 -15.951550484 7.289710999 2.663804770 -0.322759539 -0.727888465 -0.251540273 0.550211132
