1403715893684058112.000000 -0.494378984 0.122710019 -0.230796412 -0.603659034 -0.534855902 -0.443823397 0.390571177
1403715894084058112.000000 -0.540768862 0.116367370 -0.160936907 -0.623476326 -0.546590745 -0.421563059 0.367151737
1403715894334057984.000000 -0.572782695 0.095419362 -0.098262519 -0.605391681 -0.554059565 -0.446131408 0.357051462
1403715894584058112.000000 -0.640342772 0.109234914 -0.033317655 -0.609659672 -0.554650843 -0.444747478 0.350538433
1403715894834057984.000000 -0.754709482 0.120269619 0.003788810 -0.616903126 -0.545541167 -0.436810762 0.361955464
1403715895834057984.000000 -1.257214069 0.215194896 0.251605064 -0.618271351 -0.534453690 -0.436638355 0.376094133
1403715896134057984.000000 -1.407121062 0.236605495 0.299435407 -0.622321129 -0.528460681 -0.430527717 0.384826958
1403715896284058112.000000 -1.465141773 0.250022680 0.349533439 -0.629544377 -0.519927680 -0.416789740 0.399544090
1403715896634057984.000000 -1.555245161 0.250992626 0.384002805 -0.634968936 -0.492081225 -0.405371904 0.436284542
1403715897084058112.000000 -1.383899331 0.211534441 0.474978924 -0.655995548 -0.478510112 -0.368990630 0.452265382
1403715897284058112.000000 -1.187724233 0.130434945 0.539754689 -0.651737869 -0.490483522 -0.376073509 0.439581960
1403715897734057984.000000 -0.556976318 0.012290493 0.648929119 -0.637781799 -0.519288540 -0.404695183 0.399744600
1403715897984058112.000000 -0.167292684 -0.058152817 0.682706714 -0.633258045 -0.511336386 -0.411821336 0.409783691
1403715898084058112.000000 0.011040673 -0.074182965 0.706350744 -0.624351561 -0.512898386 -0.424113721 0.408959478
1403715898184058112.000000 0.183685094 -0.104007274 0.725167334 -0.617972732 -0.509140849 -0.439473808 0.407121778
1403715898234057984.000000 0.250967085 -0.120508000 0.732968211 -0.618464828 -0.505130112 -0.447945297 0.402106941
1403715898284058112.000000 0.330825925 -0.124749571 0.742291033 -0.621169448 -0.502458274 -0.453186184 0.395356119
1403715898384058112.000000 0.512935698 -0.169517413 0.756124914 -0.629526556 -0.497322559 -0.457899034 0.383008003
1403715898484058112.000000 0.681504369 -0.215180755 0.759585500 -0.643842161 -0.490766317 -0.458560169 0.366522044
1403715898584058112.000000 0.848592937 -0.265315533 0.768783510 -0.659034073 -0.483650655 -0.458755016 0.348281413
1403715898634057984.000000 0.932119727 -0.300261378 0.755245388 -0.665337503 -0.477173328 -0.461114019 0.342060596
1403715898684058112.000000 1.017977715 -0.315636575 0.771173775 -0.671876073 -0.470380336 -0.463787943 0.335001051
1403715898834057984.000000 1.245978594 -0.389971584 0.728507161 -0.685381234 -0.449148178 -0.476268739 0.318883300
1403715898934057984.000000 1.404416323 -0.434904158 0.691679537 -0.693083286 -0.440468520 -0.478672743 0.310637146
1403715899034057984.000000 1.548649073 -0.479379654 0.645642638 -0.697717130 -0.433931708 -0.481927872 0.304367691
1403715899184058112.000000 1.767253399 -0.538986623 0.561529696 -0.707191765 -0.433034897 -0.475757152 0.293284506
1403715899284058112.000000 1.905843616 -0.579893529 0.509537160 -0.711797595 -0.438230783 -0.471404374 0.281204522
1403715899384058112.000000 2.045000792 -0.598312914 0.478615522 -0.716299057 -0.447724283 -0.463828206 0.267062008
1403715899484058112.000000 2.178426266 -0.611688375 0.458019882 -0.715805173 -0.453164965 -0.462910980 0.260725766
1403715899534057984.000000 2.243835688 -0.613505304 0.451438159 -0.715458035 -0.454035252 -0.462283820 0.261276513
1403715899684058112.000000 2.436005831 -0.600702941 0.432672441 -0.714473367 -0.454687566 -0.460763246 0.265488893
1403715899984058112.000000 2.799098492 -0.496891677 0.404803306 -0.688446641 -0.469393522 -0.489568830 0.256969690
1403715900084058112.000000 2.902574301 -0.445489109 0.403832406 -0.681710005 -0.474401295 -0.495678931 0.254002690
1403715900184058112.000000 2.991893768 -0.380748332 0.390140414 -0.677873969 -0.477028489 -0.500784516 0.249290153
1403715900284058112.000000 3.075760126 -0.316031933 0.394275695 -0.674930155 -0.480810076 -0.501299977 0.248976737
1403715900334057984.000000 3.102174520 -0.269872189 0.381374240 -0.675173044 -0.479831785 -0.503068149 0.246627763
1403715900384058112.000000 3.138051510 -0.232073322 0.387804389 -0.674731433 -0.481551111 -0.501711845 0.247247249
1403715900534057984.000000 3.196172953 -0.092261516 0.383869618 -0.683439612 -0.467525154 -0.493328094 0.266379297
1403715900634057984.000000 3.229787827 0.008932605 0.374733090 -0.683414817 -0.452137172 -0.495737433 0.287681520
1403715900734057984.000000 3.261803627 0.103176728 0.384524047 -0.680889606 -0.436221242 -0.497424662 0.314116508
1403715900934057984.000000 3.290188074 0.294812620 0.386151999 -0.660784304 -0.421022028 -0.527761161 0.327982932
1403715901134057984.000000 3.294751883 0.432181001 0.404614866 -0.644780874 -0.411899805 -0.548382282 0.337450862
1403715901384058112.000000 3.242045641 0.509819269 0.440164566 -0.645412564 -0.403122276 -0.550212443 0.343804300
1403715901534057984.000000 3.183490038 0.503842354 0.460276306 -0.664758682 -0.409590572 -0.528563619 0.333094656
1403715901634057984.000000 3.138133764 0.484655708 0.477364749 -0.668602943 -0.413113177 -0.525348723 0.326061994
1403715901734057984.000000 3.087864161 0.456013888 0.493531674 -0.672332227 -0.415079534 -0.521255136 0.322445959
1403715901884058112.000000 3.004670143 0.399609715 0.514149666 -0.680652559 -0.421646506 -0.510658324 0.313296080
1403715902334057984.000000 2.712685823 0.174613625 0.553906381 -0.679689825 -0.436818063 -0.509187520 0.296546608
1403715902434057984.000000 2.636637211 0.119139627 0.559611082 -0.682056367 -0.441062778 -0.505183458 0.291637510
1403715902484058112.000000 2.596477985 0.091709718 0.562274575 -0.685236752 -0.440678269 -0.500440240 0.292938352
1403715902584058112.000000 2.513425112 0.038206290 0.567780733 -0.693095267 -0.438566893 -0.488312036 0.298042774
1403715902734057984.000000 2.386363983 -0.037447371 0.574389458 -0.698037624 -0.445816040 -0.469388336 0.306049168
1403715902834057984.000000 2.304196119 -0.082650036 0.568032622 -0.696556985 -0.458640039 -0.455884039 0.310849696
1403715903234057984.000000 2.003435373 -0.192262009 0.503239512 -0.649157584 -0.529523015 -0.433161944 0.332521558
1403715903484058112.000000 1.819526792 -0.197234735 0.478392929 -0.639887810 -0.556148231 -0.401898801 0.346005946
1403715903634057984.000000 1.714818597 -0.160233751 0.510893643 -0.624976456 -0.576117277 -0.384602904 0.359963745
1403715903734057984.000000 1.643852234 -0.126651317 0.537369549 -0.605992198 -0.589690804 -0.379673451 0.375348359
1403715903834057984.000000 1.573887467 -0.079799846 0.584106386 -0.586408317 -0.599628627 -0.370282024 0.399326980
1403715903984058112.000000 1.472377419 0.004063275 0.670541346 -0.546983600 -0.619849622 -0.355796933 0.435894519
1403715904134057984.000000 1.377359986 0.092083827 0.756148577 -0.505558729 -0.644350886 -0.331275254 0.468485981
1403715904284058112.000000 1.294552445 0.177293614 0.835445642 -0.456417680 -0.677669883 -0.310268432 0.485983580
1403715904434057984.000000 1.218140364 0.260470271 0.903176665 -0.403579026 -0.704190433 -0.296000481 0.503610492
1403715904584058112.000000 1.144045353 0.337346941 0.944584548 -0.354740858 -0.725002468 -0.285361409 0.516816378
1403715904684058112.000000 1.093870282 0.381141990 0.956703603 -0.322711051 -0.735794842 -0.276537687 0.527248025
1403715904934057984.000000 0.965324998 0.453679055 0.932106674 -0.258361816 -0.757851958 -0.203302652 0.563540339
1403715905034057984.000000 0.917100847 0.470791399 0.902522147 -0.223530650 -0.763889432 -0.176252306 0.579173684
1403715905084058112.000000 0.894600689 0.477258086 0.883816361 -0.204736218 -0.765779972 -0.164790154 0.586948216
1403715905184058112.000000 0.854906201 0.486473471 0.838825047 -0.167365521 -0.766794324 -0.146105781 0.602219522
1403715905284058112.000000 0.827837050 0.489499927 0.797448635 -0.133020401 -0.774130106 -0.130891234 0.604893148
1403715905384058112.000000 0.804908693 0.479105324 0.745475590 -0.104784489 -0.787147880 -0.114955887 0.596827924
1403715905484058112.000000 0.793622851 0.466854900 0.700135708 -0.078769222 -0.798559904 -0.095609240 0.589030027
1403715905534057984.000000 0.790482163 0.452594489 0.671267748 -0.065878212 -0.802884996 -0.087258697 0.586021841
1403715905734057984.000000 0.779354930 0.389507532 0.579989195 -0.028730894 -0.815213680 -0.020297272 0.578090966
1403715905884058112.000000 0.766995430 0.335900337 0.538419843 0.015023110 -0.823754072 0.029890712 0.565959573
1403715905934057984.000000 0.764664531 0.318442434 0.519051194 0.033155132 -0.827889025 0.044963136 0.558102965
1403715906184058112.000000 0.734528422 0.234866381 0.435927808 0.150388360 -0.821452379 0.095729344 0.541696727
1403715906284058112.000000 0.714461505 0.198188588 0.408795357 0.199741825 -0.805929303 0.113626197 0.545591652
1403715906484058112.000000 0.680666089 0.037065715 0.271445364 0.282496274 -0.773472965 0.145062640 0.548536539
1403715906584058112.000000 0.661060154 0.052398421 0.335070938 0.319994748 -0.758747935 0.188449264 0.535155833
1403715906684058112.000000 0.651004732 -0.007655974 0.325958133 0.346914977 -0.743196845 0.225715190 0.525700688
1403715906884058112.000000 0.642447412 -0.130628079 0.333655626 0.405528933 -0.708964229 0.292856783 0.497142822
1403715907184058112.000000 0.644471169 -0.290704399 0.306863874 0.516487837 -0.627152085 0.356635600 0.461228371
1403715907334057984.000000 0.660399199 -0.361109883 0.313967079 0.571199417 -0.579925954 0.388951778 0.431432188
1403715907534057984.000000 0.704550147 -0.441570342 0.360678226 0.633374333 -0.511126161 0.425582469 0.395558685
1403715907634057984.000000 0.736349404 -0.475469768 0.386683553 0.656497538 -0.481904268 0.442412794 0.375566572
1403715907684058112.000000 0.754518211 -0.490625143 0.399776697 0.665156126 -0.467968225 0.452270597 0.366093427
1403715907784058112.000000 0.795400977 -0.516837239 0.424274683 0.678395808 -0.441311538 0.474595368 0.346096098
1403715908084058112.000000 0.933729291 -0.555531800 0.481236458 0.714788079 -0.360991925 0.533658266 0.271977335
1403715908134057984.000000 0.956349134 -0.556285381 0.488937676 0.720945358 -0.344846547 0.542587996 0.258683264
1403715908234057984.000000 0.998398721 -0.551833868 0.500578463 0.736320734 -0.310237318 0.555306315 0.230693519
1403715908484058112.000000 1.080834389 -0.515064657 0.522390604 0.771504939 -0.216248780 0.577617705 0.156122968
1403715908734057984.000000 1.130240440 -0.450309098 0.546964765 0.791153371 -0.106083781 0.595995247 0.087247521
1403715908834057984.000000 1.139729023 -0.418490648 0.554373860 0.793219149 -0.066365398 0.602601767 0.057185367
1403715908984058112.000000 1.139152169 -0.365439534 0.559422016 0.802410662 -0.008178381 0.596530199 0.014901115
1403715909134057984.000000 1.125334263 -0.307980418 0.559974730 -0.808566332 -0.052051276 -0.585868061 0.016427254
1403715909234057984.000000 1.111128211 -0.265991718 0.557089388 -0.809369087 -0.086834304 -0.579550803 0.038759466
1403715909334057984.000000 1.094692588 -0.220683962 0.552231371 -0.806967199 -0.118062809 -0.575353980 0.061911602
1403715909434057984.000000 1.076224208 -0.172557503 0.544571936 -0.802598178 -0.149712831 -0.571772337 0.080613650
1403715909534057984.000000 1.055322170 -0.120031416 0.533059180 -0.794349253 -0.185265481 -0.570808232 0.094148897
1403715909634057984.000000 1.031074762 -0.061272405 0.517778337 -0.785299301 -0.222015589 -0.567066133 0.111579768
1403715909734057984.000000 1.001514673 0.004014846 0.500380099 -0.774153769 -0.256435364 -0.561749220 0.139157444
1403715909834057984.000000 0.966557443 0.075451456 0.481061399 -0.760273457 -0.292360544 -0.553855360 0.172492832
1403715909934057984.000000 0.925492823 0.151293010 0.461114645 -0.740043759 -0.326667666 -0.546625257 0.216389328
1403715910034057984.000000 0.878020704 0.226577759 0.440274447 -0.714385033 -0.364524990 -0.537617743 0.260274351
1403715910134057984.000000 0.824409902 0.297087610 0.416472673 -0.688253760 -0.407742321 -0.521486223 0.296824992
1403715910234057984.000000 0.766116619 0.360691369 0.390117794 -0.663836539 -0.450937182 -0.499981970 0.325568438
1403715910334057984.000000 0.704918861 0.418272316 0.365283221 -0.638175726 -0.487159252 -0.480767667 0.352519751
1403715910484058112.000000 0.607911170 0.491094708 0.332277536 -0.595276237 -0.527917087 -0.463009834 0.390604407
1403715910584058112.000000 0.539872289 0.528349698 0.312358886 -0.567706108 -0.550648153 -0.451449692 0.413145930
1403715910634057984.000000 0.504811168 0.543548763 0.302981168 -0.556042016 -0.561734259 -0.443357557 0.422736436
1403715910834057984.000000 0.359486908 0.580283344 0.273492277 -0.512971103 -0.602977097 -0.406675488 0.455954343
1403715910934057984.000000 0.285454541 0.583353162 0.261134624 -0.491078764 -0.621682346 -0.387267590 0.471568257
1403715911034057984.000000 0.211318225 0.575948179 0.249702692 -0.469590575 -0.639107406 -0.365887225 0.486983597
1403715911134057984.000000 0.138684347 0.558657885 0.240421116 -0.444046617 -0.651774287 -0.348181754 0.506736934
1403715911234057984.000000 0.069349542 0.531161368 0.231501222 -0.417328149 -0.665112615 -0.329231381 0.524470389
1403715911284058112.000000 0.036391709 0.513273835 0.227036804 -0.403981358 -0.673460245 -0.318597078 0.530797780
1403715911384058112.000000 -0.025287248 0.469940603 0.218070939 -0.379564077 -0.690203846 -0.293875605 0.541467428
1403715911484058112.000000 -0.080527656 0.417998016 0.207426116 -0.357252926 -0.707596540 -0.267550945 0.547808409
1403715911534057984.000000 -0.105863944 0.389287502 0.201203406 -0.347040176 -0.716681838 -0.253391892 0.549293160
1403715911634057984.000000 -0.153118670 0.327880919 0.188740715 -0.325456649 -0.736385763 -0.229496539 0.546941876
1403715911734057984.000000 -0.195527941 0.263712227 0.180208355 -0.298118711 -0.754668772 -0.213773176 0.543968022
1403715911834057984.000000 -0.235444695 0.197956190 0.183533370 -0.270366102 -0.768012822 -0.200360656 0.544898212
1403715911934057984.000000 -0.273462683 0.128724545 0.200238094 -0.245373368 -0.776858628 -0.186272994 0.549167514
1403715912034057984.000000 -0.310929477 0.057671279 0.229242444 -0.225648731 -0.782933235 -0.170200586 0.554193079
1403715912534057984.000000 -0.471307755 -0.311933160 0.389021754 -0.146339715 -0.799987435 -0.094174936 0.574226379
1403715912584058112.000000 -0.484589726 -0.348718345 0.403100669 -0.135847494 -0.802344084 -0.085324876 0.574899256
1403715912634057984.000000 -0.497260541 -0.385505974 0.417068303 -0.124474160 -0.804278433 -0.076441728 0.576020122
1403715915334057984.000000 0.209702492 -2.315229416 0.453509420 -0.017838335 -0.847541988 0.067791961 0.526078522
1403715917784058112.000000 -3.014027357 3.485793829 0.936931312 -0.229971468 -0.758858323 -0.122532934 0.596852362
1403715930134057984.000000 -15.606598854 37.295745850 -67.579925537 -0.585709929 -0.550281048 -0.389583737 0.449843585
1403715930234057984.000000 -15.664143562 37.317008972 -67.577545166 -0.596353829 -0.533678889 -0.376956701 0.466318250
1403715930484058112.000000 -15.736810684 37.341854095 -67.577720642 -0.609012842 -0.542340577 -0.370651871 0.444507927
1403715931034057984.000000 -15.641316414 37.440959930 -67.568107605 -0.616195202 -0.587073863 -0.374553233 0.367909968
1403715932034057984.000000 -15.376638412 38.458240509 -67.364151001 -0.577135742 -0.581249237 -0.410267174 0.400929600
1403715932284058112.000000 -15.354393959 38.769374847 -67.317962646 -0.533715367 -0.548081875 -0.461153895 0.449545592
1403715932334057984.000000 -15.353240013 38.821197510 -67.305564880 -0.524990022 -0.539639235 -0.470924407 0.459788352
1403715932434057984.000000 -15.354098320 38.906848907 -67.280670166 -0.511016130 -0.525956869 -0.486142755 0.475286335
1403715932634057984.000000 -15.366711617 38.985336304 -67.226554871 -0.490139455 -0.501695335 -0.505254507 0.502775431
1403715932734057984.000000 -15.377319336 38.968276978 -67.195785522 -0.481533080 -0.491788387 -0.513209343 0.512724340
1403715932884058112.000000 -15.396846771 38.864253998 -67.151832581 -0.488815576 -0.497088164 -0.510521650 0.503319204
1403715933384058112.000000 -15.497667313 38.133174896 -67.031471252 -0.627412438 -0.601429462 -0.354413837 0.345003068
1403715933634057984.000000 -15.542131424 37.874317169 -66.967178345 -0.679793417 -0.619082630 -0.269684434 0.286160856
1403715933684058112.000000 -15.545724869 37.853900909 -66.949737549 -0.682719827 -0.622813940 -0.263967097 0.276256919
1403715933784058112.000000 -15.547101021 37.852767944 -66.908218384 -0.683281541 -0.629085302 -0.262151867 0.262020141
1403715934534057984.000000 -15.508140564 38.683822632 -66.550712585 -0.498711795 -0.468241364 -0.536047339 0.494661450
1403715934634057984.000000 -15.513823509 38.716320038 -66.545356750 -0.481984437 -0.454511136 -0.548017323 0.510673761
1403715934734057984.000000 -15.524097443 38.697547913 -66.538864136 -0.473749459 -0.447421044 -0.549937606 0.522440970
1403715934834057984.000000 -15.537652016 38.622817993 -66.527946472 -0.478189081 -0.450780123 -0.540364563 0.525488973
1403715934934057984.000000 -15.552400589 38.496864319 -66.514999390 -0.507458270 -0.480043560 -0.512073874 0.499824733
1403715935034057984.000000 -15.567519188 38.332530975 -66.503135681 -0.544768512 -0.512923717 -0.472822219 0.465376973
1403715935334057984.000000 -15.607703209 37.768695831 -66.533241272 -0.625809789 -0.584930122 -0.370259583 0.359342098
1403715935684058112.000000 -15.639873505 37.271461487 -66.671844482 -0.653847992 -0.616004229 -0.320158482 0.300865859
1403715935834057984.000000 -15.650401115 37.177406311 -66.731185913 -0.661749840 -0.624171555 -0.304465115 0.282485336
1403715935984058112.000000 -15.659279823 37.176723480 -66.771804810 -0.661123872 -0.622938514 -0.308519006 0.282274514
1403715936134057984.000000 -15.666298866 37.263359070 -66.786956787 -0.633461177 -0.597347021 -0.364778727 0.329908997
1403715936284058112.000000 -15.675293922 37.392055511 -66.792961121 -0.593142986 -0.559487998 -0.431356579 0.386116862
1403715936484058112.000000 -15.696857452 37.552021027 -66.814208984 -0.563770771 -0.518450320 -0.474978328 0.433321506
1403715936634057984.000000 -15.718227386 37.626148224 -66.836959839 -0.558554351 -0.500241876 -0.482505530 0.452729017
1403715937034057984.000000 -15.779432297 37.588512421 -66.895324707 -0.581103623 -0.523800433 -0.456259310 0.424003690
1403715937434057984.000000 -15.852655411 37.385360718 -66.991165161 -0.557695329 -0.591911554 -0.394964337 0.427340537
1403715937584058112.000000 -15.879735947 37.301692963 -67.070495605 -0.549374700 -0.623324633 -0.363132149 0.421650231
1403715937834057984.000000 -15.925728798 37.197673798 -67.212730408 -0.532922626 -0.671520591 -0.314195037 0.407842040
1403715938084058112.000000 -15.987575531 37.179023743 -67.336044312 -0.499632329 -0.706579208 -0.282014549 0.414223582
1403715938234057984.000000 -16.041755676 37.221820831 -67.382286072 -0.472183436 -0.727345705 -0.264459044 0.421986341
1403715938384058112.000000 -16.114244461 37.305988312 -67.385185242 -0.421758324 -0.738427758 -0.273268044 0.449632019
1403715938484058112.000000 -16.171983719 37.372673035 -67.373771667 -0.391663462 -0.740288079 -0.272415996 0.473669618
1403715938634057984.000000 -16.267032623 37.475395203 -67.361366272 -0.361738235 -0.743482053 -0.259065390 0.499264508
1403715938784058112.000000 -16.365871429 37.578838348 -67.358367920 -0.353476554 -0.757972419 -0.240023375 0.492870092
1403715938884058112.000000 -16.435998917 37.650928497 -67.360183716 -0.355696112 -0.772257209 -0.225268245 0.475766063
1403715939034057984.000000 -16.553283691 37.771083832 -67.367065430 -0.358795583 -0.787820637 -0.208227888 0.455242127
1403715939784058112.000000 -17.275951385 38.480113983 -67.337181091 -0.287755787 -0.648462892 -0.293741137 0.640631437
1403715940684058112.000000 -17.176565170 37.982364655 -67.006820679 -0.400528371 -0.823210061 -0.159126207 0.369568616
1403715940934057984.000000 -17.295297623 38.018894196 -66.895957947 -0.398828030 -0.832626462 -0.160251707 0.349269032
1403715941434057984.000000 -17.863519669 38.515880585 -66.592483521 -0.318665296 -0.649440706 -0.289341718 0.626865685
1403715941584058112.000000 -17.981904984 38.603763580 -66.562072754 -0.312761039 -0.626845300 -0.291689664 0.651277721
1403715941684058112.000000 -18.031421661 38.633579254 -66.564224243 -0.308544010 -0.608716607 -0.292110085 0.670027137
1403715941834057984.000000 -18.046827316 38.623462677 -66.580787659 -0.299277037 -0.581074178 -0.294832498 0.697036445
1403715941984058112.000000 -17.980875015 38.538566589 -66.610992432 -0.299771577 -0.591809928 -0.296567231 0.686983168
1403715942084058112.000000 -17.895467758 38.442424774 -66.643951416 -0.313608676 -0.633298695 -0.287474662 0.646483421
1403715942234057984.000000 -17.729816437 38.259662628 -66.721481323 -0.341204226 -0.702183008 -0.258086741 0.569131017
1403715942584058112.000000 -17.329679489 37.827213287 -67.058860779 -0.389534533 -0.795568347 -0.184463650 0.425801575
1403715942734057984.000000 -17.205440521 37.706565857 -67.211967468 -0.391436428 -0.815571010 -0.171747357 0.390031189
1403715942884058112.000000 -17.133928299 37.652931213 -67.352188110 -0.386348635 -0.820888460 -0.172047377 0.383766323
1403715943334057984.000000 -17.271486282 37.871665955 -67.594322205 -0.336594135 -0.766733706 -0.226344764 0.497586101
1403715943684058112.000000 -17.507415771 38.120586395 -67.630912781 -0.285312593 -0.684034169 -0.259099931 0.619323194
1403715943834057984.000000 -17.549148560 38.163040161 -67.638870239 -0.282681137 -0.658592284 -0.267772973 0.643929482
1403715943934057984.000000 -17.544694901 38.157989502 -67.628578186 -0.282437086 -0.646814764 -0.274608076 0.653031766
1403715944034057984.000000 -17.511817932 38.122863770 -67.604949951 -0.292722315 -0.657429338 -0.266907156 0.640984416
1403715944334057984.000000 -17.311517715 37.914375305 -67.521903992 -0.330146074 -0.784753382 -0.172774404 0.495292544
1403715944584058112.000000 -17.170269012 37.784629822 -67.482917786 -0.292924464 -0.847707629 -0.115476541 0.426909953
1403715944734057984.000000 -17.151655197 37.770046234 -67.454818726 -0.259882987 -0.866390049 -0.085812211 0.417690575
1403715944834057984.000000 -17.175601959 37.791515350 -67.428916931 -0.228375047 -0.873512983 -0.076326311 0.423077136
1403715944934057984.000000 -17.229936600 37.834426880 -67.392822266 -0.183970571 -0.863866687 -0.085606284 0.461043119
1403715945084058112.000000 -17.344280243 37.914016724 -67.332733154 -0.119979016 -0.816407442 -0.106611826 0.554723203
1403715945234057984.000000 -17.461864471 37.985424042 -67.280006409 -0.085855201 -0.771214724 -0.119861096 0.619265795
1403715945334057984.000000 -17.525150299 38.019557953 -67.247268677 -0.076132052 -0.747410536 -0.125108629 0.648019493
1403715945834057984.000000 -17.465147018 37.949272156 -67.100067139 -0.115482450 -0.801759303 -0.091373123 0.579220951
1403715945984058112.000000 -17.373493195 37.886524200 -67.068771362 -0.128870830 -0.848766208 -0.077428930 0.506944776
1403715963284058112.000000 0.175014079 0.585435033 -1.294092894 -0.638386905 -0.655555308 -0.269965649 0.299713135
1403715963434057984.000000 0.208312839 0.524279296 -1.459566474 -0.603327513 -0.673081934 -0.275353014 0.327318668
1403715963684058112.000000 0.239999264 0.578672230 -1.686048031 -0.496938407 -0.648147166 -0.352271229 0.457014769
1403715964284058112.000000 0.264453828 0.624972343 -1.888429165 -0.465123296 -0.701747060 -0.311971784 0.440323651
1403715964534057984.000000 0.221164078 0.651178062 -1.809177756 -0.462439030 -0.687759578 -0.313086361 0.463803768
1403715965534057984.000000 0.130879313 0.755310118 -1.519863963 -0.485039890 -0.737960219 -0.257711381 0.392091721
1403715966134057984.000000 -0.010402687 1.081203222 -1.316616774 -0.394513428 -0.611284435 -0.376344562 0.573633492
1403715966234057984.000000 -0.023721933 1.087833047 -1.286349535 -0.387270868 -0.604095817 -0.380738914 0.583204448
1403715966334057984.000000 -0.025505606 1.064525127 -1.259797215 -0.403606713 -0.627955496 -0.364865094 0.556459427
1403715966434057984.000000 -0.018737894 1.017682791 -1.232839823 -0.428064644 -0.660154939 -0.341628283 0.514048934
1403715966834057984.000000 -0.017469883 0.846103311 -1.129617929 -0.509255350 -0.736143351 -0.258267879 0.363386422
1403715967234057984.000000 -0.173515677 0.987871408 -0.975359559 -0.439042240 -0.639414847 -0.371513814 0.510262728
1403715967384058112.000000 -0.237773389 1.016901255 -0.918497443 -0.409475386 -0.592506766 -0.404780537 0.563399076
1403715967534057984.000000 -0.284909070 0.978360713 -0.871052086 -0.414380819 -0.590216100 -0.396003127 0.568432152
1403715968684058112.000000 -0.198992789 0.435144812 -0.905391574 -0.370404720 -0.674344003 -0.296673357 0.565725565
1403715968784058112.000000 -0.177676007 0.418772042 -0.951510370 -0.358111501 -0.656322479 -0.310949534 0.586777091
1403715969384058112.000000 0.179123461 -0.015064288 -1.247234821 -0.428233027 -0.782833636 -0.215105742 0.396884888
1403715969534057984.000000 0.241657674 -0.076334298 -1.302942514 -0.430967927 -0.804531455 -0.208930835 0.351203322
1403715969734057984.000000 0.224567294 -0.043612584 -1.345614552 -0.382131815 -0.809464395 -0.268276930 0.356048018
1403715969884058112.000000 0.126587182 0.030609272 -1.357108235 -0.357167810 -0.779764235 -0.302509755 0.415796608
1403715970484058112.000000 -0.379327685 0.127167404 -1.359625459 -0.331098109 -0.625831127 -0.306295276 0.636311829
1403715970934057984.000000 -0.346484542 -0.222137362 -1.346540570 -0.447548032 -0.757167935 -0.153760359 0.450283676
1403715971084058112.000000 -0.301953524 -0.265501648 -1.319484591 -0.452312827 -0.790112019 -0.137037680 0.390329182
1403715971284058112.000000 -0.295169294 -0.173554778 -1.241774082 -0.386167020 -0.814731061 -0.186364517 0.390328765
1403715971434057984.000000 -0.354509145 -0.031011328 -1.161781788 -0.308161944 -0.804326236 -0.236064211 0.449854642
1403715971584058112.000000 -0.453953296 0.112900317 -1.084797859 -0.235831037 -0.781885564 -0.259101421 0.515659988
1403715971734057984.000000 -0.573247731 0.221788317 -1.014904261 -0.187853485 -0.762265384 -0.244300723 0.569192290
1403715972184058112.000000 -0.845218003 0.311824381 -0.862876177 -0.128066376 -0.740922391 -0.130532920 0.646215320
1403715972334057984.000000 -0.859047472 0.288477719 -0.811598778 -0.112032220 -0.716676235 -0.124742709 0.676951468
1403715972484058112.000000 -0.812580287 0.238978595 -0.766318798 -0.109156579 -0.715329230 -0.119305521 0.679819942
1403715972934057984.000000 -0.420453846 -0.005484655 -0.721147180 -0.157944292 -0.816232920 -0.076678336 0.550397933
1403715973284058112.000000 -0.094835281 -0.145656571 -0.746907949 -0.176894933 -0.794722617 -0.078089356 0.575348794
1403715973734057984.000000 0.328263670 -0.194585487 -0.774079442 -0.196722656 -0.831825018 -0.059126679 0.515627146
1403715973884058112.000000 0.435180426 -0.161590919 -0.778214335 -0.200146481 -0.837593734 -0.051280934 0.505715847
1403715974134057984.000000 0.554865718 -0.035050102 -0.774453521 -0.178312466 -0.831084311 -0.073810980 0.521589339
1403715974434057984.000000 0.628698111 0.180142522 -0.784238040 -0.162022993 -0.823982120 -0.086484417 0.536024809
1403715974884058112.000000 0.655149460 0.547409236 -0.849761665 -0.152943656 -0.812573552 -0.090474166 0.555109918
1403715975184058112.000000 0.645540237 0.794907153 -0.900286019 -0.140407309 -0.811865568 -0.093929395 0.558871567
1403715975584058112.000000 0.604208946 1.088999033 -0.919271767 -0.120251112 -0.806166649 -0.101983324 0.570293367
1403715975784058112.000000 0.581347466 1.203468561 -0.902294517 -0.122287616 -0.810468674 -0.095786542 0.564810872
1403715976184058112.000000 0.510316014 1.382442713 -0.856853247 -0.124412045 -0.813877463 -0.098998427 0.558859885
1403715976584058112.000000 0.396232784 1.489904284 -0.819097400 -0.104291238 -0.812632501 -0.110411681 0.562637687
1403715976884058112.000000 0.279842168 1.495611191 -0.813967407 -0.077204511 -0.816720068 -0.076671138 0.566682875
1403715977084058112.000000 0.193840250 1.473389864 -0.814177334 -0.059651092 -0.818258226 -0.063040845 0.568261504
1403715977234057984.000000 0.126081601 1.441389799 -0.815890312 -0.034619831 -0.819850147 -0.046996724 0.569594979
1403715977584058112.000000 -0.035633042 1.312643170 -0.826333106 0.063598268 -0.818059146 0.019410474 0.571277261
1403715977734057984.000000 -0.102720626 1.236695886 -0.832913280 0.112976238 -0.812705219 0.058219656 0.568645000
1403715977934057984.000000 -0.183697015 1.122260332 -0.841602266 0.187948927 -0.795003474 0.102972135 0.567486882
1403715978034057984.000000 -0.217731670 1.057316542 -0.845614970 0.229786739 -0.780835509 0.121477641 0.568099618
1403715978234057984.000000 -0.261321276 0.912675083 -0.857542396 0.315883636 -0.744716048 0.156108886 0.566785395
1403715978434057984.000000 -0.259188235 0.743871927 -0.871746957 0.377623498 -0.712390184 0.209024101 0.553362250
1403715978734057984.000000 -0.173482925 0.469906271 -0.905301332 0.446448505 -0.669177651 0.313783497 0.504405558
1403715978784058112.000000 -0.152626663 0.427540332 -0.911223769 0.461849630 -0.659281135 0.324596167 0.496669680
1403715978834057984.000000 -0.130343288 0.386678457 -0.917010605 0.478190094 -0.649785042 0.334072739 0.487349063
1403715978884058112.000000 -0.107026130 0.346666604 -0.922014236 0.495493829 -0.639429927 0.341988683 0.478183120
1403715978934057984.000000 -0.082720913 0.307391256 -0.926184356 0.512623906 -0.628411174 0.350693554 0.468327135
1403715978984058112.000000 -0.057222113 0.269006610 -0.929613769 0.530244589 -0.616415977 0.358174950 0.458892912
1403715979034057984.000000 -0.030240640 0.231613234 -0.932322025 0.546723962 -0.602681518 0.367209613 0.450583041
