1403715535112143104.000000 -0.722398102 -0.160951078 0.254540652 -0.644187212 -0.544244349 -0.417170644 0.338806272
1403715535212143104.000000 -0.600284517 -0.138542473 0.224558458 -0.658432722 -0.536644936 -0.415005773 0.325958431
1403715535512143104.000000 -0.249194354 0.001480328 0.151401132 -0.682211697 -0.505442917 -0.407900959 0.335755140
1403715535812143104.000000 0.118223004 0.217310563 0.092096776 -0.652558208 -0.509402812 -0.431221217 0.358782500
1403715536062142976.000000 0.419562399 0.412120819 0.034904338 -0.623511374 -0.557761073 -0.416825414 0.355517447
1403715536312143104.000000 0.694798470 0.641392469 -0.010437075 -0.606197417 -0.590608895 -0.401396662 0.350123674
1403715536562142976.000000 0.919616997 0.919000804 -0.028973715 -0.572189689 -0.607555211 -0.425990552 0.349296093
1403715536812143104.000000 1.056311011 1.219980240 -0.030890875 -0.544575274 -0.598389268 -0.453138828 0.374210328
1403715537062142976.000000 1.090186000 1.484206438 -0.016923182 -0.503976107 -0.590532601 -0.494497985 0.390834033
1403715537312143104.000000 0.998617768 1.639217734 0.019272793 -0.477879137 -0.558722258 -0.523383260 0.430732965
1403715537362142976.000000 0.964702964 1.650386453 0.027911123 -0.485979766 -0.552879095 -0.513197780 0.441334844
1403715537412143104.000000 0.927328229 1.654605269 0.035935014 -0.498820871 -0.551018238 -0.498540401 0.446110159
1403715537462142976.000000 0.887393355 1.652262092 0.043892082 -0.514728129 -0.551299512 -0.479932785 0.448094219
1403715537512143104.000000 0.845886528 1.644177556 0.051898718 -0.531885743 -0.554158986 -0.460077316 0.445347369
1403715537612143104.000000 0.760844231 1.615219235 0.068957634 -0.561407924 -0.561759710 -0.424853742 0.434449524
1403715537762142976.000000 0.636054397 1.556759596 0.104978368 -0.576261580 -0.557339251 -0.410885245 0.434130043
1403715537812143104.000000 0.596205294 1.534830928 0.119011089 -0.574373543 -0.551596999 -0.414802223 0.440198809
1403715537962142976.000000 0.484000593 1.456262469 0.156456172 -0.570743620 -0.545710683 -0.422894895 0.444535315
1403715538062142976.000000 0.414860189 1.392434597 0.175851911 -0.577928424 -0.547651350 -0.414833158 0.440443158
1403715538262142976.000000 0.297400832 1.245803833 0.201714873 -0.601283610 -0.540727854 -0.404232085 0.427396655
1403715538362142976.000000 0.249644309 1.167342663 0.199934587 -0.609743416 -0.530020714 -0.412181854 0.421185344
1403715538512143104.000000 0.190850824 1.041524529 0.188564882 -0.608299971 -0.507692695 -0.450543284 0.411375821
1403715538662142976.000000 0.138244525 0.896895409 0.178741768 -0.615754306 -0.485113353 -0.481277466 0.392280221
1403715538762142976.000000 0.102540769 0.788468957 0.169882625 -0.633844316 -0.470196754 -0.488390714 0.372331709
1403715538862142976.000000 0.065518551 0.672274828 0.159091502 -0.658584297 -0.454998493 -0.489827216 0.345416248
1403715538962142976.000000 0.027511708 0.551203907 0.143830478 -0.682169616 -0.433350474 -0.495254964 0.318707585
1403715539062142976.000000 -0.011555694 0.427932978 0.117834583 -0.703089774 -0.404968679 -0.505636454 0.293252528
1403715539362142976.000000 -0.141037136 0.055513602 -0.030400455 -0.760120153 -0.310897797 -0.527310491 0.217953220
1403715539762142976.000000 -0.305617899 -0.387624502 -0.177412033 -0.791224420 -0.230035052 -0.535085142 0.186364427
1403715539862142976.000000 -0.337721854 -0.488922209 -0.172373354 -0.791242957 -0.227938414 -0.536843538 0.183787316
1403715539912143104.000000 -0.352324009 -0.538986862 -0.164967418 -0.794179618 -0.230169922 -0.531950712 0.182562649
1403715540012143104.000000 -0.377003193 -0.638770819 -0.140043974 -0.802210927 -0.233667329 -0.517553449 0.184379309
1403715540112143104.000000 -0.393182814 -0.736007631 -0.112001210 -0.813736439 -0.234962881 -0.496775270 0.189313799
1403715540462142976.000000 -0.337822795 -1.048432589 0.011408063 -0.811821282 -0.253231168 -0.493206412 0.183214858
1403715540562142976.000000 -0.294593096 -1.129196167 0.041516803 -0.815141261 -0.263033450 -0.487569898 0.169215351
1403715540662142976.000000 -0.240556195 -1.201628327 0.067696653 -0.821012676 -0.264828056 -0.478981882 0.162421629
1403715540762142976.000000 -0.174714118 -1.263874173 0.091046579 -0.827448070 -0.253814071 -0.471165925 0.170032114
1403715540962142976.000000 -0.000238337 -1.364976406 0.134890020 -0.819926023 -0.239625320 -0.487837791 0.179764837
1403715541162142976.000000 0.219949409 -1.445584297 0.171430707 -0.811737835 -0.241039768 -0.501416743 0.177659392
1403715541262142976.000000 0.342117757 -1.479548216 0.187187031 -0.807876945 -0.228967547 -0.506913185 0.194801807
1403715541362142976.000000 0.471954137 -1.514631629 0.201580226 -0.801272571 -0.223335981 -0.518634021 0.197742507
1403715541462142976.000000 0.606728256 -1.552253008 0.211035714 -0.800362110 -0.228402272 -0.521967292 0.186555862
1403715541862142976.000000 1.188913345 -1.669507265 0.240758687 -0.795717180 -0.268732458 -0.527377725 0.128412873
1403715541962142976.000000 1.339111209 -1.673640132 0.251060426 -0.784126282 -0.282964408 -0.540016890 0.116012938
1403715542462142976.000000 1.919477224 -1.478596926 0.305068493 -0.713992774 -0.335372329 -0.575497329 0.215737149
1403715542662142976.000000 2.049103260 -1.368830085 0.327934474 -0.703569770 -0.351388335 -0.559935808 0.260744750
1403715542762142976.000000 2.097335815 -1.325062871 0.334270328 -0.704328656 -0.360529572 -0.549572349 0.268160135
1403715543162142976.000000 2.223959684 -1.203416944 0.306693375 -0.714296937 -0.363819003 -0.523086131 0.289476305
1403715543262142976.000000 2.247759819 -1.187036157 0.290940732 -0.712778389 -0.358514428 -0.526258051 0.294052541
1403715543612143104.000000 2.311818838 -1.190415025 0.237705112 -0.705087066 -0.356940776 -0.543044806 0.283809543
1403715543762142976.000000 2.322677374 -1.221217632 0.213915050 -0.692758799 -0.357703418 -0.565056145 0.269898593
1403715543862142976.000000 2.318605900 -1.252406955 0.194219649 -0.690113366 -0.355453283 -0.579213560 0.248813704
1403715544062142976.000000 2.267017603 -1.330559611 0.144171730 -0.707710862 -0.332319051 -0.591696739 0.196480021
1403715544362142976.000000 2.088265657 -1.452841997 -0.006388346 -0.772722661 -0.212993398 -0.580465436 0.143504098
1403715544462142976.000000 2.012277126 -1.491495252 -0.080621317 -0.788056016 -0.166493714 -0.579372227 0.124801971
1403715544562142976.000000 1.931087136 -1.529261231 -0.154020607 -0.797362924 -0.127680197 -0.580486596 0.104620203
1403715544712143104.000000 1.803267956 -1.582154036 -0.232249185 -0.800268412 -0.092843816 -0.586814165 0.081239037
1403715545012143104.000000 1.514093041 -1.679198265 -0.223053366 -0.798430741 -0.080208242 -0.593321264 0.063600875
1403715545212143104.000000 1.295488358 -1.742605686 -0.189241260 -0.808335841 -0.067141585 -0.582829833 0.048934177
1403715545312143104.000000 1.183478236 -1.773139954 -0.188865542 -0.812889755 -0.053737588 -0.578640282 0.038702469
1403715545412143104.000000 1.070794344 -1.801673651 -0.197164103 -0.814907908 -0.035366584 -0.577272654 0.037825685
1403715545512143104.000000 0.957787812 -1.829091311 -0.204161808 -0.816222191 -0.014753152 -0.575650394 0.046802565
1403715545662142976.000000 0.792069674 -1.877704740 -0.200724259 0.816499949 -0.007452548 0.574227393 -0.059458431
1403715545762142976.000000 0.683793426 -1.919375420 -0.195349485 0.816858768 -0.008549493 0.573336720 -0.062878199
1403715545862142976.000000 0.577435374 -1.968963742 -0.190971926 -0.816994727 -0.002211059 -0.573264003 0.062315717
1403715546012143104.000000 0.420497388 -2.053257465 -0.181910142 -0.815822184 -0.041038118 -0.573579371 0.061292015
1403715546112143104.000000 0.317351192 -2.110903025 -0.173779070 -0.812894225 -0.075316995 -0.573268950 0.069950707
1403715546212143104.000000 0.215212643 -2.166842222 -0.163681790 -0.808448792 -0.112207353 -0.570727825 0.089943707
1403715546312143104.000000 0.113107905 -2.221277475 -0.152398095 -0.802962005 -0.150530204 -0.564884663 0.116181500
1403715546462142976.000000 -0.041112818 -2.300190926 -0.131617367 -0.791180015 -0.209705070 -0.552376568 0.157917872
1403715546612143104.000000 -0.194771826 -2.378547668 -0.107984185 -0.775013745 -0.271367133 -0.535645723 0.196969971
1403715546762142976.000000 -0.344565392 -2.454780102 -0.089492530 -0.761231720 -0.339493722 -0.504357934 0.225595742
1403715546912143104.000000 -0.485751599 -2.521386623 -0.074341834 -0.747542560 -0.398346514 -0.464857966 0.257696271
1403715547012143104.000000 -0.570565820 -2.557408571 -0.061851315 -0.726779878 -0.440390140 -0.451966584 0.271244854
1403715547162142976.000000 -0.689329386 -2.592682838 -0.043047130 -0.691897869 -0.496194571 -0.433655381 0.294976801
1403715547262142976.000000 -0.765683472 -2.602114201 -0.029838122 -0.666158855 -0.530007362 -0.422240198 0.311508864
1403715547412143104.000000 -0.879199505 -2.595107555 -0.011726776 -0.633008778 -0.573142469 -0.400803894 0.331909388
1403715547562142976.000000 -0.997157574 -2.561761141 -0.000449559 -0.605958760 -0.611146033 -0.371362299 0.348431677
1403715547712143104.000000 -1.123989701 -2.497356415 0.008186780 -0.569611967 -0.649476469 -0.346386164 0.365703732
1403715547862142976.000000 -1.262291431 -2.400547504 0.017255422 -0.531307459 -0.682263672 -0.322467357 0.385024011
1403715548012143104.000000 -1.413784266 -2.273002625 0.027501618 -0.493699223 -0.698050916 -0.308280975 0.417071879
1403715548112143104.000000 -1.520761490 -2.175886631 0.034718320 -0.471491605 -0.698177636 -0.310952455 0.439945817
1403715548212143104.000000 -1.630379081 -2.074683666 0.039668299 -0.455194712 -0.696469963 -0.316926450 0.455285698
1403715548312143104.000000 -1.743031621 -1.972421050 0.041486464 -0.444865018 -0.694348514 -0.323648304 0.463925779
1403715548412143104.000000 -1.858339548 -1.871309280 0.031350717 -0.441842437 -0.693642378 -0.327416658 0.465224594
1403715548512143104.000000 -1.976528525 -1.771881461 0.010595035 -0.444566876 -0.692285955 -0.327229857 0.464780658
1403715548562142976.000000 -2.036688328 -1.723121524 -0.000831204 -0.448070168 -0.690328300 -0.325300545 0.465681851
1403715548662142976.000000 -2.158285141 -1.627263665 -0.023836352 -0.454872578 -0.686674476 -0.322523177 0.466420382
1403715548762142976.000000 -2.281171560 -1.533795118 -0.045973133 -0.460209608 -0.682432413 -0.322061926 0.467727840
1403715548912143104.000000 -2.466135263 -1.394313812 -0.075823776 -0.466763318 -0.677176654 -0.323360980 0.467976063
1403715548962142976.000000 -2.527982235 -1.347718000 -0.085335709 -0.466850072 -0.676461577 -0.323401511 0.468894750
1403715549012143104.000000 -2.590108395 -1.301630020 -0.094786741 -0.465443999 -0.676551223 -0.322773486 0.470592916
1403715549062142976.000000 -2.652518034 -1.256194353 -0.103827141 -0.462046415 -0.677330315 -0.321809471 0.473471731
1403715549212143104.000000 -2.839050770 -1.123584867 -0.124375060 -0.444813222 -0.674324691 -0.323465377 0.492744952
1403715549262142976.000000 -2.899945021 -1.081729174 -0.130047932 -0.439114630 -0.672113538 -0.324649364 0.500044525
1403715549362142976.000000 -3.018346310 -1.004310727 -0.141457051 -0.432336926 -0.668105304 -0.321968466 0.512890279
1403715549712143104.000000 -3.371788979 -0.785328448 -0.190689087 -0.462473750 -0.668573081 -0.269903064 0.516023695
1403715549812143104.000000 -3.446164370 -0.723303735 -0.201536790 -0.477839708 -0.657521546 -0.271236986 0.515524149
1403715549912143104.000000 -3.506176949 -0.658794463 -0.210761607 -0.498046935 -0.641209960 -0.276325017 0.514240861
1403715550012143104.000000 -3.549759865 -0.591369212 -0.217151582 -0.525932550 -0.619781077 -0.279585481 0.510977924
1403715550112143104.000000 -3.573529959 -0.522014678 -0.222137660 -0.554010808 -0.601658106 -0.290997893 0.496386707
1403715550212143104.000000 -3.576140404 -0.449985445 -0.217642903 -0.576009452 -0.587360442 -0.313724339 0.474128664
1403715550312143104.000000 -3.560809612 -0.376330882 -0.199038506 -0.596402049 -0.573213816 -0.335327953 0.450872093
1403715550412143104.000000 -3.529949903 -0.300625920 -0.166130066 -0.613264799 -0.555968940 -0.359835237 0.430492163
1403715550512143104.000000 -3.487294436 -0.223468691 -0.129173398 -0.628809690 -0.536601305 -0.386099428 0.409371257
1403715550612143104.000000 -3.437267303 -0.146478862 -0.098516487 -0.647861540 -0.513115883 -0.405193001 0.390904248
1403715550712143104.000000 -3.381897449 -0.070480488 -0.081129633 -0.669548690 -0.483645082 -0.418218911 0.378001243
1403715550812143104.000000 -3.320555687 0.004070561 -0.076472573 -0.692664623 -0.449843824 -0.425658613 0.369690537
1403715550912143104.000000 -3.250913620 0.075543083 -0.083860531 -0.714580476 -0.415686548 -0.431732625 0.360813528
1403715551162142976.000000 -3.060916901 0.179940030 -0.108785227 0.750778615 0.345217317 0.467275053 -0.314341307
1403715551212143104.000000 -3.014523983 0.192779854 -0.105198525 0.757193267 0.330217063 0.473570943 -0.305525184
1403715551262142976.000000 -2.937439203 0.210484132 -0.101609379 -0.751565516 -0.330297261 -0.484836131 0.301640511
1403715551312143104.000000 -2.866849422 0.237804323 -0.094397753 -0.758434832 -0.313100606 -0.488968104 0.296065658
1403715551362142976.000000 -2.793963194 0.261793047 -0.086839564 -0.764787138 -0.296450347 -0.492955148 0.290194929
1403715551412143104.000000 -2.718716621 0.282426566 -0.079405233 -0.770591974 -0.279352784 -0.497506082 0.283967853
1403715551462142976.000000 -2.641454935 0.299426436 -0.072245762 -0.775219619 -0.262682706 -0.503453732 0.276706785
1403715551512143104.000000 -2.562106609 0.312555909 -0.065491617 -0.779580295 -0.246474266 -0.509739697 0.267713130
1403715551562142976.000000 -2.480521917 0.321301490 -0.058774307 -0.782303154 -0.231234387 -0.518488050 0.256324887
1403715551612143104.000000 -2.397156000 0.325599313 -0.052332126 -0.784403741 -0.217896983 -0.527923048 0.241927668
1403715551662142976.000000 -2.312395096 0.325364590 -0.045433976 -0.783973098 -0.204680994 -0.540560305 0.226465225
1403715551712143104.000000 -2.226963520 0.321075410 -0.038496178 -0.782816052 -0.190436617 -0.553423643 0.211317882
