1403715281312143104.000000 0.013515607 0.019221930 0.124464422 -0.539374828 -0.620360136 -0.369188011 0.433506995
1403715281762142976.000000 -0.040991396 0.080171093 0.131677747 -0.599945247 -0.565706968 -0.410874724 0.388874561
1403715282012143104.000000 -0.070791908 0.122488655 0.119016230 -0.642495871 -0.518021941 -0.438987434 0.355165422
1403715282312143104.000000 -0.108695418 0.188286781 0.089321122 -0.683149159 -0.463337898 -0.468186498 0.315319955
1403715282562142976.000000 -0.141501039 0.257714182 0.060096990 -0.711921394 -0.418148458 -0.489478886 0.280589193
1403715282812143104.000000 -0.177670032 0.340029418 0.026595995 -0.734440148 -0.368177772 -0.509117067 0.256598324
1403715283062142976.000000 -0.213496357 0.424751729 -0.010392997 -0.753224134 -0.318898588 -0.527457952 0.229663342
1403715283562142976.000000 -0.281936139 0.566954136 -0.078361541 -0.787024736 -0.228318632 -0.545511127 0.175727919
1403715284012143104.000000 -0.324994355 0.665688157 -0.125401482 -0.796333015 -0.200438261 -0.550232947 0.151400179
1403715284312143104.000000 -0.340237826 0.732080877 -0.156432346 -0.803140044 -0.196414575 -0.537935257 0.164356306
1403715284712143104.000000 -0.310095131 0.801558852 -0.179943413 -0.791432023 -0.218317643 -0.548681855 0.157864109
1403715284862142976.000000 -0.292875558 0.825371861 -0.186587378 -0.788388014 -0.217463821 -0.554471672 0.153996691
1403715285262142976.000000 -0.264135450 0.869772017 -0.187017843 -0.798099458 -0.145706534 -0.570743680 0.126722679
1403715285612143104.000000 -0.259993106 0.877433658 -0.094050944 -0.818966389 -0.111053094 -0.551223695 0.114515163
1403715285712143104.000000 -0.252596021 0.873630404 -0.055229969 -0.820271790 -0.107514225 -0.550180018 0.113564350
1403715286012143104.000000 -0.207593799 0.842617273 0.049114496 -0.818524003 -0.117451273 -0.554773867 0.091922201
1403715286112143104.000000 -0.187220648 0.830916882 0.077597775 -0.818607688 -0.120319031 -0.554885149 0.086644121
1403715286562142976.000000 -0.064970031 0.791240275 0.176131219 -0.817634940 -0.119812585 -0.556884348 0.083653793
1403715287912143104.000000 0.350105822 0.820416570 0.378173023 0.816148579 -0.006048051 0.577436447 -0.020787340
1403715288112143104.000000 0.394612461 0.803880155 0.418569207 0.811029196 -0.048900463 0.582747519 0.015679738
1403715288212143104.000000 0.412920505 0.794318497 0.430618316 0.810128629 -0.064922035 0.581966996 0.028125338
1403715288612143104.000000 0.464262068 0.752783835 0.404145986 0.809397578 -0.089794807 0.578822434 0.042154655
1403715289112143104.000000 0.500839472 0.673626482 0.409317374 0.813302994 -0.095690653 0.570080936 0.066252261
1403715289512143104.000000 0.523643851 0.619223118 0.290696710 0.811247289 -0.137884781 0.558829725 0.102835052
1403715289912143104.000000 0.573915601 0.594534516 0.157243282 0.807008862 -0.176646382 0.550417960 0.120718196
1403715290312143104.000000 0.672537982 0.593439937 0.169112980 0.813639224 -0.158545971 0.548620880 0.108946726
1403715290912143104.000000 0.923659503 0.598216534 0.221029505 0.807947338 -0.159781620 0.558867395 0.096737683
1403715291212143104.000000 1.059350848 0.596588492 0.225853890 0.797097087 -0.187628791 0.567717075 0.084433839
1403715291412143104.000000 1.135885715 0.576404333 0.217163682 0.792940736 -0.204288960 0.566829026 0.090641990
1403715291712143104.000000 1.225008726 0.512622237 0.187026843 0.793603778 -0.229893237 0.553436220 0.105122037
1403715292112143104.000000 1.339156032 0.369948804 0.140200153 0.798657596 -0.222112969 0.541221559 0.141036123
1403715292412143104.000000 1.452855349 0.264936477 0.099825725 0.811007679 -0.179146230 0.543941855 0.119584791
1403715292512143104.000000 1.498778224 0.232760713 0.088494129 0.815689027 -0.156330198 0.546750546 0.106189750
1403715293012143104.000000 1.740839720 0.124656349 0.099844106 0.815103769 -0.019174937 0.578582525 0.021919565
1403715293412143104.000000 1.900208712 0.097426638 0.223039731 -0.806747556 -0.056704629 -0.585582376 0.055102922
1403715293712143104.000000 1.991126299 0.068869635 0.315260828 -0.805687785 -0.107316010 -0.575437129 0.090678975
1403715293912143104.000000 2.040916204 0.044169851 0.376970232 -0.805756509 -0.139560461 -0.564733505 0.111155018
1403715294262142976.000000 2.123842955 -0.000900958 0.415068030 -0.786733091 -0.199486867 -0.562046707 0.159246966
1403715294612143104.000000 2.187353611 -0.063187234 0.327489853 -0.767975986 -0.266821474 -0.546214759 0.201664418
1403715295062142976.000000 2.241069555 -0.144991800 0.213300914 -0.737350047 -0.356528819 -0.519277155 0.244035646
1403715295362142976.000000 2.264958858 -0.180077583 0.173366740 -0.708962619 -0.398707479 -0.503720880 0.290980339
1403715296312143104.000000 2.283750772 -0.371257305 0.013738269 -0.649762392 -0.507982552 -0.428783804 0.368655652
1403715296662142976.000000 2.336329222 -0.450247198 -0.021125074 -0.630179286 -0.541469157 -0.408844292 0.377533466
1403715296912143104.000000 2.405098915 -0.477498591 -0.015114889 -0.607552290 -0.553608477 -0.421063840 0.383540332
1403715297162142976.000000 2.467047453 -0.495174885 -0.022148116 -0.590942442 -0.580788851 -0.390609831 0.401117563
1403715297262142976.000000 2.491000175 -0.497402638 -0.031006679 -0.583403647 -0.597927392 -0.368561506 0.407781273
1403715297312143104.000000 2.503847599 -0.495908320 -0.035800155 -0.576978564 -0.605978489 -0.359703571 0.412915379
1403715297712143104.000000 2.634239435 -0.422722191 -0.077825740 -0.520203590 -0.657569885 -0.315841585 0.444110662
1403715298112143104.000000 2.795865774 -0.249508440 -0.091449440 -0.440935016 -0.668589234 -0.310500383 0.512010157
1403715298212143104.000000 2.844933510 -0.208085626 -0.094300084 -0.410726339 -0.686290264 -0.315926462 0.510392070
1403715298612143104.000000 3.012783289 -0.114914276 -0.093528248 -0.351956636 -0.734071136 -0.314080656 0.488486916
1403715298812143104.000000 3.043027163 -0.111318022 -0.079033703 -0.345886409 -0.736863673 -0.321158230 0.483995855
1403715298962142976.000000 3.036165476 -0.131001532 -0.069175169 -0.373793274 -0.736949861 -0.280609339 0.488305211
1403715299212143104.000000 2.988289595 -0.162629798 -0.050061949 -0.372275114 -0.747304380 -0.236418650 0.497044891
1403715299362142976.000000 2.946821928 -0.167175919 -0.038418312 -0.354117841 -0.757026076 -0.217666894 0.504116356
1403715299512143104.000000 2.897884369 -0.156896070 -0.024561957 -0.328053206 -0.766062915 -0.198789656 0.515762925
1403715299662142976.000000 2.843933582 -0.135132238 -0.011930764 -0.295098692 -0.774277747 -0.180105999 0.530068398
1403715299962142976.000000 2.732112408 -0.069492206 0.000374567 -0.220476300 -0.792440474 -0.132009670 0.553174317
1403715300112143104.000000 2.678027868 -0.027089365 0.004527640 -0.185997352 -0.795042634 -0.116852701 0.565382838
1403715300262142976.000000 2.629225731 0.018814296 0.008444628 -0.156336129 -0.793809414 -0.120756254 0.575190067
1403715300412143104.000000 2.586893082 0.059435848 0.012676572 -0.149944097 -0.788621306 -0.111404136 0.585817635
1403715300512143104.000000 2.564343929 0.083324745 0.015852138 -0.150834411 -0.786678195 -0.106509522 0.589102924
1403715300662142976.000000 2.541417122 0.115614817 0.019324476 -0.155384853 -0.787263393 -0.103263415 0.587714672
1403715301162142976.000000 2.554031610 0.197800308 0.024487346 -0.154757366 -0.782327652 -0.133611411 0.588354945
1403715335212143104.000000 2.954821110 -1.784743071 0.410253972 -0.812298119 -0.141192332 -0.557342887 0.098007508
1403715374812143104.000000 4.288135529 -0.304932833 0.689137101 -0.500819027 -0.661810279 -0.344770730 0.438543767
1403715413112143104.000000 0.561072886 -0.603350222 0.177894637 0.643833339 0.509988427 0.444836795 -0.357086390
