1403636695863555584.000000 -1.528977752 -4.263566017 3.330211401 -0.556888163 -0.595036387 -0.399112523 0.420138776
1403636696263555584.000000 -1.481958866 -4.207848072 3.279610872 -0.562202632 -0.601141155 -0.396493644 0.406632870
1403636696513555456.000000 -1.470265627 -4.170160770 3.246238947 -0.555286229 -0.585393369 -0.408189893 0.427027881
1403636696763555584.000000 -1.466020584 -4.160867691 3.240994930 -0.560239673 -0.585268915 -0.402826756 0.425819814
1403636697513555456.000000 -1.558117747 -4.227472782 3.258292913 -0.561207354 -0.595542610 -0.404994011 0.407866597
1403636697763555584.000000 -1.648971677 -4.261018276 3.321777105 -0.581241846 -0.577994287 -0.416094244 0.393631935
1403636698013555456.000000 -1.752096057 -4.292606354 3.349642515 -0.609591186 -0.547483146 -0.432980508 0.375750661
1403636698363555584.000000 -1.917545438 -4.326524734 3.336293221 -0.631520569 -0.520487607 -0.447488070 0.360595316
1403636698463555584.000000 -1.965304494 -4.335154533 3.323251963 -0.642156541 -0.509006739 -0.453181535 0.350961030
1403636698713555456.000000 -2.085724592 -4.351764202 3.277783871 -0.673423886 -0.468835890 -0.471562654 0.322988898
1403636698863555584.000000 -2.158670664 -4.357182503 3.239600658 -0.695259035 -0.437351733 -0.482443124 0.304281086
1403636699513555456.000000 -2.437698841 -4.356713295 3.192523479 -0.776120245 -0.280506998 -0.516422331 0.228607222
1403636699613555456.000000 -2.464588165 -4.358457565 3.194021702 -0.784740150 -0.257580459 -0.520322084 0.217025667
1403636700063555584.000000 -2.527127981 -4.392940998 3.152147055 -0.794420004 -0.203031734 -0.546319962 0.170907959
1403636701063555584.000000 -2.519572020 -4.636003017 2.846125126 -0.808804989 -0.154056758 -0.554369330 0.121555209
1403636701263555584.000000 -2.503452778 -4.694417477 2.835261583 -0.813800454 -0.158904672 -0.546043396 0.119644366
1403636701713555456.000000 -2.423662663 -4.801839828 2.871885061 -0.799565017 -0.170075119 -0.561645210 0.127769157
1403636702013555456.000000 -2.363563776 -4.872438431 2.860996008 -0.806844175 -0.139596269 -0.563113689 0.111438058
1403636702413555456.000000 -2.289124250 -4.978173256 2.773051023 -0.818563342 -0.080366671 -0.564932406 0.065929033
1403636702513555456.000000 -2.268944740 -5.003179550 2.740477562 -0.821132183 -0.075536408 -0.562835395 0.057030253
1403636702713555456.000000 -2.222718477 -5.046081066 2.661688328 -0.825052917 -0.072415575 -0.558431268 0.046885900
1403636703113555456.000000 -2.093672276 -5.094630241 2.495188236 -0.824024558 -0.068966746 -0.559760749 0.053805970
1403636703963555584.000000 -1.760701060 -5.211879253 2.440912247 -0.813697875 -0.070884146 -0.573233545 0.065380774
1403636704363555584.000000 -1.620554328 -5.283431530 2.379396439 -0.821299016 -0.079465427 -0.561368465 0.063392982
1403636704563555584.000000 -1.542066336 -5.318019390 2.371330500 -0.825674713 -0.083692022 -0.554705918 0.059651840
1403636705013555456.000000 -1.310922027 -5.359610558 2.331542015 -0.839096963 -0.092041247 -0.533280671 0.055285655
1403636705113555456.000000 -1.242040753 -5.359122753 2.311619759 -0.836333990 -0.093933307 -0.537354112 0.054521769
1403636705363555584.000000 -1.047774076 -5.339518547 2.277699232 -0.817517102 -0.095172532 -0.565170884 0.056478892
1403636705463555584.000000 -0.968175769 -5.325742245 2.271138668 -0.819931567 -0.094793402 -0.561701298 0.056728926
1403636705563555584.000000 -0.887893021 -5.308766365 2.261691093 -0.824178636 -0.095043957 -0.555521786 0.055604331
1403636705763555584.000000 -0.720294595 -5.266620159 2.227682590 -0.823420107 -0.092758499 -0.556887567 0.057021521
1403636705863555584.000000 -0.632629633 -5.241777420 2.209268808 -0.819383800 -0.089726791 -0.562774777 0.061999068
1403636706063555584.000000 -0.456573367 -5.191400528 2.193256378 -0.813458622 -0.076240391 -0.570362449 0.084612533
1403636706163555584.000000 -0.369361877 -5.171390057 2.192390919 -0.810738325 -0.075085990 -0.573790610 0.088486120
1403636706563555584.000000 -0.040924832 -5.115893841 2.133526564 -0.814785480 -0.101197056 -0.567878962 0.058286898
1403636706763555584.000000 0.117330298 -5.078137875 2.121690750 -0.819145262 -0.100765556 -0.561754346 0.057266034
1403636706863555584.000000 0.197640464 -5.055027962 2.124187231 -0.822044432 -0.099899627 -0.557846785 0.055408064
1403636706963555584.000000 0.279567957 -5.029028893 2.130302429 -0.822588384 -0.097654544 -0.557526410 0.054554999
1403636707163555584.000000 0.447611630 -4.968694687 2.147359848 -0.818343282 -0.092745416 -0.564769447 0.052422777
1403636707263555584.000000 0.532278419 -4.935628414 2.156399488 -0.818943501 -0.090105616 -0.564562917 0.049813110
1403636707363555584.000000 0.617504716 -4.898628712 2.171462774 -0.820073187 -0.088727176 -0.563392818 0.046862207
1403636707563555584.000000 0.790115356 -4.813849449 2.225609779 -0.821625769 -0.085052155 -0.561680138 0.047038965
1403636707763555584.000000 0.966204107 -4.719836712 2.272012472 -0.825420856 -0.075330794 -0.556147933 0.060870301
1403636707963555584.000000 1.150801897 -4.627568245 2.274299383 -0.821899056 -0.075393654 -0.560829520 0.065330036
1403636708063555584.000000 1.245750427 -4.582857609 2.261230230 -0.819710374 -0.079561926 -0.563584268 0.064167619
1403636708163555584.000000 1.341191530 -4.538628101 2.243098497 -0.816946089 -0.084177613 -0.567076147 0.062753268
1403636708563555584.000000 1.715801597 -4.382826805 2.160149574 -0.810176492 -0.067957684 -0.574848175 0.092441931
1403636708963555584.000000 2.065668583 -4.297668457 2.110168934 -0.803417206 -0.087070130 -0.586852729 0.050434008
1403636709263555584.000000 2.271808147 -4.220296383 2.103015661 -0.805247366 -0.081466883 -0.585877299 0.041081063
1403636709363555584.000000 2.329638958 -4.188546658 2.109909058 -0.809525847 -0.080394380 -0.580138922 0.040541161
1403636709563555584.000000 2.435668468 -4.115845680 2.107186556 -0.812346578 -0.082038008 -0.576146901 0.037649829
1403636709963555584.000000 2.625178099 -3.927060127 2.066603184 -0.812769890 -0.087183297 -0.574622452 0.040165968
1403636710363555584.000000 2.783557892 -3.683858395 2.042006969 -0.810320497 -0.086311184 -0.576323867 0.061497934
1403636710463555584.000000 2.817543983 -3.617269039 2.019677401 -0.810522676 -0.085546799 -0.574162483 0.077924088
1403636710563555584.000000 2.850695372 -3.552087784 1.993334055 -0.809912562 -0.090527289 -0.572025537 0.092916034
1403636710663555584.000000 2.883420706 -3.490809679 1.963653088 -0.808183074 -0.100131318 -0.571029067 0.103632301
1403636710913555456.000000 2.962361813 -3.355329514 1.898821354 -0.799104810 -0.149313748 -0.570895135 0.114959218
1403636711113555456.000000 3.017353058 -3.256210566 1.876607895 -0.792246163 -0.184545279 -0.569797337 0.116705425
1403636711313555456.000000 3.056874275 -3.154214144 1.868341684 -0.787653387 -0.194984511 -0.571438670 0.122642092
1403636711413555456.000000 3.069549799 -3.101220131 1.869308472 -0.784467757 -0.192216441 -0.575268269 0.129343495
1403636711713555456.000000 3.072570324 -2.946537495 1.889168859 -0.771477044 -0.187595457 -0.594437718 0.127573624
1403636711813555456.000000 3.057775021 -2.896921158 1.897187114 -0.774391472 -0.184981376 -0.591559827 0.127109274
1403636712213555456.000000 2.943863869 -2.720511436 1.960627913 -0.788632452 -0.169697985 -0.572491944 0.146678194
1403636733863555584.000000 -4.787711143 -6.620026112 3.345753431 0.720320344 0.392529458 0.502825201 -0.272444665
