1403715913434057984.000000 15.382228851 -1.526772380 -12.588481903 -0.530172586 -0.596986890 -0.423014164 0.428465635
1403715913684058112.000000 15.232423782 -1.509741426 -12.610562325 -0.479332477 -0.622532010 -0.447867006 0.426742822
1403715914284058112.000000 14.618964195 -1.716852903 -12.626156807 -0.531042695 -0.618783772 -0.407291234 0.411356390
1403715914534057984.000000 14.297207832 -1.830340385 -12.614754677 -0.587922215 -0.601774633 -0.384546846 0.379919112
1403715914784058112.000000 13.983430862 -1.895290375 -12.598935127 -0.651550412 -0.556132615 -0.362722784 0.366920769
1403715915034057984.000000 13.733386993 -1.879824877 -12.587250710 -0.698825479 -0.510280490 -0.336491764 0.371524155
1403715915284058112.000000 13.616241455 -1.771689773 -12.564245224 -0.691079795 -0.500726938 -0.362813652 0.374229372
1403715915534057984.000000 13.598348618 -1.605505347 -12.565024376 -0.648736477 -0.521161497 -0.420877874 0.361100465
1403715915834057984.000000 13.600085258 -1.378662467 -12.652933121 -0.636448324 -0.536607563 -0.426807076 0.353301048
1403715915984058112.000000 13.599382401 -1.253624439 -12.698000908 -0.640239179 -0.540436447 -0.415632606 0.353937745
1403715916084058112.000000 13.600330353 -1.164080262 -12.725136757 -0.637215316 -0.537307978 -0.419526964 0.359519184
1403715916334057984.000000 13.613473892 -0.932768345 -12.792100906 -0.649496675 -0.506875396 -0.445191920 0.350764215
1403715916384058112.000000 13.617624283 -0.886257887 -12.804892540 -0.655451536 -0.496728629 -0.451013803 0.346742690
1403715916484058112.000000 13.627179146 -0.793219328 -12.831151962 -0.670897007 -0.473397762 -0.460019916 0.337895572
1403715916534057984.000000 13.632692337 -0.746894538 -12.844164848 -0.680296838 -0.461206794 -0.463087469 0.331714541
1403715916734057984.000000 13.660646439 -0.566575944 -12.894456863 -0.715787768 -0.407053620 -0.474714726 0.310807288
1403715916834057984.000000 13.680610657 -0.478574514 -12.917203903 -0.730121255 -0.382138908 -0.476160049 0.306862473
1403715916934057984.000000 13.707209587 -0.393911719 -12.935707092 -0.740227878 -0.357661307 -0.477566779 0.309953362
1403715916984058112.000000 13.724143028 -0.353393883 -12.943498611 -0.743488431 -0.347768366 -0.479202151 0.310881734
1403715917184058112.000000 13.821515083 -0.210363448 -12.957033157 -0.729121923 -0.327623397 -0.522729516 0.296307296
1403715917334057984.000000 13.905283928 -0.131868735 -12.959141731 -0.713889599 -0.321187198 -0.564476252 0.261853069
1403715917384058112.000000 13.929839134 -0.110785082 -12.960314751 -0.713169396 -0.317481101 -0.570692956 0.254764020
1403715917434057984.000000 13.952124596 -0.091733307 -12.960987091 -0.714324355 -0.314266592 -0.573370934 0.249445647
1403715918834057984.000000 14.108850479 -0.409773588 -13.214490891 -0.789492428 -0.228287011 -0.539970636 0.181709990
1403715919034057984.000000 14.114660263 -0.549207449 -13.227349281 -0.806623340 -0.245250747 -0.516170919 0.150925621
1403715919534057984.000000 14.210089684 -0.712315679 -13.174871445 -0.781078875 -0.267773002 -0.546816587 0.138582751
1403715919934057984.000000 14.274559021 -0.683010459 -13.308262825 -0.779109001 -0.262808830 -0.550396323 0.144860774
1403715919984058112.000000 14.279785156 -0.672398746 -13.327880859 -0.782469332 -0.263154775 -0.545339108 0.145246372
1403715920134057984.000000 14.293822289 -0.629085958 -13.365238190 -0.789923012 -0.263819098 -0.533351541 0.148180291
1403715920234057984.000000 14.302974701 -0.591637194 -13.372626305 -0.792649627 -0.262162596 -0.528470218 0.153936833
1403715920334057984.000000 14.315412521 -0.545717537 -13.363770485 -0.789038658 -0.259756804 -0.531066000 0.167072728
1403715920384058112.000000 14.322323799 -0.520931602 -13.355282784 -0.786691964 -0.259521723 -0.532831371 0.172786087
1403715920534057984.000000 14.345541954 -0.444151312 -13.324340820 -0.776301622 -0.255669177 -0.543414712 0.191545144
1403715920634057984.000000 14.362084389 -0.394643277 -13.304381371 -0.768783271 -0.252805948 -0.551737547 0.201611161
1403715920734057984.000000 14.377356529 -0.349185139 -13.281392097 -0.760676026 -0.252713829 -0.559892535 0.209828958
1403715920784058112.000000 14.383601189 -0.328480780 -13.265691757 -0.757076085 -0.254315287 -0.562215924 0.214645937
1403715920934057984.000000 14.395264626 -0.274949193 -13.205144882 -0.753025770 -0.268169224 -0.556765020 0.225942820
1403715921034057984.000000 14.397556305 -0.248575613 -13.154019356 -0.757860422 -0.281307369 -0.539923668 0.234512866
1403715921134057984.000000 14.400002480 -0.228238240 -13.097848892 -0.759610772 -0.297546178 -0.526418149 0.239461362
1403715921434057984.000000 14.424568176 -0.187564984 -12.931815147 -0.751749933 -0.335046530 -0.517914295 0.233196616
1403715921634057984.000000 14.449033737 -0.158693045 -12.812363625 -0.749395728 -0.342806458 -0.517983675 0.229309201
1403715921684058112.000000 14.455528259 -0.149324477 -12.775968552 -0.750191450 -0.342411548 -0.516929209 0.229676738
1403715921734057984.000000 14.462096214 -0.139348179 -12.738340378 -0.750665486 -0.341420591 -0.516578555 0.230391085
1403715921984058112.000000 14.498473167 -0.082973808 -12.566679001 -0.753064573 -0.328740627 -0.515733838 0.242573708
1403715922084058112.000000 14.516035080 -0.059667930 -12.509122849 -0.751729906 -0.327510893 -0.519260347 0.240847155
1403715922134057984.000000 14.525328636 -0.048147425 -12.478241920 -0.750287414 -0.325301707 -0.522045493 0.242314056
1403715922184058112.000000 14.534881592 -0.036918022 -12.444594383 -0.748206854 -0.323512256 -0.525513291 0.243643329
1403715922484058112.000000 14.586028099 0.016223215 -12.201708794 -0.738092124 -0.324506223 -0.540083170 0.241300553
1403715922534057984.000000 14.592072487 0.021830544 -12.161334991 -0.738322377 -0.324288875 -0.539419353 0.242370874
1403715922584058112.000000 14.597310066 0.026780099 -12.121802330 -0.738154352 -0.322631240 -0.539308012 0.245324686
1403715922784058112.000000 14.611971855 0.034783859 -11.989830017 -0.736692667 -0.323313504 -0.539967835 0.247360319
1403715922984058112.000000 14.616424561 0.030396920 -11.916923523 -0.735700369 -0.331566483 -0.540476024 0.238105863
1403715923034057984.000000 14.615625381 0.028664954 -11.903759003 -0.735388398 -0.332902819 -0.540675521 0.236748129
1403715923134057984.000000 14.610375404 0.023821156 -11.877797127 -0.736629069 -0.335078448 -0.538743019 0.234213695
1403715923584058112.000000 14.550888062 0.004944980 -11.698633194 -0.755710185 -0.319424927 -0.508969009 0.260423183
1403715923834057984.000000 14.538381577 -0.018297240 -11.714769363 -0.752519548 -0.309159100 -0.511288106 0.276982754
1403715923884058112.000000 14.539258957 -0.026600603 -11.731041908 -0.748549104 -0.308589339 -0.516668975 0.278388560
1403715923984058112.000000 14.544510841 -0.047609113 -11.771514893 -0.740121067 -0.308440238 -0.528087556 0.279658765
1403715924084058112.000000 14.552042007 -0.076148987 -11.824208260 -0.733923078 -0.311778545 -0.536943436 0.275395840
1403715924184058112.000000 14.558758736 -0.112943932 -11.883080482 -0.730959356 -0.316950142 -0.541171730 0.269024700
1403715924284058112.000000 14.563740730 -0.156880230 -11.942225456 -0.732150078 -0.321705014 -0.539847255 0.262730211
1403715924384058112.000000 14.566025734 -0.206643641 -11.999515533 -0.735530496 -0.326694787 -0.535757899 0.255399585
1403715924484058112.000000 14.566153526 -0.259404898 -12.055942535 -0.742562175 -0.329559416 -0.526519239 0.250538379
1403715924584058112.000000 14.566351891 -0.313491106 -12.110775948 -0.749535978 -0.331065565 -0.517707109 0.246111229
1403715924684058112.000000 14.568537712 -0.368329227 -12.164796829 -0.756691098 -0.322834313 -0.510714650 0.249734476
1403715924734057984.000000 14.571391106 -0.396387190 -12.191464424 -0.759618938 -0.315364391 -0.510432005 0.250965118
1403715924834057984.000000 14.582111359 -0.453635007 -12.243754387 -0.764974594 -0.297832549 -0.513934314 0.248960435
1403715924934057984.000000 14.598553658 -0.515408516 -12.294680595 -0.770023406 -0.276100785 -0.522375584 0.240740687
1403715925034057984.000000 14.619849205 -0.583023548 -12.342138290 -0.770266593 -0.253253102 -0.540188253 0.225275204
1403715925134057984.000000 14.642485619 -0.656493366 -12.379131317 -0.767118216 -0.230766430 -0.562364519 0.204993978
1403715925234057984.000000 14.661870003 -0.736630440 -12.403666496 -0.769595623 -0.206220686 -0.574909449 0.186211690
1403715925334057984.000000 14.675949097 -0.822846353 -12.415937424 -0.779087842 -0.178865969 -0.576133788 0.170584261
1403715925434057984.000000 14.685927391 -0.914596677 -12.420996666 -0.792495608 -0.149502635 -0.570247769 0.156259701
1403715925534057984.000000 14.693094254 -1.011829853 -12.425478935 -0.805902183 -0.121212609 -0.562244236 0.140394703
1403715925634057984.000000 14.700232506 -1.115079045 -12.429477692 -0.813994706 -0.094102278 -0.560090482 0.121885583
1403715925734057984.000000 14.709290504 -1.224179268 -12.432322502 -0.817026198 -0.066652939 -0.563510478 0.102378748
1403715925834057984.000000 14.719677925 -1.338284373 -12.435864449 -0.818610430 -0.038660858 -0.567072213 0.082531251
1403715925884058112.000000 14.725139618 -1.397240162 -12.437844276 -0.818242192 -0.024882056 -0.569836915 0.071739994
1403715925984058112.000000 14.735841751 -1.518761516 -12.442138672 0.816412985 -0.001242877 0.575579762 -0.046650879
1403715926084058112.000000 14.746099472 -1.644165158 -12.449469566 0.810391009 -0.032366715 0.584414482 -0.026051596
1403715926184058112.000000 14.752985954 -1.772830963 -12.467620850 0.801112354 -0.066536300 0.594779074 -0.005450686
1403715926284058112.000000 14.752000809 -1.904786587 -12.500029564 0.792468727 -0.100586869 0.601323187 0.016911842
1403715926384058112.000000 14.742754936 -2.040011168 -12.541991234 0.783540428 -0.131280005 0.605665982 0.044708256
1403715926484058112.000000 14.723063469 -2.176099062 -12.585964203 0.771474421 -0.156506941 0.611738980 0.078155771
1403715926584058112.000000 14.691275597 -2.311076164 -12.632193565 0.764362335 -0.182057977 0.608928502 0.108679034
1403715926634057984.000000 14.670869827 -2.377181053 -12.656311989 0.764215410 -0.195764989 0.602360368 0.121708564
1403715926734057984.000000 14.623641968 -2.506497145 -12.703824043 0.765876889 -0.223801285 0.585181117 0.144598573
1403715926834057984.000000 14.569636345 -2.631320953 -12.745791435 0.768784702 -0.245639980 0.565265417 0.170605287
1403715926934057984.000000 14.511962891 -2.749716043 -12.774483681 0.769404292 -0.265841961 0.548352063 0.191455424
1403715927034057984.000000 14.455460548 -2.862473011 -12.789329529 0.766090572 -0.284733832 0.537432551 0.207841963
1403715927134057984.000000 14.401345253 -2.970134258 -12.797770500 0.756034195 -0.300168306 0.535929680 0.226032883
1403715927184058112.000000 14.374608994 -3.022065639 -12.801727295 0.751174390 -0.302934945 0.534494638 0.241418451
1403715927284058112.000000 14.323340416 -3.119045734 -12.810026169 0.741731107 -0.307502657 0.530175626 0.272380143
1403715927484058112.000000 14.235391617 -3.273261786 -12.820697784 0.709803879 -0.324415684 0.539042473 0.316806287
1403715927534057984.000000 14.215653419 -3.301484108 -12.823278427 0.698421001 -0.335411519 0.545725644 0.319203466
1403715927684058112.000000 14.152145386 -3.357954979 -12.831692696 0.664651334 -0.372427642 0.557687283 0.329425663
1403715927884058112.000000 14.048202515 -3.374123335 -12.850306511 0.637487590 -0.423336774 0.526678503 0.370142311
1403715927984058112.000000 13.990034103 -3.356043577 -12.862584114 0.625812232 -0.450730920 0.499565184 0.394506454
1403715928034057984.000000 13.960828781 -3.341102839 -12.871232986 0.618021667 -0.466345966 0.486300945 0.405070454
1403715928134057984.000000 13.903877258 -3.300497055 -12.898814201 0.597592652 -0.504040658 0.463235080 0.417419881
1403715928334057984.000000 13.798848152 -3.188198090 -12.986680984 0.536490440 -0.570694685 0.428328484 0.450577796
1403715928384058112.000000 13.774477959 -3.154041052 -13.011775017 0.518838525 -0.581881166 0.421642601 0.463075012
1403715928434057984.000000 13.751039505 -3.116916180 -13.037582397 0.501481533 -0.593566895 0.415467590 0.472843796
1403715928534057984.000000 13.706868172 -3.033222198 -13.092306137 0.474603623 -0.621174753 0.397137374 0.480806857
1403715928634057984.000000 13.666006088 -2.938622475 -13.144579887 0.456937492 -0.646016359 0.377900362 0.480689436
1403715928734057984.000000 13.627290726 -2.836020708 -13.184811592 0.453809828 -0.664857507 0.354869097 0.475488394
1403715928834057984.000000 13.591258049 -2.731406212 -13.209469795 0.464188129 -0.685268104 0.329001188 0.454637468
1403715928934057984.000000 13.555112839 -2.631862640 -13.206360817 0.482634127 -0.697098434 0.312925577 0.428013623
1403715929034057984.000000 13.516441345 -2.546220064 -13.175948143 0.505187869 -0.700309813 0.305405557 0.401346415
1403715929134057984.000000 13.471104622 -2.479399920 -13.125809669 0.525478125 -0.698379278 0.301935911 0.380754501
1403715929184058112.000000 13.446319580 -2.453374863 -13.099687576 0.535301566 -0.696035504 0.299935907 0.372861028
1403715929284058112.000000 13.392316818 -2.418751001 -13.050016403 0.555600584 -0.682870746 0.294260085 0.372030377
1403715929384058112.000000 13.335799217 -2.407032013 -13.004649162 0.574766815 -0.650357366 0.289596319 0.403500229
1403715929884058112.000000 13.327320099 -2.529144287 -12.831906319 0.552913904 -0.605690122 0.330313772 0.467245787
1403715930334057984.000000 13.560043335 -2.682456970 -12.813041687 0.462471962 -0.653146505 0.431083530 0.416757047
1403715951934057984.000000 15.839770317 -2.561370611 -12.410106659 -0.867126822 -0.197736382 -0.440035284 0.123936452
1403715962584058112.000000 14.693563461 -3.223417997 -12.197675705 -0.122938439 -0.743428171 -0.032481156 0.656616986
