1413394927955760384.000000 -0.307724625 -0.343040854 1.531043887 -0.472613364 -0.671977580 -0.328362882 0.466112226
1413394928055760384.000000 -0.327842057 -0.232197657 1.543164372 -0.468434244 -0.671869397 -0.331838787 0.468021333
1413394928305760512.000000 -0.392749369 0.036873825 1.549069285 -0.437574863 -0.663304508 -0.371841997 0.479884326
1413394928605760512.000000 -0.509828806 0.283886135 1.561146259 -0.459368378 -0.652381361 -0.347785294 0.492366344
1413394928905760512.000000 -0.629141927 0.467356324 1.578777313 -0.465042025 -0.654831827 -0.349415660 0.482534915
1413394929205760512.000000 -0.750167012 0.613746762 1.539290428 -0.460581183 -0.644362569 -0.358938932 0.493786067
1413394929705760512.000000 -0.905208468 0.721738517 1.504217386 -0.487121999 -0.654923558 -0.323966891 0.478364617
1413394929955760384.000000 -0.950940192 0.765248418 1.482905865 -0.478488058 -0.654078841 -0.338781118 0.477972269
1413394930705760512.000000 -1.022967696 0.717628837 1.283449411 -0.533987582 -0.686545670 -0.261538208 0.418461531
1413394930755760384.000000 -1.020884991 0.720574558 1.264663935 -0.530814290 -0.691427588 -0.267098039 0.410880476
1413394930855760384.000000 -1.019080877 0.743870020 1.230620146 -0.510282636 -0.686594069 -0.300887585 0.421505451
1413394931305760512.000000 -1.050890803 0.869257092 1.187385440 -0.452958763 -0.624084711 -0.387228429 0.505371928
1413394931505760512.000000 -1.069099784 0.848502278 1.251883507 -0.465096861 -0.629051089 -0.377055854 0.495790780
1413394931805760512.000000 -1.105832338 0.757201374 1.292681932 -0.457501352 -0.682531834 -0.358243912 0.443287939
1413394932005760512.000000 -1.177650571 0.693709016 1.289555192 -0.416597366 -0.710623562 -0.321796000 0.466806412
1413394932105760512.000000 -1.230018973 0.661379814 1.298747540 -0.388779998 -0.715022027 -0.295877934 0.500050008
1413394932205760512.000000 -1.287529111 0.627376437 1.323082089 -0.360318124 -0.718060970 -0.264276862 0.533588946
1413394932255760384.000000 -1.316371560 0.609816313 1.339553833 -0.348033518 -0.719644547 -0.244461775 0.548837781
1413394932355760384.000000 -1.369918585 0.573971391 1.379573822 -0.316027343 -0.722870409 -0.214003667 0.576010048
1413394932855760384.000000 -1.477083325 0.345434129 1.481878877 -0.152916312 -0.775525808 -0.120777115 0.600490868
1413394932905760512.000000 -1.473610401 0.316437781 1.486653090 -0.143601477 -0.786059678 -0.108554654 0.591358364
1413394933005760512.000000 -1.464920521 0.258210182 1.494385481 -0.126074180 -0.803062439 -0.086517721 0.575943291
1413394933305760512.000000 -1.453424335 0.090724923 1.476203203 -0.059753824 -0.815123081 -0.033775322 0.575206995
1413394933355760384.000000 -1.453304648 0.064277992 1.464849830 -0.047665119 -0.814040124 -0.027148951 0.578212380
1413394933555760384.000000 -1.453905225 -0.038619787 1.392877340 -0.004950933 -0.809614778 0.000452171 0.586940646
1413394933655760384.000000 -1.454602242 -0.089202225 1.351521015 0.015299988 -0.804312289 0.015908219 0.593796849
1413394933755760384.000000 -1.453924179 -0.138436228 1.315623879 0.033727366 -0.795299828 0.030655721 0.604500473
1413394933855760384.000000 -1.448129058 -0.185767293 1.283488393 0.048019174 -0.790192783 0.041707136 0.609549105
1413394934205760512.000000 -1.396621108 -0.348774999 1.194353938 0.116111882 -0.792388439 0.090198547 0.592032850
1413394934305760512.000000 -1.379153132 -0.396333694 1.166799664 0.141282827 -0.784706056 0.108480997 0.593723357
1413394934355760384.000000 -1.369157195 -0.419961393 1.148266554 0.154167295 -0.784114897 0.119289294 0.589208245
1413394934455760384.000000 -1.346734881 -0.465890259 1.102511048 0.175816685 -0.786365628 0.143300027 0.574615300
1413394934555760384.000000 -1.324453354 -0.508320570 1.046500206 0.194973931 -0.786489010 0.157062739 0.564580798
1413394934655760384.000000 -1.304191589 -0.547926843 0.989504933 0.213259786 -0.784281850 0.161378562 0.559802949
1413394934755760384.000000 -1.282506704 -0.583287895 0.944008291 0.222785562 -0.781193018 0.168510407 0.558308482
1413394934905760512.000000 -1.248963594 -0.631112397 0.903742194 0.228000373 -0.776986897 0.175539732 0.559904397
1413394935105760512.000000 -1.208477736 -0.689562678 0.903066635 0.222963840 -0.770750046 0.181120127 0.568706512
1413394935455760384.000000 -1.124675751 -0.749807239 0.891212285 0.192776814 -0.763218641 0.163620308 0.594611466
1413394935705760512.000000 -1.036026359 -0.765262306 0.824596882 0.188331366 -0.779506624 0.142986566 0.580047965
1413394935755760384.000000 -1.014700294 -0.766717613 0.816698313 0.187198281 -0.779945791 0.140309215 0.580478013
1413394935855760384.000000 -0.974494100 -0.771140873 0.814187050 0.184281498 -0.779135525 0.138371155 0.582959294
1413394935955760384.000000 -0.931414723 -0.775262237 0.817411363 0.182034597 -0.782548487 0.136254922 0.579582572
1413394936205760512.000000 -0.816473782 -0.791602969 0.773652732 0.212798312 -0.803056657 0.143751591 0.537728786
1413394936305760512.000000 -0.774559498 -0.806315005 0.745893180 0.242295250 -0.790100813 0.163397089 0.538827598
1413394936405760512.000000 -0.734023333 -0.825825512 0.719919205 0.279232651 -0.767077327 0.192113131 0.544714689
1413394936505760512.000000 -0.693048060 -0.848639250 0.697788060 0.325431585 -0.741648734 0.218818858 0.544214845
1413394936605760512.000000 -0.648753166 -0.873421371 0.679886699 0.373255193 -0.718170166 0.241252348 0.535452724
1413394936705760512.000000 -0.600226223 -0.899644494 0.664894521 0.410329819 -0.702377915 0.266871750 0.516792178
1413394936805760512.000000 -0.548400462 -0.927886188 0.654196501 0.440817088 -0.687165797 0.288235486 0.500403762
1413394936905760512.000000 -0.492874712 -0.958534181 0.646475315 0.468798906 -0.672387540 0.304417849 0.485234499
1413394937005760512.000000 -0.433432996 -0.992765784 0.639289379 0.497592777 -0.657360196 0.318054914 0.468102664
1413394937105760512.000000 -0.370134622 -1.032082319 0.633388877 0.527432263 -0.640327990 0.331332058 0.449460149
1413394937205760512.000000 -0.303633928 -1.077337623 0.628202617 0.553528011 -0.621418715 0.345679373 0.433533609
1413394937305760512.000000 -0.235222101 -1.128239989 0.621778309 0.569589496 -0.612481594 0.362228781 0.411368877
1413394937455760384.000000 -0.133953780 -1.217904925 0.614933431 0.580256879 -0.602107644 0.382308245 0.393203318
1413394937555760384.000000 -0.069522649 -1.285753012 0.610661387 0.583145380 -0.596313417 0.389904290 0.390290290
1413394937655760384.000000 -0.007166527 -1.359056592 0.606018782 0.582480073 -0.592783272 0.395235211 0.391297877
1413394937755760384.000000 0.053170241 -1.437194109 0.603155673 0.577663600 -0.592434108 0.401154190 0.392940104
1413394937855760384.000000 0.110390685 -1.518044114 0.601485491 0.570266664 -0.596956789 0.403543830 0.394450217
1413394937955760384.000000 0.162398636 -1.601716399 0.601341367 0.557902575 -0.609619498 0.402770370 0.393554151
1413394938055760384.000000 0.208251670 -1.688923717 0.606785059 0.543110430 -0.627273679 0.400906473 0.388372123
1413394938155760384.000000 0.245252997 -1.780738950 0.623555005 0.530018568 -0.643650293 0.397797823 0.382820457
1413394938255760384.000000 0.269042462 -1.879550219 0.655662179 0.517763138 -0.656139255 0.392151177 0.384213626
1413394938355760384.000000 0.277696818 -1.983865142 0.708122313 0.509838402 -0.658801913 0.379098922 0.402900487
1413394938455760384.000000 0.275553137 -2.092157841 0.773244560 0.496427000 -0.660334170 0.371333241 0.423828661
1413394938555760384.000000 0.266157955 -2.201898336 0.838427901 0.486071259 -0.663274050 0.355155408 0.444597483
1413394938655760384.000000 0.253138900 -2.311535120 0.891410470 0.473943800 -0.674984515 0.332553297 0.457363665
1413394938755760384.000000 0.238085032 -2.422126055 0.932289541 0.455705732 -0.692781448 0.311364383 0.464153528
1413394938855760384.000000 0.221418828 -2.534374475 0.962791026 0.427668124 -0.714662552 0.296900868 0.467126578
1413394938955760384.000000 0.201212049 -2.648108006 0.982926905 0.383286476 -0.738233745 0.295899987 0.469622940
1413394939055760384.000000 0.173158824 -2.759798527 0.993852675 0.330834866 -0.757519960 0.297685385 0.477593184
1413394939155760384.000000 0.134338915 -2.865422964 0.995638490 0.283645928 -0.771546662 0.289981633 0.490072906
1413394939255760384.000000 0.084703825 -2.962033033 0.988941073 0.250763983 -0.781627238 0.268138915 0.504259527
1413394939355760384.000000 0.025440648 -3.049270868 0.975633323 0.229589000 -0.787781358 0.241567105 0.518010378
1413394939455760384.000000 -0.041828267 -3.127630949 0.967670798 0.228324339 -0.788714051 0.205541521 0.532495022
1413394939655760384.000000 -0.186246440 -3.275363684 0.996924400 0.219936639 -0.785473228 0.175558180 0.551215887
1413394939755760384.000000 -0.259543270 -3.346024036 1.028858066 0.195824116 -0.791138530 0.185520351 0.548939884
1413394939855760384.000000 -0.336257994 -3.409852266 1.065202475 0.165544167 -0.799141467 0.197571680 0.543077648
1413394940055760384.000000 -0.508182704 -3.508826017 1.115879655 0.164471179 -0.816549778 0.141776592 0.534878671
1413394940255760384.000000 -0.700276077 -3.593229771 1.119789481 0.125865743 -0.823117614 0.111562021 0.542392075
1413394940355760384.000000 -0.805675745 -3.633099318 1.105635524 0.095792048 -0.820328772 0.097308636 0.555351853
1413394940455760384.000000 -0.912898839 -3.669059753 1.083393693 0.062893562 -0.818559647 0.080174223 0.565311074
1413394940555760384.000000 -1.021071672 -3.699908018 1.061209083 0.036605645 -0.816773117 0.053060878 0.573346674
1413394940655760384.000000 -1.129819274 -3.727625132 1.043203712 0.021709071 -0.816577852 0.013182614 0.576676428
1413394940755760384.000000 -1.237958193 -3.758029461 1.032999277 0.010911767 -0.816913545 -0.020172555 0.576304078
1413394940855760384.000000 -1.345571280 -3.796536207 1.036426425 -0.003288155 -0.816679418 -0.030591674 0.576270759
1413394941005760512.000000 -1.506967068 -3.865871191 1.065813065 -0.036430452 -0.820168376 -0.010563820 0.570863545
1413394941205760512.000000 -1.725591660 -3.946502924 1.116325617 -0.088298008 -0.831714749 0.018993648 0.547807753
1413394941505760512.000000 -2.094528913 -3.974022865 1.223426938 -0.081665725 -0.841424048 -0.017164022 0.533893049
1413394941605760512.000000 -2.234392405 -3.963561058 1.266273499 -0.061487146 -0.839519560 -0.047519639 0.537743628
1413394941705760512.000000 -2.381675243 -3.953662872 1.308854580 -0.056323294 -0.834190369 -0.066768952 0.544514537
1413394941805760512.000000 -2.535311222 -3.948609114 1.350062132 -0.064736091 -0.826181233 -0.072014630 0.555020511
1413394941905760512.000000 -2.691934586 -3.948747873 1.388042808 -0.093964092 -0.819062054 -0.047211818 0.563984990
1413394942005760512.000000 -2.848981142 -3.947456360 1.425607920 -0.130508289 -0.812699974 -0.010949245 0.567773223
1413394942105760512.000000 -3.004721642 -3.933941841 1.465914369 -0.163278550 -0.805850029 0.022645822 0.568711877
1413394942205760512.000000 -3.156018257 -3.897805691 1.510292292 -0.192732364 -0.799707174 0.045605816 0.566782951
1413394942305760512.000000 -3.300650120 -3.829956293 1.560301185 -0.219949335 -0.795036793 0.054395001 0.562654376
1413394942405760512.000000 -3.435820818 -3.727163315 1.615596652 -0.241413713 -0.791070759 0.042408764 0.560471296
1413394942505760512.000000 -3.563735247 -3.590718031 1.670142531 -0.260350883 -0.784579635 0.014809661 0.562523842
1413394942605760512.000000 -3.682662964 -3.429455042 1.709486246 -0.282150447 -0.775543332 -0.017049784 0.564476013
1413394942705760512.000000 -3.791722298 -3.247931242 1.731029749 -0.303604096 -0.762526631 -0.055753037 0.568567693
1413394942805760512.000000 -3.889121294 -3.051291227 1.737535954 -0.307610661 -0.747656822 -0.121691689 0.575826526
1413394942905760512.000000 -3.974899530 -2.850035191 1.726696968 -0.299456090 -0.727775991 -0.201785058 0.583053112
1413394943005760512.000000 -4.051197052 -2.657083511 1.695104837 -0.296154022 -0.704083562 -0.270722419 0.585891247
1413394943105760512.000000 -4.120605946 -2.481079340 1.647794724 -0.307027638 -0.682190478 -0.318390071 0.582218111
1413394943205760512.000000 -4.184247017 -2.329236507 1.591354012 -0.326214194 -0.661315024 -0.354775995 0.574787617
1413394943305760512.000000 -4.242094517 -2.206568718 1.527022481 -0.350505143 -0.641806960 -0.383169562 0.564279318
1413394943405760512.000000 -4.295586586 -2.118523836 1.466858506 -0.377731740 -0.626047492 -0.403869092 0.549793601
1413394943605760512.000000 -4.398061275 -2.046952724 1.381114960 -0.434730262 -0.615092039 -0.427903444 0.499569893
1413394943705760512.000000 -4.455096245 -2.052693605 1.350786686 -0.469947129 -0.617637634 -0.415358573 0.474500567
1413394943805760512.000000 -4.517261505 -2.072778940 1.320654511 -0.498658061 -0.612820923 -0.401667595 0.463091612
1413394943955760384.000000 -4.613849640 -2.116391420 1.264155507 -0.530134618 -0.597321272 -0.375290304 0.470448524
1413394944105760512.000000 -4.700356483 -2.170616388 1.205700278 -0.537949502 -0.599826396 -0.370738268 0.461921781
1413394944605760512.000000 -4.902095795 -2.330641747 1.153326869 -0.591523290 -0.606349885 -0.356452435 0.394185036
1413394944705760512.000000 -4.930604935 -2.338674307 1.140792012 -0.622993469 -0.591738462 -0.350102901 0.373031706
1413394944755760384.000000 -4.942631721 -2.337065697 1.131042004 -0.638906837 -0.582471967 -0.349123210 0.361438036
1413394944805760512.000000 -4.953146935 -2.331522703 1.119432330 -0.654904008 -0.571343541 -0.349574417 0.349950045
1413394944855760384.000000 -4.961620808 -2.321065903 1.106643200 -0.669770002 -0.558674812 -0.352310926 0.339363724
1413394944905760512.000000 -4.967755318 -2.305661917 1.092886209 -0.683254480 -0.544559300 -0.357603997 0.329754442
1413394944955760384.000000 -4.971382141 -2.285176277 1.077955604 -0.696099997 -0.528601408 -0.364983261 0.320644021
