1403715284612143104.000000 -0.352830619 0.967452645 0.885652423 -0.534778595 -0.624592245 -0.358505398 0.442007035
1403715284862142976.000000 -0.381898701 1.008657336 0.873368502 -0.526954353 -0.625300765 -0.368839592 0.441899776
1403715285112143104.000000 -0.405474991 1.042191505 0.869276643 -0.551114976 -0.589966536 -0.389647096 0.443155557
1403715285362142976.000000 -0.419605255 1.052165985 0.883980811 -0.592038274 -0.563864887 -0.394595206 0.419334859
1403715285612143104.000000 -0.420846760 1.057026148 0.966682911 -0.612512589 -0.555015802 -0.388574481 0.407180220
1403715285862142976.000000 -0.396001428 1.075288296 1.061311483 -0.613854885 -0.552896380 -0.395309150 0.401520312
1403715286112143104.000000 -0.351365924 1.108213544 1.140014768 -0.607014477 -0.562480688 -0.407491952 0.386133701
1403715286362142976.000000 -0.306488991 1.157046080 1.200749040 -0.609863520 -0.560746849 -0.404792100 0.387005121
1403715286862142976.000000 -0.221167743 1.296477556 1.286638975 -0.618578017 -0.538929939 -0.429273367 0.377677292
1403715286912143104.000000 -0.213942349 1.310459137 1.292114735 -0.622768521 -0.537739813 -0.429458439 0.372237623
1403715287012143104.000000 -0.200978458 1.339120984 1.303919911 -0.629028380 -0.535134971 -0.431129426 0.363430053
1403715288262142976.000000 -0.093498766 1.664374113 1.492064476 -0.708403826 -0.399681062 -0.496882766 0.302533507
1403715288512143104.000000 -0.058224406 1.687166691 1.464999795 -0.716721237 -0.386304468 -0.501670003 0.292244405
1403715288912143104.000000 0.005990129 1.699523807 1.498547435 -0.717311203 -0.390251160 -0.502841592 0.283406317
1403715289212143104.000000 0.059431870 1.697044492 1.441709518 -0.728572905 -0.375644803 -0.510587931 0.259562194
1403715289562142976.000000 0.106932029 1.701670170 1.331854105 -0.751042128 -0.338054508 -0.519759059 0.226948306
1403715289862142976.000000 0.137512952 1.730757594 1.226732254 -0.765415311 -0.312701315 -0.521575630 0.210514218
1403715290262142976.000000 0.173354134 1.817223310 1.220270514 -0.760558367 -0.326951116 -0.516232133 0.219450086
1403715290512143104.000000 0.200562492 1.900599360 1.253178000 -0.763884723 -0.334118903 -0.502843738 0.228019625
1403715290912143104.000000 0.263852149 2.069648504 1.280642271 -0.756721020 -0.325334936 -0.515313029 0.236607313
1403715291412143104.000000 0.360552192 2.260949373 1.276978135 -0.769628644 -0.280116230 -0.518344581 0.246019468
1403715291562142976.000000 0.402167261 2.295967817 1.263056159 -0.777232707 -0.271158487 -0.517369926 0.233903572
1403715292012143104.000000 0.579373062 2.361634493 1.213490605 -0.784835935 -0.266200602 -0.525825560 0.191513374
1403715292412143104.000000 0.764028192 2.446493626 1.159950137 -0.770437241 -0.310949445 -0.515875280 0.208829448
1403715292512143104.000000 0.810450554 2.477961540 1.148616910 -0.761410475 -0.332396328 -0.510617852 0.221441105
1403715293112143104.000000 1.020608425 2.702441216 1.189482689 -0.673025370 -0.460309684 -0.476168811 0.329264700
1403715293712143104.000000 1.140596986 2.880244017 1.377057433 -0.604282856 -0.544013262 -0.423149645 0.399795353
1403715294062142976.000000 1.212288380 2.945516109 1.474640012 -0.566787481 -0.589585245 -0.390076965 0.423061639
1403715294362142976.000000 1.275096416 2.992547512 1.459928989 -0.521864295 -0.620029449 -0.363518685 0.459429353
1403715294612143104.000000 1.334187627 3.015471935 1.390692115 -0.483158380 -0.654223740 -0.336472809 0.474695086
1403715295112143104.000000 1.441096902 3.044246435 1.260047555 -0.398770481 -0.713362575 -0.283456534 0.501745403
1403715295462142976.000000 1.494066954 3.050960779 1.236768723 -0.339128226 -0.741139591 -0.235812709 0.529241621
1403715295712143104.000000 1.535412073 3.047029972 1.231891155 -0.293971837 -0.759326518 -0.215067372 0.539212286
1403715296012143104.000000 1.587691426 3.025320768 1.165191054 -0.262287557 -0.763873458 -0.182870194 0.560590029
1403715296612143104.000000 1.745396256 3.009518147 1.037784338 -0.219117254 -0.803867877 -0.121511310 0.539461851
1403715296762142976.000000 1.779414058 3.036917210 1.042092085 -0.204559848 -0.801457047 -0.124239355 0.548075318
1403715297212143104.000000 1.852923393 3.134856701 1.032972574 -0.151199013 -0.818927765 -0.083924405 0.547222912
1403715297312143104.000000 1.860884666 3.158975601 1.023708344 -0.132902712 -0.826205254 -0.062465362 0.543893337
1403715297462142976.000000 1.863345742 3.206280470 1.007459879 -0.098132595 -0.830888510 -0.042035826 0.546101928
1403715297762142976.000000 1.832291603 3.334880829 0.978537977 -0.050362062 -0.836936474 0.000382313 0.544977963
1403715298212143104.000000 1.717454195 3.590669155 0.969157815 0.050982740 -0.798359454 0.030187633 0.599259377
1403715298662142976.000000 1.693188906 3.796011686 0.974260867 0.131429389 -0.803497016 0.015218627 0.580419898
1403715298912143104.000000 1.711009383 3.807172537 0.993108332 0.117929272 -0.813846231 0.032622784 0.568051755
1403715299212143104.000000 1.729189992 3.743672848 1.015821099 0.117709428 -0.826685905 0.088224784 0.543094277
1403715299662142976.000000 1.651914954 3.617240429 1.055568576 0.196320519 -0.805194438 0.153525919 0.538098574
1403715300112143104.000000 1.490033627 3.497401714 1.072996140 0.297582358 -0.760437250 0.225230947 0.531461120
1403715300262142976.000000 1.429015636 3.467059135 1.076580048 0.321484178 -0.742674947 0.227450684 0.541616201
1403715300712143104.000000 1.293071032 3.416377783 1.089575768 0.316518307 -0.738510311 0.249242961 0.540644705
1403715300862142976.000000 1.262295246 3.420991182 1.094037533 0.314038128 -0.738656223 0.244282305 0.544144571
1403715301112143104.000000 1.228673458 3.449335098 1.095780969 0.316307127 -0.734458804 0.227547899 0.555645645
1403715301262142976.000000 1.224764705 3.473841667 1.093943834 0.318641245 -0.728646576 0.217895970 0.565741360
1403715301762142976.000000 1.337482929 3.576795101 1.047407985 0.310339332 -0.753597319 0.223919451 0.534453630
1403715302062142976.000000 1.438545704 3.645795345 1.013388515 0.312715203 -0.751456439 0.208128572 0.542406499
1403715302562142976.000000 1.653074861 3.707981825 0.996620178 0.298891425 -0.766532123 0.197196066 0.533109963
1403715303012143104.000000 1.837896228 3.691546917 0.984108448 0.295965195 -0.782421768 0.206607491 0.507478237
1403715303162142976.000000 1.878638387 3.672381401 0.972545564 0.319036931 -0.775806010 0.217514828 0.499026924
1403715303462142976.000000 1.930431604 3.603358507 0.961536527 0.389213890 -0.727019429 0.258045942 0.503356338
1403715303612143104.000000 1.955647230 3.560444593 0.957626641 0.422351271 -0.705262423 0.281278878 0.495082378
1403715303762142976.000000 1.985054016 3.514981031 0.954692662 0.447167426 -0.685137808 0.314111501 0.481623828
1403715303912143104.000000 2.017108679 3.472582579 0.951985776 0.468506038 -0.664632618 0.342947960 0.470268399
1403715304012143104.000000 2.037731886 3.447746038 0.949895084 0.478364855 -0.655274570 0.354852200 0.464609891
1403715304112143104.000000 2.057197332 3.426755428 0.946524322 0.483742207 -0.649777651 0.363227099 0.460270166
1403715304462142976.000000 2.110997200 3.386583567 0.923049450 0.489535451 -0.652061224 0.363502115 0.450596899
1403715338562142976.000000 4.291846275 3.918326139 1.671343207 -0.489852041 -0.674226522 -0.284021795 0.474125862
