1403638148295097088.000000 -17.414276123 2.746718168 13.610642433 -0.573156774 -0.581886947 -0.401627511 0.414239347
1403638148345096960.000000 -17.414327621 2.753011227 13.639219284 -0.571697235 -0.582256019 -0.401604950 0.415756822
1403638149095097088.000000 -17.442605972 2.862056732 13.774953842 -0.566831112 -0.599378824 -0.388271421 0.410722524
1403638149595097088.000000 -17.496526718 2.983570099 13.929285049 -0.562087357 -0.595993161 -0.392102778 0.418455958
1403638149845096960.000000 -17.530799866 3.039470911 13.956193924 -0.553113520 -0.604750574 -0.386248380 0.423266381
1403638150095097088.000000 -17.569036484 3.091552496 13.953664780 -0.544014454 -0.612944901 -0.388929307 0.420809686
1403638150445096960.000000 -17.659721375 3.158155441 13.896480560 -0.543689609 -0.625077903 -0.380967885 0.410539627
1403638150845096960.000000 -17.824216843 3.254917383 13.910053253 -0.529785991 -0.641795397 -0.357046604 0.424197257
1403638151145096960.000000 -17.973823547 3.361755610 13.935391426 -0.497526228 -0.656128049 -0.352947444 0.444287837
1403638151545096960.000000 -18.231412888 3.499086380 13.915975571 -0.435055733 -0.700065434 -0.304936945 0.477125078
1403638151945096960.000000 -18.509939194 3.619521856 13.991037369 -0.404079705 -0.719866395 -0.284337401 0.487508208
1403638152145096960.000000 -18.630882263 3.671023846 14.036664009 -0.401663512 -0.721620202 -0.283314258 0.487507671
1403638152245096960.000000 -18.721847534 3.717018843 14.050980568 -0.400958538 -0.722124994 -0.285095751 0.486300528
1403638152545096960.000000 -18.943689346 3.777522802 14.068312645 -0.399979234 -0.723180652 -0.292150348 0.481325954
1403638152745096960.000000 -19.122373581 3.824010134 14.060472488 -0.402001262 -0.723945379 -0.283866554 0.483443826
1403638153045096960.000000 -19.415052414 3.898408413 14.102701187 -0.377442718 -0.732466996 -0.260760963 0.503023863
1403638153195097088.000000 -19.562347412 3.936069012 14.138249397 -0.366710812 -0.743067205 -0.248289168 0.501723826
1403638153295097088.000000 -19.667486191 4.001238346 14.116684914 -0.359102219 -0.747514188 -0.245028570 0.502224267
1403638153495097088.000000 -19.863368988 4.020708084 14.183417320 -0.336082220 -0.760935247 -0.234732047 0.502918720
1403638153695097088.000000 -20.079774857 4.078722000 14.225797653 -0.302671194 -0.776135087 -0.222775087 0.506335557
1403638154045096960.000000 -20.494352341 4.172265530 14.272800446 -0.269545734 -0.779098213 -0.195722908 0.531077683
1403638154145096960.000000 -20.615139008 4.195534229 14.272779465 -0.264649302 -0.777161062 -0.195668265 0.536372542
1403638154295097088.000000 -20.796329498 4.226192474 14.265281677 -0.259202361 -0.773201585 -0.199999183 0.543114901
1403638154645096960.000000 -21.203809738 4.259541512 14.231732368 -0.258152425 -0.765773356 -0.198607340 0.554530084
1403638154795097088.000000 -21.367834091 4.252531052 14.234866142 -0.250130385 -0.775860310 -0.190691054 0.546911776
1403638154995097088.000000 -21.583013535 4.229742527 14.263911247 -0.232798189 -0.784151316 -0.187165529 0.543949306
1403638155245096960.000000 -21.852804184 4.172832012 14.323671341 -0.208817527 -0.786348760 -0.172379434 0.555280387
1403638155395097088.000000 -22.012132645 4.125133991 14.344616890 -0.195188046 -0.784731925 -0.168580636 0.563629329
1403638155495097088.000000 -22.116376877 4.086259842 14.350197792 -0.183567613 -0.785931349 -0.165126756 0.566875696
1403638155645096960.000000 -22.268138885 4.015049458 14.347622871 -0.169872582 -0.785584867 -0.143330961 0.577456594
1403638155995097088.000000 -22.579067230 3.805707693 14.310636520 -0.113166921 -0.803275347 -0.082693182 0.578881621
1403638156145096960.000000 -22.693420410 3.706858873 14.308580399 -0.083378047 -0.816406846 -0.054932654 0.568779767
1403638156245096960.000000 -22.768064499 3.641891479 14.317958832 -0.066806518 -0.820480645 -0.038721878 0.566435337
1403638156345096960.000000 -22.843091965 3.579199553 14.330102921 -0.051914509 -0.825870335 -0.025530737 0.560884356
1403638156795097088.000000 -23.201513290 3.336229563 14.318280220 -0.031489760 -0.831479967 -0.006212899 0.554626882
1403638157095097088.000000 -23.477224350 3.207829952 14.284644127 -0.036813766 -0.833953023 -0.010216312 0.550511420
1403638157195097088.000000 -23.578084946 3.171072483 14.285447121 -0.039094094 -0.836620450 -0.012335991 0.546247005
1403638157495097088.000000 -23.905376434 3.069330454 14.314401627 -0.029395960 -0.832394540 -0.016250536 0.553164661
1403638157745096960.000000 -24.200511932 2.982870579 14.321215630 0.004986036 -0.822923541 -0.006869770 0.568088770
1403638158095097088.000000 -24.611385345 2.839630842 14.373367310 0.057774276 -0.820332348 0.041577820 0.567440212
1403638158245096960.000000 -24.782653809 2.779072523 14.388445854 0.065876231 -0.819930673 0.057510037 0.565744340
1403638158395097088.000000 -24.952535629 2.723677635 14.392481804 0.074286729 -0.819293678 0.058010727 0.565574169
1403638158695097088.000000 -25.281099319 2.617114067 14.376434326 0.080759160 -0.815942228 0.049945790 0.570282221
1403638158945096960.000000 -25.544132233 2.519666910 14.369942665 0.069260649 -0.823499382 0.059145208 0.559958577
1403638159095097088.000000 -25.701765060 2.463741302 14.388749123 0.066637449 -0.832561135 0.058542635 0.546785295
1403638159245096960.000000 -25.866916656 2.410215855 14.408571243 0.065439753 -0.842544377 0.056244142 0.531670272
1403638159345096960.000000 -25.985795975 2.375969887 14.418487549 0.062017407 -0.835067332 0.058769826 0.543472707
1403638159445096960.000000 -26.109247208 2.343690872 14.425993919 0.058533493 -0.821128726 0.062065028 0.564331055
1403638159895097088.000000 -26.618200302 2.276741982 14.533401489 0.046445198 -0.792498469 0.081100143 0.602670610
1403638160195097088.000000 -26.862848282 2.321296453 14.694478035 0.065194607 -0.804936945 0.059250247 0.586784184
1403638160295097088.000000 -26.933162689 2.340692043 14.764632225 0.067732200 -0.816123962 0.057680085 0.570987940
1403638160445096960.000000 -27.037136078 2.370671034 14.879661560 0.070189901 -0.824797153 0.055571407 0.558296323
1403638160595097088.000000 -27.145133972 2.400089741 14.986915588 0.070176564 -0.826863468 0.055182174 0.555272043
1403638160845096960.000000 -27.338287354 2.446097612 15.144218445 0.059237160 -0.818425596 0.062870719 0.568082690
1403638160995097088.000000 -27.453489304 2.482527018 15.228370667 0.038485166 -0.807811797 0.058834828 0.585232913
1403638161095097088.000000 -27.525335312 2.513319492 15.279706955 0.022697873 -0.805734932 0.048933953 0.589814901
1403638161195097088.000000 -27.589683533 2.549037695 15.326275826 0.006290877 -0.807669640 0.032806620 0.588688374
1403638161495097088.000000 -27.764469147 2.673292875 15.452950478 -0.048325501 -0.821206987 -0.013887842 0.568410993
1403638161595097088.000000 -27.819799423 2.717111111 15.488287926 -0.059272856 -0.824280143 -0.021926258 0.562644064
1403638161995097088.000000 -28.046813965 2.912923336 15.579428673 -0.092200354 -0.816010177 -0.037309758 0.569415867
1403638162395097088.000000 -28.270240784 3.154334545 15.682971954 -0.114031039 -0.817277074 -0.036832396 0.563647509
1403638162495097088.000000 -28.325855255 3.225568771 15.704939842 -0.114538938 -0.815303326 -0.037861723 0.566328466
1403638162645096960.000000 -28.406677246 3.340754986 15.740612984 -0.109028108 -0.815859854 -0.044591833 0.566124797
1403638162845096960.000000 -28.510038376 3.505218506 15.811382294 -0.109328181 -0.818601012 -0.047317062 0.561872721
1403638162995097088.000000 -28.584772110 3.637442350 15.881830215 -0.120324656 -0.810472608 -0.046132110 0.571426332
1403638163145096960.000000 -28.655424118 3.778918266 15.938670158 -0.129971415 -0.801927626 -0.051508795 0.580832541
1403638163295097088.000000 -28.716344833 3.928147078 15.956750870 -0.141287312 -0.802234709 -0.069246255 0.575901389
1403638163645096960.000000 -28.832675934 4.289778233 15.974245071 -0.176644355 -0.796602130 -0.106463738 0.568231821
1403638164045096960.000000 -28.926225662 4.695119381 16.102794647 -0.190596700 -0.793962359 -0.104904555 0.567707419
1403638164245096960.000000 -28.955772400 4.902294636 16.201036453 -0.192247927 -0.791311860 -0.097153708 0.572212756
1403638164445096960.000000 -28.969747543 5.119095325 16.282062531 -0.190295562 -0.788814068 -0.093424156 0.576915920
1403638164645096960.000000 -28.963272095 5.346539021 16.345903397 -0.194617406 -0.788410842 -0.087613553 0.576937079
1403638164795097088.000000 -28.944458008 5.526202679 16.378246307 -0.195271626 -0.786394298 -0.104105003 0.576728046
1403638164995097088.000000 -28.903877258 5.768170834 16.408468246 -0.190294772 -0.780542612 -0.130030885 0.581062078
1403638165095097088.000000 -28.876787186 5.883699417 16.414817810 -0.202192903 -0.773781478 -0.126474544 0.586842835
1403638165245096960.000000 -28.825504303 6.053080559 16.412366867 -0.216754436 -0.778873980 -0.125284597 0.575044870
1403638165445096960.000000 -28.743394852 6.278650284 16.393037796 -0.231947005 -0.783530116 -0.122041628 0.563371241
1403638165545096960.000000 -28.698396683 6.395331383 16.380029678 -0.230753079 -0.776408613 -0.130527332 0.571756363
1403638165695097088.000000 -28.621736526 6.570144176 16.352794647 -0.224323094 -0.763958752 -0.145572931 0.587243438
1403638166195097088.000000 -28.274349213 7.090186596 16.268087387 -0.219131678 -0.789095998 -0.149666101 0.553993583
1403638166345096960.000000 -28.168355942 7.231922150 16.307434082 -0.213808537 -0.791678488 -0.150769606 0.552086651
1403638203095097088.000000 -22.923912048 10.577563286 15.876864433 -0.596401691 -0.560552835 -0.414631218 0.397701681
1403638203145096960.000000 -23.034019470 10.568465233 15.867972374 -0.595291615 -0.560256064 -0.416703492 0.397617102
1403638203395097088.000000 -23.566719055 10.516157150 15.844258308 -0.590344369 -0.556439877 -0.423490137 0.403143078
1403638203645096960.000000 -24.069482803 10.450927734 15.805798531 -0.593638837 -0.555603147 -0.418987095 0.404163301
1403638203895097088.000000 -24.537244797 10.372278214 15.795061111 -0.591805160 -0.555977583 -0.420771718 0.404483408
1403638204145096960.000000 -24.971910477 10.278712273 15.823615074 -0.595152497 -0.558755636 -0.412509054 0.404254705
1403638204395097088.000000 -25.370258331 10.183631897 15.890259743 -0.613418460 -0.554233670 -0.386121243 0.409210443
1403638204645096960.000000 -25.709604263 10.106878281 15.950347900 -0.614992261 -0.552020013 -0.381745875 0.413918614
1403638204895097088.000000 -25.994142532 10.047869682 15.970038414 -0.578496814 -0.584793210 -0.390251368 0.413596690
1403638205145096960.000000 -26.263366699 9.998187065 15.952527046 -0.516016543 -0.638164639 -0.367624134 0.437407613
1403638205195097088.000000 -26.318311691 9.988209724 15.949449539 -0.500529766 -0.649172127 -0.358360589 0.446792215
1403638205295097088.000000 -26.428855896 9.968232155 15.949026108 -0.466898620 -0.672191560 -0.337801963 0.464816123
1403638205395097088.000000 -26.540264130 9.947932243 15.956977844 -0.430727035 -0.692475736 -0.317587614 0.483828247
1403638205445096960.000000 -26.595642090 9.937483788 15.964181900 -0.413101494 -0.701210380 -0.309197426 0.491983950
1403638205545096960.000000 -26.704755783 9.914460182 15.983256340 -0.378860980 -0.717061460 -0.301967293 0.501101851
1403638205645096960.000000 -26.812404633 9.885051727 16.009326935 -0.350473166 -0.726435661 -0.302972019 0.507609963
1403638205745096960.000000 -26.922842026 9.848781586 16.041994095 -0.329159230 -0.731655777 -0.304137796 0.513648033
1403638205845096960.000000 -27.037055969 9.801308632 16.077903748 -0.313378274 -0.738083839 -0.296096474 0.518992484
1403638205945096960.000000 -27.155723572 9.742260933 16.117809296 -0.298383892 -0.746161699 -0.281972915 0.524119318
1403638206045096960.000000 -27.279266357 9.673245430 16.163349152 -0.283508420 -0.754130781 -0.263337731 0.530625045
1403638206145096960.000000 -27.403373718 9.593715668 16.214385986 -0.266214728 -0.760032713 -0.247399613 0.538770437
1403638206245096960.000000 -27.528165817 9.506106377 16.264917374 -0.249017403 -0.765099466 -0.233205572 0.546102881
1403638206345096960.000000 -27.652727127 9.411259651 16.309534073 -0.238031283 -0.767207086 -0.213754684 0.555916786
1403638206445096960.000000 -27.773870468 9.311060905 16.347791672 -0.232398823 -0.767582834 -0.198553041 0.563368499
1403638206545096960.000000 -27.890462875 9.206657410 16.379415512 -0.228611812 -0.766408384 -0.189316288 0.569661498
1403638206695097088.000000 -28.054702759 9.042677879 16.413364410 -0.223158851 -0.765483022 -0.180713207 0.575828731
1403638206795097088.000000 -28.156780243 8.928453445 16.426824570 -0.216389686 -0.768296659 -0.173387542 0.576916456
1403638206895097088.000000 -28.252445221 8.812382698 16.434635162 -0.210042655 -0.769499719 -0.169147491 0.578914046
1403638206995097088.000000 -28.342565536 8.694351196 16.436727524 -0.206593215 -0.767791212 -0.164894029 0.583631754
1403638207095097088.000000 -28.425294876 8.574144363 16.432279587 -0.203293860 -0.766141832 -0.164027706 0.587191045
1403638207245096960.000000 -28.535068512 8.388805389 16.409944534 -0.199325517 -0.765783191 -0.159374371 0.590292573
1403638207395097088.000000 -28.627290726 8.195498466 16.372436523 -0.184586480 -0.765812218 -0.149581060 0.597565889
1403638207545096960.000000 -28.698715210 7.993085861 16.338674545 -0.161142468 -0.770688415 -0.131061137 0.602408111
1403638207695097088.000000 -28.744804382 7.784617424 16.317358017 -0.144992754 -0.784492314 -0.110582091 0.592723012
1403638207795097088.000000 -28.764616013 7.646587372 16.313306808 -0.139898077 -0.790655911 -0.098641127 0.587845087
1403638207895097088.000000 -28.778722763 7.511755943 16.317811966 -0.137894452 -0.797726214 -0.089964762 0.580107272
1403638208045096960.000000 -28.793506622 7.317331791 16.334791183 -0.136058271 -0.802339494 -0.086082287 0.574742913
1403638208195097088.000000 -28.799627304 7.130943775 16.345233917 -0.136319846 -0.795887232 -0.086312637 0.583550036
1403638208445096960.000000 -28.791624069 6.835279942 16.325616837 -0.137859017 -0.798713207 -0.090004817 0.578749835
1403638208595097088.000000 -28.776929855 6.663363457 16.310621262 -0.129369095 -0.803404808 -0.082875900 0.575270295
1403638208745096960.000000 -28.757385254 6.496697903 16.311571121 -0.116445273 -0.804952741 -0.070380338 0.577527761
1403638208895097088.000000 -28.732198715 6.339098454 16.322402954 -0.104577042 -0.805112422 -0.063782737 0.580335677
1403638209045096960.000000 -28.700902939 6.188722610 16.322042465 -0.097026490 -0.805073678 -0.060025886 0.582098842
1403638209445096960.000000 -28.588478088 5.819815636 16.246620178 -0.094657175 -0.806236863 -0.052141707 0.581638634
1403638209595097088.000000 -28.540092468 5.695357800 16.187475204 -0.095358096 -0.802558482 -0.052180916 0.586586714
1403638209745096960.000000 -28.487445831 5.577961445 16.087268829 -0.097157709 -0.803509593 -0.052538674 0.584955096
1403638209895097088.000000 -28.430356979 5.467187405 15.950463295 -0.093703210 -0.802196562 -0.059252378 0.586676776
1403638210245096960.000000 -28.263124466 5.219826221 15.612338066 -0.092355803 -0.788443208 -0.062330619 0.604931831
1403638210545096960.000000 -28.045036316 5.012268543 15.349506378 -0.093261041 -0.788603544 -0.062539510 0.604562402
1403638210645096960.000000 -27.959201813 4.944502831 15.253545761 -0.093912505 -0.787188768 -0.062587574 0.606297970
1403638210795097088.000000 -27.816053391 4.843978882 15.110004425 -0.095716856 -0.786646545 -0.061302464 0.606850505
1403638210945096960.000000 -27.655029297 4.745188713 14.980683327 -0.097529083 -0.791573524 -0.058834191 0.600364804
1403638211045096960.000000 -27.539501190 4.681327343 14.903325081 -0.098957323 -0.794696987 -0.056202248 0.596242726
1403638211195097088.000000 -27.360811234 4.589887619 14.804449081 -0.100705169 -0.799001694 -0.052876186 0.590473533
1403638211345096960.000000 -27.181137085 4.507081985 14.722048759 -0.103079550 -0.800456882 -0.054548115 0.587935209
1403638211495097088.000000 -26.995330811 4.432802677 14.638423920 -0.116902292 -0.799081385 -0.063637666 0.586304605
1403638211645096960.000000 -26.802722931 4.365616798 14.543146133 -0.141939953 -0.794572830 -0.075367607 0.585514128
1403638211795097088.000000 -26.603219986 4.307458401 14.436250687 -0.177331880 -0.787922144 -0.092185445 0.582438052
1403638211945096960.000000 -26.398258209 4.260468006 14.334820747 -0.216314301 -0.779532671 -0.110425197 0.577358842
1403638212045096960.000000 -26.257427216 4.236361504 14.276679993 -0.239533737 -0.773509741 -0.124912426 0.573326409
1403638212195097088.000000 -26.041551590 4.211675167 14.204957008 -0.268061757 -0.764124453 -0.153239802 0.566369295
1403638212345096960.000000 -25.816740036 4.193211079 14.153325081 -0.297852576 -0.753915906 -0.177768484 0.557936549
1403638212495097088.000000 -25.586181641 4.181241512 14.120647430 -0.326213151 -0.740977168 -0.202747479 0.550846040
1403638212645096960.000000 -25.347490311 4.171715260 14.104071617 -0.357898861 -0.727573276 -0.221612051 0.541695297
1403638212795097088.000000 -25.101430893 4.163909912 14.104399681 -0.387291849 -0.713514864 -0.244913384 0.530018091
1403638212945096960.000000 -24.848640442 4.157494068 14.116047859 -0.420142949 -0.696087062 -0.266251087 0.517738461
1403638213095097088.000000 -24.590583801 4.154515266 14.139665604 -0.454512179 -0.676473022 -0.287868291 0.502926350
1403638213295097088.000000 -24.239221573 4.155653000 14.163564682 -0.509410083 -0.648955286 -0.300711513 0.478467315
1403638213445096960.000000 -23.879219055 3.925391436 14.176795006 -0.547223330 -0.629768014 -0.303558856 0.460207582
1403638213545096960.000000 -23.780788422 4.183437347 14.159673691 -0.574099660 -0.607363343 -0.311826915 0.451977193
1403638213645096960.000000 -23.585777283 4.018860340 14.260069847 -0.578604817 -0.597440302 -0.335945249 0.442066044
1403638213795097088.000000 -23.315313339 4.027800083 14.316647530 -0.575152576 -0.585689306 -0.369359672 0.435592830
1403638213945096960.000000 -23.006599426 4.099667072 14.319781303 -0.572564006 -0.584985554 -0.384070903 0.427143902
1403638214045096960.000000 -22.791450500 4.328078747 14.180801392 -0.572799802 -0.583915174 -0.385191321 0.427283406
1403638214195097088.000000 -22.498302460 4.373410225 14.209969521 -0.577120781 -0.594065428 -0.375363111 0.416077375
1403638214345096960.000000 -22.205518723 4.225094318 14.378884315 -0.579604685 -0.604895353 -0.363615870 0.407361746
1403638214495097088.000000 -21.929971695 4.294961452 14.399452209 -0.574909210 -0.608880460 -0.362990886 0.408633918
1403638214645096960.000000 -21.653306961 4.568977356 14.252170563 -0.562893689 -0.603124559 -0.373929262 0.423755109
1403638214795097088.000000 -21.375610352 4.446352959 14.395261765 -0.555241883 -0.602406442 -0.377944350 0.431243598
1403638214895097088.000000 -21.202993393 4.490365982 14.385402679 -0.551224947 -0.601847887 -0.380213618 0.435164034
1403638215045096960.000000 -20.935920715 4.560043812 14.350787163 -0.548062384 -0.601804554 -0.381054908 0.438470066
1403638215195097088.000000 -20.670425415 4.628365040 14.303726196 -0.547134340 -0.604240596 -0.380387306 0.436855584
1403638215495097088.000000 -20.166408539 4.742060184 14.211121559 -0.542576671 -0.610913098 -0.386821657 0.427510053
1403638215795097088.000000 -19.726467133 4.844027996 14.179031372 -0.545166910 -0.605218768 -0.386244714 0.432802767
1403638216095097088.000000 -19.311378479 4.912622929 14.109075546 -0.554017723 -0.596025288 -0.391358316 0.429717332
1403638216245096960.000000 -19.116054535 4.941104412 14.090220451 -0.555036068 -0.594062090 -0.394718736 0.428044915
1403638216695097088.000000 -18.586641312 4.986763477 14.072840691 -0.554768324 -0.594895661 -0.400867999 0.421469003
1403638216845096960.000000 -18.431543350 4.990972519 14.039820671 -0.552756488 -0.592422485 -0.407919854 0.420829326
1403638216995097088.000000 -18.284786224 4.984197617 14.007716179 -0.561012030 -0.581583977 -0.414110571 0.418972671
1403638217145096960.000000 -18.150613785 4.965468884 13.962981224 -0.579819143 -0.568268001 -0.415961027 0.409704417
1403638217295097088.000000 -18.014438629 4.941181183 13.917964935 -0.593104780 -0.558951735 -0.419863820 0.399392158
1403638217445096960.000000 -17.894342422 4.919469357 13.888221741 -0.600377679 -0.553982377 -0.423290193 0.391759574
1403638217595097088.000000 -17.781808853 4.895938873 13.879622459 -0.601424754 -0.554784596 -0.428876489 0.382840991
1403638217895097088.000000 -17.595132828 4.847508907 13.912824631 -0.594771206 -0.563813865 -0.439059496 0.368222654
1403638218045096960.000000 -17.528532028 4.825440884 13.931226730 -0.589812934 -0.564236343 -0.443221003 0.370558113
1403638218195097088.000000 -17.479656219 4.803977966 13.935989380 -0.587380588 -0.563083827 -0.444159329 0.375024229
1403638218695097088.000000 -17.431684494 4.699628830 13.964164734 -0.590401649 -0.559177756 -0.432438940 0.389541805
1403638219195097088.000000 -17.468965530 4.561556339 13.977201462 0.622177899 0.530865610 0.423763126 -0.389231622
