1403636625963555584.000000 -14.803567886 -31.622421265 40.464469910 -0.508301854 -0.638057947 -0.355897516 0.455903709
1403636626013555456.000000 -14.807822227 -31.614280701 40.489086151 -0.507589519 -0.636783540 -0.356449038 0.458043456
1403636626763555584.000000 -14.799461365 -31.548805237 40.629356384 -0.498238921 -0.632129252 -0.360335261 0.471517831
1403636627013555456.000000 -14.772562981 -31.563264847 40.602615356 -0.503042281 -0.643335819 -0.350088954 0.458808482
1403636627263555584.000000 -14.746946335 -31.580360413 40.599140167 -0.502750218 -0.644320309 -0.349761903 0.457995772
1403636627513555456.000000 -14.722224236 -31.594461441 40.656173706 -0.505043030 -0.638699234 -0.349515408 0.463501811
1403636627763555584.000000 -14.688740730 -31.612260818 40.665874481 -0.525272667 -0.634663701 -0.351069152 0.445018142
1403636628013555456.000000 -14.654138565 -31.615261078 40.643077850 -0.547478557 -0.630570471 -0.355946064 0.419464618
1403636628113555456.000000 -14.643543243 -31.604267120 40.650527954 -0.548149467 -0.623643637 -0.363566965 0.422397733
1403636628263555584.000000 -14.630181313 -31.581428528 40.677810669 -0.545898736 -0.607579410 -0.374745041 0.438643515
1403636628663555584.000000 -14.575478554 -31.526367188 40.745841980 -0.549886823 -0.599986434 -0.367575735 0.450031936
1403636629063555584.000000 -14.473585129 -31.479324341 40.754585266 -0.565596640 -0.603980899 -0.374970675 0.417976826
1403636629163555584.000000 -14.446106911 -31.469442368 40.769397736 -0.569843948 -0.600688398 -0.378372669 0.413866520
1403636629263555584.000000 -14.418201447 -31.456094742 40.780506134 -0.575414240 -0.593240976 -0.384461612 0.411281854
1403636629613555456.000000 -14.315195084 -31.391746521 40.775318146 -0.601730645 -0.558921874 -0.397393256 0.409396291
1403636629713555456.000000 -14.278710365 -31.371442795 40.758644104 -0.615516305 -0.552639484 -0.400825232 0.393787235
1403636629813555456.000000 -14.238981247 -31.349285126 40.737400055 -0.629533768 -0.543496668 -0.406855673 0.377845407
1403636630013555456.000000 -14.156155586 -31.295078278 40.695335388 -0.651491940 -0.521601021 -0.420310080 0.356132090
1403636630113555456.000000 -14.114817619 -31.264392853 40.685108185 -0.654490948 -0.512116075 -0.429163814 0.353832126
1403636630513555456.000000 -13.944815636 -31.122690201 40.711879730 -0.652317584 -0.498420000 -0.448229104 0.353765428
1403636630613555456.000000 -13.903101921 -31.086128235 40.731472015 -0.649920642 -0.503191710 -0.449161053 0.350222319
1403636630813555456.000000 -13.825209618 -31.008325577 40.757068634 -0.647962570 -0.508433223 -0.445327163 0.351174980
1403636631113555456.000000 -13.717304230 -30.882886887 40.755435944 -0.646646500 -0.507167995 -0.441664636 0.359946221
1403636631663555584.000000 -13.530303955 -30.651639938 40.684848785 -0.639890671 -0.511624098 -0.444963127 0.361646891
1403636632013555456.000000 -13.425645828 -30.502819061 40.666702271 -0.638040125 -0.515680075 -0.444977820 0.359129012
1403636632413555456.000000 -13.336744308 -30.327978134 40.662292480 -0.636604190 -0.513168633 -0.450803190 0.358007729
1403636632513555456.000000 -13.322464943 -30.286613464 40.646537781 -0.641808152 -0.513049662 -0.442412496 0.359351695
1403636632913555456.000000 -13.265913010 -30.103927612 40.586372375 -0.614085317 -0.553138793 -0.407320023 0.388622046
1403636633363555584.000000 -13.190494537 -29.870723724 40.571952820 -0.577633858 -0.588436842 -0.392200649 0.407749861
1403636633513555456.000000 -13.169285774 -29.791404724 40.545326233 -0.581615150 -0.588845491 -0.384993404 0.408368528
1403636633813555456.000000 -13.121164322 -29.612550735 40.501960754 -0.589081407 -0.584805965 -0.384122729 0.404270917
1403636634113555456.000000 -13.062636375 -29.407722473 40.496864319 -0.597320497 -0.571601629 -0.381538808 0.413410306
1403636634563555584.000000 -12.934705734 -29.064361572 40.525844574 -0.576500475 -0.577758372 -0.402705282 0.414332002
1403636634913555456.000000 -12.845613480 -28.809396744 40.514316559 -0.562491000 -0.595845520 -0.391782790 0.418423563
1403636635063555584.000000 -12.814574242 -28.704601288 40.526790619 -0.557979226 -0.603650331 -0.386866868 0.417851090
1403636635213555456.000000 -12.786810875 -28.600734711 40.531494141 -0.556402206 -0.608283281 -0.382307380 0.417431653
1403636635363555584.000000 -12.762484550 -28.495382309 40.525047302 -0.559822619 -0.608336627 -0.373476654 0.420761824
1403636635513555456.000000 -12.738502502 -28.385887146 40.524848938 -0.562540114 -0.606679678 -0.368564636 0.423849702
1403636635813555456.000000 -12.681437492 -28.160968781 40.564670563 -0.563969851 -0.597193420 -0.369576097 0.434409469
1403636635963555584.000000 -12.643464088 -28.041797638 40.605895996 -0.569327831 -0.593760252 -0.364081770 0.436759740
1403636636113555456.000000 -12.596396446 -27.920576096 40.645374298 -0.569716573 -0.603136182 -0.364981800 0.422419369
1403636636263555584.000000 -12.546371460 -27.792839050 40.690105438 -0.559535563 -0.603080809 -0.379904866 0.422949135
1403636636563555584.000000 -12.448511124 -27.551645279 40.788898468 -0.541651487 -0.594491720 -0.404768139 0.435150683
1403636636763555584.000000 -12.392839432 -27.417877197 40.816867828 -0.534338057 -0.601680934 -0.414834023 0.424706578
1403636636913555456.000000 -12.365342140 -27.333616257 40.815464020 -0.532631636 -0.607127666 -0.415801495 0.418101370
1403636637063555584.000000 -12.351898193 -27.261226654 40.799587250 -0.542397738 -0.603098273 -0.399420321 0.427247792
1403636637363555584.000000 -12.338996887 -27.135711670 40.756595612 -0.551743567 -0.608483732 -0.382157266 0.423417717
1403636637563555584.000000 -12.337475777 -27.044116974 40.764118195 -0.552620828 -0.611668408 -0.377180487 0.422145426
1403636637963555584.000000 -12.341017723 -26.856084824 40.854930878 -0.547449887 -0.609250546 -0.380152762 0.429646760
1403636638113555456.000000 -12.344430923 -26.782344818 40.870471954 -0.544909835 -0.607136726 -0.382530898 0.433737814
1403636638463555584.000000 -12.351370811 -26.624645233 40.821128845 -0.560800314 -0.612168074 -0.357398152 0.427808106
1403636638613555456.000000 -12.347600937 -26.554119110 40.791091919 -0.568143606 -0.616926908 -0.346014649 0.420580596
1403636638963555584.000000 -12.319082260 -26.342500687 40.809028625 -0.553967059 -0.611382902 -0.364917010 0.431470871
1403636639163555584.000000 -12.295501709 -26.207111359 40.830551147 -0.562085211 -0.602419078 -0.352454573 0.443764955
1403636639363555584.000000 -12.253650665 -26.065502167 40.802165985 -0.560067892 -0.605838478 -0.355600595 0.439126313
1403636639513555456.000000 -12.211421013 -25.954837799 40.765670776 -0.551235676 -0.613782465 -0.368359327 0.428627759
1403636639663555584.000000 -12.169075012 -25.842464447 40.723064423 -0.541389108 -0.617254198 -0.381313801 0.424846947
1403636640013555456.000000 -12.086591721 -25.598249435 40.663654327 -0.540298462 -0.607362449 -0.380404323 0.441000015
1403636640363555584.000000 -12.013219833 -25.382291794 40.689376831 -0.522094369 -0.623509586 -0.371325433 0.448074490
1403636640563555584.000000 -11.973171234 -25.276483536 40.690917969 -0.516710579 -0.628904045 -0.367868304 0.449625254
1403636640763555584.000000 -11.935700417 -25.179924011 40.673912048 -0.515432358 -0.631237268 -0.364748180 0.450364113
1403636640913555456.000000 -11.910212517 -25.111532211 40.665622711 -0.515381038 -0.633976638 -0.362779796 0.448159337
1403636641113555456.000000 -11.879365921 -25.027418137 40.669353485 -0.515128613 -0.632845700 -0.364461690 0.448683023
1403636641363555584.000000 -11.847373962 -24.930185318 40.645732880 -0.519984007 -0.627960861 -0.360166371 0.453389496
1403636641863555584.000000 -11.771730423 -24.773542404 40.604114532 -0.518354416 -0.627857387 -0.365700573 0.450962245
1403636642113555456.000000 -11.733401299 -24.701843262 40.639743805 -0.528614879 -0.616959751 -0.375017345 0.446418017
