1403715893784058112.000000 -1.324416280 -0.184872940 0.187022775 -0.481095552 -0.650445163 -0.348284304 0.473461896
1403715894034057984.000000 -1.341358662 -0.212937966 0.232387185 -0.492198527 -0.663794696 -0.335727036 0.452111185
1403715894284058112.000000 -1.357992530 -0.231945261 0.286754936 -0.480182528 -0.670456409 -0.352577060 0.442269504
1403715894534057984.000000 -1.422658443 -0.255605638 0.367936969 -0.478301287 -0.672361553 -0.360523224 0.434949368
1403715894784058112.000000 -1.522109032 -0.285047174 0.413006663 -0.490172565 -0.668809354 -0.347313076 0.437948108
1403715896084058112.000000 -2.166372299 -0.432206124 0.705098093 -0.497648299 -0.651707292 -0.340290815 0.460245550
1403715896384058112.000000 -2.309380770 -0.473175645 0.756385326 -0.515886366 -0.630808592 -0.311562538 0.488743871
1403715896434057984.000000 -2.324361324 -0.476908386 0.766564369 -0.518107116 -0.627496958 -0.307951152 0.492928833
1403715896584058112.000000 -2.350323439 -0.485506862 0.797221601 -0.522470891 -0.618208826 -0.299904525 0.504875600
1403715896984058112.000000 -2.245167732 -0.492901862 0.880368292 -0.536092758 -0.611505568 -0.273386806 0.513736427
1403715897634057984.000000 -1.454521894 -0.344646037 1.030004978 -0.509853840 -0.648542464 -0.315584689 0.468879580
1403715897684058112.000000 -1.415583611 -0.333571434 1.025569558 -0.512651563 -0.644907176 -0.316021562 0.470545948
1403715897734057984.000000 -1.343225002 -0.315641314 1.033544779 -0.516347229 -0.641343534 -0.311037064 0.474678814
1403715898134057984.000000 -0.713529587 -0.148955986 1.100288391 -0.501741827 -0.629267335 -0.337448835 0.488268554
1403715898184058112.000000 -0.628811359 -0.128252581 1.108576417 -0.500110149 -0.625934124 -0.344879478 0.489034355
1403715898234057984.000000 -0.543308496 -0.108655989 1.116453290 -0.499706447 -0.623401880 -0.352433413 0.487292767
1403715898284058112.000000 -0.457186818 -0.090413347 1.122912765 -0.501724899 -0.621394336 -0.358505428 0.483337373
1403715898384058112.000000 -0.283546925 -0.059855778 1.131902456 -0.511191428 -0.617380202 -0.367520213 0.471650153
1403715898484058112.000000 -0.110784739 -0.034579530 1.135760546 -0.526986361 -0.613798022 -0.371795744 0.455307841
1403715898584058112.000000 0.059797563 -0.011932388 1.136662006 -0.543603241 -0.608659148 -0.376553565 0.438448489
1403715898734057984.000000 0.304136515 0.012696721 1.120709062 -0.564739227 -0.590108454 -0.392770201 0.422579080
1403715898934057984.000000 0.629218578 0.064388275 1.066485763 -0.585996091 -0.574476302 -0.403895974 0.404294014
1403715899134057984.000000 0.925650656 0.110953569 0.984932244 -0.601164162 -0.569363952 -0.403987557 0.388870686
1403715899334057984.000000 1.231053591 0.160161644 0.877636731 -0.607026577 -0.583419025 -0.396655679 0.365794092
1403715899534057984.000000 1.474879026 0.241166189 0.833153069 -0.605323911 -0.592734396 -0.397926420 0.351999253
1403715899684058112.000000 1.631283998 0.340519726 0.825768530 -0.604424119 -0.594478190 -0.395583123 0.353243947
1403715899784058112.000000 1.751560450 0.404015422 0.803303897 -0.598376274 -0.595688879 -0.400330484 0.356140703
1403715899884058112.000000 1.821546912 0.515639305 0.812354088 -0.586381733 -0.600906789 -0.414023519 0.351642013
1403715900084058112.000000 2.004257202 0.663034618 0.780057311 -0.568381965 -0.605343938 -0.432782173 0.350998908
1403715900184058112.000000 2.061517954 0.756923258 0.773176253 -0.563838840 -0.607585371 -0.437816113 0.348199487
1403715900284058112.000000 2.102828741 0.853873432 0.767243505 -0.560690165 -0.609184384 -0.440863132 0.346641928
1403715900334057984.000000 2.117281675 0.903266072 0.764601290 -0.560608089 -0.609772205 -0.440605193 0.346068770
1403715900384058112.000000 2.127460480 0.953350961 0.762386918 -0.560002983 -0.610446095 -0.441266924 0.345015675
1403715900534057984.000000 2.132717371 1.106404781 0.757321298 -0.570659995 -0.598741114 -0.428742200 0.363368243
1403715900634057984.000000 2.120659113 1.210227847 0.758188426 -0.574424505 -0.584402919 -0.424884737 0.384685308
1403715900734057984.000000 2.102328539 1.313011646 0.760453761 -0.575654864 -0.566653788 -0.423810035 0.409768432
1403715900934057984.000000 2.059666157 1.496299863 0.769753277 -0.558757305 -0.549261570 -0.447820008 0.430765957
1403715901334057984.000000 1.945254445 1.674245954 0.816582143 -0.543326616 -0.527572334 -0.470616817 0.452751011
1403715901584058112.000000 1.687323928 1.542507768 0.913957834 -0.573989570 -0.533787310 -0.470171541 0.405642629
1403715901634057984.000000 1.843564510 1.608711481 0.860927165 -0.568036616 -0.543163419 -0.445866227 0.428382009
1403715901734057984.000000 1.809241652 1.562185764 0.877043068 -0.571267128 -0.545874834 -0.442608684 0.423995465
1403715901934057984.000000 1.737895966 1.445468307 0.903418422 -0.579668999 -0.555262446 -0.431669325 0.411496103
1403715902034057984.000000 1.700914621 1.378545642 0.914700031 -0.580540299 -0.556169927 -0.429705560 0.411097556
1403715902084058112.000000 1.682192922 1.343154430 0.920071065 -0.579340518 -0.555710614 -0.431171715 0.411875337
1403715902384058112.000000 1.557836771 1.112008929 0.939955592 -0.574710488 -0.571461499 -0.434662491 0.392693400
1403715902434057984.000000 1.533677697 1.070981026 0.943096817 -0.575363159 -0.573329449 -0.433312654 0.390500575
1403715902684058112.000000 1.397058010 0.865660787 0.957271457 -0.589993238 -0.576496601 -0.402700335 0.396726847
1403715902784058112.000000 1.339840293 0.787592351 0.956240237 -0.588263273 -0.587387204 -0.388416231 0.397561908
1403715902834057984.000000 1.311478138 0.750975847 0.951672614 -0.585846841 -0.593576193 -0.381063193 0.399051070
1403715903184058112.000000 1.103710055 0.551142037 0.896828592 -0.531433582 -0.647640169 -0.357981652 0.412298143
1403715903334057984.000000 1.016823173 0.498479545 0.881483138 -0.519599557 -0.663642466 -0.340195626 0.416967481
1403715903534057984.000000 0.875322938 0.443846583 0.871528029 -0.506527126 -0.682307959 -0.312900722 0.424239546
1403715903634057984.000000 0.801299393 0.433231384 0.892179728 -0.491689295 -0.692949653 -0.301955998 0.432302058
1403715903734057984.000000 0.724183083 0.444095999 0.925077021 -0.470580667 -0.703368425 -0.292363256 0.445365548
1403715903784058112.000000 0.685134470 0.447247028 0.942311049 -0.460119545 -0.705355942 -0.285940021 0.457166761
1403715903884058112.000000 0.601122677 0.466001153 0.995522916 -0.436392128 -0.711302280 -0.271094978 0.479706705
1403715904084058112.000000 0.434020102 0.518667281 1.111286402 -0.375831872 -0.729969680 -0.237082198 0.519313753
1403715904134057984.000000 0.394167930 0.533223271 1.139266491 -0.360365123 -0.735536456 -0.226310417 0.527168632
1403715904184058112.000000 0.356102824 0.547913074 1.166100502 -0.342934132 -0.742880225 -0.217328176 0.532253385
1403715904484058112.000000 0.147244573 0.637313664 1.302443385 -0.231490687 -0.776556611 -0.178440556 0.558149576
1403715904634057984.000000 0.049924728 0.674601972 1.333885074 -0.178743675 -0.785365045 -0.167140022 0.568609536
1403715904734057984.000000 -0.014153402 0.701044321 1.344065666 -0.148426443 -0.789193690 -0.146680444 0.577605188
1403715904984058112.000000 -0.154566973 0.694798112 1.305181384 -0.078063153 -0.795087814 -0.065594278 0.597862005
1403715905084058112.000000 -0.201986670 0.688523889 1.270958662 -0.040680043 -0.791674316 -0.039030656 0.608336747
1403715905184058112.000000 -0.242389351 0.691809714 1.235765696 -0.004710432 -0.785813868 -0.015800780 0.618243277
1403715905284058112.000000 -0.270222217 0.669303000 1.178160429 0.030762337 -0.784362912 -0.002545559 0.619533777
1403715905384058112.000000 -0.286107570 0.654981732 1.129430056 0.061482292 -0.791710019 0.011923063 0.607678413
1403715905484058112.000000 -0.294626415 0.618379593 1.114336967 0.087545410 -0.800481975 0.027627559 0.592284620
1403715905534057984.000000 -0.291270584 0.622923076 1.062376022 0.102943078 -0.799593389 0.036585022 0.590520740
1403715905634057984.000000 -0.286775708 0.593549609 1.019913197 0.123422772 -0.803180397 0.065162614 0.579156280
1403715905734057984.000000 -0.278296143 0.559939742 0.979784608 0.142085433 -0.804595113 0.100579455 0.567734182
1403715905834057984.000000 -0.267495006 0.524795175 0.940979302 0.168972924 -0.802608371 0.133322105 0.556321144
1403715905884058112.000000 -0.261861682 0.507548034 0.921488285 0.186363876 -0.802532792 0.147199318 0.547304451
1403715906084058112.000000 -0.248234987 0.438853890 0.847425282 0.270778924 -0.794008255 0.190351963 0.509897768
1403715906184058112.000000 -0.267336100 0.351209044 0.872156978 0.319634825 -0.779573321 0.199823961 0.500169456
1403715906284058112.000000 -0.252819002 0.359520078 0.790874064 0.363341957 -0.746579707 0.224858388 0.509941280
1403715906484058112.000000 -0.250315070 0.260622829 0.737301946 0.440349370 -0.699585676 0.269299507 0.494115621
1403715906534057984.000000 -0.246672750 0.232927799 0.725826442 0.456864268 -0.686689079 0.281393766 0.490459800
1403715906634057984.000000 -0.234306246 0.174793318 0.710044384 0.483319968 -0.664864779 0.312549442 0.476098299
1403715906934057984.000000 -0.171632066 0.002409194 0.714549184 0.557918608 -0.593970716 0.403019935 0.416534007
1403715907134057984.000000 -0.127354443 -0.094334498 0.691764116 0.619423449 -0.525624454 0.438138068 0.384796888
1403715907284058112.000000 -0.087129362 -0.156162277 0.687824905 0.665875852 -0.467491567 0.461894602 0.353149176
1403715907534057984.000000 0.001796711 -0.229402781 0.740208268 0.726041436 -0.367769659 0.498678803 0.298209488
1403715907584058112.000000 0.022742841 -0.239243537 0.753291667 0.735168040 -0.350306511 0.504357576 0.287118137
1403715907634057984.000000 0.044727657 -0.247427166 0.766109645 0.742561638 -0.334361374 0.510971785 0.275159121
1403715907784058112.000000 0.115557067 -0.261246771 0.803584278 0.755507171 -0.290085584 0.536305785 0.239656851
1403715907884058112.000000 0.164845705 -0.261023223 0.825031698 0.761695623 -0.261430442 0.552461684 0.215081722
1403715907984058112.000000 0.212851733 -0.253807783 0.843959808 0.767323911 -0.234817758 0.567327201 0.184971571
1403715908234057984.000000 0.315084398 -0.211007178 0.879503846 0.784825921 -0.149753094 0.591197193 0.110037319
1403715908334057984.000000 0.343974829 -0.185623586 0.888008952 0.792130172 -0.110899806 0.594931424 0.079294786
1403715908534057984.000000 0.382487416 -0.129243761 0.905707240 0.800674379 -0.028415594 0.598158777 0.017866716
1403715908634057984.000000 0.391478091 -0.097815365 0.915514529 -0.800642550 -0.016836956 -0.598809302 0.010747727
1403715908884058112.000000 0.384762704 -0.015876323 0.934067667 -0.787770033 -0.119704895 -0.598324776 0.084241845
1403715908934057984.000000 0.377273262 0.000135127 0.935391843 -0.787345052 -0.138809666 -0.592584968 0.098299317
1403715909084058112.000000 0.345431656 0.047199514 0.936926186 -0.783214927 -0.199918300 -0.574354708 0.129320413
1403715909284058112.000000 0.286404550 0.112677768 0.930840552 -0.769845366 -0.268675536 -0.553234875 0.170536965
1403715909384058112.000000 0.251914978 0.148317665 0.924603343 -0.759499848 -0.299181253 -0.545801997 0.189078987
1403715909484058112.000000 0.214799106 0.187079623 0.914023101 -0.746118784 -0.329929471 -0.540888250 0.204678535
1403715909584058112.000000 0.173231795 0.230452329 0.901585877 -0.730829954 -0.364314973 -0.534388483 0.218153939
1403715909684058112.000000 0.122664139 0.276440084 0.886911094 -0.712882638 -0.396071821 -0.526235282 0.240835965
1403715909784058112.000000 0.064538866 0.325610101 0.869338334 -0.694372058 -0.427914828 -0.512191474 0.269065738
1403715909834057984.000000 0.032605123 0.351441085 0.859998167 -0.682967842 -0.444728374 -0.504741430 0.284618676
1403715909934057984.000000 -0.036671512 0.403650790 0.841155350 -0.656045914 -0.474114567 -0.488489240 0.325879455
1403715910034057984.000000 -0.111479543 0.452804238 0.821550071 -0.622931719 -0.505845785 -0.470488489 0.367037863
1403715910234057984.000000 -0.268888265 0.529811621 0.773863196 -0.555545449 -0.579698324 -0.419989139 0.422999203
1403715910284058112.000000 -0.308459401 0.544819295 0.761371136 -0.539230525 -0.595562041 -0.407113433 0.434505463
1403715910334057984.000000 -0.347843140 0.558308184 0.749776244 -0.523115158 -0.609669507 -0.395462543 0.445267379
1403715915284058112.000000 1.718400359 -1.380616546 0.395941854 0.157613769 -0.836262047 0.183513477 0.492083997
1403715963234057984.000000 0.448881686 0.113987878 0.699478388 0.830066264 -0.368278176 0.389354289 0.154157266
1403715963284058112.000000 0.410920739 0.137755841 0.642584026 0.840793192 -0.360968143 0.376757771 0.144299865
1403715964034057984.000000 0.377758324 0.043398656 0.061666787 0.781157553 -0.191935197 0.577571392 0.139158458
1403715964284058112.000000 0.374098271 0.044799529 0.052102566 0.821716964 -0.182681516 0.523154318 0.133110374
1403715964534057984.000000 0.424141139 0.053963058 0.131706595 0.807704687 -0.185194045 0.545446694 0.125715077
1403715965334057984.000000 0.569712102 0.050771013 0.398155808 0.807518423 -0.176022246 0.552441955 0.108342767
1403715965584058112.000000 0.571342170 0.027746685 0.430579841 0.867681801 -0.189888477 0.448454708 0.099795073
1403715965934057984.000000 0.783795297 -0.076833665 0.560677469 0.767807007 -0.166442394 0.604020417 0.133897617
1403715966234057984.000000 0.899099648 -0.107448973 0.653810441 0.702747226 -0.145075634 0.681054354 0.145823315
1403715966334057984.000000 0.884746253 -0.088998459 0.680455625 0.730884492 -0.151749358 0.650396466 0.140586287
1403715966434057984.000000 0.848243177 -0.058789052 0.707505822 0.769731641 -0.163000286 0.602465332 0.134088814
1403715966884058112.000000 0.741815388 0.073081687 0.826790333 0.868240416 -0.211016491 0.434372932 0.113801986
1403715967334057984.000000 0.991790116 0.077613056 1.005295157 0.713605940 -0.171400160 0.656511009 0.174304053
1403715967484058112.000000 1.021463871 0.124188058 1.056392431 0.694381237 -0.171981364 0.676887453 0.173437655
1403715967584058112.000000 1.006382704 0.178086475 1.085376143 0.709265172 -0.179251432 0.664257705 0.153537318
1403715968884058112.000000 0.513674796 0.497923791 0.947257042 0.726623893 -0.095613487 0.675303817 0.082707629
1403715969334057984.000000 0.053852901 0.571555197 0.718464673 0.872621298 -0.117406026 0.470491022 0.058190331
1403715969434057984.000000 -0.030615862 0.580808043 0.676532745 0.893875420 -0.120754384 0.427894920 0.057542808
1403715969584058112.000000 -0.087614715 0.577357769 0.627103388 0.906701326 -0.103080668 0.400830209 0.081254467
1403715969734057984.000000 -0.045091659 0.567800045 0.598965764 0.892722130 -0.066506214 0.428600103 0.122172259
1403715970284058112.000000 0.457406193 0.727857590 0.579367578 0.729502380 -0.078722678 0.675170541 0.075985327
1403715970434057984.000000 0.515688479 0.813664317 0.582964122 0.701717138 -0.081776641 0.704855561 0.063909464
1403715970584058112.000000 0.494432479 0.910595059 0.586383402 0.726144671 -0.097149387 0.679823637 0.033403855
1403715970734057984.000000 0.406478614 1.002628922 0.587815464 0.788703918 -0.116067909 0.603658676 0.008395059
1403715970884058112.000000 0.292646646 1.069072247 0.593282878 0.852070987 -0.140275747 0.504093170 -0.013709294
1403715971034057984.000000 0.209551930 1.090330958 0.614386737 0.890541315 -0.146389604 0.430294991 -0.018779133
1403715971134057984.000000 0.194468230 1.072595835 0.640685558 0.905657053 -0.125851348 0.404892176 -0.003026840
1403715971284058112.000000 0.253984600 1.011538029 0.703722239 0.899076343 -0.068207785 0.431164145 0.033271771
1403715971684058112.000000 0.674706697 0.900008798 0.909037232 0.789454103 0.088589907 0.606144071 0.038776465
1403715972284058112.000000 0.991509020 1.039237857 1.117810726 0.717262864 0.150513083 0.669121027 -0.123113453
1403715972384058112.000000 0.967878938 1.050434351 1.150724888 0.704491794 0.152349174 0.680639565 -0.131190091
1403715972534057984.000000 0.878854394 1.048443198 1.191881299 0.715789557 0.155775338 0.667861104 -0.131684780
1403715972984058112.000000 0.408917069 0.957915068 1.221515179 0.816224098 0.140640363 0.545459092 -0.128347188
1403715973334057984.000000 0.079361513 0.833688557 1.194109440 0.808015704 0.118298970 0.561488390 -0.133592367
1403715973734057984.000000 -0.222228214 0.609520137 1.170057535 0.846997201 0.114507452 0.502479851 -0.130375639
1403715973884058112.000000 -0.279406518 0.513415098 1.165577054 0.853614390 0.113374114 0.490402311 -0.134143248
1403715974134057984.000000 -0.283269107 0.339299023 1.168736696 0.839727700 0.131392404 0.513301551 -0.118807040
1403715974634057984.000000 -0.102138266 -0.003143787 1.132461190 0.819945395 0.146834046 0.541678131 -0.112757288
1403715974884058112.000000 0.033542592 -0.160299495 1.092224121 0.813383281 0.148334295 0.550564289 -0.115254141
1403715975334057984.000000 0.296157479 -0.416773826 1.024787784 0.804725051 0.167407826 0.558568120 -0.111328267
1403715975484058112.000000 0.383115023 -0.486818254 1.020633340 0.796076536 0.174336433 0.569167495 -0.109166652
1403715975934057984.000000 0.595346153 -0.638990641 1.058077812 0.802851200 0.176353410 0.558193028 -0.112915851
1403715976334057984.000000 0.762817264 -0.697765172 1.104089618 0.802364886 0.174612537 0.561201870 -0.103795834
1403715976634057984.000000 0.874707341 -0.679863036 1.126715064 0.795117736 0.199732289 0.563184261 -0.103528999
1403715977084058112.000000 0.997154951 -0.540210962 1.130045652 0.785321891 0.237407416 0.552926362 -0.145532846
1403715977234057984.000000 1.026126623 -0.470827639 1.128444791 0.777820647 0.261331886 0.548439264 -0.160981700
1403715977384058112.000000 1.046958685 -0.389501065 1.124977112 0.765036464 0.296425879 0.541401803 -0.183670908
1403715977784058112.000000 1.056593418 -0.129194826 1.109239340 0.709050655 0.412104726 0.504645884 -0.269721210
1403715977934057984.000000 1.042519927 -0.023636959 1.102603793 0.674703956 0.460173488 0.492830843 -0.300221026
1403715978034057984.000000 1.024374723 0.046933569 1.098979831 0.646059752 0.494701713 0.486895293 -0.317506015
1403715978184058112.000000 0.979299784 0.150523856 1.092848659 0.597067773 0.546115220 0.477591902 -0.342307240
1403715978334057984.000000 0.897437692 0.247005448 1.080334306 -0.553916156 -0.587168753 -0.460819989 0.368856102
1403715978484058112.000000 0.786235631 0.337430626 1.069005013 -0.522585988 -0.614168644 -0.428106964 0.407952517
1403715978634057984.000000 0.652517557 0.415597528 1.053428888 -0.492462844 -0.634768486 -0.385560721 0.453753591
1403715978834057984.000000 0.462824494 0.492112160 1.029419065 -0.439595938 -0.675014496 -0.335440367 0.488457471
1403715978884058112.000000 0.415192276 0.506562769 1.024139643 -0.423935413 -0.687239289 -0.324199975 0.492823839
1403715978984058112.000000 0.319648683 0.531257868 1.015671372 -0.390390575 -0.711039901 -0.300958633 0.501439333
1403715979034057984.000000 0.271663606 0.540931523 1.012344956 -0.371787608 -0.721442282 -0.290009916 0.507138312
1403715979084058112.000000 0.222933054 0.549258232 1.010094762 -0.352678239 -0.729362905 -0.278650612 0.515753567
1403715979134057984.000000 0.174386829 0.555201590 1.008948088 -0.334485441 -0.735243976 -0.265131801 0.526536822
1403715983684058112.000000 2.707353354 -0.602094889 0.751169503 -0.724701524 -0.282442808 -0.575541615 0.252558202
