1413394925005760512.000000 0.396943212 -0.007853018 0.997958601 -0.465973556 -0.639873087 -0.417696595 0.446050197
1413394925055760384.000000 0.408713400 0.044278055 1.009060264 -0.452196598 -0.646515429 -0.423430949 0.445243955
1413394925305760512.000000 0.409050882 0.256563365 1.062079191 -0.423320800 -0.687683225 -0.403437406 0.430266917
1413394925605760512.000000 0.270626903 0.442175925 1.079741478 -0.421793342 -0.694725513 -0.375782937 0.445234954
1413394925905760512.000000 0.021640860 0.578619897 1.041606903 -0.454308927 -0.676995218 -0.324571729 0.479514390
1413394926205760512.000000 -0.256153017 0.704907477 1.018433094 -0.433738291 -0.696028173 -0.327404886 0.469278187
1413394926455760384.000000 -0.516410589 0.807913125 1.003767967 -0.438820601 -0.703935325 -0.307383865 0.466290414
1413394926705760512.000000 -0.812366366 0.927776575 0.999190986 -0.420176208 -0.710148036 -0.257801503 0.502673090
1413394926955760384.000000 -1.095929146 1.075704575 1.000370860 -0.384089559 -0.720424056 -0.164363831 0.553578436
1413394927205760512.000000 -1.306492567 1.290963054 0.968844473 -0.311332345 -0.749869585 -0.180878356 0.555023372
1413394927255760384.000000 -1.341984510 1.340008378 0.962150812 -0.296854436 -0.755471468 -0.192034841 0.551600337
1413394927305760512.000000 -1.376565933 1.389356256 0.959401786 -0.287255943 -0.759274840 -0.198937804 0.549007833
1413394927455760384.000000 -1.479821086 1.534489274 0.969101071 -0.277678251 -0.768852770 -0.201405898 0.539625704
1413394927705760512.000000 -1.659476876 1.764364839 1.045370102 -0.282552242 -0.772949994 -0.189455375 0.535555124
1413394927755760384.000000 -1.696770549 1.809493303 1.065083861 -0.281264544 -0.772060454 -0.188200429 0.537953138
1413394927855760384.000000 -1.772793651 1.899654984 1.098956227 -0.274774432 -0.771904349 -0.191997439 0.540184915
1413394927955760384.000000 -1.850472689 1.988697171 1.121459365 -0.273079664 -0.772881627 -0.191148549 0.539947927
1413394928055760384.000000 -1.929841518 2.077079058 1.134371638 -0.269336611 -0.771571994 -0.194076434 0.542649865
1413394928255760384.000000 -2.093893051 2.244642019 1.141144156 -0.246547267 -0.759649575 -0.223404720 0.558782101
1413394928355760384.000000 -2.177384138 2.315795660 1.143362761 -0.240464553 -0.751462519 -0.233277321 0.568385899
1413394928455760384.000000 -2.259177208 2.373444080 1.146757960 -0.247703239 -0.748848140 -0.225435480 0.571881533
1413394929655760384.000000 -2.953772068 2.611011267 1.103195786 -0.296782732 -0.755609334 -0.182408035 0.554708898
1413394929905760512.000000 -3.018498659 2.620507956 1.091637731 -0.290078312 -0.760320663 -0.196614429 0.546909273
1413394930355760384.000000 -3.099282026 2.599993944 0.990874112 -0.280714065 -0.721094251 -0.211915642 0.596920907
1413394930755760384.000000 -3.076386452 2.538513184 0.865377307 -0.330404699 -0.806123435 -0.148496315 0.467917323
1413394930855760384.000000 -3.087955475 2.558864355 0.830300689 -0.312155396 -0.795977771 -0.178451076 0.486963749
1413394931255760384.000000 -3.178049803 2.647152662 0.775348067 -0.274977624 -0.724679410 -0.237834781 0.585373223
1413394931355760384.000000 -3.189924479 2.644194365 0.801685333 -0.273414105 -0.714771569 -0.242362663 0.596327782
1413394931755760384.000000 -3.178740501 2.530981541 0.891333759 -0.276391417 -0.770807087 -0.228415400 0.526583970
1413394931855760384.000000 -3.183034420 2.487758398 0.895898163 -0.250613004 -0.783745229 -0.227151588 0.520901859
1413394931955760384.000000 -3.198620796 2.438193321 0.893301904 -0.228852659 -0.792440295 -0.204505518 0.527107477
1413394932055760384.000000 -3.224580288 2.382666588 0.896029234 -0.203879923 -0.793471277 -0.172807023 0.546785295
1413394932255760384.000000 -3.288527250 2.257259846 0.945632100 -0.149400577 -0.784579933 -0.093026564 0.594524980
1413394932355760384.000000 -3.316398621 2.194116354 0.986706734 -0.117884092 -0.779318392 -0.056664191 0.612825632
1413394932555760384.000000 -3.343537331 2.076894283 1.058464766 -0.042304546 -0.767134964 -0.014590099 0.639923036
1413394932755760384.000000 -3.317680120 1.966420650 1.085759997 0.025279323 -0.772051513 0.020474182 0.634727001
1413394932855760384.000000 -3.286262035 1.912339926 1.095118165 0.052074779 -0.787574828 0.038992040 0.612775505
1413394933255760384.000000 -3.136725903 1.699346900 1.099158645 0.139569983 -0.806126833 0.108493887 0.564720154
1413394933355760384.000000 -3.104375839 1.646433592 1.078352094 0.162600502 -0.797950685 0.123179093 0.567153215
1413394933455760384.000000 -3.073227644 1.594573259 1.046028018 0.183400974 -0.789879560 0.137370571 0.568844199
1413394933555760384.000000 -3.042096853 1.543262362 1.003094792 0.202303395 -0.782945573 0.151871309 0.568334997
1413394933855760384.000000 -2.944266558 1.399515986 0.886173487 0.247792110 -0.750845969 0.197168276 0.579615533
1413394933955760384.000000 -2.903725386 1.359965920 0.851882458 0.265492290 -0.752509415 0.203309819 0.567369998
1413394934055760384.000000 -2.859445572 1.322774053 0.820453286 0.286286533 -0.755149364 0.211607590 0.550465047
1413394934155760384.000000 -2.815531731 1.284267545 0.797167897 0.304586440 -0.744178891 0.228766158 0.548717558
1413394934255760384.000000 -2.770934105 1.245995164 0.771767080 0.323672473 -0.728281558 0.248715848 0.550438643
1413394934355760384.000000 -2.723465919 1.209868431 0.734132290 0.347838163 -0.718430102 0.266403288 0.540274203
1413394934655760384.000000 -2.581716537 1.119493484 0.564031005 0.404542863 -0.704025209 0.299226940 0.501155615
1413394935155760384.000000 -2.379160643 1.025544167 0.465813249 0.403760433 -0.689400434 0.321813166 0.508075714
1413394935255760384.000000 -2.343665600 1.016512990 0.467277259 0.392276764 -0.690897584 0.319834918 0.516221941
1413394935355760384.000000 -2.308382750 1.014144063 0.460384250 0.382975131 -0.689436138 0.316050768 0.527370751
1413394935455760384.000000 -2.272620916 1.017307878 0.442554682 0.377805352 -0.689767182 0.309379697 0.534573257
1413394935655760384.000000 -2.193769932 1.039184332 0.381657153 0.377787858 -0.704786956 0.288587838 0.526563287
1413394935755760384.000000 -2.150233746 1.056222796 0.360660434 0.376017958 -0.707858384 0.282940209 0.526775062
1413394935855760384.000000 -2.107093811 1.072439909 0.355705559 0.372771561 -0.707954764 0.281574726 0.529676497
1413394935955760384.000000 -2.061672688 1.090456843 0.356490910 0.371237189 -0.711976290 0.278567046 0.526946902
1413394936055760384.000000 -2.013918638 1.109732509 0.345018506 0.378203005 -0.720205784 0.272530705 0.513802648
1413394936205760512.000000 -1.939211965 1.133854747 0.306714475 0.405685395 -0.724530160 0.275074005 0.484571636
1413394936305760512.000000 -1.890033364 1.142071843 0.276673496 0.430784196 -0.704767168 0.294241577 0.480780691
1413394936405760512.000000 -1.839900970 1.145373702 0.248554111 0.460568339 -0.673406065 0.323392928 0.479393423
1413394936505760512.000000 -1.787958622 1.145929456 0.224459678 0.498746991 -0.637423337 0.349027693 0.472358525
1413394936605760512.000000 -1.732332110 1.146283984 0.204812512 0.539017558 -0.602937758 0.368495911 0.458406985
1413394936705760512.000000 -1.672480464 1.147337556 0.188313603 0.570819080 -0.578562200 0.388610154 0.434066325
1413394936805760512.000000 -1.608968139 1.148150921 0.176356420 0.596394002 -0.556407094 0.405176759 0.412985653
1413394936905760512.000000 -1.541275501 1.148594618 0.167623386 0.619657338 -0.535317898 0.417032957 0.394389510
1413394937005760512.000000 -1.468654513 1.147754908 0.159666732 0.643656492 -0.513812542 0.425932616 0.374545604
1413394937105760512.000000 -1.390434146 1.144305706 0.153227866 0.668188274 -0.490117103 0.434114009 0.353347808
1413394937205760512.000000 -1.306762815 1.137194514 0.147722006 0.688641191 -0.465545326 0.444001555 0.334519863
1413394937305760512.000000 -1.218890905 1.126060486 0.141182229 0.701856196 -0.453105897 0.454497546 0.309071124
1413394937355760384.000000 -1.173485160 1.117914200 0.138865337 0.705639601 -0.448563606 0.460026264 0.298729330
1413394937455760384.000000 -1.082319736 1.097135663 0.134343997 0.709370196 -0.440765917 0.469383568 0.286702871
1413394937555760384.000000 -0.990373969 1.069370151 0.130161121 0.710591614 -0.434689432 0.475937396 0.282114118
1413394937655760384.000000 -0.897782147 1.035836339 0.125758246 0.708936512 -0.431690425 0.481254220 0.281862944
1413394937755760384.000000 -0.804787815 0.997080743 0.123278439 0.704041421 -0.432791442 0.487296879 0.282062232
1413394937855760384.000000 -0.713356555 0.954400182 0.122127041 0.697857678 -0.439246267 0.489882648 0.282970756
1413394937955760384.000000 -0.625284851 0.906635821 0.122643068 0.688862383 -0.454804540 0.488806844 0.282292873
1413394938255760384.000000 -0.392277062 0.715173960 0.179797918 0.660842240 -0.510431826 0.476066530 0.275875986
1413394938355760384.000000 -0.333049178 0.627792656 0.233377472 0.653652549 -0.515265584 0.467850477 0.297246695
1413394938455760384.000000 -0.281664789 0.531468213 0.299712867 0.640850544 -0.520320714 0.465301603 0.319486231
1413394938555760384.000000 -0.236145824 0.430095553 0.366178572 0.631374419 -0.525996089 0.454563260 0.343608379
1413394938655760384.000000 -0.193987876 0.326730460 0.420503497 0.622319758 -0.540590525 0.435648203 0.361511737
1413394938755760384.000000 -0.153322160 0.221178308 0.462763309 0.608797371 -0.562547266 0.416629881 0.373263866
1413394938855760384.000000 -0.113476694 0.113016680 0.494648576 0.586730301 -0.590816200 0.403177500 0.379646868
1413394938955760384.000000 -0.076254509 0.001490153 0.516133487 0.549168706 -0.624648273 0.402624637 0.382258832
1413394939055760384.000000 -0.047156036 -0.112309135 0.528326392 0.502702296 -0.656273127 0.406061858 0.389499456
1413394939155760384.000000 -0.030686527 -0.226196408 0.531258881 0.460074931 -0.681525171 0.401378900 0.403422356
1413394939255760384.000000 -0.028313592 -0.337587923 0.525551140 0.430412591 -0.699492335 0.383423895 0.422423512
1413394939355760384.000000 -0.039214388 -0.445601791 0.513043463 0.411174446 -0.710812926 0.360809743 0.442150354
1413394939455760384.000000 -0.061864987 -0.549896181 0.505655110 0.410034359 -0.712279379 0.329256773 0.464886993
1413394939755760384.000000 -0.155291021 -0.857614815 0.567075670 0.378376931 -0.723058939 0.313733220 0.485374361
1413394939855760384.000000 -0.195763797 -0.954800427 0.602984250 0.350622565 -0.738214850 0.323847532 0.476681679
1413394939955760384.000000 -0.247552261 -1.046116948 0.633556247 0.345062077 -0.748382211 0.304675728 0.477523744
1413394940055760384.000000 -0.308943570 -1.133300066 0.651643157 0.353556067 -0.755752385 0.267618328 0.481888980
1413394940155760384.000000 -0.376605034 -1.220309615 0.657599449 0.341890872 -0.765159369 0.249535084 0.485153615
1413394940255760384.000000 -0.455566853 -1.304930925 0.655917645 0.316062987 -0.772167683 0.242297500 0.495129645
1413394940355760384.000000 -0.545025110 -1.390491247 0.641729712 0.285906702 -0.777020276 0.231861666 0.510624111
1413394940455760384.000000 -0.639691353 -1.473335385 0.618837595 0.253351092 -0.783505440 0.218076885 0.523808241
1413394940655760384.000000 -0.845015526 -1.627206445 0.575315416 0.212753356 -0.792611659 0.157058448 0.549395502
1413394940855760384.000000 -1.058700681 -1.786446810 0.563517094 0.188450903 -0.799715579 0.116688170 0.557965219
1413394940955760384.000000 -1.166296601 -1.873608232 0.578789055 0.168920279 -0.805552304 0.127683073 0.553397298
1413394941005760512.000000 -1.221339226 -1.917158604 0.589023471 0.157070100 -0.810795248 0.135901332 0.547239423
1413394941055760384.000000 -1.277691245 -1.959665298 0.599585354 0.144987285 -0.816632330 0.143553257 0.539891481
1413394941105760512.000000 -1.335645556 -2.000625610 0.609786630 0.131667942 -0.823416948 0.151258528 0.530819237
1413394941205760512.000000 -1.459405541 -2.075912237 0.632756412 0.109559081 -0.833979070 0.158595026 0.517033219
