1403715548862142976.000000 -39.960567474 -10.011304855 34.456336975 -0.385007560 -0.728720427 -0.269162089 0.498284549
1403715548912143104.000000 -40.027202606 -9.980005264 34.445571899 -0.387202024 -0.726934314 -0.269286662 0.499125093
1403715549162142976.000000 -40.364131927 -9.830143929 34.397994995 -0.371146053 -0.724224329 -0.265188485 0.517131388
1403715549412143104.000000 -40.684967041 -9.707051277 34.365463257 -0.353933334 -0.713310957 -0.254510403 0.548765182
1403715549662142976.000000 -40.955436707 -9.617074013 34.327594757 -0.374443024 -0.720425785 -0.212853730 0.543573856
1403715549912143104.000000 -41.154132843 -9.508403778 34.300201416 -0.420192569 -0.695727766 -0.214956954 0.541474581
1403715550162142976.000000 -41.256530762 -9.360728264 34.289337158 -0.491874814 -0.657590032 -0.243331164 0.516163349
1403715550412143104.000000 -41.248641968 -9.174357414 34.344936371 -0.543258607 -0.624921560 -0.306715399 0.469328135
1403715550662142976.000000 -41.173614502 -8.966433525 34.422546387 -0.594549656 -0.573840797 -0.363555253 0.430168509
1403715550912143104.000000 -41.059059143 -8.758894920 34.426418304 -0.659553230 -0.498384118 -0.385395229 0.409967571
1403715550962142976.000000 -41.028694153 -8.718249321 34.419712067 -0.670996785 -0.483148426 -0.390223533 0.405039012
1403715551062142976.000000 -40.956787109 -8.638538361 34.408981323 -0.689205229 -0.457524627 -0.405784339 0.388595611
1403715551112143104.000000 -40.914718628 -8.600037575 34.408432007 -0.696554601 -0.445557892 -0.415640891 0.378856927
1403715551162142976.000000 -40.868888855 -8.562634468 34.411365509 -0.703710556 -0.433423609 -0.425162852 0.369014859
1403715551212143104.000000 -40.819675446 -8.526117325 34.417484283 -0.711848557 -0.419455558 -0.432269722 0.361208528
1403715551312143104.000000 -40.711383820 -8.456374168 34.437580109 -0.728530228 -0.387121350 -0.444458991 0.349051625
1403715551412143104.000000 -40.590625763 -8.393767357 34.460048676 -0.745269060 -0.353388518 -0.454616308 0.336176425
1403715551512143104.000000 -40.457839966 -8.339401245 34.482212067 -0.758150637 -0.320828617 -0.468972653 0.319908202
1403715551612143104.000000 -40.313053131 -8.295414925 34.504543304 -0.765721202 -0.293146282 -0.490062088 0.295931429
1403715551712143104.000000 -40.159580231 -8.262781143 34.528533936 -0.766729593 -0.267146915 -0.518143356 0.268859833
1403715551812143104.000000 -40.003044128 -8.242019653 34.551937103 -0.767189324 -0.237423062 -0.542720973 0.245977297
1403715551862142976.000000 -39.924907684 -8.236171722 34.563392639 -0.766796649 -0.220579937 -0.554242015 0.237029880
1403715551962142976.000000 -39.771450043 -8.234251976 34.585708618 -0.763875842 -0.187237978 -0.577637613 0.218564540
1403715552062142976.000000 -39.624992371 -8.246417046 34.606407166 -0.765461564 -0.164576396 -0.593769908 0.185528159
1403715552162142976.000000 -39.488899231 -8.270317078 34.623600006 -0.771846831 -0.141143024 -0.600122273 0.155513659
1403715552262142976.000000 -39.365066528 -8.303226471 34.640918732 -0.771526337 -0.116044655 -0.612666667 0.126176119
1403715552362142976.000000 -39.254417419 -8.343115807 34.656547546 -0.768483877 -0.087264657 -0.626193166 0.098487116
1403715552562142976.000000 -39.083610535 -8.438217163 34.681350708 -0.767967820 -0.017663969 -0.638691068 0.044578578
1403715552762142976.000000 -38.987197876 -8.547372818 34.697208405 0.763648152 -0.072325654 0.641565800 -0.001993035
1403715552862142976.000000 -38.967540741 -8.608309746 34.700012207 0.762636364 -0.119268954 0.635362804 0.021791926
1403715552962142976.000000 -38.967018127 -8.674171448 34.697986603 0.761795998 -0.169132918 0.624117136 0.039224833
1403715553062142976.000000 -38.983959198 -8.746806145 34.691955566 0.757541776 -0.219217718 0.612543166 0.053526107
1403715554862142976.000000 -40.677242279 -10.031503677 34.326362610 0.756669819 -0.211287022 0.422086120 0.452384770
1403715554912143104.000000 -40.648288727 -10.018233299 34.311683655 0.751572907 -0.211963862 0.430471420 0.452663183
1403715554962142976.000000 -40.606628418 -9.991393089 34.304496765 0.744050205 -0.215664908 0.443477243 0.450783819
1403715555062142976.000000 -40.492515564 -9.899912834 34.305904388 0.733987391 -0.260648549 0.473800331 0.410899132
1403715555312143104.000000 -40.119808197 -9.555455208 34.346214294 0.705746353 -0.426025569 0.524589300 0.212674350
1403715555412143104.000000 -39.974914551 -9.422202110 34.348190308 0.693762660 -0.452556044 0.532606184 0.173830703
1403715555512143104.000000 -39.850704193 -9.309267044 34.360343933 0.689524770 -0.447643906 0.539101958 0.183138177
1403715555612143104.000000 -39.748374939 -9.214720726 34.387416840 0.692212284 -0.432028890 0.540484488 0.205109075
1403715555712143104.000000 -39.664867401 -9.131930351 34.426902771 0.700383723 -0.419312239 0.534655631 0.218593970
1403715556412143104.000000 -39.487396240 -8.918395042 34.802509308 0.701099813 -0.422231883 0.548713386 0.170566663
1403715556712143104.000000 -39.621662140 -9.029345512 34.858734131 0.739598095 -0.375783116 0.513534188 0.219236031
1403715557112143104.000000 -39.797439575 -9.240110397 34.804363251 0.763549268 -0.357760221 0.486291111 0.229175106
1403715557562142976.000000 -39.841094971 -9.597146988 34.754577637 0.763041258 -0.370286644 0.481979758 0.219889313
1403715557662142976.000000 -39.827259064 -9.704380035 34.744754791 0.755683601 -0.360748827 0.492820650 0.236495942
1403715557912143104.000000 -39.765567780 -9.977191925 34.727233887 0.743980348 -0.363881707 0.502912819 0.247309625
1403715558162142976.000000 -39.677474976 -10.245998383 34.776184082 0.739194989 -0.376546472 0.500580072 0.247433156
1403715558312143104.000000 -39.613697052 -10.409270287 34.823825836 0.742893517 -0.370659441 0.492665946 0.260770380
1403715558412143104.000000 -39.564399719 -10.517391205 34.854351044 0.738844395 -0.362001151 0.497924924 0.274107605
1403715558862142976.000000 -39.320827484 -10.924053192 34.879608154 0.709041357 -0.343813121 0.551679850 0.273317307
1403715559262142976.000000 -39.152770996 -11.097188950 34.871315002 0.740379512 -0.261696935 0.569180965 0.243692502
1403715559662142976.000000 -39.023841858 -11.064638138 34.836879730 0.788163662 -0.205977291 0.554174006 0.171062618
1403715559762142976.000000 -38.990299225 -11.038736343 34.806159973 0.794520974 -0.193148330 0.551989615 0.163516507
1403715559862142976.000000 -38.954147339 -11.007836342 34.774219513 0.799742877 -0.177101731 0.552032113 0.155907080
1403715560262142976.000000 -38.766792297 -10.807301521 34.682094574 0.818879008 -0.097255841 0.556547821 0.101157762
1403715560362142976.000000 -38.707595825 -10.738111496 34.683734894 0.821695924 -0.083453320 0.558615744 0.076156773
1403715560662142976.000000 -38.513149261 -10.519185066 34.697410583 0.824752629 -0.024772417 0.564456880 0.023621650
1403715560762142976.000000 -38.442741394 -10.442545891 34.704082489 0.824420393 -0.000216787 0.565909743 0.008785441
1403715560862142976.000000 -38.370960236 -10.363952637 34.710735321 -0.823260427 -0.028773243 -0.566931367 0.001819053
1403715561012143104.000000 -38.261707306 -10.237385750 34.721027374 -0.820891201 -0.073098771 -0.565928638 0.022785131
1403715561212143104.000000 -38.116733551 -10.051692963 34.732551575 -0.815896928 -0.121486008 -0.561121404 0.068529285
1403715561562142976.000000 -37.861186981 -9.720148087 34.748699188 -0.801689446 -0.164349630 -0.557162106 0.140902758
1403715561662142976.000000 -37.786731720 -9.632253647 34.756633759 -0.792943418 -0.189273268 -0.561746061 0.140917912
1403715561762142976.000000 -37.714897156 -9.543924332 34.765552521 -0.780340016 -0.211666986 -0.569796383 0.146964997
1403715561862142976.000000 -37.649742126 -9.455300331 34.775928497 -0.767382741 -0.232813001 -0.575802207 0.159291565
1403715561962142976.000000 -37.593509674 -9.365942001 34.788925171 -0.751855671 -0.253695071 -0.582635760 0.175748393
1403715562062142976.000000 -37.548519135 -9.278712273 34.804203033 -0.734564841 -0.270586193 -0.591405809 0.193486035
1403715562162142976.000000 -37.517383575 -9.196781158 34.821323395 -0.718698263 -0.283609837 -0.601264060 0.203764185
1403715562262142976.000000 -37.502044678 -9.120903969 34.837833405 -0.709787548 -0.296571314 -0.605695784 0.203420192
1403715562362142976.000000 -37.505241394 -9.051070213 34.851760864 -0.711373389 -0.310030252 -0.600330889 0.193473577
1403715562412143104.000000 -37.513614655 -9.016916275 34.857540131 -0.715993166 -0.317224085 -0.593371272 0.186100200
1403715562462142976.000000 -37.526531219 -8.982512474 34.862880707 -0.720386982 -0.324788213 -0.586247027 0.178521261
1403715562562142976.000000 -37.564758301 -8.910202980 34.874095917 -0.722161889 -0.341661960 -0.577446282 0.168241441
1403715562662142976.000000 -37.619472504 -8.829517365 34.885562897 -0.721062422 -0.353014261 -0.569606304 0.176064238
1403715562762142976.000000 -37.688827515 -8.742867470 34.894512177 -0.729694963 -0.349643260 -0.551389456 0.203136578
1403715562812143104.000000 -37.727386475 -8.697854042 34.899005890 -0.732530534 -0.347947091 -0.543892086 0.215669274
1403715562862142976.000000 -37.767951965 -8.652151108 34.903221130 -0.734834611 -0.347527921 -0.536025584 0.227857530
1403715562962142976.000000 -37.853343964 -8.560481071 34.911418915 -0.734023154 -0.352438480 -0.524012804 0.249815360
1403715563062142976.000000 -37.941459656 -8.469114304 34.919464111 -0.726296127 -0.364181370 -0.517513394 0.268413514
1403715563162142976.000000 -38.031856537 -8.378219604 34.928993225 -0.708448112 -0.384217590 -0.519760430 0.283420563
1403715563212143104.000000 -38.078426361 -8.333015442 34.934375763 -0.696707964 -0.395924091 -0.521683514 0.292725891
1403715563262142976.000000 -38.126262665 -8.288120270 34.939838409 -0.683978796 -0.407811254 -0.522362471 0.304959714
1403715563362142976.000000 -38.228092194 -8.202447891 34.950359344 -0.657413542 -0.436926812 -0.518115759 0.329330355
1403715563462142976.000000 -38.337039948 -8.124115944 34.960365295 -0.630387306 -0.470443547 -0.507673383 0.351514697
1403715563562142976.000000 -38.452571869 -8.053105354 34.963233948 -0.602711022 -0.503486812 -0.496139646 0.370251298
1403715563612143104.000000 -38.513118744 -8.021196365 34.960350037 -0.588409305 -0.519067168 -0.491176009 0.378272355
1403715563662142976.000000 -38.575576782 -7.991805553 34.954738617 -0.574433565 -0.532786727 -0.486340612 0.386829555
1403715563712143104.000000 -38.639923096 -7.965144634 34.946823120 -0.559820414 -0.546061695 -0.482428819 0.394563317
1403715563912143104.000000 -38.919765472 -7.886169910 34.891029358 -0.511897981 -0.584171891 -0.447709441 0.443012387
1403715564012143104.000000 -39.070186615 -7.866700649 34.848255157 -0.494837493 -0.600946426 -0.414896250 0.471020699
1403715564062142976.000000 -39.146381378 -7.862377167 34.825809479 -0.486915082 -0.609993935 -0.395602494 0.484065920
1403715564462142976.000000 -42.451530457 -8.137052536 34.512134552 -0.364021778 -0.705659866 -0.267929256 0.545661271
1403715564512143104.000000 -42.801685333 -8.193452835 34.495876312 -0.344911009 -0.720990241 -0.251560688 0.545826674
1403715564612143104.000000 -43.517066956 -8.322488785 34.475833893 -0.302898794 -0.747818291 -0.222997800 0.547075987
1403715564662142976.000000 -43.882843018 -8.394742966 34.471714020 -0.280802935 -0.758537769 -0.210426122 0.549082100
1403715564712143104.000000 -44.254470825 -8.472055435 34.471263885 -0.257578880 -0.768055737 -0.199537262 0.551297188
1403715564762142976.000000 -44.630233765 -8.553219795 34.474010468 -0.234742880 -0.776257217 -0.187811300 0.554118633
1403715566362142976.000000 -56.709247589 -12.700529099 34.513389587 0.434125870 -0.666132629 0.304145545 0.524688125
1403715567962142976.000000 -66.011459351 -17.229921341 33.391929626 0.812944472 0.052016463 0.579863250 -0.013200745
1403715569112143104.000000 -72.478919983 -19.084955215 32.187377930 0.607808709 0.536248982 0.454147339 -0.369805187
1403715570462142976.000000 -81.086074829 -21.723705292 31.187860489 -0.215922654 -0.746363521 -0.205952153 0.594897151
1403715571512143104.000000 -88.015731812 -24.958320618 29.879913330 0.096357077 -0.778602958 0.047032185 0.618288696
1403715573162142976.000000 -99.318618774 -31.037761688 23.773248672 0.345764846 -0.713662803 0.219920948 0.568125844
1403715573912143104.000000 -104.261840820 -34.950450897 22.582897186 -0.548109412 0.618764341 -0.338921964 -0.449264675
1403715574612143104.000000 -106.126319885 -38.250072479 21.683441162 0.706530809 -0.414571315 0.425513089 0.384556293
1403715574912143104.000000 -107.232238770 -39.727470398 21.322660446 0.724400997 -0.396263719 0.451117337 0.338690996
1403715575362142976.000000 -108.228500366 -41.719253540 20.977300644 0.690757215 -0.378388137 0.501064360 0.358624458
1403715575812143104.000000 -109.176925659 -43.595767975 20.155075073 0.695784688 -0.371767670 0.465017438 0.401785046
1403715576212143104.000000 -109.741737366 -44.978767395 19.387300491 0.683291852 -0.407156229 0.491814703 0.354195446
1403715576912143104.000000 -109.452423096 -47.668758392 17.683469772 0.660325587 -0.402019083 0.513672411 0.372144431
1403715577312143104.000000 -109.296867371 -48.441909790 16.910114288 0.638669252 -0.457850248 0.508959532 0.351333201
1403715579012143104.000000 -108.247459412 -51.161159515 12.942664146 -0.550870478 0.637415826 -0.354191452 -0.405944914
1403715579212143104.000000 -108.301322937 -51.285873413 12.921681404 -0.555851281 0.584776938 -0.345943779 -0.478944987
1403715579512143104.000000 -107.989768982 -51.845077515 12.583548546 -0.548606455 0.572662652 -0.360946745 -0.490719855
1403715579762142976.000000 -107.544769287 -52.333045959 12.272616386 -0.537278712 0.579193652 -0.394859403 -0.468990773
1403715580112143104.000000 -106.781059265 -52.931221008 11.936424255 -0.507596076 0.589084983 -0.414015442 -0.473198026
1403715580512143104.000000 -105.796630859 -53.461196899 11.519183159 -0.407777339 0.661821842 -0.406738460 -0.479868054
1403715580762142976.000000 -105.200126648 -53.688747406 11.280010223 -0.360115498 0.702301323 -0.414146274 -0.453401029
1403715581012143104.000000 -104.724182129 -53.861957550 11.283304214 -0.329500586 0.729733467 -0.435161591 -0.411767960
1403715581662142976.000000 -104.855316162 -54.067031860 11.312034607 -0.431142628 0.654507101 -0.407769024 -0.468466610
1403715582362142976.000000 -105.274940491 -53.777099609 11.507737160 0.556950092 -0.497089982 0.502426267 0.436206430
1403715583462142976.000000 -106.046295166 -52.199783325 12.341946602 0.518770814 -0.504914105 0.539681196 0.429747403
1403715584212143104.000000 -107.196060181 -49.478786469 13.150861740 0.480724424 -0.467038155 0.612217903 0.419486195
1403715585012143104.000000 -109.534896851 -44.495117188 14.353695869 0.608049154 -0.507648706 0.479727477 0.377399862
1403715585762142976.000000 -111.999816895 -39.726421356 15.917621613 0.597052038 -0.474748224 0.512518227 0.394294530
1403715586562142976.000000 -115.035598755 -34.036582947 17.765707016 0.545006216 -0.430622607 0.578284740 0.427924335
1403715587412143104.000000 -119.168945312 -26.267980576 20.004779816 0.555011809 -0.441191286 0.591389000 0.384150058
1403715588712143104.000000 -128.273849487 -10.889697075 23.354465485 -0.309000164 0.676436484 -0.469798326 -0.475649208
1403715589862142976.000000 -139.850418091 5.744965076 26.648355484 -0.180974931 0.811655939 -0.305036187 -0.464128971
1403715590212143104.000000 -144.085235596 11.323014259 27.727092743 0.170712754 -0.777916610 0.327060312 0.508659482
1403715590912143104.000000 -153.258544922 22.913249969 30.018833160 -0.336185783 0.679094255 -0.438138068 -0.483575493
1403715591662142976.000000 -163.554626465 37.036022186 32.684429169 0.569881618 -0.431000322 0.562807024 0.415598363
1403715592262142976.000000 -172.009811401 49.375762939 34.590820312 0.661402464 -0.199650362 0.617842972 0.375441998
1403715592662142976.000000 -177.752151489 58.582939148 35.806884766 0.697449028 -0.024462100 0.635879040 0.329582006
1403715592962142976.000000 -182.092300415 66.187431335 36.690155029 0.729741752 0.067994848 0.645108759 0.216074854
1403715593212143104.000000 -185.738983154 73.002418518 37.416988373 0.740097940 0.148501039 0.646221876 0.112249009
1403715593462142976.000000 -189.740859985 79.865234375 38.013229370 0.729394555 0.259079516 0.627347887 0.085417017
1403715593712143104.000000 -193.957397461 87.054435730 38.592464447 0.701053858 0.355940759 0.616560102 0.041028954
1403715593962142976.000000 -198.308670044 94.474761963 39.115207672 0.673556149 0.444890141 0.589968085 -0.018237067
1403715594262142976.000000 -203.795791626 103.642189026 39.620040894 0.657787502 0.538816988 0.519333124 -0.085352682
1403715594712143104.000000 -212.730957031 118.171424866 40.422744751 0.577908039 0.678610742 0.424637228 -0.158723027
1403715595212143104.000000 -223.662765503 135.332336426 41.229343414 0.509522855 0.777617633 0.250443816 -0.270138979
1403715595812143104.000000 -238.039993286 157.050155640 42.179969788 0.264216036 0.844376266 0.164302483 -0.436145872
1403715596162142976.000000 -246.630371094 170.059371948 42.608123779 -0.171729282 -0.802812099 -0.120377801 0.558131695
1403715596512143104.000000 -255.228271484 182.757705688 42.289333344 0.170554414 0.885526299 0.013347102 -0.431944758
1403715597262142976.000000 -274.149230957 210.440032959 43.666915894 0.107310057 0.903869152 -0.136099696 -0.391129285
1403715597612143104.000000 -284.433685303 224.354095459 43.991516113 -0.071453437 -0.842406332 0.183911517 0.501420677
1403715597862142976.000000 -291.944488525 234.580200195 44.207645416 -0.015963720 -0.830702364 0.221173853 0.510647416
1403715598212143104.000000 -302.849487305 249.468032837 44.426643372 0.009698914 -0.804588974 0.234214738 0.545606196
1403715598512143104.000000 -312.139282227 262.353668213 44.581493378 -0.014192010 -0.756942570 0.247025713 0.604826391
1403715598812143104.000000 -321.411926270 275.449676514 44.737518311 -0.004088456 -0.782436669 0.243834391 0.572992921
1403715599112143104.000000 -330.709014893 288.937438965 44.863769531 0.015517726 -0.807997465 0.237574995 0.538941026
1403715599512143104.000000 -343.350524902 307.387420654 45.068859100 -0.006172953 -0.810030580 0.281985462 0.514097810
1403715599912143104.000000 -356.202972412 326.146057129 45.137329102 -0.000799532 -0.796768546 0.276728123 0.537197173
1403715600362142976.000000 -371.023834229 348.269836426 45.227203369 0.113527194 -0.797384143 0.237395748 0.543077707
1403715600762142976.000000 -381.712188721 367.507263184 45.726566315 -0.217111334 0.755499423 -0.366621226 -0.497666806
1403715601162142976.000000 -395.004394531 387.985931396 46.083908081 0.307091057 -0.678034127 0.435343474 0.506399870
1403715601612143104.000000 -410.245452881 411.638397217 46.619449615 0.325460464 -0.652497232 0.452491283 0.513395190
1403715601862142976.000000 -418.798156738 425.069610596 46.903995514 0.314727098 -0.643944025 0.467517853 0.517406940
1403715602312143104.000000 -434.370605469 449.864135742 47.332164764 0.226202399 -0.653059423 0.463979393 0.554138184
1403715602512143104.000000 -441.346160889 461.188568115 47.472969055 0.207939342 -0.700681746 0.429699361 0.530249834
1403715602962142976.000000 -457.283416748 487.050262451 47.619628906 0.135444835 -0.761811674 0.354904652 0.524728894
1403715603212143104.000000 -466.275238037 501.830657959 47.618263245 0.086114742 -0.783769488 0.323906630 0.522851825
1403715603462142976.000000 -475.363525391 516.733337402 47.600738525 0.051907431 -0.803259075 0.306536376 0.508051217
1403715603912143104.000000 -489.831024170 538.877929688 46.108612061 0.003234857 0.801038444 -0.349798054 -0.485765785
1403715604112143104.000000 -497.199493408 551.215942383 46.013938904 -0.017952405 0.813623607 -0.338566780 -0.472299546
1403715604362142976.000000 -506.553436279 566.874572754 45.848121643 -0.032351311 0.805797756 -0.319887549 -0.497308105
1403715604562142976.000000 -514.128479004 579.572509766 45.682388306 0.031888992 -0.798910499 0.321671546 0.507200837
