1403636585563555584.000000 1.303843737 -0.667872727 -6.269192696 -0.553117037 -0.608876109 -0.393666863 0.410314471
1403636585613555456.000000 1.305152774 -0.673831880 -6.290522575 -0.552798033 -0.613924384 -0.386128366 0.410385430
1403636587963555584.000000 1.561545491 -0.668461740 -6.317772388 -0.642471135 -0.642446578 -0.274522185 0.314850628
1403636588163555584.000000 1.615992308 -0.658992290 -6.327547073 -0.652856052 -0.641281068 -0.270243973 0.299175292
1403636588463555584.000000 1.638018489 -0.655648768 -6.336199760 -0.651262760 -0.639156640 -0.269533962 0.307712704
1403636588863555584.000000 1.556743741 -0.682118118 -6.327845573 -0.647154748 -0.645360410 -0.264549971 0.307756424
1403636589863555584.000000 1.115336418 -0.788044691 -6.313890934 -0.611260593 -0.674984217 -0.248147696 0.330423295
1403636590013555456.000000 1.066443086 -0.799647033 -6.320692539 -0.606231391 -0.681507885 -0.237117663 0.334373653
1403636590113555456.000000 1.044236541 -0.804747701 -6.320876122 -0.601253867 -0.682228625 -0.237350807 0.341646910
1403636590213555456.000000 1.033505082 -0.807751954 -6.319261074 -0.597650468 -0.682025731 -0.238276586 0.347676933
1403636590563555584.000000 1.093765020 -0.807327569 -6.309802055 -0.601884782 -0.678626478 -0.251488209 0.337571681
1403636590663555584.000000 1.131093860 -0.803234875 -6.306617737 -0.603995919 -0.675583303 -0.256870955 0.335847467
1403636591063555584.000000 1.310079694 -0.768150449 -6.312703609 -0.616979539 -0.670176327 -0.253343105 0.325602740
1403636591163555584.000000 1.353580475 -0.756863058 -6.314526081 -0.618014812 -0.668844223 -0.252174348 0.327281684
1403636591763555584.000000 1.487979650 -0.703691542 -6.348128319 -0.630605876 -0.636499107 -0.297578990 0.329623878
1403636592063555584.000000 1.507646561 -0.674834430 -6.348163605 -0.644336224 -0.611064792 -0.320409983 0.329800099
1403636593563555584.000000 1.121409178 -0.705545127 -6.358682632 -0.545999646 -0.714666367 -0.196762770 0.390411139
1403636593663555584.000000 1.135167599 -0.751872241 -6.365023613 -0.560565114 -0.708037436 -0.196296081 0.381991655
1403636593763555584.000000 1.164759874 -0.792481184 -6.371452332 -0.581548810 -0.696405411 -0.201287746 0.369193584
1403636593863555584.000000 1.207718372 -0.825774193 -6.375764370 -0.606348515 -0.676141202 -0.216976225 0.357904881
1403636593963555584.000000 1.259213448 -0.849685431 -6.376400471 -0.630280256 -0.650098085 -0.240960792 0.349366844
1403636594263555584.000000 1.428000689 -0.841305792 -6.375275612 -0.686430454 -0.587777078 -0.294185549 0.311105102
1403636594513555456.000000 1.549167514 -0.731749415 -6.378494740 -0.689418316 -0.576019824 -0.323008418 0.297605604
1403636594613555456.000000 1.575816631 -0.677425802 -6.379494190 -0.686161578 -0.572519898 -0.329150498 0.305062711
1403636594713555456.000000 1.579215527 -0.627918243 -6.380512238 -0.682596803 -0.572393477 -0.330065191 0.312224686
1403636595913555456.000000 1.343873501 -0.745511115 -6.416750431 -0.586844504 -0.677608252 -0.262102455 0.357439429
1403636596113555456.000000 1.439767361 -0.798835099 -6.424270630 -0.626025617 -0.647980630 -0.285251528 0.326871067
1403636596213555456.000000 1.453119040 -0.832310438 -6.422839642 -0.637570798 -0.637635112 -0.289682895 0.320949852
1403636596363555584.000000 1.425964832 -0.890573382 -6.409296513 -0.643060267 -0.629072964 -0.292463869 0.324354053
1403636596463555584.000000 1.393155098 -0.934629023 -6.395750046 -0.639494896 -0.629050910 -0.297303438 0.327035159
1403636596563555584.000000 1.360307455 -0.973648667 -6.384207249 -0.633066773 -0.632270038 -0.301242888 0.329717875
1403636596713555456.000000 1.322661281 -1.010114431 -6.375830650 -0.631263316 -0.635683477 -0.300228000 0.327530801
1403636596863555584.000000 1.310488701 -1.001336575 -6.376762867 -0.624284267 -0.638906300 -0.306139052 0.329160810
1403636597013555456.000000 1.317770958 -0.942251205 -6.381795406 -0.621860564 -0.640852749 -0.310802966 0.325574517
1403636597163555584.000000 1.331511736 -0.850800812 -6.388466835 -0.622049809 -0.650823355 -0.297595143 0.317679375
1403636598163555584.000000 1.251053095 -0.704066753 -6.395421028 -0.524689555 -0.721652448 -0.247792840 0.377514720
1403636598363555584.000000 1.271298289 -0.762930572 -6.420982361 -0.536201835 -0.730706394 -0.240574211 0.347390056
1403636598463555584.000000 1.283086658 -0.763985813 -6.436261654 -0.538497984 -0.730281830 -0.245028228 0.341569304
1403636598613555456.000000 1.295542002 -0.730104923 -6.456840515 -0.531744242 -0.726896763 -0.250904709 0.354846627
1403636598763555584.000000 1.301612735 -0.676678836 -6.479701996 -0.515579641 -0.722005010 -0.255730212 0.384042352
1403636598913555456.000000 1.305821180 -0.627500832 -6.512465000 -0.502771258 -0.710352004 -0.265771657 0.414712608
1403636599013555456.000000 1.308607817 -0.601427615 -6.536220074 -0.496541262 -0.704379141 -0.275195539 0.426103562
1403636599163555584.000000 1.309714079 -0.574601054 -6.561095715 -0.485719442 -0.691416860 -0.281842977 0.454514980
1403636599763555584.000000 1.310785890 -0.528437674 -6.610651493 -0.478847563 -0.652754188 -0.324582547 0.489145279
1403636602713555456.000000 1.316429138 -0.530058622 -6.613532543 -0.478878140 -0.638168931 -0.327243567 0.506288350
1403636605213555456.000000 1.316497922 -0.530095279 -6.613552094 -0.478961855 -0.638097465 -0.327154100 0.506356955
1403636608013555456.000000 1.316425920 -0.530133009 -6.613562107 -0.479036152 -0.638050973 -0.327212632 0.506307423
1403636610963555584.000000 1.316505671 -0.530218780 -6.613442421 -0.478964806 -0.638391554 -0.326872170 0.506165683
1403636613563555584.000000 1.317046523 -0.530048370 -6.613867760 -0.478871197 -0.637865543 -0.327223629 0.506689966
1403636616213555456.000000 1.317128778 -0.530018151 -6.613815784 -0.478918642 -0.637892663 -0.327217937 0.506614566
1403636618913555456.000000 1.316985130 -0.530052543 -6.613869667 -0.478890032 -0.637885690 -0.326958686 0.506817639
1403636621463555584.000000 1.317141771 -0.530020773 -6.613746166 -0.478859991 -0.637988985 -0.327455729 0.506395042
1403636624413555456.000000 1.321679235 -0.531902075 -6.613327503 -0.486577511 -0.641798735 -0.326078862 0.494984120
1403636624763555584.000000 1.355741978 -0.546997011 -6.613399982 -0.488296896 -0.647589982 -0.333187819 0.480811179
1403636624913555456.000000 1.381371856 -0.560395718 -6.607919216 -0.482414126 -0.662989199 -0.340247273 0.460384369
1403636625063555584.000000 1.405094624 -0.577845097 -6.583596706 -0.481013536 -0.677567542 -0.340530932 0.439962357
1403636625213555456.000000 1.417204261 -0.591117203 -6.543425560 -0.486229032 -0.677905560 -0.331377953 0.440697283
1403636625363555584.000000 1.420479536 -0.595612168 -6.510375023 -0.485362589 -0.671336770 -0.330352873 0.452324152
1403636625513555456.000000 1.420618176 -0.594610035 -6.516287327 -0.486603975 -0.674631357 -0.326115012 0.449152589
1403636625713555456.000000 1.412459970 -0.580658078 -6.512927055 -0.483088315 -0.674809456 -0.327426583 0.451718748
1403636626163555584.000000 1.368237615 -0.522047579 -6.325976372 -0.480432868 -0.656148136 -0.326992452 0.481383353
1403636626613555456.000000 1.370086312 -0.479993701 -6.251356602 -0.470247865 -0.654086888 -0.337087303 0.487246871
1403636626963555584.000000 1.407298803 -0.483661860 -6.276292801 -0.469154328 -0.666221023 -0.331240565 0.475734770
1403636627413555456.000000 1.453812003 -0.506631613 -6.258925438 -0.469448954 -0.666211486 -0.329035044 0.476986289
1403636627713555456.000000 1.490831733 -0.522147655 -6.218143940 -0.487423331 -0.660650790 -0.330807775 0.465322852
1403636627863555584.000000 1.512943625 -0.527572930 -6.235754013 -0.504584968 -0.659899533 -0.332581639 0.446448445
1403636628013555456.000000 1.532459974 -0.523115754 -6.246155739 -0.515348077 -0.657520235 -0.337157995 0.434059918
1403636628263555584.000000 1.552843809 -0.486987829 -6.211230755 -0.514766812 -0.634497821 -0.355112016 0.454228133
1403636628413555456.000000 1.565684557 -0.464674503 -6.177550793 -0.517690420 -0.627067626 -0.353221953 0.462619960
1403636628563555584.000000 1.584078908 -0.444635034 -6.153221607 -0.519294977 -0.626441002 -0.349598438 0.464419335
1403636629063555584.000000 1.694993734 -0.383301169 -6.134727001 -0.534736395 -0.631450295 -0.356916904 0.433518022
1403636629463555584.000000 1.799423695 -0.326233894 -6.097736359 -0.556883335 -0.601891160 -0.374211878 0.433097631
