1413393947955760384.000000 -6.194095135 -26.857688904 1.695980906 -0.557343662 -0.634026408 -0.345203072 0.410138309
1413393948055760384.000000 -6.149437904 -26.859731674 1.682248712 -0.547450185 -0.621992767 -0.394930899 0.396803230
1413393948305760512.000000 -6.085621357 -26.855054855 1.658666134 -0.547984779 -0.569011807 -0.457100451 0.408653378
1413393948605760512.000000 -6.080938816 -26.919290543 1.641635895 -0.579999983 -0.517604470 -0.470696509 0.417289525
1413393948905760512.000000 -6.101978779 -27.048793793 1.620856881 -0.665249646 -0.522648871 -0.420201689 0.328194559
1413393949205760512.000000 -6.113766193 -27.106159210 1.654000282 -0.673293769 -0.449957281 -0.491543174 0.320311278
1413393949455760384.000000 -6.138840199 -27.149221420 1.697876215 -0.661564291 -0.381268382 -0.558462679 0.324170560
1413393949705760512.000000 -6.207314968 -27.259101868 1.716087699 -0.717455268 -0.341657579 -0.510591567 0.328366190
1413393949955760384.000000 -6.239765644 -27.440389633 1.735579491 -0.766103446 -0.291228265 -0.456252128 0.346562564
1413393950205760512.000000 -6.138798714 -27.679620743 1.783203006 -0.771778166 -0.336251408 -0.468002468 0.268825620
1413393950305760512.000000 -6.071202755 -27.776733398 1.806279302 -0.769288003 -0.362124920 -0.472810268 0.231326774
1413393950455760384.000000 -5.958807945 -27.901451111 1.830096126 -0.772887051 -0.367535025 -0.469200075 0.217749819
1413393950555760384.000000 -5.877014160 -27.968166351 1.836865306 -0.769468129 -0.359806180 -0.477543384 0.224523231
1413393950655760384.000000 -5.789161205 -28.022621155 1.836302161 -0.759000003 -0.350552171 -0.495953470 0.234654009
1413393950755760384.000000 -5.698544025 -28.069543839 1.826710105 -0.748243988 -0.343818873 -0.513389528 0.241558865
1413393950955760384.000000 -5.521498680 -28.154001236 1.772431374 -0.737430751 -0.346054494 -0.531652212 0.231922582
1413393951055760384.000000 -5.438701153 -28.190443039 1.738264441 -0.735411346 -0.355130553 -0.534886539 0.216676891
1413393951255760384.000000 -5.291122913 -28.242340088 1.681913733 -0.740592659 -0.345268160 -0.530380726 0.225851312
1413393951355760384.000000 -5.224303246 -28.259668350 1.661445379 -0.743331671 -0.339955837 -0.528873682 0.228431270
1413393951455760384.000000 -5.160860538 -28.273038864 1.645023704 -0.749118090 -0.338650107 -0.523410439 0.224008426
1413393951555760384.000000 -5.099759102 -28.281478882 1.625115156 -0.755310118 -0.339731663 -0.516617954 0.217244133
1413393951705760512.000000 -5.009732723 -28.281379700 1.581320167 -0.755696177 -0.338858783 -0.519323528 0.210715756
1413393952105760512.000000 -4.793610096 -28.211927414 1.456380010 -0.752213180 -0.317393035 -0.537047744 0.212171778
1413393952305760512.000000 -4.704276562 -28.148920059 1.447713733 -0.754307508 -0.307049841 -0.538931787 0.215158761
1413393952455760384.000000 -4.647890091 -28.096206665 1.464020133 -0.749433935 -0.315149814 -0.538151383 0.222311497
1413393952755760384.000000 -4.554061890 -27.976352692 1.497140169 -0.727569461 -0.366039991 -0.524860382 0.247343853
1413393953055760384.000000 -4.485121250 -27.847370148 1.527855873 -0.721555710 -0.383703560 -0.498149037 0.289787084
1413393953405760512.000000 -4.377633572 -27.707599640 1.498858690 -0.724096596 -0.372748047 -0.484191775 0.319845915
1413393953605760512.000000 -4.279383659 -27.651556015 1.515066147 -0.708932638 -0.376790851 -0.509692073 0.309285015
1413393953955760384.000000 -4.118299961 -27.605951309 1.549254894 -0.686747789 -0.395326108 -0.535185158 0.292697310
1413393954155760384.000000 -4.064082146 -27.601369858 1.533760548 -0.697086930 -0.427292734 -0.497163177 0.290378243
1413393954305760512.000000 -4.033711433 -27.592765808 1.531547308 -0.703371525 -0.457604766 -0.459522218 0.291042626
1413393954455760384.000000 -4.003136158 -27.562925339 1.539877534 -0.694274187 -0.489889920 -0.432728767 0.301225871
1413393954605760512.000000 -3.970593691 -27.507669449 1.554136515 -0.674494505 -0.523324370 -0.413585961 0.316442102
1413393954755760384.000000 -3.933579683 -27.422698975 1.571150184 -0.656290352 -0.548774302 -0.400233746 0.328546405
1413393955055760384.000000 -3.851500511 -27.163516998 1.608597636 -0.628875375 -0.565653622 -0.403632611 0.348758608
1413393955205760512.000000 -3.816607475 -26.996423721 1.628915310 -0.608838916 -0.565317869 -0.415473819 0.370287091
1413393955405760512.000000 -3.781648874 -26.761020660 1.653471351 -0.592205346 -0.571156383 -0.402230233 0.401601881
1413393955555760384.000000 -3.760298729 -26.583290100 1.677797079 -0.555451095 -0.588460982 -0.399396241 0.430895001
1413393955705760512.000000 -3.742384434 -26.416990280 1.688254833 -0.500320971 -0.619180202 -0.403440148 0.451144010
1413393955855760384.000000 -3.731948853 -26.271301270 1.674778700 -0.455596596 -0.658089161 -0.409687161 0.437614948
1413393956055760384.000000 -3.758586168 -26.111104965 1.642663002 -0.462969214 -0.679006219 -0.354784667 0.445800394
1413393956205760512.000000 -3.805216312 -26.000114441 1.631335497 -0.462506324 -0.683553874 -0.317367643 0.467033029
1413393956355760384.000000 -3.861047983 -25.888568878 1.632753491 -0.430066139 -0.688733935 -0.305477291 0.497365445
1413393956605760512.000000 -3.957817316 -25.722440720 1.640750527 -0.362040401 -0.715002656 -0.268983811 0.534177661
1413393956755760384.000000 -4.015381813 -25.638494492 1.639305711 -0.325806946 -0.746100068 -0.227615148 0.534205914
1413393956955760384.000000 -4.091845036 -25.535333633 1.640344739 -0.279792070 -0.772923827 -0.169610232 0.543633759
1413393957105760512.000000 -4.148324013 -25.454849243 1.643345594 -0.237854853 -0.788073838 -0.136133373 0.551210046
1413393957455760384.000000 -4.292922974 -25.249439240 1.657705665 -0.110962972 -0.812638819 -0.061789013 0.568759739
1413393957655760384.000000 -4.379324436 -25.130107880 1.646121502 -0.045218669 -0.808476865 -0.019267358 0.586471915
1413393957805760512.000000 -4.437102318 -25.043884277 1.610369682 0.008774322 -0.797138155 0.009127474 0.603664279
1413393957905760512.000000 -4.467615128 -24.988876343 1.577316046 0.049005065 -0.795242667 0.017956601 0.604040802
1413393958255760384.000000 -4.525736809 -24.853084564 1.537973642 0.122901261 -0.806572139 0.042692214 0.576640368
1413393958655760384.000000 -4.589262009 -24.813688278 1.582046151 0.103492633 -0.830713034 0.080676749 0.541014314
1413393958755760384.000000 -4.615857124 -24.808490753 1.569948673 0.102037206 -0.833324909 0.078793384 0.537540376
1413393958905760512.000000 -4.667648792 -24.803867340 1.538441300 0.098899387 -0.821197987 0.075211719 0.556952477
1413393959305760512.000000 -4.819354534 -24.792346954 1.386109948 0.075095400 -0.796563089 0.086813420 0.593558252
1413393959555760384.000000 -4.889530182 -24.761489868 1.311706185 0.082792506 -0.801948488 0.068969645 0.587594390
1413393959655760384.000000 -4.911363125 -24.748937607 1.295001864 0.083077446 -0.783635497 0.067687020 0.611908615
1413393959805760512.000000 -4.924451828 -24.729261398 1.273271680 0.081911042 -0.768385649 0.067228265 0.631153286
1413393960255760384.000000 -4.860771179 -24.677738190 1.222979903 0.087137617 -0.835944831 0.052968580 0.539256573
1413393960805760512.000000 -4.907076359 -24.729131699 1.108005643 0.163156047 -0.803453624 0.109860949 0.561936796
1413393960905760512.000000 -4.919991493 -24.749259949 1.042500973 0.186682597 -0.808887243 0.123400301 0.543712676
1413393961055760384.000000 -4.948317528 -24.784608841 0.964538932 0.204331607 -0.815506995 0.142866895 0.522289276
1413393961205760512.000000 -4.993054390 -24.825389862 0.923676014 0.210153595 -0.798873484 0.153158382 0.542382836
1413393961505760512.000000 -5.071019173 -24.878934860 0.955417395 0.178574666 -0.733554184 0.198481038 0.624991655
1413393961705760512.000000 -5.060711861 -24.851020813 1.034830332 0.204791307 -0.768235385 0.159264863 0.585243344
1413393962055760384.000000 -4.973738670 -24.783414841 1.331412554 0.213522151 -0.791880012 0.144552931 0.553569257
1413393962205760512.000000 -4.934396744 -24.767307281 1.508813739 0.215900347 -0.801658750 0.142608404 0.538881481
1413393962355760384.000000 -4.905658722 -24.763406754 1.704851866 0.218866184 -0.810376704 0.139573544 0.525267959
1413393962455760384.000000 -4.893377304 -24.767013550 1.822193623 0.221382990 -0.822569072 0.132115737 0.506868064
1413393962605760512.000000 -4.892045498 -24.782310486 1.955980182 0.213090822 -0.841492176 0.112612367 0.483530521
1413393962755760384.000000 -4.920401096 -24.815498352 2.057986021 0.190688342 -0.841067910 0.078550480 0.500072598
1413393962855760384.000000 -4.955090523 -24.851634979 2.117079735 0.169019431 -0.831804216 0.048523586 0.526478648
1413393962955760384.000000 -4.995543480 -24.899991989 2.166960955 0.141845211 -0.821048796 0.016496895 0.552708566
1413393963105760512.000000 -5.057312965 -24.996980667 2.219086647 0.088464119 -0.810004830 -0.026604408 0.579101443
1413393963255760384.000000 -5.113640308 -25.124813080 2.246474743 0.021515599 -0.800109446 -0.049733207 0.597401619
1413393963705760512.000000 -5.224492073 -25.613956451 2.195164680 -0.141696513 -0.779800653 -0.123163640 0.597213387
