1413394925005760512.000000 -0.015243154 -1.498146892 1.277793527 -0.563028932 -0.561974347 -0.478654057 0.371582627
1413394925105760512.000000 0.034077607 -1.412683725 1.297377229 -0.545559466 -0.579305589 -0.480879635 0.368136793
1413394925405760512.000000 0.067328885 -1.190204024 1.354863167 -0.521970987 -0.624853075 -0.456819892 0.358358085
1413394925705760512.000000 -0.057080522 -0.982767403 1.340689421 -0.535907686 -0.616611123 -0.423125178 0.391865849
1413394925955760384.000000 -0.233087748 -0.817002058 1.308890581 -0.558280885 -0.598980010 -0.389529943 0.421677619
1413394926205760512.000000 -0.422013491 -0.648424029 1.288164496 -0.539729118 -0.621678114 -0.394581378 0.408061832
1413394926455760384.000000 -0.638240814 -0.472291023 1.270949006 -0.545916557 -0.628506124 -0.374729007 0.408085078
1413394926705760512.000000 -0.883576930 -0.268216759 1.263338685 -0.528680205 -0.637393892 -0.331854552 0.451773018
1413394926955760384.000000 -1.108722568 -0.040815625 1.261104584 -0.495089442 -0.652940989 -0.247924358 0.516805649
1413394927205760512.000000 -1.243313074 0.227772281 1.225785255 -0.427846044 -0.693586886 -0.264552146 0.515652299
1413394927255760384.000000 -1.262062788 0.285139680 1.218312144 -0.414377630 -0.701434433 -0.275039405 0.510523558
1413394927355760384.000000 -1.296887636 0.398726702 1.213505626 -0.399429083 -0.712387800 -0.285397261 0.501506329
1413394927405760512.000000 -1.314938188 0.455400378 1.215858698 -0.397980720 -0.715987325 -0.284103215 0.498255819
1413394927505760512.000000 -1.353239179 0.568131447 1.231290102 -0.399101138 -0.718928277 -0.279145181 0.495921850
1413394927555760384.000000 -1.373063922 0.623157978 1.243225455 -0.401345611 -0.720131576 -0.275668949 0.494306386
1413394927655760384.000000 -1.413780451 0.732257605 1.276900768 -0.403445393 -0.719512582 -0.272204697 0.495417118
1413394927905760512.000000 -1.524989367 1.004849553 1.359014273 -0.393996358 -0.721593440 -0.273959577 0.499014944
1413394928355760384.000000 -1.760755897 1.471770763 1.387008429 -0.357726097 -0.706319809 -0.319835424 0.520432293
1413394928455760384.000000 -1.821391106 1.551971316 1.389785171 -0.364490330 -0.702531517 -0.312820971 0.525108933
1413394929155760384.000000 -2.214466333 1.910294056 1.382052302 -0.387927532 -0.695824265 -0.302400947 0.523349404
1413394929755760384.000000 -2.442697287 1.998946786 1.337717891 -0.413071513 -0.707311213 -0.273148477 0.504452825
1413394930055760384.000000 -2.513900280 2.033573866 1.293401837 -0.400039256 -0.694516361 -0.295873046 0.519687235
1413394930355760384.000000 -2.565172434 2.021365881 1.219855666 -0.392737806 -0.669077039 -0.306171954 0.551680863
1413394930755760384.000000 -2.564868927 1.953493476 1.090857863 -0.455816090 -0.744170189 -0.223507941 0.434150577
1413394930855760384.000000 -2.569591999 1.975559115 1.055029392 -0.436010391 -0.737174153 -0.256217897 0.448131174
1413394930955760384.000000 -2.581920147 2.010429382 1.024958491 -0.414187461 -0.714728296 -0.290311873 0.483043820
1413394931355760384.000000 -2.643306494 2.088527679 1.024255037 -0.384960890 -0.663303554 -0.337173104 0.546029150
1413394931805760512.000000 -2.680395365 1.957819819 1.116237640 -0.385651141 -0.726331532 -0.313342392 0.474902332
1413394931905760512.000000 -2.704768658 1.916281939 1.116641521 -0.363433093 -0.741320193 -0.301774919 0.476752311
1413394932005760512.000000 -2.742201567 1.872884989 1.114551425 -0.342614770 -0.750001192 -0.275091916 0.494406641
1413394932105760512.000000 -2.788980484 1.825733066 1.124679446 -0.314778060 -0.751586139 -0.246159256 0.524822593
1413394932205760512.000000 -2.840350151 1.775394082 1.149979234 -0.286460996 -0.751774132 -0.211552814 0.554996610
1413394932305760512.000000 -2.890278101 1.723420501 1.187093139 -0.258691370 -0.751405478 -0.173640311 0.581650794
1413394932605760512.000000 -2.983246565 1.564989805 1.289844275 -0.147466198 -0.754038036 -0.113139853 0.629983962
1413394932705760512.000000 -2.988078356 1.507276654 1.301866293 -0.115308680 -0.761704862 -0.094431706 0.630549133
1413394932755760384.000000 -2.985760212 1.477070570 1.306075811 -0.100199394 -0.768436790 -0.085226372 0.626259983
1413394932855760384.000000 -2.972631693 1.414535403 1.315077543 -0.076406643 -0.788044930 -0.063481078 0.607550383
1413394933305760512.000000 -2.887559652 1.129677415 1.307893395 0.018849082 -0.818477929 0.019736225 0.573889434
1413394933405760512.000000 -2.873155117 1.069181442 1.280795217 0.041595239 -0.813803494 0.033666685 0.578671157
1413394933505760512.000000 -2.858364105 1.009851456 1.242079735 0.062376119 -0.809769511 0.047292929 0.581503332
1413394933805760512.000000 -2.810672760 0.837851822 1.117532372 0.115762427 -0.786042035 0.091905653 0.600241899
1413394933905760512.000000 -2.786317348 0.785798967 1.082509995 0.130095199 -0.784478605 0.101694562 0.597768188
1413394934055760384.000000 -2.739883184 0.710931301 1.032672644 0.159428552 -0.794384897 0.115894571 0.574546576
1413394934155760384.000000 -2.708809376 0.660080194 1.008501649 0.179253742 -0.786601722 0.133045807 0.575694978
1413394934255760384.000000 -2.676993847 0.609325886 0.982148409 0.200677365 -0.774123430 0.152389675 0.580722868
1413394934355760384.000000 -2.641721964 0.559830248 0.943518281 0.226069510 -0.768412352 0.171456546 0.573618174
1413394934555760384.000000 -2.565971375 0.469671816 0.832236886 0.266446590 -0.767328620 0.206374764 0.545547903
1413394934655760384.000000 -2.531194210 0.429264158 0.770624101 0.284248799 -0.763579965 0.210033685 0.540401936
1413394934755760384.000000 -2.496062517 0.393563658 0.720748186 0.293244779 -0.759748578 0.216785863 0.538324833
1413394934855760384.000000 -2.460737944 0.361294746 0.686241806 0.296955556 -0.756049871 0.221943319 0.539395213
1413394935105760512.000000 -2.380712748 0.286979556 0.667610228 0.291819721 -0.749417067 0.229526654 0.548208833
1413394935205760512.000000 -2.350057364 0.263540566 0.672044396 0.280389845 -0.748532891 0.229025289 0.555542588
1413394935305760512.000000 -2.317914009 0.246431112 0.669380486 0.269348979 -0.747310460 0.224903345 0.564266622
1413394935705760512.000000 -2.157907009 0.227505371 0.574010372 0.256934196 -0.761376858 0.191028252 0.563736141
1413394935905760512.000000 -2.059923410 0.231335744 0.560763061 0.251137048 -0.762961388 0.185033903 0.566200197
1413394936005760512.000000 -2.007572651 0.233915806 0.556558669 0.251820505 -0.768499136 0.181461766 0.559524119
1413394936105760512.000000 -1.952102065 0.236133635 0.537611723 0.262647420 -0.780166447 0.178923890 0.538834691
1413394936255760384.000000 -1.870453238 0.230733931 0.495229244 0.294883251 -0.777139485 0.195237994 0.520557702
1413394936405760512.000000 -1.791647673 0.213144705 0.451102942 0.344718069 -0.741965413 0.235267356 0.524696231
1413394936505760512.000000 -1.738088369 0.196976617 0.426473469 0.388350934 -0.712928414 0.261767179 0.521914423
1413394936605760512.000000 -1.680944681 0.179425433 0.406171679 0.433754086 -0.685694873 0.283332050 0.511275709
1413394936705760512.000000 -1.619525909 0.161194995 0.388901234 0.469065905 -0.667044163 0.307217449 0.490557671
1413394936805760512.000000 -1.554776073 0.141568720 0.376052082 0.497880787 -0.649528027 0.327060014 0.472503841
1413394936905760512.000000 -1.486331820 0.120254271 0.366306067 0.524246812 -0.632660806 0.341835082 0.456129730
1413394937005760512.000000 -1.413861752 0.096143752 0.357216626 0.551404715 -0.615490437 0.353914946 0.438028216
1413394937105760512.000000 -1.337246299 0.067727484 0.349527627 0.579450846 -0.596244633 0.365532070 0.418467820
1413394937205760512.000000 -1.257051826 0.034034856 0.342660487 0.603632927 -0.575461507 0.378441900 0.401563317
1413394937305760512.000000 -1.174645424 -0.004874423 0.334657043 0.618627310 -0.565450072 0.393015385 0.378292799
1413394937455760384.000000 -1.051713467 -0.076930292 0.326272339 0.628067732 -0.554619133 0.411282778 0.358852595
1413394937555760384.000000 -0.972554445 -0.133762315 0.321682781 0.630261540 -0.548829794 0.418459833 0.355594784
1413394937655760384.000000 -0.895221412 -0.196399972 0.316913635 0.629126310 -0.545571029 0.423699826 0.356413841
1413394937755760384.000000 -0.819691062 -0.264157027 0.313953042 0.624109507 -0.545818329 0.429564625 0.357832164
1413394937855760384.000000 -0.747344553 -0.335102201 0.312206417 0.616908193 -0.551116228 0.431880742 0.359408200
1413394937955760384.000000 -0.680183470 -0.409666687 0.311989963 0.605389416 -0.564906418 0.430823475 0.358853281
1413394938055760384.000000 -0.618958175 -0.488707453 0.317344368 0.591821551 -0.583853543 0.428328842 0.354113996
1413394938155760384.000000 -0.566092610 -0.573715508 0.333988369 0.579837441 -0.601384759 0.424562156 0.349101633
1413394938255760384.000000 -0.525444984 -0.667727709 0.365903288 0.568396389 -0.614959240 0.418820977 0.351197571
1413394938355760384.000000 -0.499082357 -0.769580603 0.418118805 0.560542822 -0.618371427 0.407059968 0.371094048
1413394938455760384.000000 -0.482906014 -0.877027273 0.482944489 0.547140360 -0.621079624 0.400746644 0.392810106
1413394938555760384.000000 -0.473761320 -0.986918330 0.547770023 0.536877513 -0.624930739 0.386014760 0.414990097
1413394938655760384.000000 -0.468272805 -1.097086310 0.600346863 0.525480032 -0.637630820 0.364235878 0.429685742
1413394938755760384.000000 -0.464658111 -1.208327770 0.640773296 0.508417487 -0.656862557 0.343375742 0.438333750
1413394938855760384.000000 -0.462329686 -1.321287751 0.670777500 0.481876463 -0.680918515 0.328916371 0.442672670
1413394938955760384.000000 -0.463153958 -1.436106205 0.690377653 0.439166307 -0.707907438 0.327846766 0.445551872
1413394939055760384.000000 -0.471847266 -1.549972892 0.700737417 0.388085008 -0.731207788 0.329975724 0.453697264
1413394939155760384.000000 -0.491814166 -1.659375429 0.701916754 0.341851532 -0.748806894 0.322984725 0.467018872
1413394939255760384.000000 -0.523584068 -1.762908459 0.692982376 0.309480220 -0.761322498 0.302051336 0.483089238
1413394939355760384.000000 -0.567440033 -1.860007405 0.678144693 0.288536221 -0.768978238 0.276405007 0.499018639
1413394939455760384.000000 -0.620103776 -1.949437499 0.668698490 0.287034035 -0.769984603 0.241312489 0.516239882
1413394939655760384.000000 -0.735219002 -2.120657682 0.695207655 0.277832627 -0.767432034 0.212595508 0.537271023
1413394939755760384.000000 -0.793696821 -2.203129292 0.725988507 0.253827363 -0.774980485 0.222199440 0.534419656
1413394939855760384.000000 -0.856013477 -2.279344797 0.761364877 0.223713577 -0.785293341 0.233450323 0.527984500
1413394939955760384.000000 -0.925413430 -2.346441984 0.791964352 0.216422781 -0.794350207 0.214186594 0.525635898
1413394940155760384.000000 -1.080637693 -2.464993954 0.818320155 0.209924236 -0.810248375 0.157804519 0.523953497
1413394940655760384.000000 -1.539421082 -2.731173515 0.739556968 0.078372456 -0.812621593 0.048044093 0.575496018
1413394940755760384.000000 -1.632656693 -2.781128645 0.729591668 0.067161635 -0.813480794 0.014412969 0.577521086
