1403715585112143104.000000 0.353432626 0.034273364 1.030768156 -0.567602038 -0.661873698 -0.337353885 0.354885310
1403715585212143104.000000 0.400272518 -0.051554941 1.045212626 -0.574328601 -0.664314151 -0.329039901 0.347226322
1403715585512143104.000000 0.483452708 -0.173427090 1.107754588 -0.552355647 -0.652381718 -0.357120246 0.376518816
1403715585812143104.000000 0.490608573 -0.182052478 1.143066287 -0.538376689 -0.646448731 -0.369600564 0.394525141
1403715586062142976.000000 0.460000902 -0.147414595 1.076200366 -0.565814793 -0.621448636 -0.332803935 0.427664459
1403715586562142976.000000 0.473559201 -0.027670803 1.071036696 -0.506189466 -0.605137289 -0.419033706 0.449435055
1403715587512143104.000000 0.399265409 -0.183264047 1.129217505 -0.539231777 -0.600811601 -0.373194754 0.457143605
1403715587662142976.000000 0.395632863 -0.224205062 1.149835467 -0.562566280 -0.584888995 -0.358436882 0.461461872
1403715588112143104.000000 0.538324237 -0.360963911 1.215713382 -0.634148419 -0.496378899 -0.440506279 0.396759450
1403715588212143104.000000 0.590987802 -0.399278432 1.212725401 -0.645262778 -0.468210220 -0.469675243 0.379236460
1403715588312143104.000000 0.643161237 -0.444034636 1.186749816 -0.660255373 -0.438199610 -0.490268856 0.362877995
1403715588412143104.000000 0.693754435 -0.498053908 1.148523688 -0.675888658 -0.409975529 -0.506078541 0.344933510
1403715588512143104.000000 0.742386460 -0.562482119 1.110311031 -0.691012979 -0.384730846 -0.518096924 0.325666785
1403715588612143104.000000 0.789217710 -0.636700451 1.073521614 -0.707093537 -0.360525578 -0.525710702 0.306052923
1403715588712143104.000000 0.833856106 -0.719320297 1.036188126 -0.727086782 -0.340408295 -0.524820805 0.282896221
1403715588812143104.000000 0.877113223 -0.807937503 0.998310685 -0.748821378 -0.323900580 -0.519330740 0.254264772
1403715588912143104.000000 0.921076477 -0.898249984 0.958698750 -0.772963583 -0.310768574 -0.507702708 0.219518185
1403715589012143104.000000 0.968128085 -0.984359324 0.919498146 -0.795472682 -0.296447277 -0.494579524 0.186368689
1403715589112143104.000000 1.021591902 -1.060538411 0.888243973 -0.811884046 -0.277683020 -0.487430930 0.161702365
1403715589212143104.000000 1.085535645 -1.122520208 0.871030688 -0.822272718 -0.258905590 -0.485785663 0.144387916
1403715589312143104.000000 1.160421610 -1.170516729 0.867718756 -0.831179321 -0.240746394 -0.484290063 0.129016817
1403715589412143104.000000 1.247280359 -1.205392241 0.876404226 -0.842057347 -0.222422719 -0.477980793 0.114026241
1403715589512143104.000000 1.347539544 -1.227314115 0.889490604 -0.851763308 -0.203739062 -0.472077519 0.100660965
1403715589612143104.000000 1.463646173 -1.235900879 0.906939447 -0.858001888 -0.191820487 -0.468205601 0.088438168
1403715589712143104.000000 1.599523425 -1.228893757 0.939497054 -0.857618749 -0.183457971 -0.473169029 0.083332866
1403715589812143104.000000 1.755878210 -1.205838323 0.992729187 -0.841072083 -0.178700015 -0.503516078 0.084472597
1403715589912143104.000000 1.923603415 -1.171197414 1.057340741 -0.818441451 -0.173203111 -0.539869487 0.093248613
1403715590012143104.000000 2.091880560 -1.130312681 1.117180347 -0.803397894 -0.168855444 -0.561736107 0.102432124
1403715590112143104.000000 2.256536007 -1.086289644 1.170637131 -0.796469092 -0.170243844 -0.570648849 0.104947068
1403715590212143104.000000 2.415322304 -1.040413022 1.218677402 -0.797247171 -0.176276639 -0.567986190 0.103513673
1403715590312143104.000000 2.568193913 -0.990827143 1.264232755 -0.797308445 -0.190965265 -0.563543737 0.101241507
1403715590612143104.000000 2.993020773 -0.785203576 1.391665697 -0.776846349 -0.279737949 -0.553475142 0.109186485
1403715590762142976.000000 3.179657936 -0.641171753 1.446371317 -0.772054911 -0.314018875 -0.530850887 0.153364763
1403715590912143104.000000 3.352570295 -0.475056231 1.504080772 -0.751498699 -0.347554415 -0.521439791 0.206291497
1403715591062142976.000000 3.512417316 -0.297653049 1.559980631 -0.726886153 -0.395446897 -0.505625784 0.244132712
1403715591162142976.000000 3.612042665 -0.175109506 1.594549537 -0.707320690 -0.433422744 -0.492567629 0.263095945
1403715591262142976.000000 3.705018520 -0.049493309 1.626847267 -0.683025002 -0.475153327 -0.480843216 0.276579112
1403715591362142976.000000 3.789353132 0.081107691 1.656621218 -0.656014562 -0.514170229 -0.469546586 0.291204423
1403715591462142976.000000 3.862784147 0.217535615 1.684343696 -0.628959656 -0.548322976 -0.456302017 0.309095830
1403715591612143104.000000 3.950586796 0.430248886 1.710416555 -0.594447255 -0.591075718 -0.426290125 0.339909822
1403715591712143104.000000 3.996056557 0.577775836 1.712883830 -0.568822563 -0.614456296 -0.410192609 0.361422867
1403715591812143104.000000 4.032516003 0.728328884 1.703529119 -0.541608214 -0.636238456 -0.398459077 0.378274530
1403715591912143104.000000 4.058159351 0.879623711 1.680620193 -0.515371621 -0.656781912 -0.386311352 0.392164856
1403715592012143104.000000 4.072097301 1.031210661 1.645897865 -0.484115541 -0.679429710 -0.378768384 0.400676876
1403715592112143104.000000 4.071923256 1.181160808 1.601751447 -0.451084226 -0.701145351 -0.370547861 0.409405202
1403715592262142976.000000 4.035718441 1.398620486 1.549092054 -0.395232290 -0.723877907 -0.357615769 0.438067704
1403715592412143104.000000 3.954625845 1.593816161 1.526462555 -0.339239210 -0.746970236 -0.338029444 0.461181551
1403715592562142976.000000 3.832337379 1.756921411 1.522032857 -0.283879071 -0.769067347 -0.315475225 0.477936804
1403715592662142976.000000 3.730522871 1.845485091 1.519082546 -0.245325223 -0.781297147 -0.301312268 0.488468260
1403715592812143104.000000 3.547140837 1.940747976 1.514953494 -0.196127594 -0.797503829 -0.263592511 0.506004572
1403715592962142976.000000 3.335349083 1.993256330 1.510391831 -0.177614734 -0.808416963 -0.185111851 0.529762745
1403715593062142976.000000 3.185694695 2.013916731 1.507418156 -0.160773769 -0.811414480 -0.134395361 0.545615554
1403715593212143104.000000 2.959826469 2.037106752 1.503013730 -0.114378102 -0.814897537 -0.081066899 0.562394857
1403715593362142976.000000 2.737760305 2.057240248 1.498582959 -0.054119717 -0.819092155 -0.055174597 0.568432033
1403715593512143104.000000 2.519280434 2.068046808 1.494820237 0.013327006 -0.821615815 -0.044208534 0.568168521
1403715593662142976.000000 2.305564404 2.056261301 1.493267894 0.068189651 -0.812388420 -0.016619479 0.578877330
1403715593812143104.000000 2.104704380 2.019087076 1.494196653 0.117498450 -0.794917524 0.018352628 0.594948292
1403715593962142976.000000 1.927406192 1.957289100 1.491192222 0.172179207 -0.786441207 0.054305393 0.590690792
1403715594212143104.000000 1.686041474 1.805847526 1.482398510 0.254575223 -0.779192269 0.120902345 0.559851348
1403715594462142976.000000 1.496005177 1.604858756 1.482199788 0.334114790 -0.751671553 0.171054840 0.542307436
1403715594562142976.000000 1.434791565 1.510471106 1.484074235 0.371974051 -0.734351993 0.185897529 0.536474288
1403715594662142976.000000 1.384019732 1.408054352 1.484560609 0.409250945 -0.718456984 0.202791378 0.524603665
1403715594762142976.000000 1.344895005 1.296013594 1.482042789 0.441926658 -0.711865067 0.225843117 0.496934444
1403715594862142976.000000 1.314186811 1.173622489 1.478514433 0.468063176 -0.705208838 0.255994439 0.466973454
1403715594962142976.000000 1.287580132 1.041156888 1.474820256 0.495032251 -0.693318009 0.282324225 0.441074014
1403715595062142976.000000 1.262827516 0.898797631 1.470843673 0.523084223 -0.675424814 0.303768843 0.421792239
1403715595212143104.000000 1.226866126 0.664778233 1.466906071 0.556190431 -0.643215597 0.344647765 0.397673011
1403715595312143104.000000 1.202757001 0.498151362 1.463976502 0.577291369 -0.616568625 0.372052759 0.384908676
1403715595462142976.000000 1.166594267 0.239077151 1.454585910 0.607037663 -0.570538998 0.413054228 0.367935777
1403715595562142976.000000 1.141672850 0.064181514 1.449105501 0.628882229 -0.533084452 0.435417742 0.361579359
1403715595662142976.000000 1.117821574 -0.108717561 1.445567369 0.652479529 -0.483522505 0.451901406 0.369136333
1403715595962142976.000000 1.096912384 -0.550037622 1.449104309 0.685341060 -0.328230858 0.511440098 0.401249707
1403715596112143104.000000 1.120168328 -0.673187733 1.470244765 -0.664789021 0.287603468 -0.569273353 -0.388931394
1403715596212143104.000000 1.136764288 -0.703937650 1.492978334 -0.666817665 0.279682934 -0.580884457 -0.373771429
1403715596312143104.000000 1.150397182 -0.695778370 1.519211173 0.697298944 -0.290518641 0.555981100 0.346782535
1403715596412143104.000000 1.165270090 -0.658613682 1.546023130 0.735595167 -0.308372080 0.518776536 0.307696968
1403715596512143104.000000 1.186751485 -0.605504870 1.574574590 0.766170919 -0.321643770 0.488292456 0.266642094
1403715596662142976.000000 1.240343094 -0.521555722 1.619709253 0.799497664 -0.325040013 0.456603229 0.216023371
1403715596762142976.000000 1.294548869 -0.474841416 1.650608778 0.815552831 -0.316558808 0.444767326 0.191953763
1403715596862142976.000000 1.365686417 -0.439927369 1.679940343 0.829098165 -0.308208913 0.435148329 0.168075830
1403715597012143104.000000 1.508154511 -0.418572754 1.719753504 0.844458103 -0.296252102 0.422139764 0.144649014
1403715597162142976.000000 1.698495626 -0.440338731 1.759911537 0.842036426 -0.285306722 0.436325759 0.138544708
1403715597312143104.000000 1.931950808 -0.499311656 1.802108645 0.818479717 -0.271894187 0.488157004 0.133668512
1403715597412143104.000000 2.099056959 -0.551992893 1.828361273 0.802321494 -0.258601546 0.522802711 0.126818523
1403715597562142976.000000 2.350004196 -0.643159509 1.865726113 0.784646094 -0.221786648 0.565776885 0.122628666
1403715597712143104.000000 2.586907864 -0.736315787 1.891003728 0.788600862 -0.182362467 0.577404737 0.107035086
1403715597862142976.000000 2.809589863 -0.831873953 1.909512758 0.796037853 -0.153004944 0.578548431 0.090526149
1403715597962142976.000000 2.950399876 -0.896707237 1.922802091 0.791932404 -0.138762012 0.588357925 0.086158477
1403715598212143104.000000 3.266270161 -1.053805232 1.942415476 0.781655133 -0.118848443 0.605520248 0.090750255
1403715598312143104.000000 3.377520800 -1.110784769 1.934380293 0.769181252 -0.116648592 0.621355474 0.093117364
1403715598462142976.000000 3.517887354 -1.185864091 1.910727859 0.740383804 -0.118153624 0.655112565 0.093269490
1403715598612143104.000000 3.604592562 -1.246072054 1.886690855 0.723774970 -0.123043783 0.672823489 0.091207042
1403715598712143104.000000 3.629942894 -1.277843714 1.867023587 0.736880124 -0.125677705 0.657546759 0.094048627
1403715599112143104.000000 3.578340292 -1.349422097 1.747998238 0.790215194 -0.128896609 0.590514839 0.101182386
1403715599262142976.000000 3.534886837 -1.359654546 1.689135671 0.795394421 -0.135154769 0.583549500 0.092471071
1403715599562142976.000000 3.426622391 -1.378017187 1.550709367 0.794453025 -0.161823332 0.582829356 0.054475825
1403715599712143104.000000 3.359633446 -1.408278942 1.485967159 0.785470903 -0.165777072 0.594271779 0.048934046
1403715599862142976.000000 3.275960445 -1.454924822 1.424671292 0.781516731 -0.154992536 0.600564718 0.067311920
1403715600012143104.000000 3.174942255 -1.509519219 1.360826373 0.794640541 -0.142350122 0.583422184 0.088890754
1403715600162142976.000000 3.068740606 -1.560046792 1.298486471 0.805912077 -0.112797618 0.569829404 0.114354655
1403715600312143104.000000 2.968996525 -1.589412570 1.236005545 0.814354658 -0.066040821 0.562661231 0.126006052
1403715600812143104.000000 2.733050108 -1.470596313 1.060386777 0.839342117 0.063782521 0.539227128 -0.025900207
1403715601312143104.000000 2.688707352 -1.194365740 1.171487331 0.810125232 0.171812326 0.554880679 -0.079279110
1403715601462142976.000000 2.688712835 -1.087719798 1.238400698 0.806855083 0.179613709 0.556742728 -0.082227759
