1403715913434057984.000000 1.269671917 -0.837173581 0.618535280 -0.418021232 -0.680299342 -0.343100935 0.494704753
1403715913584058112.000000 1.193664551 -0.843878031 0.606662393 -0.380745143 -0.692524254 -0.355117023 0.499334812
1403715913834057984.000000 1.048954129 -0.925218105 0.585840762 -0.363347232 -0.703961730 -0.360204250 0.492615044
1403715914084058112.000000 0.858043134 -1.089363694 0.580481529 -0.383151799 -0.709831655 -0.342208594 0.481899470
1403715914584058112.000000 0.377337098 -1.508276463 0.600519121 -0.479752839 -0.694978237 -0.310667098 0.436266601
1403715914834057984.000000 0.119515695 -1.659345269 0.613507211 -0.555382609 -0.656912446 -0.281713843 0.425033540
1403715915084058112.000000 -0.094313800 -1.703706861 0.625681341 -0.598009825 -0.625866473 -0.261637360 0.426873982
1403715915334057984.000000 -0.214177042 -1.615199327 0.651354611 -0.575392842 -0.623071492 -0.304210931 0.433774918
1403715915584058112.000000 -0.277191371 -1.454316735 0.633033156 -0.534825385 -0.634650946 -0.351997584 0.432755888
1403715915634057984.000000 -0.288338691 -1.419133544 0.619259298 -0.528669834 -0.637411714 -0.358059138 0.431286603
1403715915734057984.000000 -0.311763704 -1.347196579 0.588386595 -0.521851599 -0.642530560 -0.361988217 0.428707272
1403715916084058112.000000 -0.408396721 -1.071369410 0.484948993 -0.524378717 -0.648524821 -0.343953520 0.431437850
1403715916284058112.000000 -0.462236106 -0.894798160 0.431406111 -0.535143673 -0.629254818 -0.362895519 0.431238383
1403715916434057984.000000 -0.498479426 -0.759648204 0.393144429 -0.557666957 -0.603431404 -0.382143050 0.422900617
1403715916484058112.000000 -0.509927034 -0.714449227 0.379785955 -0.568194509 -0.593487382 -0.386643648 0.418848991
1403715916534057984.000000 -0.520841181 -0.669188738 0.366756439 -0.579580963 -0.583494961 -0.390706539 0.413482696
1403715916634057984.000000 -0.540712476 -0.579960525 0.341213554 -0.601945937 -0.561630011 -0.400493771 0.402290463
1403715916734057984.000000 -0.557683289 -0.490715355 0.316184431 -0.624143064 -0.537893355 -0.405631989 0.395700604
1403715916834057984.000000 -0.570075870 -0.401297420 0.293170393 -0.642697871 -0.516580284 -0.407572836 0.392388374
1403715916934057984.000000 -0.575252652 -0.312515527 0.274302393 -0.657044649 -0.494896442 -0.408119649 0.395990133
1403715916984058112.000000 -0.573867500 -0.268430740 0.266297787 -0.662008643 -0.486013621 -0.409429342 0.397370100
1403715917184058112.000000 -0.534074903 -0.098527208 0.251637667 -0.651221097 -0.464265257 -0.454489350 0.392184019
1403715917284058112.000000 -0.500336707 -0.025395896 0.249812111 -0.639466345 -0.459769160 -0.489606261 0.374140263
1403715917334057984.000000 -0.483673722 0.006270010 0.248395026 -0.637091339 -0.455631286 -0.501824439 0.366997391
1403715917784058112.000000 -0.374585330 0.186926022 0.206425533 -0.665383399 -0.429980725 -0.486209452 0.368757337
1403715917834057984.000000 -0.361784428 0.197260022 0.198376819 -0.661121488 -0.428173393 -0.490700394 0.372557580
1403715917984058112.000000 -0.322076976 0.209117025 0.182245374 -0.648400366 -0.430946797 -0.502851784 0.375502378
1403715918084058112.000000 -0.295714259 0.198477879 0.176926881 -0.643553078 -0.437933505 -0.510830164 0.364837408
1403715918134057984.000000 -0.283232570 0.187903509 0.174152434 -0.644201577 -0.440991789 -0.513775110 0.355760753
1403715918834057984.000000 -0.139645636 -0.182142377 -0.010275777 -0.724978983 -0.387386233 -0.490707397 0.289039224
1403715918934057984.000000 -0.105865449 -0.249310613 -0.022670740 -0.730366290 -0.399636835 -0.484790623 0.268017948
1403715919034057984.000000 -0.070526592 -0.309785575 -0.021206630 -0.737760782 -0.408399314 -0.473392069 0.254595667
1403715919134057984.000000 -0.032573387 -0.359224558 -0.006873298 -0.737945616 -0.418867916 -0.470653772 0.241807893
1403715919234057984.000000 0.007258993 -0.394961596 0.011998620 -0.727265894 -0.431354672 -0.482124954 0.229288220
1403715919434057984.000000 0.074997172 -0.424576253 0.040421538 -0.706216276 -0.436842203 -0.505712152 0.233843237
1403715919884058112.000000 0.153407723 -0.385995060 -0.076142795 -0.704138637 -0.422405571 -0.508289874 0.259622216
1403715920184058112.000000 0.154672638 -0.304318577 -0.158295795 -0.716503620 -0.428062558 -0.485406071 0.260319054
1403715920284058112.000000 0.149403468 -0.262942255 -0.157187745 -0.716766179 -0.425844014 -0.481630534 0.270065188
1403715920334057984.000000 0.146667153 -0.239320233 -0.150959045 -0.714629710 -0.424563229 -0.481688976 0.277536094
1403715920384058112.000000 0.143750504 -0.214602649 -0.142312616 -0.712280869 -0.424037606 -0.482069165 0.283649981
1403715920434057984.000000 0.140944868 -0.189147875 -0.132242575 -0.709412396 -0.421978116 -0.483499616 0.291370302
1403715920534057984.000000 0.136073679 -0.137288481 -0.110908061 -0.702635705 -0.418662548 -0.488025784 0.304722190
1403715920634057984.000000 0.132506236 -0.086887628 -0.090641648 -0.695683956 -0.414670587 -0.493757933 0.316662788
1403715920734057984.000000 0.129438922 -0.040747255 -0.067349538 -0.687545598 -0.413254827 -0.499728590 0.326761067
1403715920784058112.000000 0.127478391 -0.020112004 -0.051496442 -0.683556437 -0.414252490 -0.500842869 0.332117200
1403715920884058112.000000 0.122200996 0.016103581 -0.013321156 -0.677100241 -0.422408134 -0.498596579 0.338390559
1403715920984058112.000000 0.115208037 0.043551620 0.033780158 -0.677156985 -0.434469640 -0.483461350 0.344905257
1403715921084058112.000000 0.109253973 0.063570321 0.088574372 -0.677121997 -0.450340927 -0.466041863 0.348574042
1403715921184058112.000000 0.107399352 0.079852566 0.145790830 -0.672537267 -0.465095818 -0.456369400 0.350865483
1403715921284058112.000000 0.110006772 0.094464079 0.201728106 -0.666584969 -0.477160364 -0.452783257 0.350670516
1403715921434057984.000000 0.119776264 0.114605263 0.283011138 -0.659013987 -0.494642109 -0.451595545 0.342186123
1403715921634057984.000000 0.134396374 0.148276001 0.402738482 -0.654198289 -0.502588570 -0.452245653 0.338973701
1403715921684058112.000000 0.137374416 0.158799663 0.439154625 -0.654914737 -0.502584159 -0.451020628 0.339229017
1403715921734057984.000000 0.140159547 0.169902742 0.476814270 -0.655453205 -0.501927435 -0.450403601 0.339980364
1403715921784058112.000000 0.142792642 0.181813404 0.514903605 -0.656787872 -0.498860091 -0.448691070 0.344157934
1403715922084058112.000000 0.162243873 0.260683209 0.708400965 -0.658676565 -0.489932925 -0.449884534 0.351731271
1403715922134057984.000000 0.166717768 0.274493486 0.739799261 -0.657629609 -0.487659544 -0.452152699 0.353934288
1403715922184058112.000000 0.171563089 0.288155884 0.773971796 -0.655867279 -0.485650390 -0.455118477 0.356158704
1403715922384058112.000000 0.191892996 0.337010950 0.935990155 -0.647589982 -0.482330054 -0.466891110 0.360552013
1403715922484058112.000000 0.201393992 0.354493201 1.020175338 -0.644910038 -0.485548824 -0.469190538 0.358041406
1403715922584058112.000000 0.209346652 0.367545724 1.101179600 -0.645112455 -0.484139830 -0.467293978 0.362042755
1403715922634057984.000000 0.212838903 0.372203887 1.139902234 -0.644762337 -0.482893616 -0.466694564 0.365091085
1403715922834057984.000000 0.227527514 0.377832770 1.258992434 -0.641974986 -0.487887800 -0.467760891 0.361985534
1403715922984058112.000000 0.235232502 0.372796685 1.309159994 -0.639481008 -0.493856132 -0.469288230 0.356284559
1403715923034057984.000000 0.236576647 0.370009214 1.322503924 -0.638720572 -0.495289266 -0.469683379 0.355136931
1403715923384058112.000000 0.219253570 0.332080483 1.453910112 -0.650337160 -0.501438320 -0.449035674 0.352119714
1403715923434057984.000000 0.213967353 0.326539099 1.476984739 -0.653072119 -0.498906970 -0.444357693 0.356559873
1403715923534057984.000000 0.204748333 0.316022396 1.514563441 -0.658221126 -0.492557973 -0.435407758 0.366812944
1403715923634057984.000000 0.199731827 0.305747002 1.536404610 -0.661207139 -0.486291796 -0.429352134 0.376805186
1403715923884058112.000000 0.211845398 0.273028135 1.495233178 -0.654719770 -0.478091538 -0.434551984 0.392345756
1403715923984058112.000000 0.228304267 0.255201787 1.454733849 -0.646278083 -0.476348698 -0.445128947 0.396581411
1403715924084058112.000000 0.250370920 0.231694728 1.402083993 -0.639166594 -0.478519440 -0.454537362 0.394817799
1403715924184058112.000000 0.275620520 0.200437784 1.343352079 -0.634750903 -0.483240277 -0.459943682 0.389899999
1403715924284058112.000000 0.302710444 0.162008330 1.284456849 -0.634459555 -0.488542587 -0.459938586 0.383723438
1403715924334057984.000000 0.316510230 0.140271068 1.255725741 -0.634935975 -0.491660893 -0.459258676 0.379746407
1403715924434057984.000000 0.343663573 0.093150735 1.199514270 -0.638998568 -0.496404856 -0.453732520 0.373349696
1403715924534057984.000000 0.370923936 0.043748114 1.144159198 -0.645658135 -0.501775146 -0.444723040 0.365470707
1403715924634057984.000000 0.399565667 -0.005995780 1.090640068 -0.652031302 -0.501338899 -0.437189966 0.363839984
1403715924684058112.000000 0.415095866 -0.030643504 1.064105034 -0.656765103 -0.497156858 -0.433768392 0.365157157
1403715924734057984.000000 0.432070434 -0.055119693 1.037854195 -0.661269963 -0.490812719 -0.433090419 0.366411954
1403715924834057984.000000 0.471148401 -0.102712832 0.986481428 -0.670424879 -0.475502133 -0.436783105 0.365579933
1403715924934057984.000000 0.517615259 -0.151601270 0.936580241 -0.680320203 -0.456060767 -0.446806550 0.359912544
1403715925034057984.000000 0.571300209 -0.203348964 0.890226901 -0.685841262 -0.434401363 -0.467710078 0.349520504
1403715925084058112.000000 0.600079536 -0.230430827 0.870777011 -0.686632991 -0.423257381 -0.481406569 0.342981160
1403715925184058112.000000 0.658262610 -0.290662527 0.841078699 -0.690886140 -0.401389182 -0.504343808 0.327414691
1403715925284058112.000000 0.715786755 -0.358038366 0.824356794 -0.702954054 -0.378085554 -0.514826417 0.312826902
1403715925384058112.000000 0.771661341 -0.433119118 0.817715764 -0.721612513 -0.353487641 -0.515065372 0.298378259
1403715925484058112.000000 0.826923847 -0.514750183 0.814472198 -0.742218733 -0.329563290 -0.510600507 0.282465369
1403715925584058112.000000 0.883682847 -0.602121890 0.811319172 -0.759283304 -0.305901378 -0.509775639 0.264654845
1403715925684058112.000000 0.944231570 -0.694424987 0.809022725 -0.770969391 -0.281138927 -0.515354514 0.246935144
1403715925784058112.000000 1.008896232 -0.790507555 0.806889296 -0.780062199 -0.255508929 -0.523290336 0.228878722
1403715925834057984.000000 1.042530894 -0.840018749 0.805754840 -0.783703387 -0.242053807 -0.527990758 0.220101699
1403715925884058112.000000 1.076803684 -0.890620172 0.804294288 -0.786697984 -0.228860736 -0.533306479 0.210507363
1403715925984058112.000000 1.146806717 -0.995153546 0.801012993 -0.791292846 -0.203601435 -0.545035303 0.187985569
1403715926084058112.000000 1.218144417 -1.103404284 0.794682086 -0.793119729 -0.172470689 -0.558670223 0.170595035
1403715926184058112.000000 1.287957668 -1.216255426 0.777490556 -0.792595565 -0.137592360 -0.573819816 0.153595164
1403715926284058112.000000 1.352290750 -1.335930109 0.746039510 -0.792695105 -0.102992177 -0.585737824 0.133934349
1403715926384058112.000000 1.410792947 -1.462589025 0.705013812 -0.791706622 -0.071581788 -0.596918046 0.108469740
1403715926484058112.000000 1.460373998 -1.595163941 0.661975324 -0.786350906 -0.044677880 -0.611208260 0.077978477
1403715926534057984.000000 1.481073380 -1.663523912 0.639705062 -0.785064578 -0.031255599 -0.615405381 0.063031361
1403715926584058112.000000 1.498615265 -1.732727289 0.616705120 -0.785906494 -0.018695580 -0.616191626 0.048054792
1403715926634057984.000000 1.513032436 -1.802517414 0.593079269 -0.789226115 -0.005656648 -0.613138080 0.033940118
1403715926684058112.000000 1.524755359 -1.872514367 0.569490969 0.793423533 -0.008103685 0.608238935 -0.021423547
1403715926784058112.000000 1.542287707 -2.012774706 0.524780154 0.802007616 -0.031408787 0.596449316 0.006741940
1403715926884058112.000000 1.551905632 -2.150635242 0.489950180 0.809878051 -0.050043583 0.583424807 0.034767859
1403715926984058112.000000 1.557078958 -2.283565998 0.469852626 0.814086735 -0.068853080 0.573932469 0.055890132
1403715927084058112.000000 1.561762214 -2.410586357 0.460936487 0.811088920 -0.086601995 0.573816895 0.073274009
1403715927134057984.000000 1.563705325 -2.472033501 0.457188129 0.808169723 -0.094577141 0.575417876 0.082530767
1403715927234057984.000000 1.565702438 -2.590083361 0.449922740 0.800222874 -0.101926826 0.580150723 0.112602368
1403715927334057984.000000 1.566044450 -2.697002888 0.443152428 0.791879833 -0.107736900 0.583991528 0.142383695
1403715927434057984.000000 1.563766718 -2.789091587 0.439533442 0.778583884 -0.118070155 0.594109654 0.164013386
1403715927534057984.000000 1.556496501 -2.864721775 0.436459363 0.762127340 -0.141586453 0.608927608 0.168292731
1403715927584058112.000000 1.549452424 -2.896530867 0.435061902 0.754057050 -0.155298591 0.615256906 0.169526875
1403715927784058112.000000 1.488031149 -2.991011858 0.424585164 0.731738269 -0.213064045 0.617791355 0.193640530
1403715927884058112.000000 1.437184215 -3.020612717 0.417119384 0.726766467 -0.240275502 0.604183853 0.221450090
1403715928034057984.000000 1.339122176 -3.038645744 0.399415702 0.719461501 -0.285991907 0.574632406 0.265294969
1403715928134057984.000000 1.264846802 -3.033557653 0.373506337 0.709879160 -0.327247560 0.555718482 0.283121198
1403715928334057984.000000 1.106976628 -2.990984678 0.287177324 0.668771625 -0.406944245 0.531297803 0.323826641
1403715928384058112.000000 1.065781832 -2.973858118 0.261991352 0.654834986 -0.422191143 0.528318286 0.337380618
1403715928434057984.000000 1.023782730 -2.953587532 0.235878110 0.641399682 -0.437745631 0.525111139 0.348200381
1403715928534057984.000000 0.937105954 -2.903187037 0.180029407 0.623302519 -0.471022993 0.509546161 0.360547066
1403715928634057984.000000 0.847689152 -2.841140985 0.126232445 0.613230228 -0.499163657 0.491207749 0.365375638
1403715928834057984.000000 0.664742589 -2.695846081 0.058730111 0.631177485 -0.534093797 0.438082844 0.352763623
1403715929134057984.000000 0.339750946 -2.550908566 0.150329441 0.701018214 -0.520284474 0.400404513 0.278484792
1403715929184058112.000000 0.303259283 -2.535548925 0.180843115 0.710079730 -0.515132785 0.396076232 0.271198571
1403715929284058112.000000 0.236009538 -2.521599054 0.239002183 0.726850867 -0.496128827 0.390006602 0.270996094
1403715929434057984.000000 0.157159984 -2.536677837 0.317162156 0.739468038 -0.436986059 0.397997856 0.322223425
1403715929884058112.000000 0.234933645 -2.576625109 0.504942358 0.708092928 -0.419591844 0.452169061 0.343642801
1403715929934057984.000000 0.270028621 -2.573892355 0.516836226 0.696330845 -0.432821780 0.468622893 0.328909069
1403715929984058112.000000 0.306705832 -2.571254969 0.525736034 0.684660137 -0.443540484 0.484084696 0.316503257
1403715930084058112.000000 0.379823416 -2.566082001 0.536172926 0.665320337 -0.461733222 0.507952929 0.293487936
1403715933534057984.000000 0.208562493 -3.433162689 1.117911458 0.761684716 -0.493624240 0.366118670 0.205252588
1403715936784058112.000000 1.112380505 -3.414695978 -0.592020094 0.654617250 -0.395868003 0.561705709 0.315042228
