1403636626613555456.000000 -41.337738037 -48.473018646 116.735496521 -0.539438426 -0.597428381 -0.386579931 0.450157225
1403636626813555456.000000 -41.317028046 -48.474807739 116.726562500 -0.536316335 -0.602750182 -0.386166662 0.447138041
1403636627063555584.000000 -41.290866852 -48.494815826 116.696380615 -0.542687356 -0.613618016 -0.375037670 0.433947235
1403636627313555456.000000 -41.267574310 -48.513610840 116.706825256 -0.539852142 -0.611165881 -0.377534539 0.438752472
1403636627563555584.000000 -41.242969513 -48.530834198 116.766654968 -0.545899808 -0.605112255 -0.377096653 0.440034837
1403636627813555456.000000 -41.210403442 -48.552612305 116.760345459 -0.568331659 -0.601033390 -0.376993328 0.416694134
1403636628313555456.000000 -41.149677277 -48.517753601 116.789077759 -0.582330227 -0.569389820 -0.400444567 0.419917762
1403636628563555584.000000 -41.113475800 -48.486114502 116.836952209 -0.585450530 -0.565072536 -0.395631403 0.425930351
1403636628913555456.000000 -41.028327942 -48.450256348 116.842384338 -0.593881965 -0.569661498 -0.398912430 0.404547840
1403636629063555584.000000 -40.986427307 -48.439884186 116.853416443 -0.601212561 -0.568703651 -0.399213582 0.394649506
1403636629163555584.000000 -40.957633972 -48.433799744 116.868240356 -0.605254114 -0.565178275 -0.402334005 0.390343994
1403636629363555584.000000 -40.898483276 -48.411640167 116.885375977 -0.614861250 -0.548513591 -0.412737459 0.388234884
1403636629563555584.000000 -40.835117340 -48.382682800 116.880104065 -0.628927946 -0.525441647 -0.419266641 0.390610009
1403636629763555584.000000 -40.757381439 -48.353351593 116.847480774 -0.654707968 -0.510104835 -0.425728410 0.360424489
1403636629863555584.000000 -40.713661194 -48.335380554 116.824256897 -0.668025851 -0.498173058 -0.431484222 0.345523596
1403636629963555584.000000 -40.668739319 -48.313880920 116.802307129 -0.678408921 -0.486371368 -0.437849879 0.333903879
1403636630063555584.000000 -40.624401093 -48.291709900 116.787925720 -0.684117377 -0.476620466 -0.444213271 0.327858239
1403636630663555584.000000 -40.345325470 -48.113338470 116.838127136 -0.678248763 -0.465667278 -0.468787551 0.321513385
1403636630963555584.000000 -40.218246460 -48.007339478 116.858810425 -0.677657664 -0.467962414 -0.461675912 0.329615921
1403636631163555584.000000 -40.136016846 -47.931396484 116.849983215 -0.675205171 -0.466941833 -0.463121474 0.334038854
1403636631513555456.000000 -39.996837616 -47.798263550 116.809600830 -0.671388566 -0.468925506 -0.465162575 0.336110175
1403636632013555456.000000 -39.817516327 -47.606388092 116.763175964 -0.668018639 -0.476276368 -0.465466321 0.332043648
1403636632313555456.000000 -39.729885101 -47.482631683 116.767211914 -0.665229619 -0.474869639 -0.471873432 0.330611467
1403636632763555584.000000 -39.641990662 -47.297027588 116.693260193 -0.671970367 -0.490137100 -0.431230128 0.349660039
1403636633113555456.000000 -39.559909821 -47.126888275 116.685310364 -0.619161904 -0.541110635 -0.427748203 0.375325620
1403636633213555456.000000 -39.536945343 -47.076709747 116.683433533 -0.612662911 -0.548192799 -0.424662292 0.379197747
1403636633413555456.000000 -39.494827271 -46.976051331 116.660263062 -0.613471746 -0.552824438 -0.412676334 0.384364337
1403636633813555456.000000 -39.404666901 -46.750648499 116.598831177 -0.623287797 -0.548238158 -0.407334924 0.380822271
1403636634063555584.000000 -39.336818695 -46.586238861 116.595664978 -0.630569816 -0.534413517 -0.405735165 0.390080661
1403636634213555456.000000 -39.287284851 -46.483226776 116.596984863 -0.629678607 -0.538084567 -0.405714452 0.386478573
1403636634513555456.000000 -39.171665192 -46.260864258 116.623931885 -0.612248480 -0.541773856 -0.424936324 0.388667136
1403636634813555456.000000 -39.063987732 -46.046928406 116.610954285 -0.599588335 -0.555393219 -0.421087503 0.393341601
1403636634913555456.000000 -39.032386780 -45.979259491 116.612091064 -0.597441256 -0.560827971 -0.415789127 0.394531727
1403636635063555584.000000 -38.988559723 -45.877998352 116.624427795 -0.593415737 -0.568899930 -0.410822928 0.394252568
1403636635363555584.000000 -38.911010742 -45.674503326 116.622489929 -0.595555186 -0.573462367 -0.397600919 0.397955418
1403636635463555584.000000 -38.886276245 -45.604312897 116.620597839 -0.596702278 -0.572783530 -0.394936264 0.399863422
1403636635763555584.000000 -38.804786682 -45.386882782 116.651092529 -0.598797023 -0.565796673 -0.394268870 0.407269359
1403636635863555584.000000 -38.773220062 -45.310291290 116.674858093 -0.599822581 -0.559042215 -0.394269198 0.415013939
1403636635963555584.000000 -38.738182068 -45.234050751 116.702903748 -0.604111314 -0.558173597 -0.389273405 0.414678246
1403636636113555456.000000 -38.677547455 -45.117237091 116.741172791 -0.605117559 -0.567568183 -0.389324099 0.400157481
1403636636563555584.000000 -38.486968994 -44.763313293 116.882934570 -0.576569140 -0.560429454 -0.430010080 0.410582751
1403636636863555584.000000 -38.388828278 -44.578189850 116.912048340 -0.566342711 -0.573032081 -0.443520218 0.392657787
1403636637263555584.000000 -38.336418152 -44.399131775 116.859138489 -0.586446226 -0.571225166 -0.409451246 0.402656615
1403636637363555584.000000 -38.327960968 -44.356193542 116.849014282 -0.587585032 -0.573653579 -0.406761914 0.400262684
1403636637663555584.000000 -38.309478760 -44.221511841 116.868896484 -0.589286745 -0.576771915 -0.399581194 0.400512308
1403636637763555584.000000 -38.304149628 -44.173927307 116.889404297 -0.587576032 -0.576946020 -0.400621623 0.401733845
1403636638213555456.000000 -38.287616730 -43.953853607 116.955047607 -0.579536796 -0.572053492 -0.408699840 0.412136406
1403636638513555456.000000 -38.276805878 -43.820072174 116.899719238 -0.602013826 -0.577829301 -0.374671102 0.404121667
1403636638663555584.000000 -38.261276245 -43.746799469 116.877807617 -0.601431131 -0.582756937 -0.374958396 0.397594124
1403636638813555456.000000 -38.238117218 -43.658851624 116.881668091 -0.592530310 -0.581955969 -0.387405187 0.400190383
1403636639163555584.000000 -38.172512054 -43.431007385 116.922164917 -0.597464621 -0.566766918 -0.378768772 0.422309637
1403636639613555456.000000 -38.017990112 -43.112800598 116.827789307 -0.580037296 -0.583242595 -0.403546691 0.400668055
1403636639763555584.000000 -37.965450287 -43.004959106 116.787590027 -0.575935960 -0.577961683 -0.408567190 0.409060895
1403636640213555456.000000 -37.827445984 -42.713935852 116.761955261 -0.564743757 -0.583488107 -0.402690440 0.422429353
1403636640363555584.000000 -37.786094666 -42.630027771 116.778640747 -0.558789611 -0.590697408 -0.397775888 0.424976498
1403636640513555456.000000 -37.746658325 -42.552703857 116.782264709 -0.554881692 -0.595380604 -0.394704640 0.426423013
1403636640963555584.000000 -37.641315460 -42.347942352 116.757682800 -0.552776098 -0.601877213 -0.389117807 0.425170273
1403636641413555456.000000 -37.558891296 -42.178268433 116.727783203 -0.558723629 -0.593660057 -0.384552389 0.433030069
1403636641563555584.000000 -37.530960083 -42.130268097 116.702552795 -0.557836533 -0.594287455 -0.386676043 0.431419253
1403636641713555456.000000 -37.501525879 -42.089508057 116.688987732 -0.555787742 -0.595787883 -0.390505791 0.428534806
1403636641863555584.000000 -37.473323822 -42.051727295 116.695320129 -0.555205643 -0.595488369 -0.392254680 0.428108156
1403636642363555584.000000 -37.387142181 -41.937229156 116.752738953 -0.575778902 -0.571033537 -0.410755217 0.416748911
1403636642463555584.000000 -37.371562958 -41.920818329 116.748092651 -0.580763042 -0.565253496 -0.414427668 0.414068371
