1413394926855760384.000000 0.474362254 -2.452422619 0.416136742 -0.635866821 -0.521438599 -0.378686935 0.424701601
1413394926955760384.000000 0.439500988 -2.333882809 0.413647830 -0.622192919 -0.533042908 -0.352662325 0.452073693
1413394927205760512.000000 0.429345280 -2.035398006 0.377361298 -0.564950347 -0.587066770 -0.368529171 0.447627217
1413394927455760384.000000 0.466136217 -1.739772081 0.373298526 -0.540218115 -0.617065012 -0.382130355 0.425877541
1413394927705760512.000000 0.489096105 -1.448204279 0.445651829 -0.546089411 -0.619086504 -0.369750589 0.426383406
1413394927955760384.000000 0.499979198 -1.152299762 0.518270135 -0.537069321 -0.622531593 -0.373102307 0.429890245
1413394928205760512.000000 0.497788966 -0.854986250 0.534847617 -0.514091790 -0.621473253 -0.401506484 0.433904648
1413394928455760384.000000 0.458921641 -0.588979781 0.538091719 -0.504314363 -0.609616935 -0.417044401 0.447334439
1413394928705760512.000000 0.388106346 -0.384787172 0.553253233 -0.529900074 -0.601587236 -0.389561594 0.453365684
1413394928955760384.000000 0.316681504 -0.213519096 0.558144271 -0.528640151 -0.605806649 -0.398978740 0.440856010
1413394929005760512.000000 0.301799476 -0.182204738 0.552067935 -0.528931439 -0.605957508 -0.399836183 0.439520389
1413394930705760512.000000 -0.038304329 0.087188475 0.255504608 -0.603763938 -0.626953006 -0.304863214 0.386597514
1413394930755760384.000000 -0.036275394 0.089298591 0.236197039 -0.601171792 -0.632078826 -0.309654146 0.378395528
1413394931155760384.000000 -0.031303138 0.217029572 0.142135844 -0.523959994 -0.583108008 -0.428448349 0.449313998
1413394931305760512.000000 -0.043707788 0.240330324 0.157326385 -0.517126203 -0.573258579 -0.439558774 0.459067792
1413394931755760384.000000 -0.119552374 0.154338390 0.263514668 -0.538002670 -0.619013190 -0.405123562 0.404042929
1413394931905760512.000000 -0.173156396 0.112294614 0.266818345 -0.510038793 -0.649251997 -0.393924326 0.403925717
1413394932005760512.000000 -0.224609628 0.088411145 0.264604837 -0.491433561 -0.662100971 -0.371441245 0.426786602
1413394932055760384.000000 -0.254310519 0.076773182 0.267546296 -0.478698641 -0.666669250 -0.360673845 0.443073481
1413394932205760512.000000 -0.353157759 0.040577270 0.299815357 -0.436763406 -0.675532579 -0.321777672 0.499352187
1413394932555760384.000000 -0.550244451 -0.068470865 0.428964972 -0.318804175 -0.701373219 -0.247244373 0.587630689
1413394932705760512.000000 -0.595786273 -0.139989048 0.451497376 -0.271042645 -0.720834613 -0.222587794 0.597819448
1413394932755760384.000000 -0.605882168 -0.168035001 0.455723763 -0.257615447 -0.730565965 -0.212655604 0.595554650
1413394932855760384.000000 -0.619204938 -0.229474321 0.464783490 -0.238311946 -0.754707575 -0.187417015 0.581806421
1413394932955760384.000000 -0.626188099 -0.295422494 0.474434197 -0.222703248 -0.776615322 -0.162477523 0.566456616
1413394933155760384.000000 -0.641082644 -0.425967306 0.478019744 -0.185941920 -0.800769329 -0.122181907 0.556116700
1413394933455760384.000000 -0.674598992 -0.608731270 0.413681269 -0.116743892 -0.804561019 -0.079933710 0.576769531
1413394933855760384.000000 -0.707910061 -0.839592397 0.252116859 -0.042382415 -0.791714787 -0.028230747 0.608764768
1413394933955760384.000000 -0.703812838 -0.896084547 0.217331946 -0.026460808 -0.799650371 -0.018072011 0.599610329
1413394934055760384.000000 -0.695334971 -0.953359008 0.185378224 -0.008019154 -0.809611082 -0.004202227 0.586896956
1413394934155760384.000000 -0.688019216 -1.011324406 0.161508858 0.013073958 -0.806060493 0.012429960 0.591558099
1413394934355760384.000000 -0.668276191 -1.127948284 0.097163856 0.062814519 -0.797833145 0.050604541 0.597457826
1413394934455760384.000000 -0.652760983 -1.185299873 0.046938844 0.083858453 -0.802589834 0.076009229 0.585696101
1413394934655760384.000000 -0.621634722 -1.288616776 -0.074457943 0.121043578 -0.805124640 0.095215924 0.572762430
1413394934755760384.000000 -0.604631901 -1.334328771 -0.123564631 0.130698323 -0.803210378 0.102315672 0.572103679
1413394934855760384.000000 -0.585992992 -1.376992464 -0.157328933 0.135147735 -0.800339580 0.107212938 0.574192584
1413394935155760384.000000 -0.535231829 -1.491433144 -0.171487063 0.126029879 -0.791000128 0.113380529 0.587860703
1413394935355760384.000000 -0.490942031 -1.546661615 -0.175888941 0.106888376 -0.783366859 0.100816950 0.603943110
1413394935455760384.000000 -0.462303042 -1.567985415 -0.193238318 0.102071397 -0.781729758 0.091901116 0.608304381
1413394935555760384.000000 -0.428188562 -1.586802006 -0.221919596 0.099380761 -0.788624585 0.082714006 0.601126671
1413394935855760384.000000 -0.300791532 -1.638124228 -0.278524518 0.091118380 -0.796540499 0.067417562 0.593864977
1413394935955760384.000000 -0.254188806 -1.655753613 -0.277444452 0.088300854 -0.799661458 0.065528497 0.590297103
1413394936055760384.000000 -0.204742312 -1.674131989 -0.288673341 0.091832370 -0.809773505 0.064606115 0.575899124
1413394936205760512.000000 -0.131029546 -1.707482934 -0.326752186 0.115874015 -0.823713183 0.077531122 0.549598753
1413394936305760512.000000 -0.087369382 -1.735224009 -0.356763840 0.146501452 -0.814448297 0.096796915 0.553029597
1413394936405760512.000000 -0.046143092 -1.767334342 -0.384972215 0.185715079 -0.796117425 0.124530226 0.562316000
1413394936505760512.000000 -0.005304694 -1.802762151 -0.409300536 0.234408796 -0.776512563 0.151064739 0.565031052
1413394936605760512.000000 0.038183250 -1.840852022 -0.429342389 0.284481347 -0.759035528 0.174371451 0.559043884
1413394936705760512.000000 0.085256815 -1.881250143 -0.446403891 0.322947055 -0.747899115 0.202013627 0.543638408
1413394936805760512.000000 0.134791076 -1.924243569 -0.459096372 0.354812860 -0.736554742 0.225155070 0.530000269
1413394936905760512.000000 0.187016964 -1.970256805 -0.468735158 0.384144157 -0.725352347 0.242989764 0.516965449
1413394937005760512.000000 0.241819039 -2.020453215 -0.477758020 0.414306015 -0.714019656 0.258525878 0.501687944
1413394937105760512.000000 0.298732340 -2.076272488 -0.485401183 0.445752501 -0.700836957 0.273895442 0.484885067
1413394937205760512.000000 0.356881291 -2.138390303 -0.492221445 0.473721325 -0.685357034 0.289992720 0.470933169
1413394937255760384.000000 0.386094421 -2.171444893 -0.496119678 0.483362764 -0.681066096 0.299459845 0.461338520
1413394937305760512.000000 0.415059179 -2.206222773 -0.500158250 0.490517318 -0.678546607 0.309036553 0.451069623
1413394937355760384.000000 0.443344116 -2.243009329 -0.503206253 0.495685607 -0.675671816 0.317954987 0.443472654
1413394937455760384.000000 0.496717542 -2.320130348 -0.509000301 0.501983643 -0.669734895 0.330996603 0.435785323
1413394937555760384.000000 0.545318484 -2.402969122 -0.514048755 0.505314231 -0.664450407 0.338736564 0.434074581
1413394937655760384.000000 0.589987636 -2.490456581 -0.519039214 0.504858196 -0.660962641 0.343767315 0.435970992
1413394937755760384.000000 0.631081939 -2.581918955 -0.522089481 0.499934494 -0.660140038 0.349294245 0.438490808
1413394937855760384.000000 0.668151677 -2.675001621 -0.523866594 0.491787255 -0.663802147 0.351320416 0.440551966
1413394937955760384.000000 0.699220896 -2.769279718 -0.524068773 0.477741867 -0.674928665 0.350501716 0.439752758
1413394938055760384.000000 0.723232746 -2.865219593 -0.518699169 0.460676640 -0.690708280 0.349122733 0.434525549
1413394938155760384.000000 0.737337828 -2.963216782 -0.502034366 0.445452482 -0.705421150 0.346559256 0.428777158
1413394938255760384.000000 0.736774206 -3.064515829 -0.470088929 0.431545883 -0.716381192 0.340604842 0.429598063
1413394938355760384.000000 0.720125318 -3.167194605 -0.417893022 0.423170120 -0.718136072 0.325137436 0.446646631
1413394938455760384.000000 0.692055047 -3.270840168 -0.353170156 0.409495413 -0.718073964 0.314629346 0.466574490
1413394938555760384.000000 0.656676948 -3.373903036 -0.288498998 0.398671716 -0.719785750 0.295781225 0.485265791
1413394938655760384.000000 0.617929459 -3.475823879 -0.236092463 0.384972155 -0.729950309 0.271568865 0.495196342
1413394938755760384.000000 0.577111840 -3.578066587 -0.195830166 0.364419729 -0.745370209 0.249491245 0.499375343
1413394938855760384.000000 0.534483314 -3.681463242 -0.165975660 0.333623260 -0.763587236 0.234569252 0.500607133
1413394938955760384.000000 0.488237828 -3.785409212 -0.146494761 0.286399633 -0.781387925 0.233065918 0.503079116
1413394939055760384.000000 0.435106426 -3.885445118 -0.136220276 0.231706589 -0.793891311 0.233620688 0.511341512
1413394939155760384.000000 0.373289168 -3.976985216 -0.135077938 0.182903439 -0.801815152 0.224197373 0.522852004
1413394939255760384.000000 0.303494900 -4.057201385 -0.142417669 0.148800462 -0.807623029 0.200542778 0.534215510
1413394939355760384.000000 0.226956174 -4.126079082 -0.156369194 0.126802474 -0.811014831 0.172252446 0.544522941
1413394939455760384.000000 0.145115495 -4.184550285 -0.164986745 0.125221804 -0.811771572 0.134501055 0.554306746
1413394939555760384.000000 0.060018227 -4.237862587 -0.157991648 0.130087912 -0.808554053 0.103015579 0.564539909
1413394939855760384.000000 -0.197709709 -4.384796143 -0.069190651 0.060749218 -0.814106524 0.124756239 0.563893735
1413394939955760384.000000 -0.288126916 -4.416621685 -0.037787445 0.051864590 -0.821455240 0.106503859 0.557833612
1413394940055760384.000000 -0.381947637 -4.439388275 -0.018507656 0.057021163 -0.831236899 0.070262343 0.548504472
1413394940155760384.000000 -0.479384363 -4.458303452 -0.010996241 0.042739335 -0.835633934 0.052176818 0.545130193
1413394940255760384.000000 -0.581705809 -4.474946022 -0.015262838 0.017547648 -0.832739830 0.039172720 0.551998198
1413394940355760384.000000 -0.690054655 -4.488038540 -0.029858505 -0.012088553 -0.825997055 0.023151586 0.563069105
1413394940455760384.000000 -0.799326837 -4.496959209 -0.052231271 -0.044656724 -0.819806755 0.004621753 0.570877731
1413394940555760384.000000 -0.908336401 -4.500807285 -0.074327767 -0.070669793 -0.814500153 -0.023502611 0.575363278
1413394940655760384.000000 -1.017171264 -4.501565933 -0.092228733 -0.085603982 -0.812262416 -0.063645713 0.573455393
1413394940755760384.000000 -1.126193285 -4.505151272 -0.102382153 -0.096549213 -0.811085284 -0.096835345 0.568719506
1413394940855760384.000000 -1.236897588 -4.516782284 -0.098995514 -0.110786393 -0.808906674 -0.107327417 0.567342162
1413394940955760384.000000 -1.349479318 -4.535507202 -0.081345037 -0.131300688 -0.807274103 -0.096431695 0.567247450
1413394941055760384.000000 -1.462628722 -4.554975033 -0.058036692 -0.158051565 -0.809021354 -0.077595726 0.560787976
1413394941205760512.000000 -1.632091761 -4.571876526 -0.020230379 -0.197743624 -0.812407494 -0.054937456 0.545777917
1413394941305760512.000000 -1.746763825 -4.566970348 0.010671316 -0.210942432 -0.814514577 -0.052408941 0.537887096
1413394941405760512.000000 -1.863874435 -4.546281815 0.044859428 -0.212403581 -0.819608510 -0.059408646 0.528769612
1413394941505760512.000000 -1.986644149 -4.510686874 0.084844247 -0.193104982 -0.822784007 -0.089466594 0.527003586
1413394941605760512.000000 -2.116161823 -4.466911316 0.126892924 -0.173051834 -0.823522806 -0.120232426 0.526694894
1413394941705760512.000000 -2.253137350 -4.421716690 0.168628618 -0.167416751 -0.818857908 -0.140387908 0.530786872
1413394941805760512.000000 -2.397696495 -4.379511356 0.208964348 -0.174868047 -0.809720397 -0.147170410 0.540476680
1413394941905760512.000000 -2.546698570 -4.341537476 0.246071890 -0.203067526 -0.798689187 -0.123975247 0.552711010
1413394942005760512.000000 -2.695909739 -4.302122116 0.282800168 -0.238620624 -0.787428737 -0.088727899 0.561376572
1413394942105760512.000000 -2.840783119 -4.251351833 0.322345942 -0.270369917 -0.776193142 -0.055734847 0.566849172
1413394942205760512.000000 -2.975510120 -4.180072308 0.366082013 -0.298930019 -0.766092539 -0.032888833 0.568032980
1413394942305760512.000000 -3.095512867 -4.080130100 0.415606350 -0.325467646 -0.757727623 -0.023780843 0.565114439
1413394942405760512.000000 -3.197223186 -3.949168682 0.470595747 -0.346389711 -0.750805557 -0.035511218 0.561287999
1413394942505760512.000000 -3.283100128 -3.787807226 0.525018752 -0.364447981 -0.741695225 -0.063281782 0.559518754
1413394942605760512.000000 -3.353842020 -3.604971409 0.564410090 -0.384976357 -0.729660511 -0.095237017 0.557062507
1413394942705760512.000000 -3.409805298 -3.405253649 0.586171150 -0.404608548 -0.713708401 -0.134258270 0.555776119
1413394942805760512.000000 -3.450634241 -3.194067717 0.593068302 -0.406688601 -0.698269665 -0.200681239 0.553851008
1413394942905760512.000000 -3.479187489 -2.981482267 0.582797110 -0.396017432 -0.679506481 -0.281100720 0.549930573
1413394943005760512.000000 -3.501008749 -2.779315472 0.551958203 -0.389620781 -0.656292617 -0.349853724 0.543210864
1413394943105760512.000000 -3.520905018 -2.595186234 0.505593121 -0.397512168 -0.632910848 -0.396656901 0.532983363
1413394943205760512.000000 -3.541886091 -2.435741186 0.450276643 -0.413775980 -0.609384060 -0.431769848 0.520591259
1413394943405760512.000000 -3.593883276 -2.210307598 0.328464597 -0.460229427 -0.566905379 -0.477150768 0.489013672
1413394943805760512.000000 -3.807699680 -2.124963045 0.188107282 -0.579102218 -0.536664963 -0.463846475 0.401842922
1413394944005760512.000000 -3.955915451 -2.157914877 0.109106161 -0.612853646 -0.514424741 -0.435092777 0.412882417
1413394944105760512.000000 -4.025094986 -2.182514191 0.070604518 -0.615941882 -0.517865419 -0.434105456 0.404948890
1413394944605760512.000000 -4.295904636 -2.310309410 0.015785117 -0.669824064 -0.516598821 -0.411718935 0.339041173
1413394944905760512.000000 -4.379390240 -2.291960478 -0.046438146 -0.751470089 -0.441848367 -0.405395627 0.275167167
1413394944955760384.000000 -4.382696152 -2.275769472 -0.061881587 -0.761807323 -0.424312115 -0.411515564 0.265073210
1413394945005760512.000000 -4.382114410 -2.255502224 -0.077738531 -0.769322634 -0.406608701 -0.421599895 0.255079567
1413394945055760384.000000 -4.377866268 -2.231296539 -0.093845263 -0.773702204 -0.389964104 -0.435564697 0.244123548
1413394945105760512.000000 -4.370310307 -2.203682423 -0.110816047 -0.777206123 -0.373245627 -0.450306863 0.232082009
1413394950655760384.000000 -2.417350292 6.885505676 -0.417474717 0.717897534 -0.483737856 0.403986186 0.295661926
