1413393919405760512.000000 1.901312351 0.327828676 -1.490955114 -0.506832063 -0.574401796 -0.347737998 0.540612698
1413393919555760384.000000 1.972036839 0.420991391 -1.503546834 -0.553436339 -0.532253265 -0.365843385 0.525902450
1413393919805760512.000000 2.165071726 0.516068459 -1.564115644 -0.580163479 -0.499827117 -0.416616142 0.489912510
1413393920105760512.000000 2.459383249 0.513651013 -1.703688622 -0.564253151 -0.522767842 -0.460372746 0.443158001
1413393920405760512.000000 2.735573053 0.393824041 -1.902123928 -0.566464365 -0.544508338 -0.447373956 0.427183211
1413393920705760512.000000 2.978665590 0.208242550 -2.077606678 -0.574951231 -0.570957124 -0.423868030 0.404691249
1413393920955760384.000000 3.150224924 0.054278962 -2.207087517 -0.573403299 -0.584738612 -0.418338597 0.392787814
1413393921205760512.000000 3.287387609 -0.074566901 -2.330306530 -0.586136162 -0.607416153 -0.396745563 0.360670358
1413393921455760384.000000 3.377745628 -0.129048824 -2.423616648 -0.587243974 -0.604701281 -0.395386308 0.364898056
1413393921705760512.000000 3.426873207 -0.116571888 -2.497338772 -0.572295666 -0.583442211 -0.419361204 0.395233005
1413393921755760384.000000 3.433141708 -0.112260707 -2.518404245 -0.571514666 -0.580984056 -0.421603799 0.397591233
1413393921905760512.000000 3.445534945 -0.099057868 -2.594454527 -0.565138698 -0.571923792 -0.432887197 0.407590747
1413393922305760512.000000 3.432947397 -0.095723458 -2.821364880 -0.592172623 -0.587682188 -0.405381918 0.373666823
1413393922405760512.000000 3.419944763 -0.090871364 -2.876991510 -0.604931295 -0.595265746 -0.389074653 0.358242720
1413393922505760512.000000 3.403968096 -0.072051197 -2.926832914 -0.615693152 -0.589807689 -0.376358002 0.362496436
1413393922605760512.000000 3.388025522 -0.037015863 -2.969656944 -0.619439542 -0.573331475 -0.374431223 0.383910209
1413393922755760384.000000 3.373632193 0.037739053 -3.027204514 -0.618938208 -0.557458818 -0.375668496 0.406236857
1413393922855760384.000000 3.374330044 0.097647779 -3.062416077 -0.617531240 -0.561172903 -0.376820892 0.402176887
1413393923055760384.000000 3.396286011 0.241870522 -3.102835655 -0.611111462 -0.586988449 -0.385529369 0.365177274
1413393923105760512.000000 3.402917147 0.285014063 -3.104465008 -0.609887123 -0.590748668 -0.387928367 0.358560145
1413393923205760512.000000 3.413906813 0.382439435 -3.098767519 -0.608790159 -0.595299721 -0.390559465 0.349937260
1413393923305760512.000000 3.420846462 0.494063020 -3.086436749 -0.609111905 -0.590377033 -0.392280668 0.355743736
1413393923405760512.000000 3.423924446 0.618757308 -3.072956562 -0.613794863 -0.575623035 -0.381880194 0.382206053
1413393923555760384.000000 3.431838274 0.820769548 -3.049231052 -0.600564361 -0.568521380 -0.361774445 0.430378079
1413393923655760384.000000 3.446247816 0.960053563 -3.031389236 -0.574234724 -0.585836947 -0.350881517 0.451588154
1413393923755760384.000000 3.469064951 1.100387692 -3.012316465 -0.536747217 -0.619922340 -0.343699664 0.457678258
1413393923905760512.000000 3.511743307 1.311501145 -2.987090349 -0.481523782 -0.671178401 -0.319641232 0.464202464
1413393924005760512.000000 3.541908026 1.452125907 -2.970371485 -0.448622704 -0.698584139 -0.297278613 0.471532941
1413393924105760512.000000 3.571101665 1.594830513 -2.954339504 -0.416217864 -0.723420560 -0.278637111 0.475170225
1413393924205760512.000000 3.595509052 1.740969658 -2.936616898 -0.374260217 -0.747065723 -0.276881218 0.474509239
1413393924355760384.000000 3.613634348 1.957222342 -2.907411098 -0.305311352 -0.773784995 -0.290807545 0.472729176
1413393924505760512.000000 3.595753670 2.155319929 -2.874220610 -0.253385574 -0.788400173 -0.310545921 0.466671377
1413393924705760512.000000 3.494869471 2.354441166 -2.812487602 -0.208995387 -0.782380044 -0.338298023 0.479329616
1413393924755760384.000000 3.453918934 2.386901617 -2.790387154 -0.202683121 -0.777683318 -0.344695240 0.485091150
1413393924805760512.000000 3.406726360 2.411370516 -2.764981270 -0.200815156 -0.774235785 -0.349078596 0.488238037
1413393924905760512.000000 3.293979645 2.435313702 -2.703538656 -0.221634701 -0.770194709 -0.332740963 0.496952385
1413393925055760384.000000 3.086623669 2.418877125 -2.581358910 -0.273132116 -0.769760072 -0.271372348 0.509141922
1413393925155760384.000000 2.932778120 2.389314651 -2.485047817 -0.293518513 -0.771225810 -0.230637148 0.515620172
1413393925305760512.000000 2.689771891 2.343020916 -2.336280346 -0.304891884 -0.780890048 -0.162919372 0.520297110
1413393925405760512.000000 2.526408195 2.324084044 -2.235153437 -0.290634245 -0.788453162 -0.145285085 0.522269785
1413393925505760512.000000 2.363844156 2.317635775 -2.132504225 -0.272749901 -0.790302157 -0.142841503 0.529741824
1413393925655760384.000000 2.120257616 2.326039791 -1.989269018 -0.256042272 -0.790578783 -0.138821602 0.538661540
1413393925755760384.000000 1.957070708 2.340786219 -1.920692086 -0.247573748 -0.791070461 -0.140007034 0.541583657
1413393925905760512.000000 1.713752389 2.371133566 -1.872644663 -0.238296017 -0.786479533 -0.145134747 0.550999939
1413393926055760384.000000 1.475094318 2.407551050 -1.869203925 -0.232571840 -0.770278871 -0.150786787 0.574320674
1413393926205760512.000000 1.252156615 2.443852186 -1.876287460 -0.233944759 -0.756370962 -0.148823306 0.592473269
1413393926305760512.000000 1.117209077 2.467179775 -1.879082918 -0.238447979 -0.757340550 -0.144928962 0.590401173
1413393926405760512.000000 0.992404699 2.490472794 -1.878708959 -0.241155460 -0.764977455 -0.140615866 0.580414236
1413393926705760512.000000 0.663980544 2.563143253 -1.900679111 -0.202516183 -0.766945720 -0.136630237 0.593391716
1413393927055760384.000000 0.368934244 2.630389929 -1.875963569 -0.145482913 -0.803802669 -0.082679227 0.570876658
1413393927205760512.000000 0.259154558 2.663589001 -1.820484042 -0.141411841 -0.814296961 -0.051069774 0.560638189
1413393927305760512.000000 0.185714409 2.694561005 -1.782299757 -0.141053885 -0.822000802 -0.033880766 0.550700128
1413393927455760384.000000 0.067921340 2.759893179 -1.720318079 -0.113105722 -0.833112895 -0.040772114 0.539877534
1413393927605760512.000000 -0.065575428 2.837637901 -1.649221897 -0.068512976 -0.830986619 -0.069214471 0.547701299
1413393927705760512.000000 -0.163107857 2.884262085 -1.598463058 -0.036321782 -0.824872911 -0.083517596 0.557933927
1413393928055760384.000000 -0.520278335 2.933224440 -1.402403831 0.017888175 -0.799286008 -0.103914715 0.591628015
1413393928155760384.000000 -0.615615487 2.906940699 -1.356889963 0.020171495 -0.796013772 -0.105512857 0.595669627
1413393928255760384.000000 -0.706271946 2.862420082 -1.319951296 0.016209997 -0.797496557 -0.102004565 0.594417036
1413393928505760512.000000 -0.912108481 2.689277172 -1.266654015 -0.034745310 -0.797309339 -0.037342254 0.601411939
1413393928955760384.000000 -1.154115558 2.349068880 -1.228420854 -0.044070125 -0.779979646 -0.060230367 0.621338904
1413393929055760384.000000 -1.176303267 2.272184372 -1.215573311 -0.050810635 -0.781381071 -0.080862895 0.616703510
1413393929155760384.000000 -1.188439131 2.189123631 -1.199792862 -0.065586209 -0.781311154 -0.100674666 0.612467051
1413393929255760384.000000 -1.191804409 2.099088669 -1.182496905 -0.089435168 -0.783413410 -0.117742054 0.603656888
1413393929705760512.000000 -1.150996208 1.626653671 -1.081889868 -0.246453553 -0.771002114 -0.189169779 0.555905759
1413393930105760512.000000 -1.093050718 1.192393661 -0.979000330 -0.396704555 -0.712288022 -0.216296032 0.537110269
1413393930255760384.000000 -1.054897070 1.053106785 -0.961369157 -0.422640979 -0.697725952 -0.230307832 0.530576587
1413393930405760512.000000 -1.003214359 0.929759204 -0.965047538 -0.417124212 -0.701659501 -0.261161357 0.515243709
1413393930505760512.000000 -0.965323448 0.853001297 -0.984718680 -0.407484412 -0.708039284 -0.279761195 0.504351556
1413393930605760512.000000 -0.928585410 0.777758121 -1.026767015 -0.405153126 -0.707293987 -0.282435298 0.505783081
1413393931405760512.000000 -0.558898509 0.256064415 -1.377875209 -0.405152082 -0.710800886 -0.239860758 0.522571206
1413393931505760512.000000 -0.499537587 0.206902802 -1.410357952 -0.409648418 -0.709772766 -0.230431318 0.524702072
1413393931605760512.000000 -0.434298217 0.161914885 -1.453447461 -0.411538333 -0.710043252 -0.224303856 0.525511801
1413393931705760512.000000 -0.364357233 0.125005901 -1.504476786 -0.410732031 -0.710132122 -0.222491086 0.526791632
1413393931855760384.000000 -0.252094328 0.086894765 -1.593088388 -0.407238364 -0.712046683 -0.222852364 0.526766896
1413393931955760384.000000 -0.171182603 0.072850458 -1.651533961 -0.404775351 -0.713452160 -0.223945349 0.526299834
1413393932055760384.000000 -0.086044744 0.067950368 -1.703928351 -0.400860310 -0.716410160 -0.227586195 0.523709774
1413393932355760384.000000 0.177860439 0.097340360 -1.831496358 -0.378337979 -0.732975304 -0.258301884 0.502879560
1413393932455760384.000000 0.259617984 0.115395904 -1.867143273 -0.374662548 -0.736066699 -0.264960587 0.497624099
1413393932605760512.000000 0.368861735 0.148648515 -1.915278792 -0.371471107 -0.735524714 -0.273315102 0.496297747
1413393932855760384.000000 0.517110467 0.200320005 -1.977594733 -0.370425969 -0.726860285 -0.284493566 0.503509879
1413393932955760384.000000 0.565342844 0.217943728 -1.995582223 -0.367819220 -0.722078860 -0.292195052 0.507871211
1413393933105760512.000000 0.627006590 0.234031901 -2.014481306 -0.356831253 -0.706115663 -0.304318726 0.530530155
1413393933255760384.000000 0.684805930 0.228206694 -2.027299404 -0.359419107 -0.696782410 -0.297963679 0.544545650
1413393933405760512.000000 0.747097552 0.200395465 -2.030601025 -0.377051055 -0.688529849 -0.271652937 0.556744099
1413393933505760512.000000 0.796581626 0.174381375 -2.030693531 -0.394136578 -0.689544976 -0.246882290 0.555187702
1413393933655760384.000000 0.886712670 0.138080359 -2.037880182 -0.411666691 -0.696129560 -0.223327249 0.544113278
1413393933805760512.000000 0.995740235 0.114274502 -2.056897163 -0.401061773 -0.710046530 -0.242246434 0.525642633
1413393933955760384.000000 1.111659288 0.097900584 -2.091588736 -0.390377969 -0.717321098 -0.258873791 0.515790522
1413393934105760512.000000 1.226102710 0.082803130 -2.108449697 -0.370537460 -0.707412422 -0.284556866 0.530374527
1413393934255760384.000000 1.339947820 0.053052630 -2.102092505 -0.364424229 -0.706202865 -0.288805664 0.533913732
1413393934405760512.000000 1.451747417 0.009213969 -2.105092525 -0.376957148 -0.711045623 -0.266347468 0.530449271
1413393934555760384.000000 1.565650821 -0.037744123 -2.139484882 -0.390903443 -0.713877380 -0.242718324 0.527884007
1413393934705760512.000000 1.685372353 -0.077236965 -2.197377443 -0.402275562 -0.710467517 -0.224233329 0.532099485
1413393935205760512.000000 2.141010523 -0.059708454 -2.506005764 -0.289617300 -0.794383705 -0.174933508 0.504454911
1413393935255760384.000000 2.181196690 -0.043724209 -2.529863119 -0.268495291 -0.803167582 -0.168040171 0.504573643
1413393935305760512.000000 2.217577457 -0.026289612 -2.549705029 -0.248706371 -0.810597122 -0.159204945 0.505698800
1413393935355760384.000000 2.250264645 -0.007921733 -2.565304756 -0.231099918 -0.816289246 -0.147751778 0.508364201
1413393935405760512.000000 2.279242992 0.011411250 -2.576073885 -0.210913718 -0.821009159 -0.139160618 0.511950970
1413393935455760384.000000 2.305131435 0.031032905 -2.582583189 -0.190180287 -0.824633837 -0.131562710 0.516238153
1413393935505760512.000000 2.327288628 0.050815649 -2.584691286 -0.168438524 -0.827113152 -0.125093311 0.521405697
1413393935555760384.000000 2.345978975 0.070088506 -2.583562851 -0.147113219 -0.830357730 -0.117785655 0.524395168
1413393935605760512.000000 2.361506462 0.088910729 -2.579816580 -0.125261396 -0.833137810 -0.114108719 0.526469588
1413393935655760384.000000 2.373635054 0.107108243 -2.575017691 -0.105649173 -0.835968375 -0.111935548 0.526750028
