1403638135295097088.000000 -1.777971745 -2.512426376 3.764965534 -0.595638573 -0.580073297 -0.363292992 0.420413941
1403638135845096960.000000 -1.623905301 -2.565776348 3.730774164 -0.612733841 -0.562893629 -0.382746607 0.401513427
1403638136345096960.000000 -1.419841528 -2.648580551 3.766054392 -0.619057298 -0.543509960 -0.417803377 0.383151859
1403638138695097088.000000 -1.673185825 -2.691599369 3.487286568 -0.603110731 -0.586389840 -0.386177033 0.378512621
1403638141645096960.000000 -1.674668312 -2.695352793 3.489818573 -0.603565156 -0.586087108 -0.385463595 0.378983855
1403638144595097088.000000 -1.675929308 -2.690849781 3.491936445 -0.603967845 -0.586047590 -0.384942383 0.378933311
1403638147545096960.000000 -1.675953627 -2.682439089 3.491967440 -0.603734791 -0.585585475 -0.384958953 0.380000830
1403638148595097088.000000 -1.672904611 -2.584686995 3.718903780 -0.584937513 -0.580597758 -0.402835667 0.398092866
1403638148995097088.000000 -1.691262841 -2.525762558 3.735310078 -0.583936512 -0.588539958 -0.394158036 0.396583527
1403638149395097088.000000 -1.727388620 -2.430578232 3.877751589 -0.577708423 -0.582689166 -0.399885446 0.408433437
1403638149845096960.000000 -1.778812885 -2.322478771 3.959838629 -0.566918254 -0.592426956 -0.395802975 0.413490087
1403638150695097088.000000 -1.991312265 -2.143450499 3.880692720 -0.554313064 -0.623871088 -0.369205385 0.408912390
1403638151145096960.000000 -2.202914476 -1.982306719 3.919086218 -0.512123227 -0.644713581 -0.363393337 0.435912222
1403638151945096960.000000 -2.700778246 -1.704949856 3.972054958 -0.419570327 -0.710930824 -0.295352370 0.480942011
1403638152345096960.000000 -2.977096796 -1.579658031 4.059118748 -0.415709764 -0.713855982 -0.298491061 0.478014797
1403638152545096960.000000 -3.140745401 -1.524202466 4.061714649 -0.415608704 -0.714911819 -0.302909613 0.473725975
1403638152595097088.000000 -3.183434486 -1.511147022 4.060068607 -0.416611642 -0.714285612 -0.302358329 0.474141717
1403638152745096960.000000 -3.316685677 -1.470459580 4.054117203 -0.417762995 -0.715197682 -0.294405848 0.476751059
1403638152945096960.000000 -3.507894278 -1.411738873 4.075599194 -0.403448492 -0.717382193 -0.281237543 0.493454844
1403638153095097088.000000 -3.652718782 -1.368087411 4.107651711 -0.389515102 -0.728391945 -0.266557992 0.496658981
1403638153495097088.000000 -4.045409679 -1.239615560 4.175487518 -0.352535009 -0.753683090 -0.245630443 0.497339368
1403638153545096960.000000 -4.096725464 -1.222386479 4.183941841 -0.343888879 -0.758506894 -0.244598165 0.496567726
1403638153745096960.000000 -4.315048695 -1.154910684 4.228755474 -0.312487900 -0.771171033 -0.227615282 0.505804300
1403638153945096960.000000 -4.548609257 -1.089458346 4.258917332 -0.290770173 -0.774029791 -0.212583601 0.520709932
1403638154045096960.000000 -4.667867184 -1.058744073 4.263876438 -0.286284655 -0.773309588 -0.207198262 0.526405156
1403638154295097088.000000 -4.966928005 -0.990704715 4.255800724 -0.275756598 -0.767651200 -0.211720511 0.538371861
1403638154695097088.000000 -5.428009510 -0.936901391 4.220676899 -0.273312956 -0.763225317 -0.206628144 0.547806621
1403638154895097088.000000 -5.645183086 -0.941518426 4.234258175 -0.258796334 -0.775576293 -0.200960249 0.539556265
1403638154995097088.000000 -5.753555775 -0.950149357 4.252668381 -0.249407932 -0.779158652 -0.198860824 0.539594233
1403638155045096960.000000 -5.808315754 -0.956515968 4.264651299 -0.243954688 -0.780264080 -0.196455345 0.541368067
1403638155245096960.000000 -6.026425362 -0.994412065 4.311632156 -0.225418627 -0.781862140 -0.184269056 0.551292062
1403638155545096960.000000 -6.346975327 -1.088349581 4.337439537 -0.195888221 -0.782152176 -0.170760155 0.566309869
1403638155645096960.000000 -6.449652672 -1.132723451 4.334119797 -0.186377376 -0.781912684 -0.155641213 0.574153185
1403638155845096960.000000 -6.641947269 -1.237497807 4.314838886 -0.157211915 -0.786045611 -0.123374745 0.584974825
1403638155945096960.000000 -6.729220390 -1.296501875 4.301191807 -0.139774606 -0.795091629 -0.104774863 0.580788016
1403638156045096960.000000 -6.810930252 -1.358208060 4.292674065 -0.119838268 -0.806475878 -0.085539460 0.572641671
1403638156145096960.000000 -6.889470577 -1.420624256 4.293250084 -0.100479528 -0.814552963 -0.067008846 0.567377508
1403638156245096960.000000 -6.967136383 -1.482005239 4.302314758 -0.083978713 -0.818966746 -0.050741300 0.565390468
1403638156695097088.000000 -7.326720715 -1.722454786 4.313552380 -0.049695466 -0.830566883 -0.017737899 0.554413557
1403638156945096960.000000 -7.551054955 -1.828423977 4.278500080 -0.050243311 -0.831355929 -0.020133737 0.553098261
1403638157095097088.000000 -7.695947170 -1.882966518 4.267059326 -0.054101590 -0.832994461 -0.021811519 0.550197780
1403638157195097088.000000 -7.798396587 -1.915179849 4.267676830 -0.056418035 -0.835607886 -0.023821443 0.545902133
1403638157645096960.000000 -8.308586121 -2.045432568 4.300449371 -0.030299418 -0.826075673 -0.023303397 0.562261283
1403638158045096960.000000 -8.787389755 -2.182097912 4.345933914 0.036933187 -0.821045697 0.022052398 0.569239616
1403638158345096960.000000 -9.134881020 -2.286019564 4.371863842 0.055593818 -0.820810199 0.046438836 0.566589355
1403638158445096960.000000 -9.248670578 -2.316526413 4.371532917 0.060729321 -0.819979906 0.043743256 0.567478240
1403638158595097088.000000 -9.415771484 -2.361264944 4.363242626 0.065672591 -0.818180323 0.037939470 0.569937348
1403638158745096960.000000 -9.579637527 -2.410233498 4.351735592 0.062205508 -0.817721069 0.039911587 0.570850253
1403638159095097088.000000 -9.953296661 -2.527462244 4.367132664 0.049795695 -0.833605587 0.047354396 0.548069119
1403638159345096960.000000 -10.241530418 -2.602464437 4.396630287 0.045199908 -0.835993648 0.047700122 0.544790208
1403638159445096960.000000 -10.366557121 -2.629235506 4.404080391 0.042024978 -0.821969748 0.050589714 0.565721214
1403638159745096960.000000 -10.724319458 -2.680398226 4.458146572 0.020523090 -0.795052588 0.082098484 0.600608051
1403638159995097088.000000 -10.971611977 -2.653444767 4.562938213 0.040414631 -0.794158995 0.056447841 0.603731453
1403638160145096960.000000 -11.086006165 -2.621902227 4.645217896 0.047973696 -0.800090134 0.048808664 0.595963240
1403638160245096960.000000 -11.156537056 -2.598803282 4.710472584 0.051144660 -0.811756968 0.046601813 0.579882026
1403638160345096960.000000 -11.223972321 -2.574625254 4.783583164 0.053426892 -0.821108580 0.045239806 0.566462338
1403638160645096960.000000 -11.433660507 -2.502987385 4.998359680 0.053644121 -0.828615487 0.044985071 0.555423379
1403638160895097088.000000 -11.625426292 -2.444309711 5.150192738 0.037045993 -0.814769089 0.053256352 0.576144695
1403638161045096960.000000 -11.735837936 -2.397393942 5.230541706 0.015651405 -0.806330264 0.042986572 0.589693785
1403638161145096960.000000 -11.801888466 -2.360185862 5.279695511 0.000010307 -0.806099892 0.030022962 0.591017485
1403638161395097088.000000 -11.947884560 -2.251629591 5.389799595 -0.049416196 -0.813919365 -0.011627303 0.578755736
1403638161595097088.000000 -12.053514481 -2.158725977 5.466188431 -0.074375637 -0.822571635 -0.032333098 0.562848866
1403638161745096960.000000 -12.134080887 -2.085949898 5.509173393 -0.088103458 -0.822327912 -0.034497891 0.561092257
1403638162145096960.000000 -12.350275993 -1.861043692 5.593567371 -0.115950763 -0.813399076 -0.051957034 0.567660093
1403638162295097088.000000 -12.428601265 -1.765640974 5.638595581 -0.124172270 -0.815624714 -0.050074611 0.562876701
1403638162545096960.000000 -12.558887482 -1.582926035 5.697785378 -0.127535954 -0.812754929 -0.049710829 0.566297531
1403638162845096960.000000 -12.705128670 -1.330239058 5.795111179 -0.123428896 -0.816373527 -0.057465106 0.561246216
1403638163145096960.000000 -12.839325905 -1.046329975 5.924231529 -0.143192738 -0.799310684 -0.061905999 0.580315351
1403638163245096960.000000 -12.876594543 -0.944499254 5.939616680 -0.150156483 -0.799291551 -0.072890922 0.577297986
1403638163395097088.000000 -12.926440239 -0.786294520 5.946646214 -0.164540812 -0.797579110 -0.094743110 0.572553694
1403638163545096960.000000 -12.969154358 -0.626365483 5.950487137 -0.181975007 -0.793683112 -0.110934310 0.569776893
1403638163695097088.000000 -13.005142212 -0.467892647 5.970004559 -0.191746533 -0.792315364 -0.119550370 0.566725254
1403638163845096960.000000 -13.035204887 -0.311431229 6.010367393 -0.196644366 -0.790247500 -0.122646175 0.567272365
1403638163995097088.000000 -13.056993484 -0.157604918 6.065682411 -0.201855406 -0.789527059 -0.117371827 0.567560852
1403638164145096960.000000 -13.072667122 -0.001624376 6.134344101 -0.204591572 -0.788882256 -0.110262699 0.568901777
1403638164645096960.000000 -13.053627968 0.555791855 6.314081192 -0.207163453 -0.783431053 -0.097307809 0.577797830
1403638164845096960.000000 -13.006649017 0.802239656 6.351656914 -0.204834864 -0.780316412 -0.123396762 0.577859998
1403638203345096960.000000 -7.820012093 5.731601715 5.822162628 -0.559441328 -0.589228034 -0.399248391 0.424778253
1403638203395097088.000000 -7.921433926 5.708952904 5.818442822 -0.559112668 -0.588067770 -0.399644017 0.426443398
1403638203645096960.000000 -8.410778999 5.591175079 5.781865120 -0.563152671 -0.586729109 -0.395668030 0.426678985
1403638203895097088.000000 -8.865221024 5.463925362 5.772596836 -0.562021792 -0.586324096 -0.398010224 0.426548451
1403638204145096960.000000 -9.286643982 5.325479031 5.802222729 -0.565939665 -0.588593364 -0.390339404 0.425329536
1403638204395097088.000000 -9.673417091 5.189440727 5.869600773 -0.585114658 -0.584345520 -0.364283502 0.428344190
1403638204645096960.000000 -10.005160332 5.077785492 5.930170536 -0.587506413 -0.581585050 -0.360233605 0.432234615
1403638204895097088.000000 -10.286091805 4.989455223 5.950150967 -0.550175369 -0.611939907 -0.369297624 0.431805462
1403638205145096960.000000 -10.554615974 4.912068367 5.932664871 -0.485977679 -0.661680043 -0.346130043 0.454091668
1403638205395097088.000000 -10.832447052 4.833388805 5.936878681 -0.399091810 -0.711411059 -0.294629663 0.497808635
1403638205445096960.000000 -10.888154030 4.817212105 5.943996906 -0.381260335 -0.719232142 -0.286005646 0.505516171
1403638205545096960.000000 -10.997900009 4.782860279 5.962866306 -0.346690208 -0.733330786 -0.278637290 0.514191866
1403638205595097088.000000 -11.051898956 4.763270855 5.975247383 -0.331603765 -0.738373995 -0.278223932 0.517140567
1403638205645096960.000000 -11.105809212 4.742203712 5.988715649 -0.318273038 -0.741248131 -0.279630333 0.520634770
1403638205695097088.000000 -11.160484314 4.719357967 6.004233360 -0.306834549 -0.743493319 -0.280866802 0.523625970
1403638205795097088.000000 -11.272307396 4.666333199 6.038248062 -0.289139003 -0.747860372 -0.277509183 0.529237330
1403638205895097088.000000 -11.386948586 4.600562096 6.075913429 -0.274046153 -0.754900873 -0.266521364 0.532906950
1403638205995097088.000000 -11.506505013 4.524025917 6.118157387 -0.259849519 -0.761604428 -0.248530209 0.539138019
1403638206095097088.000000 -11.627276421 4.436606884 6.166697979 -0.243272647 -0.768094361 -0.231876418 0.545053184
1403638206195097088.000000 -11.747991562 4.339811802 6.218083382 -0.225767940 -0.772740483 -0.216992736 0.552100658
1403638206295097088.000000 -11.868518829 4.235412598 6.265882969 -0.210288495 -0.775752246 -0.201617196 0.559765875
1403638206395097088.000000 -11.986881256 4.124601841 6.306873322 -0.203464180 -0.776503861 -0.182501629 0.567747533
1403638206495097088.000000 -12.100874901 4.009501934 6.342135429 -0.199375138 -0.775326312 -0.170248792 0.574573040
1403638206645096960.000000 -12.261112213 3.830322981 6.381206989 -0.195169896 -0.773512781 -0.161541343 0.580939949
1403638206745096960.000000 -12.360598564 3.706084728 6.398446083 -0.189354390 -0.775015652 -0.155026719 0.582634032
1403638206895097088.000000 -12.497427940 3.515767097 6.412437916 -0.180765584 -0.776650012 -0.146507576 0.585383773
1403638207045096960.000000 -12.620532036 3.321954250 6.413549423 -0.176601306 -0.773948014 -0.141218841 0.591501236
1403638207145096960.000000 -12.693095207 3.190740585 6.405269623 -0.174694702 -0.772677302 -0.140487894 0.593897939
1403638207245096960.000000 -12.757703781 3.056771278 6.388893127 -0.171560854 -0.772172272 -0.137406245 0.596184850
1403638207345096960.000000 -12.814245224 2.919769049 6.365408421 -0.163686275 -0.771790683 -0.131244481 0.600267410
1403638207495097088.000000 -12.882533073 2.707946301 6.328498840 -0.141496539 -0.773029745 -0.117332429 0.607154787
1403638207595097088.000000 -12.914286613 2.562796593 6.310889721 -0.126514614 -0.779381454 -0.104920447 0.604607522
1403638207695097088.000000 -12.934303284 2.416495800 6.298477173 -0.118375838 -0.788569450 -0.089942217 0.596704185
1403638207795097088.000000 -12.946332932 2.272010565 6.294935703 -0.113451794 -0.794498324 -0.078474626 0.591390729
1403638207945096960.000000 -12.954892159 2.062151909 6.305311203 -0.110988513 -0.803920090 -0.068125866 0.580304205
1403638208095097088.000000 -12.955554962 1.861734629 6.323136330 -0.109670050 -0.804224193 -0.068099573 0.580136597
1403638208195097088.000000 -12.951602936 1.732540250 6.328846931 -0.111230813 -0.799409330 -0.067542978 0.586524010
1403638208295097088.000000 -12.944098473 1.606917381 6.326751709 -0.112140909 -0.797506154 -0.070428126 0.588598609
1403638208445096960.000000 -12.926084518 1.423169136 6.310255051 -0.113686435 -0.802166104 -0.072176121 0.581717849
1403638208745096960.000000 -12.871475220 1.068991423 6.297243118 -0.093282908 -0.807635546 -0.053588245 0.579785764
1403638209045096960.000000 -12.796366692 0.745865405 6.308519840 -0.075048566 -0.807102084 -0.044084404 0.583961010
1403638209195097088.000000 -12.749749184 0.594576776 6.292433262 -0.072430231 -0.807759643 -0.041469883 0.583573997
1403638209345096960.000000 -12.698177338 0.450080007 6.261818886 -0.073354051 -0.808230579 -0.038867053 0.582985282
1403638209495097088.000000 -12.643983841 0.312594175 6.217816830 -0.074850067 -0.806554496 -0.037239645 0.585218489
1403638209645096960.000000 -12.587536812 0.183019236 6.146195412 -0.076799512 -0.804425895 -0.037464317 0.587875247
1403638209795097088.000000 -12.527276993 0.060814589 6.032943726 -0.076391600 -0.805130005 -0.041935381 0.586661220
1403638210095097088.000000 -12.391088486 -0.169634998 5.738406181 -0.074065983 -0.794763923 -0.050349835 0.600274563
1403638210245096960.000000 -12.305624962 -0.281594574 5.600868225 -0.075451016 -0.789942622 -0.049731381 0.606485486
1403638210395097088.000000 -12.199821472 -0.392569482 5.472511768 -0.076153338 -0.790722013 -0.050752148 0.605296195
1403638210695097088.000000 -11.943155289 -0.608995914 5.193676949 -0.080369130 -0.788194180 -0.049902096 0.608112276
1403638210845096960.000000 -11.789082527 -0.714918733 5.054631710 -0.081869498 -0.788969338 -0.050035231 0.606894791
1403638210945096960.000000 -11.678292274 -0.783789158 4.970208645 -0.083427221 -0.792847216 -0.048580687 0.601725101
1403638211095097088.000000 -11.500391006 -0.884262919 4.858015060 -0.085717142 -0.797583938 -0.045890015 0.595320702
1403638211245096960.000000 -11.318101883 -0.978800654 4.765215874 -0.087570421 -0.801000774 -0.043825384 0.590600133
1403638211395097088.000000 -11.134678841 -1.064420581 4.686036587 -0.093774088 -0.801073134 -0.048662059 0.589169145
1403638211545096960.000000 -10.944412231 -1.142604589 4.599084854 -0.111914307 -0.799780190 -0.059336808 0.586776018
1403638211695097088.000000 -10.747756958 -1.213192821 4.499832153 -0.141478181 -0.793719530 -0.073093846 0.587069511
1403638211845096960.000000 -10.545380592 -1.274397373 4.393227577 -0.180858314 -0.787680984 -0.089282513 0.582131922
1403638211995097088.000000 -10.337609291 -1.323123336 4.298418045 -0.218380317 -0.779237986 -0.110847175 0.576897919
1403638212145096960.000000 -10.123419762 -1.358398676 4.221039772 -0.250024378 -0.770304680 -0.136662945 0.570475101
1403638212295097088.000000 -9.901841164 -1.384142280 4.164691925 -0.279563278 -0.759818971 -0.164142489 0.563539505
1403638212445096960.000000 -9.673698425 -1.403833151 4.126080036 -0.308510959 -0.749330819 -0.189943895 0.554297447
1403638212595097088.000000 -9.438050270 -1.419321656 4.107058525 -0.339537054 -0.735595226 -0.211351365 0.546758592
1403638212745096960.000000 -9.194728851 -1.432843208 4.102586746 -0.370707631 -0.722816586 -0.232941315 0.534649909
1403638212895097088.000000 -8.944966316 -1.444157839 4.113320827 -0.403807402 -0.705249429 -0.254242331 0.524331748
1403638213045096960.000000 -8.689093590 -1.452501416 4.135115147 -0.437619120 -0.686365366 -0.277877361 0.510074914
1403638213195097088.000000 -8.428756714 -1.457485557 4.161283970 -0.476054043 -0.665591717 -0.294250399 0.493737817
1403638213295097088.000000 -8.252362251 -1.457855344 4.171057224 -0.505362988 -0.651869476 -0.298185855 0.480374634
1403638213395097088.000000 -8.073425293 -1.453758836 4.174358845 -0.534726620 -0.636548698 -0.300585151 0.467463195
1403638213545096960.000000 -7.795265675 -1.434490323 4.170437813 -0.571039557 -0.610038340 -0.310078681 0.453451484
1403638213645096960.000000 -7.601565361 -1.411476254 4.165926933 -0.575724125 -0.596714973 -0.335674196 0.446985304
1403638213745096960.000000 -7.403942108 -1.384208083 4.165791512 -0.572574556 -0.588005602 -0.361412078 0.442480594
1403638213895097088.000000 -7.105645657 -1.338993311 4.176456451 -0.569654107 -0.582616508 -0.382471204 0.435623705
1403638214045096960.000000 -6.808914661 -1.294659495 4.197891235 -0.571225524 -0.585203767 -0.384745121 0.428029478
1403638214195097088.000000 -6.516561508 -1.250055194 4.228774071 -0.575926363 -0.594948947 -0.375310689 0.416517079
1403638214295097088.000000 -6.325292587 -1.216249347 4.249075413 -0.577537894 -0.600586236 -0.369014174 0.411794484
1403638214395097088.000000 -6.136364937 -1.177229524 4.262997627 -0.577240229 -0.605479181 -0.364852130 0.408743948
1403638214545096960.000000 -5.856972694 -1.107453227 4.274388790 -0.569539368 -0.605489731 -0.369160444 0.415605158
1403638214945096960.000000 -5.138074398 -0.904032052 4.244839191 -0.548452258 -0.598357141 -0.385628611 0.438702077
1403638215095097088.000000 -4.878591537 -0.835536003 4.210894108 -0.546493709 -0.599235475 -0.386407971 0.439261258
1403638215245096960.000000 -4.624975204 -0.773694992 4.167382240 -0.547023952 -0.601583719 -0.385963768 0.435768187
1403638215345096960.000000 -4.459770203 -0.735045433 4.135811329 -0.546518445 -0.604233205 -0.387761414 0.431116015
1403638215745096960.000000 -3.851252794 -0.596143603 4.064032078 -0.545012176 -0.601719439 -0.392977893 0.431814551
1403638215895097088.000000 -3.642947435 -0.554191172 4.046102047 -0.551244974 -0.596024811 -0.394007444 0.430861473
1403638216345096960.000000 -3.062207222 -0.470380336 3.973035097 -0.558121383 -0.586288869 -0.405431807 0.424724698
1403638216495097088.000000 -2.887575626 -0.455863386 3.970959663 -0.558346331 -0.584449589 -0.408070236 0.424437046
1403638216645096960.000000 -2.722609520 -0.449023902 3.961660862 -0.558876753 -0.586320281 -0.409850329 0.419413954
1403638217095097088.000000 -2.287753105 -0.461342067 3.857494593 -0.578579426 -0.563606322 -0.424511701 0.409125388
1403638217495097088.000000 -2.002258301 -0.479316503 3.872589111 -0.613488674 -0.540231049 -0.433163404 0.379672974
1403638217645096960.000000 -1.899634004 -0.506341159 3.871124029 -0.612530470 -0.542818427 -0.439774871 0.369800806
1403638217795097088.000000 -1.809879422 -0.534101009 3.887219429 -0.608999550 -0.548238993 -0.445771575 0.360335082
1403638218095097088.000000 -1.685716271 -0.586471021 3.927090406 -0.601798117 -0.550529480 -0.452418387 0.360657752
1403638218245096960.000000 -1.650714517 -0.611547589 3.928986549 -0.598762572 -0.548491538 -0.454119563 0.366627783
1403638218395097088.000000 -1.633417368 -0.639543235 3.925944805 -0.597088695 -0.544372618 -0.453202277 0.376498729
1403638218895097088.000000 -1.668788195 -0.779162288 3.982464075 -0.617951334 -0.540062904 -0.439717531 0.364851594
1403638219395097088.000000 -1.750022054 -0.926976144 3.968201399 0.622110844 0.509563267 0.458088994 -0.378784865
