1403636586113555456.000000 11.086044312 -10.800125122 0.993998766 -0.645897865 -0.592130303 -0.341642559 0.339820564
1403636586263555584.000000 11.079398155 -10.809981346 1.001255512 -0.661829531 -0.594138384 -0.326363474 0.320106596
1403636588263555584.000000 11.414532661 -10.787046432 1.000911832 -0.701692760 -0.587541342 -0.291189760 0.278623581
1403636588763555584.000000 11.368121147 -10.797776222 1.004843950 -0.698337972 -0.588644564 -0.290413469 0.285450101
1403636589913555456.000000 10.867004395 -10.836872101 1.017677903 -0.662068367 -0.627274692 -0.267954528 0.310471207
1403636590013555456.000000 10.835214615 -10.839233398 1.013422847 -0.658865511 -0.631045222 -0.261499465 0.315113127
1403636590113555456.000000 10.812541008 -10.840719223 1.013234735 -0.653962910 -0.632150829 -0.262316078 0.322347790
1403636590213555456.000000 10.801522255 -10.841954231 1.014827490 -0.650359511 -0.632225215 -0.263729304 0.328284413
1403636590513555456.000000 10.844600677 -10.849724770 1.022162557 -0.653613031 -0.630035400 -0.272609979 0.318636477
1403636590713555456.000000 10.919027328 -10.853315353 1.027875781 -0.657715261 -0.623994946 -0.282762975 0.313187093
1403636590813555456.000000 10.962484360 -10.852984428 1.027089357 -0.662548006 -0.621582806 -0.280845940 0.309500575
1403636591013555456.000000 11.057174683 -10.848484039 1.021728158 -0.668861866 -0.619283259 -0.277247906 0.303719908
1403636591113555456.000000 11.103068352 -10.844483376 1.019487143 -0.668634176 -0.618583322 -0.276575327 0.306250215
1403636591713555456.000000 11.261848450 -10.814735413 0.985653162 -0.681412637 -0.589273393 -0.310990244 0.302851051
1403636592313555456.000000 11.322392464 -10.734914780 0.979359329 -0.710168302 -0.549975872 -0.333432853 0.286374032
1403636593513555456.000000 10.907348633 -10.730376244 0.977025688 -0.597400725 -0.670873940 -0.225831404 0.376882970
1403636593713555456.000000 10.919697762 -10.825522423 0.964972913 -0.624466658 -0.655684233 -0.225652784 0.359444618
1403636593913555456.000000 10.992534637 -10.903866768 0.956866920 -0.669768751 -0.612008989 -0.254230708 0.334995002
1403636594213555456.000000 11.155751228 -10.944509506 0.958941102 -0.725604773 -0.538214922 -0.311750710 0.294336498
1403636594313555456.000000 11.213936806 -10.926330566 0.957142949 -0.735180974 -0.526793420 -0.321173579 0.280793816
1403636594513555456.000000 11.321236610 -10.848919868 0.954575539 -0.733469129 -0.519468963 -0.344237566 0.271432370
1403636594613555456.000000 11.355895996 -10.799566269 0.953528702 -0.729953289 -0.516238391 -0.350952446 0.278385699
1403636594713555456.000000 11.366882324 -10.751189232 0.952528894 -0.726391554 -0.516389847 -0.352433115 0.285460711
1403636596213555456.000000 11.210995674 -10.932900429 0.910896003 -0.686600447 -0.585004568 -0.312699616 0.297604620
1403636596313555456.000000 11.191716194 -10.967516899 0.918354630 -0.690964222 -0.578018010 -0.314040810 0.299736768
1403636596413555456.000000 11.156106949 -11.005185127 0.931099117 -0.690231562 -0.575580716 -0.318337440 0.301576674
1403636596513555456.000000 11.116185188 -11.041954994 0.943767905 -0.684817314 -0.577883482 -0.323127300 0.304408669
1403636596613555456.000000 11.080655098 -11.070692062 0.953298211 -0.680662572 -0.581166685 -0.325672507 0.304764032
1403636596713555456.000000 11.054854393 -11.087205887 0.957784951 -0.680152059 -0.583553433 -0.323782563 0.303353786
1403636596963555584.000000 11.053190231 -11.043014526 0.953753591 -0.670164764 -0.588987589 -0.335038543 0.302856416
1403636597113555456.000000 11.078788757 -10.962948799 0.946594656 -0.673421979 -0.594586611 -0.325743645 0.294721484
1403636598413555456.000000 11.048087120 -10.839562416 0.905497909 -0.595108032 -0.685094655 -0.267653614 0.323810518
1403636598513555456.000000 11.060156822 -10.832466125 0.890383005 -0.594516456 -0.684085190 -0.272266299 0.323185414
1403636598613555456.000000 11.071655273 -10.807585716 0.877225518 -0.588116348 -0.682266355 -0.276883215 0.334615588
1403636598713555456.000000 11.081691742 -10.773662567 0.863159537 -0.578060567 -0.680130363 -0.281475842 0.352193087
1403636598913555456.000000 11.097683907 -10.708425522 0.821750104 -0.557994783 -0.667964935 -0.296499729 0.393131942
1403636599013555456.000000 11.104488373 -10.683190346 0.798007607 -0.551337242 -0.662489057 -0.306812018 0.403735042
1403636599113555456.000000 11.108528137 -10.664356232 0.779404044 -0.544349730 -0.655405521 -0.312351137 0.420194983
1403636600463555584.000000 11.123000145 -10.614718437 0.720794737 -0.528424919 -0.597818255 -0.365323722 0.479498684
1403636603313555456.000000 11.123097420 -10.614890099 0.720865905 -0.528693140 -0.597689688 -0.365367383 0.479330003
1403636605913555456.000000 11.123213768 -10.614844322 0.720867515 -0.528763771 -0.597688496 -0.365218520 0.479367018
1403636608413555456.000000 11.123125076 -10.614914894 0.720898032 -0.528810322 -0.597641349 -0.365291029 0.479319215
1403636611363555584.000000 11.122987747 -10.614757538 0.720769644 -0.528964877 -0.597681701 -0.364354461 0.479811013
1403636613913555456.000000 11.123806000 -10.614782333 0.720542252 -0.528645158 -0.597476482 -0.365338832 0.479670465
1403636616513555456.000000 11.123803139 -10.614835739 0.720512271 -0.528617322 -0.597379088 -0.365367055 0.479800761
1403636619463555584.000000 11.123777390 -10.614737511 0.720526874 -0.528756440 -0.597372532 -0.365030050 0.479912311
1403636622163555584.000000 11.123883247 -10.614700317 0.720568299 -0.528710067 -0.597450495 -0.365279794 0.479676247
1403636624713555456.000000 11.152653694 -10.632653236 0.720616043 -0.540881574 -0.606188059 -0.366230309 0.453716457
1403636624913555456.000000 11.181852341 -10.653748512 0.725799084 -0.534076631 -0.622135699 -0.374843448 0.432668269
1403636625013555456.000000 11.196549416 -10.667927742 0.740264595 -0.532906950 -0.632844806 -0.375217348 0.418006837
1403636625113555456.000000 11.206995964 -10.681203842 0.762448251 -0.535156488 -0.639529943 -0.370602876 0.408977538
1403636625213555456.000000 11.212357521 -10.690695763 0.790271223 -0.539014459 -0.636869967 -0.364457428 0.413558722
1403636625313555456.000000 11.214943886 -10.695131302 0.816877306 -0.539035022 -0.631124556 -0.363858014 0.422765315
1403636625713555456.000000 11.209663391 -10.679966927 0.820972204 -0.536499023 -0.633460104 -0.360637993 0.425249875
1403636626113555456.000000 11.179478645 -10.619718552 0.984796226 -0.530231833 -0.617580235 -0.365728587 0.451321900
1403636627063555584.000000 11.230156898 -10.589936256 1.045257330 -0.524460673 -0.630324364 -0.362758189 0.442762554
1403636627713555456.000000 11.296721458 -10.634428978 1.117379546 -0.539465129 -0.619369686 -0.365356416 0.438033521
1403636628013555456.000000 11.337974548 -10.644454956 1.091760993 -0.567120910 -0.614339292 -0.368944049 0.406006783
1403636629163555584.000000 11.555457115 -10.518274307 1.214521885 -0.588375986 -0.583278418 -0.391374499 0.400532275
1403636629813555456.000000 11.767043114 -10.400725365 1.172190070 -0.646029234 -0.524140358 -0.418750823 0.364102840
1403636629913555456.000000 11.810204506 -10.374897003 1.148343801 -0.658803523 -0.511926115 -0.425039977 0.351070672
1403636630013555456.000000 11.853641510 -10.347358704 1.130219102 -0.667152047 -0.501534879 -0.431634396 0.342144400
1403636631013555456.000000 12.281022072 -9.991960526 1.196134567 -0.663414896 -0.488002419 -0.452213317 0.342399627
1403636633013555456.000000 12.833999634 -9.171892166 1.025621653 -0.614183187 -0.548960388 -0.420073807 0.380735517
1403636634713555456.000000 13.248864174 -8.102547646 0.960470796 -0.586295247 -0.566735268 -0.415558040 0.402964681
1403636635013555456.000000 13.330525398 -7.896790504 0.962741137 -0.577979684 -0.583942294 -0.401565820 0.404593408
1403636635113555456.000000 13.354098320 -7.828486443 0.969596028 -0.575967371 -0.588512719 -0.398701340 0.403672606
1403636635413555456.000000 13.417786598 -7.622327328 0.960003138 -0.579625487 -0.591104805 -0.384851485 0.408067197
1403636635713555456.000000 13.483736992 -7.403690815 0.981638789 -0.582607210 -0.585857749 -0.382419556 0.413636267
1403636636013555456.000000 13.570964813 -7.170537472 1.056773424 -0.589628696 -0.578761041 -0.376327813 0.419226706
1403636636163555584.000000 13.626540184 -7.050578117 1.096064925 -0.586471677 -0.586380661 -0.381937385 0.407839000
1403636636313555456.000000 13.684656143 -6.927629948 1.147253036 -0.575599968 -0.584051907 -0.397592008 0.411690027
1403636636613555456.000000 13.794996262 -6.699520588 1.239112020 -0.558159590 -0.578949213 -0.421680599 0.418880910
1403636636763555584.000000 13.841257095 -6.605577946 1.258424878 -0.553243816 -0.584684134 -0.428500086 0.410430968
1403636636963555584.000000 13.880782127 -6.500906944 1.253965378 -0.554685056 -0.589018583 -0.424373806 0.406556785
1403636637413555456.000000 13.914318085 -6.301362991 1.202720165 -0.571523011 -0.591887414 -0.393884331 0.409738898
1403636637713555456.000000 13.923109055 -6.172238350 1.233339071 -0.572327673 -0.594651103 -0.388507485 0.409747690
1403636638113555456.000000 13.928796768 -5.976086617 1.315310955 -0.564588666 -0.590033829 -0.396035284 0.419828385
1403636638263555584.000000 13.929644585 -5.903955936 1.303521156 -0.563339353 -0.589392126 -0.397068590 0.421428829
1403636638563555584.000000 13.936813354 -5.770143032 1.242386580 -0.588630557 -0.596842349 -0.359065950 0.410323113
1403636638713555456.000000 13.951498032 -5.690950394 1.230412960 -0.582616508 -0.601149440 -0.367166758 0.405420780
1403636638863555584.000000 13.970743179 -5.599100113 1.242058873 -0.574829459 -0.597573757 -0.377974510 0.411839604
1403636639313555456.000000 14.052412033 -5.296996117 1.259128451 -0.582256019 -0.584819973 -0.365920067 0.430193067
1403636639463555584.000000 14.100438118 -5.188248634 1.223827839 -0.574453235 -0.593549490 -0.377276182 0.418766379
1403636640663555584.000000 14.416243553 -4.436885357 1.119757056 -0.535685480 -0.613029063 -0.382003814 0.437389612
1403636640813555456.000000 14.445971489 -4.365269184 1.104084730 -0.535833776 -0.615637898 -0.379040927 0.436119437
1403636641813555456.000000 14.610823631 -4.007303238 1.029867053 -0.539125323 -0.611278296 -0.380351633 0.437053174
1403636642013555456.000000 14.642492294 -3.957008839 1.055717349 -0.543536663 -0.605452836 -0.385143518 0.435498983
1403636642763555584.000000 14.752489090 -3.833798170 1.044293046 -0.581988037 -0.581936777 -0.396184266 0.407035172
1403636643813555456.000000 14.918205261 -3.637007713 1.081247926 -0.588572323 -0.592508554 -0.380781025 0.396890610
1403636644563555584.000000 15.077207565 -3.260196924 1.064352870 -0.586750209 -0.562148154 -0.383310080 0.439075321
1403636644713555456.000000 15.130450249 -3.175752163 1.015022993 -0.581411719 -0.564992905 -0.391922385 0.434902638
1403636644863555584.000000 15.193136215 -3.098239422 0.951691151 -0.573207378 -0.575828910 -0.405882120 0.418466449
1403636645313555456.000000 15.374518394 -2.885023355 0.823172331 -0.599656045 -0.596661270 -0.371688813 0.382433534
1403636645613555456.000000 15.488399506 -2.672893524 0.789001763 -0.591907144 -0.588631153 -0.386060148 0.392577380
1403636646213555456.000000 15.712759018 -2.134139538 0.815685749 -0.610852718 -0.548266172 -0.404951215 0.402837157
1403636646663555584.000000 15.939210892 -1.759881973 0.849844098 -0.651203156 -0.476524055 -0.464420706 0.364928484
1403636646813555456.000000 16.016513824 -1.659163594 0.880462110 -0.658074796 -0.469888896 -0.468907803 0.355341464
1403636647113555456.000000 16.161584854 -1.488047719 0.954213262 -0.665556610 -0.469721526 -0.466087580 0.345193535
1403636647563555584.000000 16.371519089 -1.268660069 0.984540880 -0.661096632 -0.467313051 -0.464219272 0.359263390
1403636647863555584.000000 16.522317886 -1.161150336 1.005290866 -0.663804352 -0.464093477 -0.467220753 0.354521930
1403636648013555456.000000 16.602062225 -1.122412920 1.005630970 -0.672478616 -0.452591538 -0.474068612 0.343791097
1403636648163555584.000000 16.683057785 -1.095364451 0.986902952 -0.688586593 -0.429316401 -0.484702051 0.326496512
1403636649663555584.000000 17.424745560 -1.084114552 1.087457776 -0.742821455 -0.327131599 -0.529124677 0.247443736
1403636650113555456.000000 17.595558167 -1.132338524 1.218198299 -0.747605681 -0.302392513 -0.544161558 0.231371850
1403636650413555456.000000 17.681329727 -1.205616951 1.210899472 -0.769074023 -0.253416419 -0.553728402 0.194139749
1403636650713555456.000000 17.742036819 -1.299052596 1.163083911 -0.793115199 -0.205121100 -0.552858949 0.152448624
1403636651163555584.000000 17.807874680 -1.431811929 1.164659381 -0.787081838 -0.187407210 -0.570053458 0.142897502
1403636651663555584.000000 17.832683563 -1.585281968 1.228181124 -0.785857558 -0.198883459 -0.565393150 0.152328402
1403636652063555584.000000 17.825429916 -1.743650556 1.200257540 -0.791593969 -0.148816586 -0.575437784 0.141788945
1403636653013555456.000000 17.777599335 -2.280366898 1.087597370 -0.832564294 -0.013772901 -0.553540707 0.015482422
1403636653163555584.000000 17.803878784 -2.356557369 1.086980581 -0.826136947 -0.018516799 -0.562934101 0.016128965
1403636653863555584.000000 17.915319443 -2.662782907 1.121899366 -0.806493878 -0.040126879 -0.589176416 0.028786797
1403636654163555584.000000 17.914564133 -2.776583910 1.098582506 -0.808895469 -0.032072335 -0.586079717 0.034206863
1403636654563555584.000000 17.873397827 -2.938152313 1.120794415 0.814401865 -0.016569803 0.579992771 0.009142919
1403636654863555584.000000 17.827640533 -3.049752474 1.157172441 0.819780052 -0.052920073 0.569395483 0.030805998
1403636655163555584.000000 17.785621643 -3.150427818 1.142946601 0.806453943 -0.063054912 0.586521924 0.040598039
1403636655763555584.000000 17.597167969 -3.338366985 1.088413954 0.811052024 -0.121262640 0.568791509 0.062978558
1403636655863555584.000000 17.556022644 -3.372334003 1.063187718 0.811539590 -0.136729419 0.563731909 0.070106402
1403636655963555584.000000 17.515298843 -3.408976555 1.031210303 0.809216917 -0.155153215 0.560995519 0.079872303
1403636656063555584.000000 17.475120544 -3.448043108 1.004670739 0.805716276 -0.169705480 0.560425043 0.089134760
1403636656563555584.000000 17.290613174 -3.673882484 1.018458843 0.806352735 -0.184587151 0.550534785 0.112402804
1403636656763555584.000000 17.234355927 -3.774695396 1.047606587 0.794765770 -0.177877247 0.568974376 0.113908723
1403636657163555584.000000 17.100227356 -3.965898275 1.026873350 0.785337806 -0.170638204 0.585183442 0.108108819
1403636657263555584.000000 17.054691315 -4.009097576 1.016022205 0.787218571 -0.172478840 0.582940698 0.103528880
1403636657463555584.000000 16.951694489 -4.096002579 1.005240917 0.796511412 -0.178166151 0.569722116 0.096141808
1403636657863555584.000000 16.735425949 -4.299158096 0.946920633 0.800495148 -0.189414144 0.561258256 0.091208935
1403636657963555584.000000 16.682071686 -4.358557224 0.928753376 0.802032948 -0.195911705 0.557490766 0.086982533
1403636658063555584.000000 16.629508972 -4.424565315 0.919242144 0.803611279 -0.196156144 0.554528058 0.090720825
1403636658363555584.000000 16.472333908 -4.643698215 0.912975848 0.806277573 -0.185228750 0.549780309 0.115535662
1403636658563555584.000000 16.380466461 -4.792467117 0.892984748 0.808493495 -0.179120168 0.545949936 0.127251387
1403636658663555584.000000 16.340085983 -4.864609241 0.879445612 0.808730483 -0.176167160 0.545408845 0.132096604
1403636658763555584.000000 16.303653717 -4.933460236 0.863380194 0.807278454 -0.173408374 0.547359765 0.136485443
1403636658963555584.000000 16.242496490 -5.057898998 0.824135303 0.799307406 -0.172609031 0.558570385 0.138970926
1403636659163555584.000000 16.187543869 -5.163194656 0.770846009 0.791507304 -0.176936522 0.569662452 0.133020341
1403636659263555584.000000 16.158071518 -5.209379673 0.740913510 0.790434003 -0.177518249 0.571239471 0.131859019
1403636659363555584.000000 16.127262115 -5.251594067 0.715194523 0.793842733 -0.178119779 0.566561520 0.130747885
1403636659563555584.000000 16.067966461 -5.328940868 0.683038771 0.800866604 -0.178841025 0.556538939 0.129973441
1403636659763555584.000000 16.013893127 -5.396858215 0.651700437 0.796685040 -0.178807065 0.561509788 0.134267762
1403636659863555584.000000 15.988224030 -5.425419807 0.627391875 0.795964360 -0.180186391 0.561922789 0.134968311
1403636659963555584.000000 15.962192535 -5.450518608 0.596895278 0.799071848 -0.181832701 0.556835175 0.135483116
1403636660263555584.000000 15.895624161 -5.512248516 0.485962778 0.810023844 -0.186553791 0.539484501 0.134222329
1403636660663555584.000000 15.886750221 -5.582246304 0.374453396 0.811314344 -0.183441550 0.537604153 0.138202623
1403636660863555584.000000 15.918907166 -5.608354092 0.308557302 0.798879921 -0.170190066 0.555806994 0.154612005
1403636661063555584.000000 15.957055092 -5.610560417 0.222444504 0.794325054 -0.172612220 0.562710524 0.150365412
1403636661263555584.000000 15.995449066 -5.589668751 0.129111707 0.791370153 -0.178894848 0.567192554 0.141501516
1403636661463555584.000000 16.024673462 -5.551437378 0.060958520 0.790338933 -0.180074036 0.568786561 0.139354497
1403636661563555584.000000 16.036523819 -5.527193546 0.038005896 0.791510403 -0.181514636 0.567396462 0.136473179
1403636661963555584.000000 16.062349319 -5.413852692 0.022078803 0.786842108 -0.189826801 0.574928343 0.119593985
1403636662363555584.000000 16.029308319 -5.299313545 0.066840090 0.793608665 -0.178646728 0.565119445 0.137515739
1403636662863555584.000000 15.978410721 -5.131340981 0.016870227 0.797810376 -0.205494031 0.556425035 0.107991107
1403636663263555584.000000 15.950988770 -5.065202236 -0.051596940 0.809121847 -0.207526639 0.538742006 0.109597340
1403636663463555584.000000 15.950860977 -5.067167282 -0.090689443 0.819223523 -0.190763980 0.524115622 0.133359656
1403636663763555584.000000 16.008159637 -5.076011181 -0.178781018 0.825450420 -0.180139527 0.514585793 0.146228909
1403636664063555584.000000 16.156396866 -5.062758923 -0.223666430 0.811987936 -0.156186625 0.536622167 0.168279305
1403636664163555584.000000 16.221729279 -5.042476654 -0.225873426 0.807195842 -0.157762393 0.545404851 0.161491305
1403636664463555584.000000 16.430431366 -4.939798355 -0.261120945 0.797063172 -0.160786524 0.565104663 0.139623269
1403636664563555584.000000 16.497941971 -4.896092415 -0.293459266 0.795490563 -0.159654841 0.569019556 0.133872211
1403636664663555584.000000 16.562829971 -4.847713947 -0.322864443 0.793907583 -0.161510915 0.573027253 0.123551182
1403636664763555584.000000 16.624420166 -4.797270298 -0.345263630 0.796332598 -0.159695148 0.570995867 0.119648330
1403636664963555584.000000 16.740077972 -4.689940929 -0.367647052 0.801149547 -0.153402910 0.566496909 0.117082417
1403636665263555584.000000 16.904161453 -4.517555714 -0.351009607 0.808433235 -0.159090757 0.557786882 0.099998794
1403636666613555456.000000 17.552747726 -3.770787716 -0.242931709 0.799485743 -0.165260255 0.568792105 0.099935889
1403636666763555584.000000 17.592027664 -3.695977449 -0.225880668 0.808398664 -0.158101842 0.557111740 0.105460733
1403636667213555456.000000 17.731739044 -3.507678986 -0.201960877 0.805552244 -0.158483714 0.562533677 0.097593419
1403636667813555456.000000 17.927957535 -3.299782515 -0.250048727 0.812082767 -0.159166157 0.553803742 0.092136979
1403636668263555584.000000 18.087043762 -3.171721458 -0.271788031 0.812730074 -0.157859907 0.550505221 0.107209936
1403636668713555456.000000 18.286073685 -3.054204702 -0.369288266 0.809417605 -0.160714418 0.551418662 0.122276291
1403636669163555584.000000 18.517587662 -2.876888037 -0.417925656 0.795926452 -0.160402477 0.569572151 0.127905235
1403636669313555456.000000 18.586696625 -2.796601772 -0.425968677 0.794411421 -0.161969423 0.571298599 0.127649590
1403636669463555584.000000 18.650215149 -2.710114241 -0.446621001 0.792219579 -0.163187653 0.574221194 0.126601279
1403636669913555456.000000 18.787439346 -2.406023502 -0.500251830 0.777098179 -0.179316178 0.595966041 0.093748361
1403636670063555584.000000 18.796995163 -2.303795099 -0.494731784 0.782326460 -0.192082092 0.587979376 0.073144838
1403636670363555584.000000 18.758075714 -2.158359051 -0.460748732 0.772831321 -0.197188571 0.602233827 0.034101676
1403636670513555456.000000 18.703536987 -2.125002146 -0.454386145 0.776941180 -0.188419461 0.600572109 0.013179193
1403636670913555456.000000 18.443481445 -2.225462437 -0.381984830 0.786666572 -0.120114006 0.603188336 -0.053779025
1403636672463555584.000000 17.181669235 -4.110665321 0.149144977 -0.835591912 -0.137712196 -0.531630754 0.013792296
1403636673063555584.000000 17.156887054 -4.358662128 0.078262553 -0.816893876 -0.138768390 -0.554876566 0.074430294
1403636673213555456.000000 17.157854080 -4.385768890 0.067741789 -0.823057413 -0.159254059 -0.538843155 0.082840957
1403636674013555456.000000 17.345956802 -4.257233620 0.079071701 -0.804111838 -0.183752447 -0.556423962 0.100157812
1403636676513555456.000000 18.368820190 -2.796562910 -0.387227565 -0.726847529 -0.394361317 -0.511480331 0.233580306
1403636676963555584.000000 18.494165421 -2.407788992 -0.393792212 -0.712338567 -0.411718756 -0.483356088 0.299045861
1403636678963555584.000000 18.727260590 -1.248163819 -0.398456752 -0.507302046 -0.644578934 -0.390601635 0.417843461
1403636679413555456.000000 18.652471542 -1.120346665 -0.430723071 -0.448759317 -0.673577189 -0.321520299 0.491460621
1403636679913555456.000000 18.580669403 -1.056597948 -0.342092663 -0.393563569 -0.704318523 -0.292266488 0.513442814
1403636680363555584.000000 18.528163910 -1.091522932 -0.179007933 -0.373597860 -0.712112725 -0.326502293 0.496705621
1403636680513555456.000000 18.492681503 -1.138171077 -0.149048790 -0.374540031 -0.717865884 -0.331926554 0.483955801
1403636680963555584.000000 18.292161942 -1.364051700 -0.126520917 -0.419934541 -0.706534922 -0.282240987 0.494776189
1403636681263555584.000000 18.137294769 -1.511000037 -0.156615332 -0.416894764 -0.714180708 -0.286877185 0.483576477
1403636681863555584.000000 17.803579330 -1.768448830 -0.153925017 -0.400843114 -0.705908060 -0.297789037 0.502334893
1403636682013555456.000000 17.716806412 -1.841861606 -0.147087738 -0.400345922 -0.705364823 -0.294672310 0.505323589
1403636682813555456.000000 17.274869919 -2.265543461 -0.094468601 -0.406054109 -0.700037122 -0.294813037 0.508087993
1403636683263555584.000000 17.032382965 -2.529573679 -0.060453396 -0.405249953 -0.701679587 -0.298295736 0.504418373
1403636683413555456.000000 16.950870514 -2.629476547 -0.069241233 -0.405846953 -0.702128112 -0.293494701 0.506127596
1403636683713555456.000000 16.792324066 -2.833630800 -0.111052878 -0.406713665 -0.706298590 -0.286065221 0.503877997
1403636683863555584.000000 16.716537476 -2.936648846 -0.127909735 -0.409733474 -0.709810376 -0.278541028 0.500702143
1403636685413555456.000000 16.126619339 -3.937448978 -0.075013593 -0.397019267 -0.713388622 -0.291307092 0.498590589
1403636685563555584.000000 16.081689835 -4.043838978 -0.068457767 -0.401919305 -0.711160898 -0.288474798 0.499493152
1403636686163555584.000000 15.877283096 -4.476867199 -0.132892594 -0.407364190 -0.708825231 -0.282461822 0.501833260
1403636688413555456.000000 15.276257515 -5.673728943 -0.313883901 -0.400877088 -0.708564460 -0.279154956 0.509221554
1403636689463555584.000000 14.988824844 -6.191021442 -0.455314308 -0.378503531 -0.731661260 -0.251361638 0.508157790
1403636689613555456.000000 14.936634064 -6.247812271 -0.416945100 -0.379144698 -0.734428167 -0.246097177 0.506261528
1403636689763555584.000000 14.884934425 -6.297312260 -0.379460543 -0.388613492 -0.736120760 -0.232602209 0.502993107
1403636690063555584.000000 14.784498215 -6.345563412 -0.330157936 -0.399018884 -0.726861656 -0.224477842 0.511923730
1403636690213555456.000000 14.743410110 -6.342755318 -0.316135377 -0.393147200 -0.732989907 -0.236406744 0.502267897
1403636690363555584.000000 14.702016830 -6.323944569 -0.290394723 -0.390110582 -0.734094799 -0.243043184 0.499848604
1403636690513555456.000000 14.658244133 -6.293177605 -0.260034859 -0.391687304 -0.730795145 -0.241719186 0.504074872
1403636690813555456.000000 14.577467918 -6.198862553 -0.243497148 -0.409202486 -0.709828436 -0.216265395 0.530967295
1403636690963555584.000000 14.557647705 -6.133978367 -0.271229535 -0.409282744 -0.694269300 -0.215054855 0.551569700
1403636691113555456.000000 14.567668915 -6.057684898 -0.287833691 -0.401555151 -0.680974483 -0.223150939 0.570290148
1403636691263555584.000000 14.616865158 -5.982644081 -0.284526139 -0.382256448 -0.682345033 -0.248724148 0.571333230
1403636691413555456.000000 14.698278427 -5.922770977 -0.269092739 -0.370342076 -0.696313024 -0.262259156 0.556071222
1403636691713555456.000000 14.896466255 -5.829318523 -0.186037973 -0.367550671 -0.722790658 -0.256437123 0.526042104
1403636691863555584.000000 14.999976158 -5.788527489 -0.143299922 -0.364807397 -0.726637065 -0.258345187 0.521700978
1403636692013555456.000000 15.101907730 -5.752468109 -0.113326684 -0.366111904 -0.719524026 -0.256227940 0.531596363
1403636692163555584.000000 15.205161095 -5.719483376 -0.084768400 -0.364386052 -0.721085370 -0.260149628 0.528754175
1403636692313555456.000000 15.308012962 -5.691534042 -0.042288221 -0.364720136 -0.723928988 -0.261409163 0.523995578
1403636692463555584.000000 15.411017418 -5.671607494 0.016866064 -0.366744578 -0.725228250 -0.260674208 0.521144390
1403636693113555456.000000 15.780084610 -5.631588459 0.312399685 -0.363265693 -0.737807393 -0.273511469 0.498868495
1403636693263555584.000000 15.830451012 -5.633044243 0.354062498 -0.368200004 -0.737305760 -0.264624238 0.500782371
1403636693563555584.000000 15.901990891 -5.628171444 0.402498335 -0.383324623 -0.747398674 -0.238953054 0.487194985
1403636693763555584.000000 15.928159714 -5.599432945 0.423026741 -0.382547170 -0.748082399 -0.237720460 0.487359762
1403636694713555456.000000 15.945815086 -5.343734741 0.478480816 -0.369136095 -0.730936646 -0.254073083 0.514700949
1403636695063555584.000000 15.952144623 -5.260132313 0.439991146 -0.381181538 -0.723112047 -0.242997631 0.522266030
1403636695313555456.000000 15.971786499 -5.192709923 0.432519495 -0.376982778 -0.724751532 -0.256287038 0.516658723
1403636695713555456.000000 16.006490707 -5.093040466 0.466561854 -0.372596502 -0.724296391 -0.270692706 0.513120055
1403636695863555584.000000 16.014413834 -5.062960625 0.462747186 -0.376318306 -0.723018885 -0.267557204 0.513849556
1403636696613555456.000000 16.015047073 -4.953556061 0.369853735 -0.379103601 -0.713125706 -0.273125827 0.522622764
1403636698213555456.000000 15.775437355 -5.267492771 0.473133057 -0.454484433 -0.680708945 -0.320696861 0.476689398
1403636700013555456.000000 15.248561859 -5.674113274 0.279195368 -0.709788918 -0.412636697 -0.476481080 0.314478189
1403636700313555456.000000 15.252805710 -5.717498302 0.217449874 -0.714271009 -0.405204445 -0.477903366 0.311824679
1403636700713555456.000000 15.310710907 -5.792798042 0.068417758 -0.723463833 -0.375626385 -0.501795888 0.289319724
1403636700963555584.000000 15.357678413 -5.850940704 -0.011002515 -0.733286858 -0.366388828 -0.503882825 0.272308350
1403636702513555456.000000 15.776052475 -6.049723625 -0.138851434 -0.771142662 -0.295204967 -0.524440348 0.207738891
1403636703313555456.000000 16.045173645 -6.008213997 -0.424768001 -0.770822763 -0.274967819 -0.527566671 0.227812305
1403636704163555584.000000 16.388042450 -5.958292484 -0.465132862 -0.766441941 -0.290557921 -0.528045952 0.222059116
1403636704563555584.000000 16.553123474 -5.940183163 -0.509845376 -0.773148239 -0.304484814 -0.516029835 0.207952216
1403636704963555584.000000 16.744802475 -5.868812561 -0.541553020 -0.783174038 -0.314878434 -0.497937590 0.198866889
1403636705163555584.000000 16.860847473 -5.796741009 -0.580454886 -0.775761843 -0.316235363 -0.507749021 0.200946659
1403636705563555584.000000 17.107069016 -5.590923309 -0.621053100 -0.768522561 -0.315181583 -0.517987072 0.204262450
1403636705763555584.000000 17.227283478 -5.467935085 -0.655075610 -0.768411577 -0.312769085 -0.518917978 0.206017897
1403636705963555584.000000 17.350194931 -5.333524704 -0.685536027 -0.763316572 -0.302009523 -0.525851727 0.222751170
1403636706163555584.000000 17.474723816 -5.205082893 -0.690809548 -0.761122525 -0.292159021 -0.526592135 0.240907326
1403636706363555584.000000 17.602516174 -5.093885422 -0.713885307 -0.756726682 -0.309199363 -0.531543136 0.221861303
1403636706563555584.000000 17.723285675 -4.987766266 -0.751214027 -0.757900178 -0.318584532 -0.528998673 0.210360333
1403636706963555584.000000 17.950492859 -4.748668671 -0.755113125 -0.766417265 -0.317416817 -0.519875109 0.203914195
1403636707213555456.000000 18.088155746 -4.575618267 -0.734611690 -0.764399469 -0.310385853 -0.527591527 0.202487588
1403636707413555456.000000 18.193191528 -4.427310944 -0.703026593 -0.767312407 -0.307667434 -0.526924610 0.197288811
1403636707613555456.000000 18.293104172 -4.266191959 -0.643230557 -0.770564258 -0.304241925 -0.523675442 0.198574290
1403636707813555456.000000 18.393751144 -4.096971989 -0.606622398 -0.775605261 -0.295791954 -0.516076505 0.211207882
1403636708213555456.000000 18.621032715 -3.754119158 -0.646990776 -0.764406323 -0.303330243 -0.526256442 0.216166064
1403636708613555456.000000 18.857564926 -3.441924095 -0.723602474 -0.761782348 -0.287996501 -0.527701676 0.241405413
1403636708813555456.000000 18.986957550 -3.315154552 -0.747939467 -0.753616810 -0.302531987 -0.541876435 0.216578245
1403636709413555456.000000 19.258152008 -2.969079018 -0.778199434 -0.759184539 -0.299405366 -0.544173598 0.194602758
1403636709813555456.000000 19.345096588 -2.721082687 -0.815859139 -0.761316657 -0.304015875 -0.539095044 0.193256125
1403636710213555456.000000 19.375392914 -2.439276934 -0.831255138 -0.756408453 -0.309104532 -0.540853262 0.199445307
1403636710613555456.000000 19.357074738 -2.143823624 -0.919760764 -0.753916144 -0.311302960 -0.521584272 0.250301629
1403636710813555456.000000 19.350269318 -2.013815641 -0.980025351 -0.739075243 -0.339885145 -0.518230736 0.263975054
1403636711213555456.000000 19.333089828 -1.788596988 -1.029463410 -0.708119452 -0.400070935 -0.515589237 0.269588262
1403636711613555456.000000 19.256546021 -1.593602538 -1.017256498 -0.692944586 -0.390046954 -0.533026576 0.289091676
1403636712013555456.000000 19.095512390 -1.467142940 -0.977259874 -0.711986542 -0.379435748 -0.513697326 0.291922450
1403636712213555456.000000 19.001655579 -1.431392431 -0.934297442 -0.713943303 -0.377882332 -0.509073973 0.297209889
1403636712863555584.000000 18.653308868 -1.416120291 -0.728505433 -0.673466742 -0.429736555 -0.506816030 0.323892862
1403636713313555456.000000 18.351455688 -1.525941253 -0.629968941 -0.679202914 -0.436285675 -0.494028091 0.322915673
1403636713513555456.000000 18.213768005 -1.595620632 -0.546018481 -0.684001565 -0.433966875 -0.488416404 0.324444145
1403636714113555456.000000 17.849517822 -1.859525681 -0.378314823 -0.695532084 -0.426425815 -0.483477890 0.317246377
1403636714713555456.000000 17.581758499 -2.165900707 -0.365033329 -0.697145104 -0.447906941 -0.459357351 0.319935888
1403636715413555456.000000 17.382736206 -2.400790215 -0.230966121 -0.632492602 -0.531266809 -0.425870359 0.369246751
1403636715763555584.000000 17.317375183 -2.464213848 -0.227164298 -0.625399351 -0.516337872 -0.436200917 0.389871448
1403636717013555456.000000 17.188619614 -2.952172041 -0.209925562 -0.601934910 -0.549851060 -0.421020180 0.397593111
1403636717513555456.000000 17.134487152 -3.187802792 -0.176696330 -0.551740885 -0.601045132 -0.409833014 0.407877147
1403636717763555584.000000 17.082061768 -3.308630466 -0.191472158 -0.552255034 -0.599822760 -0.405411631 0.413362354
1403636718013555456.000000 16.999811172 -3.432774305 -0.208770320 -0.534457803 -0.616688251 -0.398135185 0.418973476
1403636718263555584.000000 16.883682251 -3.560281515 -0.199032873 -0.513437212 -0.635430872 -0.368045390 0.444018573
1403636718913555456.000000 16.570934296 -3.876255751 -0.319907635 -0.471499294 -0.668904603 -0.318227977 0.478524834
1403636719113555456.000000 16.494840622 -3.959646940 -0.345884889 -0.460472256 -0.672397971 -0.326889277 0.478528827
1403636719363555584.000000 16.400432587 -4.064818382 -0.351813972 -0.458314449 -0.663023174 -0.331964433 0.490048915
1403636720063555584.000000 16.199775696 -4.414583206 -0.400055736 -0.480164140 -0.661222219 -0.325415403 0.475744128
1403636720363555584.000000 16.139001846 -4.550340176 -0.432066470 -0.481478095 -0.661153018 -0.324410081 0.475198597
1403636720613555456.000000 16.099693298 -4.651816368 -0.467353553 -0.480615109 -0.662872970 -0.321060240 0.475950599
1403636721013555456.000000 16.067214966 -4.789085388 -0.465117484 -0.498555988 -0.647587836 -0.334983677 0.468890131
1403636722363555584.000000 16.111854553 -5.221891403 -0.503767252 -0.548765361 -0.602278471 -0.385247856 0.433245242
1403636724213555456.000000 15.989956856 -5.931651115 -0.489027053 -0.613281667 -0.551579714 -0.413603753 0.385457247
1403636724463555584.000000 15.970992088 -6.009150028 -0.513913155 -0.633600950 -0.520638764 -0.437968791 0.368332058
1403636727213555456.000000 15.793476105 -6.601860046 -0.002971001 -0.626133084 -0.518334091 -0.448703974 0.371418625
1403636728063555584.000000 15.718861580 -6.837375641 0.256824911 -0.623030961 -0.524517536 -0.452462614 0.363306075
1403636728313555456.000000 15.655714035 -6.909790516 0.314013213 -0.625645101 -0.517875731 -0.449786246 0.371571511
1403636729163555584.000000 15.431019783 -7.203889370 0.382967532 -0.588510811 -0.555749297 -0.430076689 0.399789780
1403636729763555584.000000 15.249854088 -7.476026535 0.410472274 -0.587868631 -0.561589122 -0.419551283 0.403738707
1403636730063555584.000000 15.153631210 -7.625964642 0.432850182 -0.593936682 -0.564310849 -0.412436634 0.398357421
1403636730363555584.000000 15.055442810 -7.769183159 0.416272879 -0.594696760 -0.564882815 -0.409337133 0.399607748
1403636730963555584.000000 14.874156952 -7.964583874 0.467753261 -0.606656492 -0.568967938 -0.390195161 0.394957066
1403636731613555456.000000 14.775194168 -8.042769432 0.493764848 -0.599680424 -0.554119766 -0.405200303 0.411275387
1403636732113555456.000000 14.774219513 -8.107281685 0.395292968 -0.594060242 -0.557815254 -0.411132753 0.408539563
1403636732613555456.000000 14.788779259 -8.199176788 0.321178794 -0.570353627 -0.568168461 -0.441078424 0.396649987
1403636733913555456.000000 14.489668846 -8.772878647 0.496442378 -0.586861789 -0.573168218 -0.408686101 0.400059044
1403636734963555584.000000 14.133930206 -9.263175964 0.603215158 -0.586965144 -0.577710748 -0.399773985 0.402371764
1403636737413555456.000000 13.475326538 -9.755519867 0.816040158 -0.549402773 -0.606334925 -0.380026042 0.431387156
1403636737663555584.000000 13.391298294 -9.800150871 0.823734283 -0.552977026 -0.608786345 -0.369798213 0.432255685
1403636737963555584.000000 13.310409546 -9.842418671 0.881752193 -0.559107721 -0.604831874 -0.361791193 0.436674029
1403636740163555584.000000 13.488614082 -9.865756035 0.797810316 -0.707040250 -0.413047880 -0.491878271 0.295874029
1403636740463555584.000000 13.540918350 -9.864433289 0.703237653 -0.702673733 -0.416325212 -0.491383642 0.302431911
1403636740763555584.000000 13.583640099 -9.867960930 0.615743518 -0.702978730 -0.419318795 -0.484833747 0.308105260
1403636741363555584.000000 13.656318665 -9.912277222 0.394531161 -0.706119120 -0.406063884 -0.496529549 0.299943864
1403636741863555584.000000 13.691691399 -9.961664200 0.236196280 -0.717430234 -0.406355619 -0.487824321 0.286699235
1403636743113555456.000000 13.814313889 -9.882905006 -0.018440206 -0.712930977 -0.413029313 -0.481213868 0.299281567
1403636743363555584.000000 13.848706245 -9.858483315 -0.096159369 -0.735011816 -0.412959516 -0.459255695 0.279832661
1403636743613555456.000000 13.911326408 -9.796410561 -0.136120945 -0.727359831 -0.406552970 -0.474277496 0.284118414
1403636745863555584.000000 14.499256134 -9.321743965 -1.129040480 -0.719523549 -0.373541296 -0.518368244 0.272116154
1403636746763555584.000000 14.423671722 -9.253726959 -0.989363849 -0.748455822 -0.363584876 -0.489019245 0.261687130
1403636747013555456.000000 14.374003410 -9.225980759 -0.998460054 -0.747918189 -0.361616284 -0.484171003 0.274646223
1403636747263555584.000000 14.360396385 -9.184451103 -0.959639430 -0.730994046 -0.369589150 -0.508771539 0.264958769
1403636747763555584.000000 14.325285912 -9.067544937 -0.834314108 -0.735759616 -0.363622457 -0.510744631 0.256079137
1403636748513555456.000000 14.285417557 -8.872103691 -0.622947633 -0.737625360 -0.355464309 -0.516029954 0.251529366
1403636749213555456.000000 14.313261032 -8.733790398 -0.473516971 -0.747759283 -0.324069470 -0.510659695 0.273973912
1403636749463555584.000000 14.352151871 -8.722172737 -0.409760177 -0.741255641 -0.335839272 -0.523636580 0.252104938
1403636750063555584.000000 14.394680977 -8.711815834 -0.288858324 -0.724725783 -0.342139304 -0.538385212 0.260489196
1403636750563555584.000000 14.333128929 -8.758920670 -0.186918572 -0.729051769 -0.358234167 -0.520406783 0.263303518
1403636750813555456.000000 14.291516304 -8.787843704 -0.061062336 -0.727811694 -0.365866572 -0.516874611 0.263196498
1403636751063555584.000000 14.241500854 -8.819473267 0.089999415 -0.728406429 -0.371342003 -0.514943898 0.257608205
1403636751563555584.000000 14.129209518 -8.845517159 0.321907759 -0.738370597 -0.356273979 -0.503002226 0.273617297
1403636752063555584.000000 14.090695381 -8.863783836 0.503943741 -0.737794936 -0.383146614 -0.487269878 0.267255515
1403636752513555456.000000 14.114254951 -8.845732689 0.672208607 -0.701585233 -0.412023604 -0.496320069 0.302788913
1403636752863555584.000000 14.124516487 -8.837855339 0.787188113 -0.668282568 -0.472371280 -0.467568994 0.334130406
1403636753263555584.000000 14.111508369 -8.831426620 0.815291822 -0.608776212 -0.548316896 -0.439707518 0.367964000
1403636754163555584.000000 13.927881241 -8.841126442 0.815202713 -0.574653983 -0.568733692 -0.421042949 0.411141992
1403636754663555584.000000 13.762660027 -8.925306320 0.890976012 -0.561977267 -0.582909405 -0.417468309 0.412454188
1403636755063555584.000000 13.583354950 -9.041903496 0.891156077 -0.531519115 -0.611901641 -0.392859608 0.434425086
1403636755563555584.000000 13.331868172 -9.242333412 0.933900058 -0.535620332 -0.627660453 -0.374377549 0.423077613
1403636756063555584.000000 13.046101570 -9.415081024 0.950430512 -0.535028696 -0.615872622 -0.380986989 0.435079515
1403636756463555584.000000 12.806513786 -9.547394753 0.995683074 -0.530922174 -0.615680218 -0.383859515 0.437848657
1403636757213555456.000000 12.354956627 -9.871346474 1.044688582 -0.527999938 -0.616118133 -0.379515499 0.444502592
1403636757463555584.000000 12.213064194 -10.007746696 1.036475778 -0.526519477 -0.622139871 -0.379798621 0.437575430
1403636757713555456.000000 12.062616348 -10.148426056 1.037986636 -0.524554253 -0.642491996 -0.360616565 0.426617682
1403636757963555584.000000 11.897588730 -10.259679794 1.093670726 -0.521081865 -0.651213527 -0.345208287 0.430378884
1403636758363555584.000000 11.629127502 -10.387619972 1.178830743 -0.507456481 -0.636670709 -0.355109006 0.459386379
1403636758613555456.000000 11.473125458 -10.468297005 1.169237852 -0.535612404 -0.646146834 -0.313966274 0.443890542
1403636758863555584.000000 11.343204498 -10.500924110 1.158776760 -0.522714794 -0.635464609 -0.336452037 0.457989126
1403636759113555456.000000 11.237999916 -10.517551422 1.130234241 -0.516421735 -0.628835380 -0.345845878 0.467188716
1403636759363555584.000000 11.162782669 -10.535956383 1.080846906 -0.526140988 -0.617952883 -0.329088628 0.482711762
1403636759813555456.000000 11.134531021 -10.579612732 0.985339105 -0.504045486 -0.635849595 -0.357075125 0.462742746
1403636760213555456.000000 11.127557755 -10.635522842 0.950695038 -0.515043676 -0.645229101 -0.342860550 0.448169768
1403636760613555456.000000 11.126708031 -10.676826477 0.892140269 -0.507721305 -0.642933786 -0.353110522 0.451849699
1403636761013555456.000000 11.112446785 -10.725509644 0.837213933 -0.503041923 -0.648186922 -0.356481254 0.446904600
1403636761213555456.000000 11.090959549 -10.747913361 0.808260798 -0.514157534 -0.657842577 -0.339018434 0.433534026
1403636761413555456.000000 11.061196327 -10.752143860 0.792101145 -0.513086736 -0.655693650 -0.340394109 0.436966598
1403636761613555456.000000 11.026385307 -10.741582870 0.792526960 -0.504734337 -0.643130660 -0.354363233 0.453930587
1403636761813555456.000000 10.992861748 -10.733367920 0.798081100 -0.513833761 -0.631716728 -0.343154460 0.468138754
1403636762013555456.000000 10.975312233 -10.728054047 0.810776353 -0.509823322 -0.635839522 -0.350559145 0.461407185
1403636762213555456.000000 10.963926315 -10.726747513 0.828481555 -0.497331202 -0.650170207 -0.370452374 0.438982308
1403636762463555584.000000 10.925292015 -10.725791931 0.823930264 -0.517570376 -0.653896153 -0.343247414 0.432113379
1403636762663555584.000000 10.885582924 -10.709015846 0.788215637 -0.531071186 -0.624437213 -0.323640525 0.472544551
1403636762863555584.000000 10.873523712 -10.690071106 0.740088105 -0.509101212 -0.611891150 -0.353045851 0.491694838
1403636763063555584.000000 10.903296471 -10.718164444 0.726272583 -0.535880566 -0.611806929 -0.355936974 0.460253417
1403636763263555584.000000 10.913645744 -10.730695724 0.714347541 -0.548614502 -0.593733072 -0.362204671 0.464016169
1403636763463555584.000000 10.914690018 -10.741403580 0.703538477 -0.548173189 -0.592549503 -0.363031566 0.465402395
1403636763663555584.000000 10.916080475 -10.756262779 0.692235470 -0.548328698 -0.592330277 -0.362827659 0.465657055
1403636763813555456.000000 10.917593956 -10.768940926 0.683907032 0.548691750 0.592068374 0.362420619 -0.465879589
