1403636586163555584.000000 16.426307678 -3.042054892 2.389530897 -0.581807315 -0.661415696 -0.296751320 0.368738800
1403636586313555456.000000 16.423027039 -3.054718971 2.396123648 -0.595720053 -0.666591048 -0.280387312 0.349509567
1403636588313555456.000000 16.750265121 -2.951058388 2.391047239 -0.630752802 -0.662139297 -0.256307006 0.313096166
1403636588863555584.000000 16.672929764 -2.984064341 2.397593021 -0.625852644 -0.666414678 -0.251179785 0.317976117
1403636588913555456.000000 16.655359268 -2.989863157 2.398360729 -0.624550223 -0.667491198 -0.249566093 0.319545507
1403636588963555584.000000 16.636680603 -2.996121168 2.399772406 -0.622578561 -0.668839514 -0.248776928 0.321184963
1403636590013555456.000000 16.191940308 -3.134082556 2.407066107 -0.583637297 -0.701038063 -0.222970039 0.343798637
1403636590113555456.000000 16.170129776 -3.140627861 2.406871796 -0.578643501 -0.701567829 -0.222973809 0.351079941
1403636590213555456.000000 16.159650803 -3.144288063 2.408427477 -0.575060010 -0.701221168 -0.223716065 0.357135832
1403636590413555456.000000 16.177175522 -3.145086050 2.412420034 -0.576215208 -0.701756358 -0.227675885 0.351678431
1403636590513555456.000000 16.203353882 -3.142002106 2.415493488 -0.578571439 -0.699413836 -0.233648837 0.348545015
1403636590713555456.000000 16.276628494 -3.128612518 2.420975208 -0.583361268 -0.693871617 -0.244353428 0.344272137
1403636592763555584.000000 16.558185577 -2.792279482 2.371097326 -0.599913061 -0.659576714 -0.276394963 0.358704358
1403636593863555584.000000 16.333784103 -3.149293423 2.350394726 -0.583897352 -0.695561588 -0.202149972 0.366597116
1403636593963555584.000000 16.386695862 -3.169991970 2.349556446 -0.608759344 -0.670405507 -0.226361826 0.358788133
1403636594063555584.000000 16.443683624 -3.179091215 2.351121902 -0.631157994 -0.645565331 -0.251823664 0.348525405
1403636594263555584.000000 16.554462433 -3.151154041 2.350182772 -0.667126000 -0.610202372 -0.280785531 0.322110921
1403636594363555584.000000 16.605066299 -3.112760305 2.348345757 -0.674158812 -0.602905393 -0.291635722 0.311389804
1403636594563555584.000000 16.681631088 -3.005522013 2.345916271 -0.669102728 -0.596301556 -0.313909262 0.313348174
1403636594663555584.000000 16.693693161 -2.952030182 2.344811201 -0.666489422 -0.593611479 -0.316738605 0.321082592
1403636596363555584.000000 16.555957794 -3.200098753 2.316371679 -0.622273743 -0.650090516 -0.278692842 0.335392356
1403636596463555584.000000 16.526336670 -3.246342659 2.330161572 -0.618725181 -0.649938881 -0.283461034 0.338243127
1403636596563555584.000000 16.496294022 -3.287511826 2.341986179 -0.612201393 -0.652928233 -0.287330747 0.341079593
1403636596663555584.000000 16.470842361 -3.317498207 2.349267721 -0.610783756 -0.654971123 -0.287439555 0.339609534
1403636596763555584.000000 16.454404831 -3.329835892 2.351353407 -0.608133495 -0.658146381 -0.286819339 0.338750303
1403636596963555584.000000 16.449605942 -3.284105301 2.346841097 -0.599772334 -0.660531640 -0.297661841 0.339659691
1403636597063555584.000000 16.454206467 -3.231349230 2.342108488 -0.601535559 -0.663676143 -0.294553816 0.333057225
1403636597163555584.000000 16.459075928 -3.167526007 2.337869406 -0.600555897 -0.671094716 -0.284156829 0.328967214
1403636597263555584.000000 16.462568283 -3.097443581 2.339358091 -0.592713892 -0.680081189 -0.276172370 0.331524938
1403636597463555584.000000 16.454339981 -2.960353374 2.346836567 -0.566311359 -0.697569788 -0.268207848 0.347494632
1403636598463555584.000000 16.404516220 -3.084353924 2.290443420 -0.514191210 -0.747549713 -0.230938792 0.351346225
1403636598563555584.000000 16.412246704 -3.065097094 2.276366472 -0.510705054 -0.745707929 -0.234697536 0.357794911
1403636598663555584.000000 16.416004181 -3.032721996 2.263353825 -0.503038406 -0.742501199 -0.237767458 0.372975886
1403636598963555584.000000 16.417963028 -2.933115959 2.202143431 -0.476290107 -0.722722232 -0.254672289 0.431233525
1403636599063555584.000000 16.418050766 -2.910542011 2.180260181 -0.470739394 -0.716158807 -0.260718614 0.444462419
1403636599163555584.000000 16.417369843 -2.894162655 2.165405989 -0.462997973 -0.706581354 -0.264096767 0.465433806
1403636599763555584.000000 16.415205002 -2.848070621 2.115661621 -0.457597196 -0.667634368 -0.305717230 0.501404107
1403636602213555456.000000 16.420799255 -2.849567652 2.112737417 -0.458116472 -0.652852118 -0.307935983 0.518737912
1403636605013555456.000000 16.420835495 -2.849608183 2.112721443 -0.458172232 -0.652841568 -0.307934284 0.518702805
1403636607863555584.000000 16.420812607 -2.849660873 2.112768888 -0.458233654 -0.652816653 -0.307953268 0.518668652
1403636610663555584.000000 16.420810699 -2.849506855 2.112641573 -0.458315253 -0.652790487 -0.307870179 0.518678844
1403636613613555456.000000 16.421567917 -2.849393845 2.112447977 -0.457972646 -0.652714193 -0.308099329 0.518941343
1403636616363555584.000000 16.421495438 -2.849473238 2.112391949 -0.458079189 -0.652592897 -0.307927370 0.519101977
1403636619263555584.000000 16.421501160 -2.849406004 2.112417936 -0.458481371 -0.652400434 -0.307829291 0.519046783
1403636621913555456.000000 16.421516418 -2.849273205 2.112464190 -0.458232939 -0.652628243 -0.307903171 0.518936157
1403636624713555456.000000 16.453535080 -2.860509157 2.112361431 -0.469351411 -0.662720680 -0.311761051 0.493270397
1403636624813555456.000000 16.469057083 -2.866345882 2.112170935 -0.464772552 -0.667084157 -0.318111181 0.487637788
1403636624913555456.000000 16.487148285 -2.874675989 2.117601871 -0.460813046 -0.677822888 -0.322714299 0.473352998
1403636625013555456.000000 16.504896164 -2.885286808 2.132135153 -0.458448142 -0.688348234 -0.324751258 0.458845049
1403636625113555456.000000 16.518283844 -2.895981073 2.154440403 -0.459922761 -0.695251465 -0.321188688 0.449370950
1403636625213555456.000000 16.525842667 -2.904134989 2.182416677 -0.464048117 -0.693031728 -0.314560890 0.453230560
1403636625313555456.000000 16.529401779 -2.908040762 2.208746195 -0.464001268 -0.687696934 -0.313727915 0.461898983
1403636625663555584.000000 16.524255753 -2.898399353 2.205702305 -0.462383449 -0.691092014 -0.309567779 0.461260498
1403636627113555456.000000 16.525930405 -2.804911375 2.432732582 -0.451685578 -0.687322855 -0.307240397 0.478717983
1403636627563555584.000000 16.574485779 -2.822777748 2.504934788 -0.454766035 -0.676945150 -0.310749978 0.488229096
1403636627663555584.000000 16.588808060 -2.828310966 2.513042212 -0.461841553 -0.675436080 -0.312524438 0.482511163
1403636628263555584.000000 16.657701492 -2.795260906 2.520482063 -0.494834512 -0.650748730 -0.337258697 0.466820747
1403636629763555584.000000 16.986490250 -2.510292292 2.578709126 -0.575723350 -0.597870231 -0.370331287 0.417071432
1403636629963555584.000000 17.059019089 -2.442195177 2.532639503 -0.602500319 -0.577714324 -0.386082113 0.392657816
1403636630463555584.000000 17.239818573 -2.233754873 2.532147408 -0.609579384 -0.548766255 -0.417815417 0.390766919
1403636633213555456.000000 17.788362503 -0.951506376 2.419755936 -0.529147565 -0.629530132 -0.366847336 0.434876829
1403636633763555584.000000 17.819511414 -0.635568500 2.342494726 -0.538695991 -0.632025599 -0.348784477 0.434395820
1403636634663555584.000000 17.928300858 0.037791580 2.357050180 -0.522491276 -0.626029789 -0.367085069 0.447591424
1403636634763555584.000000 17.941898346 0.113466188 2.349848747 -0.516682625 -0.631920397 -0.364268035 0.448357701
1403636634863555584.000000 17.953937531 0.186822757 2.346795321 -0.514104843 -0.637136340 -0.358524472 0.448568553
1403636635063555584.000000 17.972572327 0.330391794 2.358939886 -0.507377923 -0.647030234 -0.351218879 0.447844774
1403636635563555584.000000 17.999380112 0.693427742 2.353744984 -0.512060940 -0.650027275 -0.331889749 0.452887893
1403636635663555584.000000 18.005224228 0.768550873 2.364052296 -0.512886286 -0.648088396 -0.331916064 0.454709738
1403636635763555584.000000 18.011758804 0.847951651 2.380463362 -0.513194859 -0.644495785 -0.332995772 0.458661109
1403636635963555584.000000 18.033098221 1.012847304 2.433888435 -0.519658029 -0.637819648 -0.326913416 0.465047687
1403636636063555584.000000 18.049880981 1.097248793 2.462038517 -0.520435333 -0.644258738 -0.326951176 0.455171168
1403636636213555456.000000 18.078685760 1.228105903 2.503306150 -0.512928486 -0.647801399 -0.338093072 0.450500548
1403636636663555584.000000 18.164997101 1.598901629 2.640614748 -0.487535626 -0.639590383 -0.373651415 0.462188184
1403636636813555456.000000 18.186151505 1.695294976 2.653764963 -0.481527388 -0.644937217 -0.381710351 0.454405755
1403636637013555456.000000 18.195400238 1.799219728 2.642510414 -0.488857061 -0.646205187 -0.368333638 0.455815673
1403636637313555456.000000 18.188793182 1.929288268 2.601960897 -0.501029432 -0.650153339 -0.346260846 0.454283655
1403636637613555456.000000 18.170309067 2.059036732 2.610546112 -0.502086043 -0.654441535 -0.339690953 0.451913774
1403636637913555456.000000 18.144796371 2.199171305 2.680762529 -0.497984290 -0.652741969 -0.342035323 0.457112104
1403636638513555456.000000 18.087732315 2.477804661 2.645700693 -0.515287340 -0.657346308 -0.313133329 0.452020377
1403636638663555584.000000 18.081966400 2.553342104 2.624146223 -0.514009416 -0.662217617 -0.314213037 0.445569754
1403636638813555456.000000 18.079854965 2.644888878 2.628535509 -0.505295396 -0.660175443 -0.326096356 0.450006843
1403636639263555584.000000 18.086322784 2.956206560 2.660668135 -0.514703155 -0.644364655 -0.310947835 0.472426116
1403636639413555456.000000 18.106000900 3.071803093 2.628817320 -0.507060051 -0.651461840 -0.322421640 0.463175863
1403636639713555456.000000 18.152820587 3.310154676 2.544534206 -0.489222407 -0.656441331 -0.346527487 0.457891881
1403636640613555456.000000 18.251310349 3.892617702 2.518599749 -0.464075446 -0.669032454 -0.329149455 0.478215694
1403636640913555456.000000 18.278440475 4.043485641 2.493201971 -0.462916166 -0.673610151 -0.325031728 0.475723028
1403636641363555584.000000 18.307815552 4.232988358 2.469293833 -0.468089730 -0.667581797 -0.322182715 0.481066465
1403636641813555456.000000 18.349388123 4.380097389 2.427005768 -0.466745377 -0.667937577 -0.327423930 0.478332192
1403636643013555456.000000 18.470569611 4.628125668 2.426839590 -0.517324507 -0.644590437 -0.342309266 0.446881443
1403636643313555456.000000 18.502094269 4.684552670 2.431092501 -0.512432277 -0.637767494 -0.348339170 0.457521260
1403636643763555584.000000 18.556846619 4.800526619 2.464757204 -0.517988563 -0.652716160 -0.333430380 0.440991729
1403636644063555584.000000 18.590724945 4.923321247 2.500773907 -0.519280016 -0.659724295 -0.329258472 0.432089180
1403636644513555456.000000 18.625873566 5.192261696 2.466073036 -0.518928766 -0.627003312 -0.332034349 0.476794541
1403636645263555584.000000 18.823541641 5.627358437 2.218251944 -0.528783441 -0.660379589 -0.325297922 0.422455013
1403636645713555456.000000 18.918565750 5.980871201 2.161059380 -0.520299792 -0.650494635 -0.340928614 0.435789526
1403636645863555584.000000 18.940542221 6.122029305 2.148876190 -0.521238923 -0.649375796 -0.339598209 0.437371910
1403636646013555456.000000 18.961091995 6.269726276 2.165385485 -0.523635030 -0.641334474 -0.342876554 0.443770409
1403636646613555456.000000 19.114850998 6.845334530 2.233739376 -0.590292811 -0.547923803 -0.416325450 0.421908736
1403636646763555584.000000 19.168119431 6.965264320 2.256856441 -0.599608779 -0.542169750 -0.423616111 0.408742815
1403636647063555584.000000 19.272720337 7.173590183 2.333049059 -0.606876612 -0.539462686 -0.425927788 0.399082005
1403636647363555584.000000 19.375738144 7.356014252 2.368355274 -0.608976901 -0.542743683 -0.419683486 0.398048192
1403636647663555584.000000 19.483957291 7.516486645 2.373839378 -0.603306353 -0.533949316 -0.421922088 0.415814191
1403636647813555456.000000 19.546665192 7.585719109 2.386617899 -0.605224371 -0.535816491 -0.423613131 0.408847392
1403636648563555584.000000 19.914075851 7.780235767 2.277912617 -0.688999116 -0.429588735 -0.482767671 0.328129828
1403636649313555456.000000 20.278047562 7.848991394 2.320117950 -0.704834938 -0.404928535 -0.500788212 0.297408551
1403636649763555584.000000 20.477409363 7.888753414 2.512398481 -0.703260064 -0.400401980 -0.501931608 0.305234611
1403636650063555584.000000 20.594944000 7.883226395 2.593957663 -0.707504869 -0.387194902 -0.513034940 0.293789476
1403636650213555456.000000 20.647489548 7.866050243 2.602356195 -0.714860976 -0.373027295 -0.519006431 0.283649147
1403636651163555584.000000 20.886507034 7.632224083 2.545335531 -0.761330307 -0.274052590 -0.549996495 0.206821918
1403636651563555584.000000 20.934749603 7.517031193 2.605944633 -0.763621271 -0.284763485 -0.539602101 0.211239040
1403636651813555456.000000 20.954759598 7.439553261 2.608434677 -0.758906007 -0.276112735 -0.545822144 0.223386988
1403636652263555584.000000 20.978460312 7.215552330 2.540951729 -0.791203856 -0.191456020 -0.559734643 0.155042902
1403636652563555584.000000 20.974201202 7.029416084 2.462035894 -0.820861399 -0.123479620 -0.548770249 0.098947935
1403636653013555456.000000 21.040687561 6.790961266 2.467081070 -0.825975299 -0.106764331 -0.547960579 0.078137830
1403636653163555584.000000 21.084238052 6.722540379 2.465991974 -0.819080353 -0.110721104 -0.557199657 0.079854921
1403636654513555456.000000 21.287832260 6.188449860 2.488566875 -0.810015917 -0.083016187 -0.576964974 0.063984700
1403636655113555456.000000 21.251415253 5.955612183 2.524569273 -0.810725808 -0.028488351 -0.584113955 0.026889576
1403636655313555456.000000 21.230888367 5.885760784 2.502636194 -0.805232346 -0.020634396 -0.592009485 0.026455827
1403636655513555456.000000 21.191486359 5.811798573 2.485039949 -0.804024100 -0.002551889 -0.594307423 0.018370876
1403636655913555456.000000 21.058074951 5.646735668 2.425382853 0.822475970 -0.054597918 0.566080332 0.010265698
1403636656413555456.000000 20.907495499 5.395081043 2.371010303 0.822531343 -0.095107816 0.558731437 0.047072519
1403636656513555456.000000 20.885334015 5.340378284 2.387433529 0.822928667 -0.094762839 0.558118224 0.048089866
1403636656613555456.000000 20.866283417 5.284947395 2.404912949 0.821449757 -0.092026852 0.560624421 0.049515370
1403636656713555456.000000 20.849725723 5.229309559 2.419769526 0.814457893 -0.089602612 0.571184158 0.048770115
1403636657413555456.000000 20.659675598 4.851765633 2.386285067 0.808724701 -0.086930625 0.580826104 0.032380398
1403636657713555456.000000 20.533639908 4.675747871 2.353260040 0.817203760 -0.090695128 0.568418384 0.029206259
1403636657813555456.000000 20.493833542 4.611030579 2.335593700 0.816860795 -0.095277384 0.568161070 0.029215651
1403636658013555456.000000 20.416816711 4.470215321 2.300416231 0.820166349 -0.106212698 0.561654329 0.024299528
1403636658213555456.000000 20.343198776 4.308423996 2.294805765 0.821625531 -0.098933399 0.559796751 0.042087764
1403636658413555456.000000 20.278215408 4.139473915 2.285102606 0.822991610 -0.093348421 0.557665706 0.054587100
1403636658613555456.000000 20.225231171 3.974511862 2.261618614 0.823992252 -0.085688844 0.555974126 0.067728207
1403636658713555456.000000 20.203367233 3.896819592 2.246535063 0.823244035 -0.083725564 0.556940675 0.071249150
1403636658813555456.000000 20.184535980 3.823391438 2.229175568 0.820400178 -0.079884529 0.560894132 0.077200152
1403636658913555456.000000 20.168466568 3.755636692 2.209408045 0.816270709 -0.079802491 0.566811264 0.077837013
1403636659213555456.000000 20.123336792 3.580953836 2.129042387 0.806002319 -0.087309323 0.581626058 0.066697747
1403636659313555456.000000 20.103435516 3.531141758 2.100833178 0.807407558 -0.087760672 0.579706013 0.065817967
1403636659413555456.000000 20.082141876 3.484512568 2.077912807 0.812210023 -0.087700099 0.572974861 0.065753341
1403636659513555456.000000 20.061645508 3.440253496 2.062310457 0.816076636 -0.086797781 0.567423880 0.067194574
1403636659913555456.000000 19.985099792 3.290299892 1.986896515 0.812626004 -0.090424471 0.571408272 0.070391439
1403636660013555456.000000 19.965513229 3.261620045 1.953894973 0.817311943 -0.091892183 0.564342082 0.071239695
1403636660113555456.000000 19.946950912 3.235871077 1.917453051 0.822073460 -0.093454391 0.557071149 0.071646459
1403636660413555456.000000 19.913148880 3.171159029 1.806810141 0.836056888 -0.095543988 0.535457075 0.071875535
1403636660713555456.000000 19.941263199 3.124394655 1.731018543 0.822731018 -0.089169875 0.555847824 0.078712486
1403636661063555584.000000 20.006803513 3.118809462 1.593461752 0.809227228 -0.082429744 0.575368762 0.085483477
1403636661363555584.000000 20.049913406 3.168777227 1.462421536 0.806190193 -0.089995101 0.580003500 0.074526064
1403636661463555584.000000 20.058574677 3.192402124 1.431685328 0.806092262 -0.090287112 0.580172896 0.073911667
1403636661563555584.000000 20.064542770 3.218783379 1.408688068 0.807402611 -0.091544084 0.578482091 0.071268052
1403636661813555456.000000 20.068740845 3.292724371 1.383797884 0.805305004 -0.098382659 0.581646383 0.059095066
1403636662213555456.000000 20.034236908 3.401026726 1.427109480 0.805237293 -0.094379373 0.582121789 0.061804533
1403636662313555456.000000 20.015003204 3.427324772 1.435007811 0.807523787 -0.089954518 0.578749299 0.069734052
1403636662713555456.000000 19.939046860 3.550408363 1.411801577 0.818195522 -0.106481597 0.562407672 0.053995371
1403636663113555456.000000 19.885471344 3.644790649 1.334852695 0.824135780 -0.123061068 0.551715791 0.035580304
1403636663513555456.000000 19.879838943 3.651333809 1.264926553 0.837927520 -0.095823586 0.531826138 0.076527223
1403636663913555456.000000 19.995176315 3.670346737 1.158454537 0.834515750 -0.073759966 0.536850631 0.099670954
1403636664113555456.000000 20.104091644 3.718861818 1.141431689 0.822418630 -0.064820081 0.555712104 0.103005469
1403636664313555456.000000 20.227533340 3.804922581 1.138684273 0.812837601 -0.070777923 0.572071433 0.083784878
1403636664413555456.000000 20.287462234 3.856504679 1.119237661 0.810579896 -0.070943013 0.576149106 0.077328287
1403636664513555456.000000 20.344738007 3.912420988 1.088485956 0.809090257 -0.069915503 0.579056799 0.071959168
1403636664613555456.000000 20.399517059 3.972406149 1.056742311 0.807734549 -0.071610138 0.581937373 0.061529029
1403636665013555456.000000 20.584783554 4.231164932 0.996720850 0.815837085 -0.062958501 0.572721541 0.049358170
1403636665113555456.000000 20.624797821 4.299470425 1.000478745 0.821444213 -0.062367134 0.564948082 0.046620298
1403636665313555456.000000 20.706766129 4.436260700 1.024281979 0.818881810 -0.069036901 0.568818927 0.033339072
1403636665413555456.000000 20.749950409 4.501305580 1.038297892 0.817084312 -0.068152390 0.571457684 0.034128014
1403636666713555456.000000 21.166120529 5.334831715 1.139109254 0.818490028 -0.068555430 0.568996906 0.040210303
1403636666863555584.000000 21.187559128 5.416320324 1.158299685 0.826911330 -0.067797229 0.556987047 0.037237592
1403636667613555456.000000 21.363321304 5.741228104 1.122415543 0.823260605 -0.060543820 0.563134193 0.038160358
1403636668063555584.000000 21.479307175 5.919696808 1.121293068 0.824170947 -0.068829708 0.561275244 0.031223150
1403636668513555456.000000 21.630386353 6.072668552 1.044730544 0.823198915 -0.068334043 0.561217308 0.052051254
1403636668813555456.000000 21.752862930 6.186138153 0.978259921 0.819827199 -0.063976265 0.564884424 0.068528011
1403636669263555584.000000 21.931232452 6.435609341 0.948217034 0.807969689 -0.072099052 0.581606865 0.060994547
1403636669413555456.000000 21.975828171 6.532856464 0.931422174 0.807554722 -0.072951168 0.582063973 0.061114885
1403636669563555584.000000 22.013584137 6.634618282 0.905381680 0.802025735 -0.072261117 0.589768052 0.060883977
1403636669713555456.000000 22.040472031 6.741328239 0.880314350 0.792354286 -0.069812216 0.602905989 0.061688349
1403636669863555584.000000 22.053234100 6.853940487 0.866974652 0.790206909 -0.082740672 0.605990171 0.038769323
1403636670163555584.000000 22.022346497 7.050084591 0.885926843 0.799577296 -0.105143748 0.591274261 -0.003952256
1403636670313555456.000000 21.985086441 7.112879753 0.905131817 0.790833831 -0.109666571 0.601489902 -0.027661413
1403636670963555584.000000 21.642993927 6.946234226 0.997487664 -0.792966843 0.022338746 -0.593388498 0.136362463
1403636672163555584.000000 20.865322113 5.141472816 1.400216103 -0.834439099 -0.219754294 -0.496260017 0.095632397
1403636672763555584.000000 20.889253616 4.710908890 1.520186663 -0.796347558 -0.199440107 -0.558485329 0.118947059
1403636673013555456.000000 20.895753860 4.627576351 1.457934260 -0.797932446 -0.220949680 -0.544407845 0.134555683
1403636673413555456.000000 20.921913147 4.581113815 1.451445937 -0.806549549 -0.267836779 -0.506409764 0.145912901
1403636676213555456.000000 21.664024353 6.182803631 1.061442256 -0.717280447 -0.398418427 -0.496497750 0.283304572
1403636676513555456.000000 21.733692169 6.425620079 0.981871784 -0.678180933 -0.472732574 -0.481967777 0.290347606
1403636676963555584.000000 21.770902634 6.834613323 0.978860915 -0.661921442 -0.488410026 -0.446546733 0.352011025
1403636678363555584.000000 21.735794067 7.774359703 0.911826134 -0.541091561 -0.612473488 -0.374085486 0.438356400
1403636679563555584.000000 21.601766586 8.152755737 0.954895318 -0.345854700 -0.732432187 -0.242497191 0.533968985
1403636680213555456.000000 21.527050018 8.167623520 1.153049111 -0.294346303 -0.748577118 -0.259254485 0.534583688
1403636680513555456.000000 21.484924316 8.078931808 1.228065252 -0.291736543 -0.754832089 -0.275476694 0.518874645
1403636680663555584.000000 21.447076797 8.004219055 1.246077776 -0.299764335 -0.753326774 -0.270993352 0.518847525
1403636680963555584.000000 21.339748383 7.811394215 1.251194477 -0.338103563 -0.748671770 -0.224767581 0.524076581
1403636681563555584.000000 21.086866379 7.474284649 1.224123120 -0.326465696 -0.743864119 -0.236346245 0.533129275
1403636682013555456.000000 20.888465881 7.211912155 1.229974747 -0.318442494 -0.745224774 -0.235835180 0.536298633
1403636682313555456.000000 20.759485245 7.013952255 1.274981022 -0.324280977 -0.750847697 -0.224022359 0.529984415
1403636683063555584.000000 20.452861786 6.531308174 1.310402036 -0.320403367 -0.741251647 -0.246188581 0.535984039
1403636683213555456.000000 20.394670486 6.421464443 1.318108797 -0.322876155 -0.742204368 -0.240831569 0.535615444
1403636683963555584.000000 20.125329971 5.838840961 1.251980543 -0.325054288 -0.752153993 -0.219879612 0.529393196
1403636684263555584.000000 20.023958206 5.625093937 1.294324875 -0.318883121 -0.748746514 -0.219134212 0.538212240
1403636684413555456.000000 19.977142334 5.519411087 1.322458982 -0.315419644 -0.746853471 -0.220221937 0.542422950
1403636686813555456.000000 19.566598892 3.751482725 1.251907706 -0.326703787 -0.751918495 -0.218897358 0.529119253
1403636688213555456.000000 19.385551453 3.005725145 1.110899210 -0.313960731 -0.749621391 -0.225821435 0.537123144
1403636689113555456.000000 19.291379929 2.510282278 0.904446125 -0.301333606 -0.763302147 -0.207488179 0.532462835
1403636689263555584.000000 19.257566452 2.427254915 0.902121603 -0.298055410 -0.767104685 -0.197423562 0.532670021
1403636689413555456.000000 19.220232010 2.352454901 0.917979777 -0.293824911 -0.769496977 -0.193058193 0.533169627
1403636689713555456.000000 19.142969131 2.220712185 0.991891325 -0.298305333 -0.774215102 -0.179137409 0.528691530
1403636689863555584.000000 19.100814819 2.170218945 1.022680521 -0.308084488 -0.773703396 -0.167512730 0.527642429
1403636690163555584.000000 19.014093399 2.127102375 1.060513616 -0.309420317 -0.770956814 -0.173523083 0.528936982
1403636690313555456.000000 18.971298218 2.131196737 1.081688643 -0.304920524 -0.773165762 -0.182362363 0.525340140
1403636690463555584.000000 18.923318863 2.148024082 1.112680674 -0.304316670 -0.772210300 -0.184903994 0.526206434
1403636690613555456.000000 18.871658325 2.174494743 1.136666894 -0.311374426 -0.766617537 -0.175406575 0.533456802
1403636690913555456.000000 18.781412125 2.266734838 1.121697545 -0.327792972 -0.741901517 -0.151024893 0.565088928
1403636691063555584.000000 18.763471603 2.338463783 1.099676728 -0.324369580 -0.724340022 -0.154004008 0.588556528
1403636691213555456.000000 18.781644821 2.421914339 1.096741199 -0.310354382 -0.719326138 -0.171109125 0.597471237
1403636691363555584.000000 18.837955475 2.502775908 1.109192967 -0.290504158 -0.727540791 -0.196896046 0.589511514
1403636691513555456.000000 18.916290283 2.573847532 1.134130359 -0.290027082 -0.745089948 -0.191458687 0.569270492
1403636691663555584.000000 19.004533768 2.641340971 1.180902004 -0.286417067 -0.755658865 -0.191095740 0.557160079
1403636691963555584.000000 19.188667297 2.765764236 1.262248635 -0.281851798 -0.759015679 -0.194103315 0.553876102
1403636692113555456.000000 19.281803131 2.821864128 1.290216208 -0.282683164 -0.755946577 -0.193670273 0.557787478
1403636692263555584.000000 19.376596451 2.874977350 1.328000069 -0.279241174 -0.759983599 -0.200731754 0.551503479
1403636692613555456.000000 19.599514008 2.970659018 1.476185441 -0.281790614 -0.762423694 -0.203333080 0.545857072
1403636693263555584.000000 19.907573700 3.065596104 1.742260337 -0.282323360 -0.773915648 -0.205847427 0.528180659
1403636693713555456.000000 19.991977692 3.111482143 1.805353880 -0.296942383 -0.788834631 -0.178735912 0.507561505
1403636693863555584.000000 19.994331360 3.147563457 1.818393826 -0.291469157 -0.780126691 -0.185414091 0.521603167
1403636694013555456.000000 19.986757278 3.190670729 1.825698853 -0.286050260 -0.767031252 -0.191860214 0.541320562
1403636695113555456.000000 19.941953659 3.471272707 1.822308660 -0.295630306 -0.761524081 -0.185173154 0.546255052
1403636695563555584.000000 19.953861237 3.597666979 1.847041368 -0.290308297 -0.761352658 -0.204717726 0.542359650
1403636695963555584.000000 19.960054398 3.682189941 1.841087341 -0.294109076 -0.761564434 -0.205738083 0.539621532
1403636696613555456.000000 19.934020996 3.769450426 1.756800056 -0.295924872 -0.750962436 -0.211952239 0.550962985
1403636697113555456.000000 19.942842484 3.763170242 1.729407072 -0.282368779 -0.760525644 -0.233756036 0.535935521
1403636698263555584.000000 19.753583908 3.389695883 1.852200270 -0.379158348 -0.724749684 -0.266973853 0.509609580
1403636700113555456.000000 19.337324142 2.884620667 1.639059305 -0.660953999 -0.485734016 -0.438919067 0.366813958
1403636701863555584.000000 19.730165482 2.683665037 1.363819718 -0.683177948 -0.450936377 -0.472043753 0.327259779
1403636702113555456.000000 19.806941986 2.674629211 1.335734725 -0.705685794 -0.416264147 -0.483454734 0.308226079
1403636702763555584.000000 20.008886337 2.659657478 1.127604961 -0.739134073 -0.377380282 -0.496288180 0.254878521
1403636704713555456.000000 20.720699310 2.967830420 0.859264076 -0.737144232 -0.393157512 -0.484425038 0.259572804
1403636704913555456.000000 20.806493759 3.028097391 0.837066114 -0.742382109 -0.398514897 -0.474134445 0.255443275
1403636705113555456.000000 20.900735855 3.116653919 0.798296213 -0.740468621 -0.402204990 -0.474947721 0.253696948
1403636705313555456.000000 21.001434326 3.234338284 0.768241286 -0.724195480 -0.397061497 -0.497955918 0.264429837
1403636705513555456.000000 21.095758438 3.364606142 0.753203332 -0.727152050 -0.397471219 -0.493858039 0.263383359
1403636705713555456.000000 21.185274124 3.507145882 0.723564565 -0.729790330 -0.397787720 -0.490667820 0.261564851
1403636706113555456.000000 21.367315292 3.821379423 0.678165972 -0.725729823 -0.373854786 -0.493804097 0.299510300
1403636706563555584.000000 21.587371826 4.127434731 0.617794573 -0.717790425 -0.400943249 -0.501753926 0.268820435
1403636706763555584.000000 21.674186707 4.264428616 0.604783118 -0.721986473 -0.402181298 -0.496460110 0.265543282
1403636706963555584.000000 21.756231308 4.412733078 0.612358928 -0.726288736 -0.400645465 -0.493559629 0.261508673
1403636707163555584.000000 21.834884644 4.573014736 0.628633916 -0.724215269 -0.394532353 -0.501097322 0.262217611
1403636707763555584.000000 22.039678574 5.110328674 0.761479974 -0.737880766 -0.381571621 -0.488741845 0.266582906
1403636707963555584.000000 22.104591370 5.300070763 0.763666451 -0.734621525 -0.380398512 -0.491264880 0.272556394
1403636708163555584.000000 22.175765991 5.491814137 0.732142568 -0.726780772 -0.386538804 -0.498184711 0.272377551
1403636708563555584.000000 22.332431793 5.860937119 0.647407770 -0.726662874 -0.369069815 -0.493947893 0.302925885
1403636708963555584.000000 22.522941589 6.164674759 0.591967642 -0.712954581 -0.384425670 -0.521086097 0.269039005
1403636709363555584.000000 22.639078140 6.428771496 0.587382555 -0.720847368 -0.380674541 -0.518749893 0.257613271
1403636709763555584.000000 22.676368713 6.689027309 0.557865202 -0.723728538 -0.385689378 -0.513145089 0.253264695
1403636711163555584.000000 22.466665268 7.607701302 0.342024297 -0.661593080 -0.473793328 -0.481623799 0.325350612
1403636711363555584.000000 22.417341232 7.701843739 0.337142467 -0.656488836 -0.477109224 -0.479897767 0.333297640
1403636711763555584.000000 22.274724960 7.846668243 0.366163313 -0.645754635 -0.464571595 -0.499887496 0.342471540
1403636712163555584.000000 22.073717117 7.901259899 0.426133990 -0.670029998 -0.451355129 -0.470706582 0.354645818
1403636712363555584.000000 21.977928162 7.904654503 0.483506769 -0.651152849 -0.475186557 -0.476534635 0.350873947
1403636712763555584.000000 21.763696671 7.862661362 0.622606933 -0.621545732 -0.498822838 -0.471543461 0.377496392
1403636713013555456.000000 21.617727280 7.792506695 0.670228839 -0.622260511 -0.507959306 -0.462568671 0.375232428
1403636713413555456.000000 21.376455307 7.616076469 0.784730077 -0.628356755 -0.509177804 -0.451503783 0.376895487
1403636713813555456.000000 21.151609421 7.400793552 0.938554466 -0.643452227 -0.499571204 -0.436275065 0.382180631
1403636714613555456.000000 20.855892181 6.920238018 1.014798045 -0.649845243 -0.510385156 -0.427560091 0.366606861
1403636715013555456.000000 20.763044357 6.721652031 1.047448397 -0.597428441 -0.575028598 -0.398664743 0.391775161
1403636715763555584.000000 20.638273239 6.515335083 1.151563048 -0.563277662 -0.583148360 -0.389115334 0.437316358
1403636716513555456.000000 20.622421265 6.238637924 1.211830974 -0.576187968 -0.577030301 -0.397789985 0.420483887
1403636717013555456.000000 20.624549866 6.004394054 1.167604327 -0.536121964 -0.613772690 -0.373115033 0.443442851
1403636717563555584.000000 20.621871948 5.735236645 1.200043559 -0.480379343 -0.658556700 -0.359201819 0.454436809
1403636717813555456.000000 20.593397141 5.602545261 1.178642631 -0.479296058 -0.659364581 -0.355442494 0.457355767
1403636718063555584.000000 20.534460068 5.459628582 1.169552445 -0.456055880 -0.676478803 -0.343422890 0.465242207
1403636718313555456.000000 20.447446823 5.306783676 1.175362349 -0.435268849 -0.691137552 -0.309159726 0.487124473
1403636718763555584.000000 20.278966904 5.033157349 1.092753291 -0.406533539 -0.709453285 -0.256406009 0.515424728
1403636719363555584.000000 20.109426498 4.733294964 1.025076985 -0.380399674 -0.709811509 -0.274185956 0.525628984
1403636719763555584.000000 20.027065277 4.512426853 0.969758451 -0.393873811 -0.711047411 -0.268981367 0.516646802
1403636720663555584.000000 19.942659378 4.073561668 0.905179858 -0.402281553 -0.712268949 -0.263744712 0.511156857
1403636720913555456.000000 19.940666199 3.983923912 0.910733581 -0.412781954 -0.706105351 -0.273101926 0.506400704
1403636722063555584.000000 20.054033279 3.639045238 0.856789231 -0.476616949 -0.658840537 -0.341351539 0.471428394
1403636722613555456.000000 20.101171494 3.450427771 0.857418239 -0.483484149 -0.655058682 -0.339783132 0.470838338
1403636723113555456.000000 20.123367310 3.267120600 0.860113502 -0.488829374 -0.651284695 -0.340628743 0.469942868
1403636724463555584.000000 20.120544434 2.732180357 0.854061723 -0.570830286 -0.587902188 -0.393508464 0.416743338
1403636724713555456.000000 20.111272812 2.657697916 0.866857111 -0.581677258 -0.571666777 -0.408741713 0.409608215
1403636727213555456.000000 20.082752228 2.112108707 1.368606329 -0.563704491 -0.584974945 -0.403590173 0.420899779
1403636727713555456.000000 20.093372345 1.975481749 1.495430589 -0.563074648 -0.585702002 -0.402965575 0.421329826
1403636728163555584.000000 20.045026779 1.832414985 1.654971480 -0.561613739 -0.587213576 -0.406567335 0.417699873
1403636728513555456.000000 19.973546982 1.706175447 1.704591036 -0.571510613 -0.577472329 -0.393262088 0.430402339
1403636729013555456.000000 19.890310287 1.505853653 1.747032285 -0.531356692 -0.612040401 -0.384755403 0.441621929
1403636729413555456.000000 19.818979263 1.321681380 1.754304409 -0.519342899 -0.622346163 -0.374671191 0.450099796
1403636729663555584.000000 19.770570755 1.189159870 1.771288037 -0.519546211 -0.623523891 -0.372185558 0.450297207
1403636729913555456.000000 19.721893311 1.049839735 1.804064631 -0.524806082 -0.625407636 -0.366601050 0.446147442
1403636730413555456.000000 19.617773056 0.779500961 1.790042400 -0.527168393 -0.628869593 -0.360775918 0.443235070
1403636731513555456.000000 19.420051575 0.486221969 1.878995657 -0.530013621 -0.620287240 -0.360810459 0.451824248
1403636731863555584.000000 19.414581299 0.440774649 1.832101703 -0.530847251 -0.620125592 -0.359152675 0.452387840
1403636732363555584.000000 19.442800522 0.375629216 1.710038304 -0.522986233 -0.622044981 -0.366001725 0.453418255
1403636732663555584.000000 19.459918976 0.311023355 1.701186419 -0.501720190 -0.627324522 -0.393740237 0.446888626
1403636734663555584.000000 19.129583359 -0.700743616 1.975462794 -0.519731224 -0.636394978 -0.353999645 0.446727067
1403636737013555456.000000 18.645475388 -1.376994491 2.246102095 -0.476423860 -0.660693049 -0.345667541 0.465853065
1403636738163555584.000000 18.357126236 -1.636129379 2.340613127 -0.485828727 -0.662781954 -0.316448241 0.473868191
1403636738663555584.000000 18.317834854 -1.659981251 2.424328566 -0.506849170 -0.650309622 -0.328610629 0.460669607
1403636740563555584.000000 18.628173828 -1.574224353 2.053514719 -0.650393486 -0.491775155 -0.452540010 0.361044496
1403636741113555456.000000 18.713678360 -1.579879045 1.899325371 -0.638892531 -0.502929509 -0.464098096 0.351413280
1403636741363555584.000000 18.736421585 -1.598377705 1.779916525 -0.656298220 -0.482603520 -0.458765447 0.354824930
1403636741863555584.000000 18.779691696 -1.637401938 1.617214918 -0.667500079 -0.484201014 -0.451716155 0.340507925
1403636742113555456.000000 18.807641983 -1.638312578 1.546692729 -0.661289096 -0.497334629 -0.452407300 0.332689941
1403636742363555584.000000 18.824262619 -1.622155190 1.497857928 -0.662559390 -0.495760590 -0.442863703 0.345120639
1403636743113555456.000000 18.883806229 -1.534679651 1.367588639 -0.662243783 -0.490500271 -0.443564236 0.352269083
1403636743563555584.000000 18.948879242 -1.444866419 1.257364154 -0.680547297 -0.486212403 -0.433415949 0.335564494
1403636743813555456.000000 19.005702972 -1.348283172 1.192736506 -0.669808149 -0.479083508 -0.454934210 0.338926107
1403636746063555584.000000 19.446380615 -0.816664875 0.276074380 -0.676489532 -0.448184133 -0.492300898 0.314853609
1403636746563555584.000000 19.390228271 -0.789203942 0.389122635 -0.679865837 -0.436904401 -0.495629251 0.318195999
1403636746813555456.000000 19.318862915 -0.788573086 0.384100407 -0.705181181 -0.444240510 -0.450980932 0.319352686
1403636747313555456.000000 19.255910873 -0.721434593 0.435076773 -0.683798671 -0.450053126 -0.477087110 0.319780558
1403636747563555584.000000 19.230401993 -0.668487549 0.498411864 -0.686022818 -0.447286248 -0.479013056 0.315997183
1403636747813555456.000000 19.192470551 -0.610629499 0.558637619 -0.691228867 -0.442984223 -0.477806240 0.312520087
1403636748063555584.000000 19.150062561 -0.541827500 0.656046152 -0.701603234 -0.421371818 -0.468489796 0.332740396
1403636749463555584.000000 19.148452759 -0.273360223 0.968991220 -0.699056566 -0.417000860 -0.491125911 0.310202628
1403636750063555584.000000 19.190002441 -0.258042693 1.091992378 -0.681936860 -0.421418667 -0.504734933 0.320329815
1403636750563555584.000000 19.140459061 -0.318251312 1.195058823 -0.684390128 -0.437951684 -0.486505359 0.321124643
1403636750813555456.000000 19.106504440 -0.356594950 1.321242452 -0.682259321 -0.445465982 -0.482986391 0.320634335
1403636751063555584.000000 19.064935684 -0.399413079 1.472807884 -0.682242811 -0.450974494 -0.481676072 0.314888775
1403636751563555584.000000 18.962171555 -0.451056212 1.706595778 -0.693877339 -0.437058628 -0.467936009 0.329469085
1403636752063555584.000000 18.928703308 -0.478724778 1.889400840 -0.690245986 -0.463671178 -0.453082800 0.321380764
1403636752563555584.000000 18.949310303 -0.453479201 2.078775406 -0.646128356 -0.495932788 -0.453793555 0.361442029
1403636753063555584.000000 18.955427170 -0.444713831 2.200728178 -0.577789485 -0.579719067 -0.413024426 0.399369389
1403636753913555456.000000 18.822534561 -0.465471894 2.202020168 -0.507102072 -0.637213647 -0.362259775 0.453402966
1403636754913555456.000000 18.530399323 -0.701605320 2.285822153 -0.468572080 -0.660304308 -0.348300278 0.472361505
1403636755413555456.000000 18.334802628 -0.941241562 2.296766043 -0.460087091 -0.681208432 -0.323792934 0.468436956
1403636755913555456.000000 18.107080460 -1.180040121 2.336165667 -0.462080419 -0.674034238 -0.328893125 0.473274559
1403636756413555456.000000 17.853588104 -1.408380389 2.380620003 -0.458534539 -0.670955360 -0.331741661 0.479074657
1403636756913555456.000000 17.601381302 -1.666715145 2.398046255 -0.454920650 -0.670852959 -0.329410315 0.484244138
1403636757413555456.000000 17.374914169 -1.980399728 2.428970814 -0.453642398 -0.674971521 -0.327108353 0.481271535
1403636757663555584.000000 17.260738373 -2.149389505 2.425324202 -0.449433535 -0.692292452 -0.314787537 0.468667775
1403636757913555456.000000 17.127929688 -2.300893307 2.469701767 -0.445886970 -0.706145406 -0.295251518 0.464079797
1403636758163555584.000000 16.979873657 -2.420425177 2.541671753 -0.433797568 -0.693533123 -0.301169813 0.490028888
1403636758413555456.000000 16.837884903 -2.536934376 2.570189953 -0.435987741 -0.691304505 -0.295428544 0.494706839
1403636758663555584.000000 16.705560684 -2.644368649 2.557262182 -0.460988671 -0.701877058 -0.259543836 0.476964414
1403636758863555584.000000 16.611249924 -2.688637972 2.549576759 -0.447881430 -0.689621210 -0.281950533 0.494296193
1403636759113555456.000000 16.512096405 -2.729174376 2.521568060 -0.442379415 -0.682302058 -0.290241301 0.504504144
1403636759563555584.000000 16.425910950 -2.783923388 2.418143034 -0.437550992 -0.683026969 -0.293309391 0.505957425
1403636759963555584.000000 16.427137375 -2.835246325 2.369172335 -0.433170527 -0.693535388 -0.296552062 0.493385077
1403636760163555584.000000 16.430778503 -2.864718676 2.348292828 -0.439914465 -0.700796545 -0.288165540 0.481996000
1403636760463555584.000000 16.434215546 -2.892255306 2.310464621 -0.430323482 -0.687872350 -0.302498549 0.500147879
1403636760863555584.000000 16.441230774 -2.941132784 2.248852968 -0.427019179 -0.699434638 -0.304389000 0.485585272
1403636761113555456.000000 16.429098129 -2.975229502 2.214687824 -0.432508618 -0.703990519 -0.294588268 0.480157763
1403636761363555584.000000 16.399787903 -2.997610807 2.185860157 -0.438143671 -0.711956143 -0.284998149 0.468961298
1403636761563555584.000000 16.364398956 -2.996459484 2.183409452 -0.429913819 -0.698008716 -0.298511952 0.488721371
1403636761763555584.000000 16.328067780 -2.995340109 2.187998772 -0.436754614 -0.686906815 -0.290820420 0.502819896
1403636761963555584.000000 16.305011749 -2.994849443 2.198833942 -0.439535111 -0.685871363 -0.288564980 0.503110051
1403636762163555584.000000 16.294626236 -2.993796110 2.216711044 -0.420645535 -0.698166549 -0.317718416 0.484433651
1403636762363555584.000000 16.271921158 -3.001427889 2.223909855 -0.432489336 -0.709421158 -0.302745581 0.466925800
1403636762563555584.000000 16.230384827 -3.000721455 2.201854944 -0.451404005 -0.692946315 -0.276479304 0.489508986
1403636762763555584.000000 16.196693420 -2.985080957 2.150297642 -0.449603021 -0.679915547 -0.278404623 0.507998884
1403636762963555584.000000 16.207996368 -2.987615824 2.126702070 -0.438011199 -0.677751720 -0.303249270 0.506792665
1403636763163555584.000000 16.237947464 -3.004382610 2.114822149 -0.468381226 -0.645937979 -0.316570967 0.512997150
1403636763363555584.000000 16.240440369 -3.008307695 2.097080231 -0.477268696 -0.649439514 -0.308021158 0.505535185
1403636763513555456.000000 16.242198944 -3.015191793 2.087303400 -0.478225678 -0.649491489 -0.307024121 0.505170405
1403636763663555584.000000 16.244945526 -3.023475885 2.077735662 -0.478116632 -0.649500072 -0.307224065 0.505141199
1403636763813555456.000000 16.248228073 -3.032761812 2.068207741 -0.478507638 -0.649270892 -0.306794941 0.505326271
