1403636626063555584.000000 16.035259247 12.005068779 -42.847862244 -0.559890211 -0.589913905 -0.392752230 0.429267138
1403636626163555584.000000 16.030200958 12.019612312 -42.804008484 -0.563123405 -0.585246742 -0.387308955 0.436314285
1403636627463555584.000000 16.120552063 12.007431030 -42.721733093 -0.554057777 -0.595465064 -0.388741791 0.432806283
1403636627713555456.000000 16.148353577 11.985755920 -42.694080353 -0.570704520 -0.588896036 -0.388940066 0.419789851
1403636627963555584.000000 16.181459427 11.970862389 -42.720329285 -0.595576823 -0.584070861 -0.389215887 0.390718013
1403636628213555456.000000 16.210920334 11.993809700 -42.697586060 -0.594703376 -0.564640582 -0.408969045 0.400316566
1403636629513555456.000000 16.518285751 12.113288879 -42.579265594 -0.635612428 -0.516056716 -0.428329468 0.382382274
1403636629613555456.000000 16.553340912 12.127008438 -42.589401245 -0.645992219 -0.506599724 -0.431202680 0.374319553
1403636629813555456.000000 16.634294510 12.155436516 -42.627113342 -0.672406733 -0.488857329 -0.437995881 0.342121869
1403636630013555456.000000 16.723548889 12.194154739 -42.669013977 -0.692449570 -0.465160638 -0.449587256 0.319390744
1403636630613555456.000000 17.003536224 12.355464935 -42.632553101 -0.689271271 -0.446824104 -0.477896094 0.311237246
1403636633413555456.000000 17.903263092 13.432819366 -42.790252686 -0.625853479 -0.538314044 -0.422873646 0.373769134
1403636634713555456.000000 18.329036713 14.248064995 -42.833091736 -0.614606440 -0.534682870 -0.436739802 0.381616950
1403636634813555456.000000 18.364908218 14.313443184 -42.837680817 -0.612032592 -0.541206181 -0.431494147 0.382524341
1403636635213555456.000000 18.489416122 14.569734573 -42.819782257 -0.605028629 -0.559595704 -0.416691393 0.383616239
1403636635413555456.000000 18.543685913 14.700769424 -42.827800751 -0.609228671 -0.559399068 -0.406219065 0.388457477
1403636635513555456.000000 18.571300507 14.769865036 -42.826572418 -0.611041427 -0.557462275 -0.403562069 0.391154587
1403636635863555584.000000 18.681150436 15.015438080 -42.774288177 -0.612387598 -0.544839263 -0.405299217 0.404801458
1403636635963555584.000000 18.719821930 15.087883949 -42.746231079 -0.616754353 -0.543971300 -0.400212973 0.404399514
1403636636063555584.000000 18.762695312 15.160908699 -42.718750000 -0.618647039 -0.550015390 -0.398598582 0.394814163
1403636636163555584.000000 18.808139801 15.235760689 -42.692943573 -0.615708411 -0.554444492 -0.403257608 0.388430059
1403636636563555584.000000 18.989418030 15.530318260 -42.562480927 -0.588991404 -0.546820521 -0.440763682 0.399754912
1403636636763555584.000000 19.065635681 15.649528503 -42.532234192 -0.582280695 -0.554524839 -0.449990124 0.388536125
1403636637163555584.000000 19.144712448 15.839637756 -42.560173035 -0.595874369 -0.555242538 -0.425812215 0.394110978
1403636637413555456.000000 19.168951035 15.936736107 -42.587928772 -0.600850880 -0.560695052 -0.415547639 0.389768571
1403636637713555456.000000 19.191400528 16.065393448 -42.556556702 -0.601844549 -0.563429952 -0.410184205 0.389972717
1403636638013555456.000000 19.211021423 16.211099625 -42.481513977 -0.595716178 -0.560518384 -0.416407198 0.396921307
1403636638413555456.000000 19.233770370 16.395685196 -42.515598297 -0.604462564 -0.560536861 -0.401587933 0.398936957
1403636638613555456.000000 19.253057480 16.488327026 -42.556247711 -0.618055820 -0.566652656 -0.380811870 0.389735967
1403636638713555456.000000 19.269407272 16.542507172 -42.560565948 -0.612402976 -0.569413483 -0.388719171 0.386818290
1403636639063555584.000000 19.338474274 16.757995605 -42.520420074 -0.607062042 -0.556893945 -0.394815505 0.406774640
1403636639163555584.000000 19.363941193 16.824136734 -42.513690948 -0.610587478 -0.552730680 -0.389389068 0.412368804
1403636639263555584.000000 19.394248962 16.891326904 -42.522682190 -0.612791181 -0.551022589 -0.385984540 0.414580643
1403636639463555584.000000 19.470693588 17.028570175 -42.565868378 -0.603810012 -0.562241137 -0.399551183 0.399571240
1403636639963555584.000000 19.656934738 17.365144730 -42.675048828 -0.589934587 -0.559486508 -0.417117208 0.406159103
1403636640363555584.000000 19.781822205 17.596410751 -42.660396576 -0.572507143 -0.577357948 -0.408746988 0.414510936
1403636641163555584.000000 19.982976913 17.941053391 -42.690086365 -0.566043735 -0.587307870 -0.402401954 0.415616006
1403636642813555456.000000 20.270782471 18.304317474 -42.743579865 -0.612394750 -0.551067770 -0.415596902 0.385455966
1403636643613555456.000000 20.402654648 18.431373596 -42.737396240 -0.615967333 -0.554025888 -0.407319397 0.384357095
1403636643913555456.000000 20.470462799 18.514762878 -42.685478210 -0.618889987 -0.563584089 -0.398665935 0.374718070
1403636644213555456.000000 20.544097900 18.645280838 -42.672557831 -0.618107557 -0.562765181 -0.399722815 0.376111776
1403636644563555584.000000 20.645729065 18.842414856 -42.719104767 -0.614142358 -0.530837059 -0.406301260 0.419476599
1403636644713555456.000000 20.707641602 18.921178818 -42.767559052 -0.608990490 -0.533958316 -0.414698213 0.414782554
1403636645313555456.000000 20.979774475 19.188451767 -42.956691742 -0.629101396 -0.564453483 -0.391920447 0.363348603
1403636645613555456.000000 21.115890503 19.388153076 -42.989604950 -0.620899916 -0.556889713 -0.406724751 0.372736186
1403636646063555584.000000 21.317792892 19.768362045 -42.991256714 -0.623671114 -0.541051328 -0.414222687 0.383036971
1403636646213555456.000000 21.392517090 19.902286530 -42.961841583 -0.637744725 -0.515774250 -0.426123232 0.381677270
1403636646513555456.000000 21.565654755 20.149944305 -42.936824799 -0.666390359 -0.454508901 -0.470143497 0.358204812
1403636646963555584.000000 21.827474594 20.428846359 -42.851840973 -0.684491217 -0.431792676 -0.488256663 0.326546133
1403636647113555456.000000 21.906892776 20.502674103 -42.819778442 -0.688421667 -0.434443891 -0.484015673 0.321034282
1403636647413555456.000000 22.062868118 20.639230728 -42.789821625 -0.688227057 -0.435531855 -0.480496556 0.325236261
1403636647713555456.000000 22.218528748 20.749773026 -42.781330109 -0.682780087 -0.428563923 -0.485137135 0.338801265
1403636647863555584.000000 22.301094055 20.791833878 -42.767051697 -0.686402798 -0.428912163 -0.485525131 0.330380052
1403636648013555456.000000 22.384943008 20.822296143 -42.766349792 -0.694400072 -0.417023033 -0.491869301 0.319319576
1403636649363555584.000000 23.077302933 20.790300369 -42.814266205 -0.761156738 -0.286285520 -0.542301118 0.211164534
1403636649663555584.000000 23.212348938 20.774847031 -42.680740356 -0.758338809 -0.288115263 -0.541680336 0.220213905
1403636649813555456.000000 23.273479462 20.758689880 -42.617744446 -0.759273350 -0.277658463 -0.547499418 0.215995833
1403636649963555584.000000 23.329385757 20.737762451 -42.571750641 -0.759998500 -0.270692468 -0.552677453 0.208987072
1403636650313555456.000000 23.433776855 20.658758163 -42.548641205 -0.772469163 -0.233716950 -0.561757267 0.181924343
1403636651213555456.000000 23.568450928 20.370317459 -42.597976685 -0.796310902 -0.147611678 -0.575329542 0.114436395
1403636651513555456.000000 23.573209763 20.275707245 -42.547080994 -0.801057339 -0.156285033 -0.565667570 0.117908411
1403636652263555584.000000 23.514966965 19.956802368 -42.610473633 -0.811380982 -0.060306851 -0.578138113 0.061485004
1403636653013555456.000000 23.436594009 19.531385422 -42.681030273 0.831975579 -0.028917046 0.553919375 0.012404951
1403636653163555584.000000 23.455585480 19.452234268 -42.681503296 0.825797975 -0.023846786 0.563327372 0.012301814
1403636653663555584.000000 23.526805878 19.217834473 -42.662200928 0.812189043 -0.004784825 0.583370924 0.002102484
1403636653963555584.000000 23.537168503 19.097768784 -42.647315979 0.808156967 -0.001829106 0.588963926 -0.000631211
1403636654663555584.000000 23.447189331 18.828702927 -42.626308441 0.814413548 -0.075633585 0.573521018 0.045647811
1403636655413555456.000000 23.289131165 18.589654922 -42.651092529 0.794930398 -0.119272128 0.590387106 0.072821639
1403636655563555584.000000 23.236652374 18.547019958 -42.657463074 0.794964314 -0.134424895 0.585910857 0.081671886
1403636655963555584.000000 23.055826187 18.428857803 -42.732341766 0.800278187 -0.196640015 0.556149364 0.107636154
1403636656163555584.000000 22.965852737 18.355846405 -42.776111603 0.794439435 -0.219230145 0.552110970 0.126402453
1403636656363555584.000000 22.876596451 18.275608063 -42.777297974 0.795322180 -0.226984695 0.545202434 0.136728898
1403636656563555584.000000 22.799959183 18.185628891 -42.745376587 0.795978010 -0.225684136 0.544051528 0.139619946
1403636656863555584.000000 22.697420120 18.041439056 -42.711288452 0.780840337 -0.212877870 0.569045961 0.145458043
1403636656963555584.000000 22.659976959 17.995195389 -42.713928223 0.778446138 -0.209735781 0.573529899 0.145244941
1403636657263555584.000000 22.524744034 17.871652603 -42.748283386 0.777513981 -0.212372676 0.576929390 0.132372290
1403636657363555584.000000 22.470075607 17.833175659 -42.753940582 0.781004310 -0.214349657 0.572120190 0.129479885
1403636657663555584.000000 22.294387817 17.708761215 -42.781066895 0.791860521 -0.221253797 0.556103349 0.121461272
1403636657863555584.000000 22.176633835 17.611963272 -42.817001343 0.789996803 -0.230066225 0.555746734 0.118828386
1403636658063555584.000000 22.056768417 17.497110367 -42.845863342 0.792784750 -0.236765131 0.549020648 0.118368350
1403636658263555584.000000 21.934856415 17.362718582 -42.847667694 0.794986427 -0.227854252 0.545051038 0.137834847
1403636658363555584.000000 21.876792908 17.292713165 -42.852626801 0.795969963 -0.226000071 0.543068409 0.142942473
1403636658463555584.000000 21.821563721 17.222402573 -42.861686707 0.797282994 -0.224111691 0.540713131 0.147455886
1403636658663555584.000000 21.721950531 17.083803177 -42.886695862 0.798878729 -0.217004567 0.537895322 0.159281269
1403636658763555584.000000 21.678464890 17.018287659 -42.902923584 0.797576427 -0.214218199 0.539579272 0.163818985
1403636658963555584.000000 21.604345322 16.899328232 -42.942497253 0.789677739 -0.212918207 0.550673425 0.166834652
1403636659263555584.000000 21.504878998 16.754058838 -43.025917053 0.780680239 -0.217104852 0.563685894 0.160194233
1403636659363555584.000000 21.469438553 16.714778900 -43.051902771 0.784053624 -0.217905656 0.559046686 0.158883035
1403636659463555584.000000 21.434402466 16.678312302 -43.072269440 0.789895594 -0.218137965 0.550948322 0.157913879
1403636659763555584.000000 21.338867188 16.580581665 -43.116649628 0.786852598 -0.218593627 0.553880513 0.162161261
1403636659863555584.000000 21.310031891 16.554496765 -43.141300201 0.786100566 -0.219951391 0.554175436 0.162962899
1403636659963555584.000000 21.281188965 16.531961441 -43.172103882 0.789106369 -0.221862018 0.549021959 0.163288981
1403636660263555584.000000 21.207401276 16.477546692 -43.284118652 0.799775243 -0.227076724 0.531812370 0.161156476
1403636660463555584.000000 21.183212280 16.443788528 -43.349433899 0.810965359 -0.230175808 0.514245987 0.157814384
1403636660663555584.000000 21.191566467 16.407712936 -43.397968292 0.801179945 -0.224053919 0.529803813 0.164980069
1403636660813555456.000000 21.212879181 16.383861542 -43.446033478 0.790992677 -0.213848174 0.544961154 0.177811772
1403636661113555456.000000 21.269123077 16.374660492 -43.575923920 0.783615351 -0.214157939 0.556061924 0.175722539
1403636661513555456.000000 21.340335846 16.435199738 -43.726802826 0.781197488 -0.219992235 0.559909821 0.166838005
1403636661613555456.000000 21.353347778 16.460372925 -43.746307373 0.782371044 -0.222280949 0.558566928 0.162756920
1403636662013555456.000000 21.383842468 16.573961258 -43.748146057 0.776148379 -0.228671685 0.568490446 0.148733556
1403636662113555456.000000 21.381803513 16.603490829 -43.731910706 0.775974691 -0.227350876 0.568926811 0.149990842
1403636662913555456.000000 21.327341080 16.865907669 -43.769931793 0.788613737 -0.245265290 0.547016561 0.136770815
1403636663213555456.000000 21.311014175 16.920387268 -43.824478149 0.795331478 -0.254353583 0.535272241 0.127419487
1403636663613555456.000000 21.327178955 16.913839340 -43.913417816 0.813667774 -0.228704631 0.508640230 0.164085776
1403636663813555456.000000 21.384246826 16.901533127 -43.972015381 0.814296603 -0.216377079 0.508400917 0.177850157
1403636663913555456.000000 21.429378510 16.897455215 -43.991729736 0.811239600 -0.207769752 0.513882697 0.186135650
1403636664313555456.000000 21.694238663 16.952827454 -44.010715485 0.790264189 -0.201381415 0.551215529 0.176322535
1403636664413555456.000000 21.768136978 16.982643127 -44.030296326 0.788012147 -0.201150820 0.556310833 0.170568183
1403636664513555456.000000 21.840875626 17.017459869 -44.061195374 0.786740899 -0.199916169 0.559991062 0.165777877
1403636664613555456.000000 21.912477493 17.057044983 -44.093021393 0.785159349 -0.201376915 0.564496577 0.155935168
1403636664913555456.000000 22.109760284 17.194507599 -44.148014069 0.790211976 -0.194161579 0.562375009 0.146971941
1403636665013555456.000000 22.172719955 17.244499207 -44.152385712 0.794639289 -0.194199115 0.557304084 0.142293140
1403636665113555456.000000 22.232635498 17.296821594 -44.148571014 0.800253510 -0.194571048 0.550112426 0.138248861
1403636665463555584.000000 22.446617126 17.472351074 -44.106845856 0.796124816 -0.197160155 0.556882560 0.131130069
1403636665613555456.000000 22.532995224 17.542484283 -44.085357666 0.800151050 -0.189069569 0.550284863 0.145594105
1403636666663555584.000000 23.067710876 18.087795258 -44.015426636 0.792879105 -0.202766180 0.559483528 0.131174490
1403636667413555456.000000 23.333272934 18.367696762 -43.999313354 0.792167008 -0.187268779 0.563680649 0.140235499
1403636667713555456.000000 23.441160202 18.466661453 -44.032909393 0.804269373 -0.198557630 0.546729386 0.121707298
1403636668163555584.000000 23.611129761 18.588548660 -44.037902832 0.801746368 -0.199853212 0.548247159 0.129176125
1403636668463555584.000000 23.742658615 18.651086807 -44.092914581 0.801554918 -0.200954869 0.545060515 0.141548321
1403636668763555584.000000 23.893857956 18.717405319 -44.161647797 0.799540997 -0.199019164 0.545109153 0.154859930
1403636669213555456.000000 24.146089554 18.885025024 -44.200057983 0.785657346 -0.202175617 0.563719034 0.155204698
1403636669513555456.000000 24.293575287 19.044145584 -44.235164642 0.781353176 -0.202901542 0.569339633 0.155468702
1403636669663555584.000000 24.356113434 19.134447098 -44.262943268 0.773084998 -0.199259967 0.581006527 0.158324346
1403636669813555456.000000 24.408838272 19.234373093 -44.280704498 0.767167509 -0.202825025 0.589836776 0.149695367
1403636669963555584.000000 24.443799973 19.341554642 -44.284198761 0.768004358 -0.225259960 0.588710606 0.113345236
1403636670113555456.000000 24.456110001 19.438449860 -44.273193359 0.772645891 -0.233503267 0.582280993 0.097177535
1403636670413555456.000000 24.415916443 19.573530197 -44.240955353 0.762713909 -0.234588921 0.599887550 0.058057100
1403636670863555584.000000 24.148712158 19.544601440 -44.171772003 0.779332876 -0.169084340 0.603262305 -0.011191485
1403636672263555584.000000 22.689605713 17.926013947 -43.703536987 -0.857052922 -0.083298914 -0.508424103 0.005155033
1403636672863555584.000000 22.605735779 17.571111679 -43.659999847 -0.822884679 -0.068786651 -0.563044429 0.033319339
1403636673213555456.000000 22.589548111 17.487604141 -43.708114624 -0.829870403 -0.116652519 -0.542787671 0.055578675
1403636673363555584.000000 22.598854065 17.473991394 -43.702812195 -0.838974655 -0.130273655 -0.524968624 0.059649926
1403636673813555456.000000 22.723430634 17.531166077 -43.700778961 -0.813509464 -0.140133560 -0.559705377 0.072766759
1403636676713555456.000000 24.052358627 19.129419327 -44.185127258 -0.736462831 -0.370253503 -0.509706736 0.246442497
1403636676863555584.000000 24.107219696 19.258758545 -44.178329468 -0.734196126 -0.372406214 -0.501067638 0.266835004
1403636678663555584.000000 24.463798523 20.368246078 -44.198356628 -0.599689424 -0.556275666 -0.418757468 0.394426465
1403636679413555456.000000 24.435644150 20.614990234 -44.205123901 -0.482322842 -0.649369538 -0.346946061 0.474670768
1403636679863555584.000000 24.376316071 20.679426193 -44.132381439 -0.434250951 -0.682822704 -0.313953191 0.496601254
1403636680163555584.000000 24.350711823 20.684896469 -44.014503479 -0.411260039 -0.691475928 -0.343560457 0.484450787
1403636680463555584.000000 24.291582108 20.624490738 -43.930175781 -0.409589857 -0.696013451 -0.355733275 0.470377773
1403636680613555456.000000 24.238502502 20.570840836 -43.908630371 -0.415966094 -0.695585489 -0.353316188 0.467226684
1403636680763555584.000000 24.165815353 20.504003525 -43.898338318 -0.427837491 -0.691257119 -0.342257798 0.471145779
1403636681513555456.000000 23.735258102 20.184204102 -43.931056976 -0.443659157 -0.680746913 -0.320952922 0.486558855
1403636681663555584.000000 23.645603180 20.129156113 -43.924015045 -0.439935148 -0.682894707 -0.322574198 0.485857755
1403636682263555584.000000 23.276100159 19.862718582 -43.885303497 -0.439821213 -0.685376346 -0.311157286 0.489895701
1403636682863555584.000000 22.918279648 19.584197998 -43.867343903 -0.439643383 -0.677756429 -0.323185802 0.492859811
1403636683463555584.000000 22.557638168 19.247770309 -43.849266052 -0.440695465 -0.680723131 -0.317371309 0.491608739
1403636683613555456.000000 22.468984604 19.154039383 -43.869548798 -0.440082073 -0.682157815 -0.315472215 0.491391689
1403636683763555584.000000 22.382190704 19.058916092 -43.893852234 -0.442717880 -0.685471952 -0.309138089 0.488428950
1403636684063555584.000000 22.211967468 18.880336761 -43.897472382 -0.440799147 -0.687962711 -0.304755569 0.489415586
1403636684663555584.000000 21.904476166 18.538261414 -43.822036743 -0.434107304 -0.681694508 -0.301006913 0.506199837
1403636685113555456.000000 21.735017776 18.260560989 -43.864299774 -0.427924305 -0.688390970 -0.312562943 0.495280892
1403636685863555584.000000 21.458570480 17.752750397 -43.867797852 -0.433967769 -0.688034952 -0.321453363 0.484713972
1403636686163555584.000000 21.329206467 17.544832230 -43.909130096 -0.442469001 -0.686907470 -0.308323324 0.487151027
1403636688863555584.000000 20.486406326 16.195474625 -44.220283508 -0.425081611 -0.697264910 -0.314081639 0.484231353
1403636689163555584.000000 20.376594543 16.052543640 -44.264347076 -0.421493441 -0.705248594 -0.288886011 0.491439342
1403636689313555456.000000 20.318412781 15.987117767 -44.260856628 -0.418485701 -0.709661603 -0.280819386 0.492331952
1403636689463555584.000000 20.259117126 15.931480408 -44.238586426 -0.414850444 -0.711368203 -0.277881444 0.494607300
1403636689613555456.000000 20.201486588 15.880083084 -44.200378418 -0.415661275 -0.714060724 -0.272488296 0.493044883
1403636689763555584.000000 20.145009995 15.835933685 -44.162906647 -0.425228089 -0.715263426 -0.258911997 0.490452826
1403636690063555584.000000 20.039491653 15.799233437 -44.114528656 -0.435116380 -0.705488980 -0.251223296 0.499845922
1403636690213555456.000000 19.998952866 15.806230545 -44.100227356 -0.429561466 -0.711885273 -0.262605995 0.489626765
1403636690363555584.000000 19.959676743 15.829121590 -44.074241638 -0.426584661 -0.713149130 -0.269058228 0.486879319
1403636690513555456.000000 19.919223785 15.864126205 -44.043724060 -0.427991807 -0.709802985 -0.267924219 0.491140962
1403636690813555456.000000 19.848398209 15.966327667 -44.026691437 -0.444424301 -0.688002765 -0.243856147 0.519300997
1403636690963555584.000000 19.835414886 16.033060074 -44.054317474 -0.443676293 -0.672427177 -0.243650600 0.540025532
1403636691113555456.000000 19.853349686 16.108102798 -44.070930481 -0.435233235 -0.659582198 -0.252684534 0.558277607
1403636691263555584.000000 19.910099030 16.177602768 -44.067531586 -0.416031569 -0.661955953 -0.278225273 0.557963133
1403636691463555584.000000 20.029678345 16.242818832 -44.043048859 -0.405814081 -0.682911754 -0.288003176 0.534790397
1403636691763555584.000000 20.239871979 16.311708450 -43.952339172 -0.400547177 -0.705636680 -0.286959976 0.509208024
1403636691913555456.000000 20.346313477 16.339084625 -43.914337158 -0.401985556 -0.706045568 -0.283665627 0.509353697
1403636692063555584.000000 20.451919556 16.362848282 -43.885143280 -0.402716577 -0.698867917 -0.282557547 0.519195914
1403636692213555456.000000 20.558919907 16.383697510 -43.852142334 -0.399446756 -0.703190982 -0.289078087 0.512248635
1403636692363555584.000000 20.664600372 16.396635056 -43.803546906 -0.402650923 -0.703649759 -0.286407202 0.510607719
1403636692513555456.000000 20.768815994 16.404500961 -43.739471436 -0.401329070 -0.706737936 -0.291177094 0.504650831
1403636692663555584.000000 20.868194580 16.408571243 -43.661926270 -0.403678119 -0.705633402 -0.290652782 0.504625142
1403636692813555456.000000 20.964677811 16.409238815 -43.585563660 -0.398716807 -0.716041148 -0.300883710 0.487625837
1403636693113555456.000000 21.110219955 16.401758194 -43.463329315 -0.399980277 -0.718202531 -0.299246430 0.484409481
1403636693413555456.000000 21.199653625 16.390022278 -43.393325806 -0.412878186 -0.720499873 -0.276766270 0.483541131
1403636693763555584.000000 21.260452271 16.420629501 -43.353267670 -0.419635057 -0.727610230 -0.262971193 0.474695563
1403636694013555456.000000 21.275400162 16.489261627 -43.337646484 -0.407220274 -0.710212529 -0.278846085 0.502010703
1403636694363555584.000000 21.290103912 16.587703705 -43.319324493 -0.403507799 -0.706452191 -0.281564385 0.508751750
1403636694763555584.000000 21.307298660 16.684223175 -43.299049377 -0.406335026 -0.708850682 -0.280424386 0.503770530
1403636695163555584.000000 21.330003738 16.780717850 -43.343429565 -0.415827662 -0.703584194 -0.274510056 0.506656647
1403636695913555456.000000 21.404609680 16.953973770 -43.317733765 -0.412952125 -0.702984393 -0.293983579 0.498855889
1403636696263555584.000000 21.419380188 17.010490417 -43.366123199 -0.415929675 -0.709699273 -0.294826418 0.486216992
1403636696763555584.000000 21.413259506 17.056257248 -43.410461426 -0.417290151 -0.693535864 -0.297002375 0.506622791
1403636697263555584.000000 21.409955978 17.022771835 -43.434276581 -0.397791833 -0.706075788 -0.327413738 0.485817760
1403636699913555456.000000 20.572244644 16.413249969 -43.486572266 -0.727866232 -0.382115513 -0.487846434 0.293605864
1403636702063555584.000000 20.923244476 16.028614044 -43.801826477 -0.760654867 -0.304898381 -0.524694681 0.230513930
1403636702513555456.000000 21.047744751 15.957130432 -43.916328430 -0.785403371 -0.254369706 -0.534172058 0.181928426
1403636704163555584.000000 21.661504745 15.986276627 -44.244060516 -0.780463696 -0.250002950 -0.538554072 0.195791915
1403636704813555456.000000 21.946060181 16.009830475 -44.296447754 -0.794059753 -0.270178556 -0.515375197 0.175673351
1403636705013555456.000000 22.055011749 16.051103592 -44.329521179 -0.799044192 -0.274902046 -0.505940914 0.173150465
1403636705213555456.000000 22.183263779 16.118953705 -44.367877960 -0.785818517 -0.274661183 -0.524936497 0.177460819
1403636705413555456.000000 22.317432404 16.206943512 -44.388187408 -0.778181374 -0.273584992 -0.535537183 0.181066290
1403636705613555456.000000 22.448129654 16.307350159 -44.408264160 -0.784710169 -0.274311543 -0.526423037 0.178499281
1403636705813555456.000000 22.582754135 16.421939850 -44.445919037 -0.782118320 -0.270329028 -0.530728877 0.183139786
1403636706013555456.000000 22.720426559 16.544864655 -44.470493317 -0.777309120 -0.257619441 -0.536737502 0.203311950
1403636706413555456.000000 22.997714996 16.751815796 -44.506217957 -0.771601021 -0.272713780 -0.542003632 0.191026449
1403636706613555456.000000 23.128141403 16.847642899 -44.539550781 -0.773606181 -0.278975695 -0.538553953 0.183482081
1403636706813555456.000000 23.254671097 16.953699112 -44.546768188 -0.779180288 -0.279429197 -0.531493664 0.179755509
1403636707013555456.000000 23.380609512 17.072107315 -44.535865784 -0.780476332 -0.275204122 -0.532269061 0.178351134
1403636707213555456.000000 23.505807877 17.201608658 -44.519783020 -0.779197276 -0.269934326 -0.537623167 0.175921708
1403636707613555456.000000 23.747016907 17.493993759 -44.426536560 -0.785059094 -0.263494104 -0.533477426 0.172206163
1403636708013555456.000000 23.994966507 17.814567566 -44.394363403 -0.784943223 -0.257017344 -0.531154096 0.188895792
1403636708613555456.000000 24.400617599 18.264986038 -44.506767273 -0.775256515 -0.247838438 -0.539805353 0.214857548
1403636708813555456.000000 24.542545319 18.379423141 -44.531818390 -0.767840266 -0.262775004 -0.552737415 0.189346209
1403636709213555456.000000 24.771955490 18.593442917 -44.571762085 -0.766258240 -0.257523865 -0.562284291 0.174259290
1403636709413555456.000000 24.851898193 18.701709747 -44.561031342 -0.773391485 -0.259397745 -0.553720593 0.167248204
1403636709613555456.000000 24.915094376 18.816585541 -44.571632385 -0.775867641 -0.260767758 -0.550108790 0.165559158
1403636710813555456.000000 25.040203094 19.646726608 -44.760093689 -0.755347252 -0.300815105 -0.531481862 0.237671837
1403636711413555456.000000 25.025613785 19.978818893 -44.809837341 -0.722944677 -0.360948205 -0.531047523 0.255060762
1403636711813555456.000000 24.926662445 20.155931473 -44.780010223 -0.714738250 -0.351637393 -0.547444224 0.256525367
1403636712013555456.000000 24.840871811 20.219257355 -44.755771637 -0.730209649 -0.341650277 -0.528563917 0.265874356
1403636712413555456.000000 24.660921097 20.295640945 -44.651046753 -0.715299964 -0.369122237 -0.528671622 0.269445896
1403636712813555456.000000 24.438699722 20.317890167 -44.517112732 -0.693584740 -0.392289370 -0.525810003 0.297612518
1403636713263555584.000000 24.129728317 20.248353958 -44.424831390 -0.699548304 -0.399930477 -0.511267781 0.298819393
1403636713663555584.000000 23.841026306 20.131418228 -44.263187408 -0.710625887 -0.392962635 -0.498706609 0.303122014
1403636714063555584.000000 23.586748123 19.974073410 -44.161895752 -0.715673089 -0.389923722 -0.499036372 0.294506818
1403636714863555584.000000 23.200918198 19.611196518 -44.133514404 -0.701510191 -0.440353602 -0.468280435 0.307710201
1403636716413555456.000000 22.876405716 19.191373825 -43.946464539 -0.660821855 -0.476490051 -0.461036205 0.351734966
1403636716713555456.000000 22.837707520 19.063405991 -43.956260681 -0.655430257 -0.483350843 -0.461590052 0.351735592
1403636717213555456.000000 22.760028839 18.841344833 -43.979335785 -0.605617702 -0.545966566 -0.426606059 0.391350120
1403636717713555456.000000 22.661027908 18.610807419 -43.964309692 -0.583410501 -0.568232179 -0.425426304 0.394660473
1403636717963555584.000000 22.574163437 18.495903015 -43.987903595 -0.569746375 -0.583479464 -0.422397435 0.395627588
1403636718213555456.000000 22.450763702 18.381078720 -43.978542328 -0.548104346 -0.604484320 -0.396324486 0.420841277
1403636718763555584.000000 22.148237228 18.131202698 -44.064144135 -0.517011166 -0.633499980 -0.337780029 0.466135144
1403636718963555584.000000 22.057807922 18.052890778 -44.113029480 -0.500880182 -0.645657897 -0.345797122 0.461160779
1403636720263555584.000000 21.603786469 17.487945557 -44.201335907 -0.514267981 -0.635176539 -0.349281073 0.458347052
1403636720763555584.000000 21.506130219 17.296260834 -44.252490997 -0.514016211 -0.635492444 -0.345579654 0.460989624
1403636721613555456.000000 21.474527359 17.034364700 -44.263339996 -0.574911714 -0.574848354 -0.399651408 0.423443913
1403636722413555456.000000 21.480319977 16.757951736 -44.294166565 -0.579107881 -0.572384357 -0.408015460 0.412957102
1403636722913555456.000000 21.451772690 16.581134796 -44.316936493 -0.586355329 -0.565904260 -0.416676134 0.402890623
1403636723413555456.000000 21.399986267 16.401399612 -44.286998749 -0.589414239 -0.561564744 -0.419878721 0.401170611
1403636724863555584.000000 21.196517944 15.893360138 -44.261569977 -0.670768678 -0.466213912 -0.470050961 0.334314436
1403636726363555584.000000 21.033029556 15.595227242 -43.995113373 -0.665643036 -0.472057939 -0.465929121 0.342039108
1403636726813555456.000000 21.008213043 15.521777153 -43.932510376 -0.665683329 -0.464478314 -0.459579617 0.360433370
1403636728163555584.000000 20.896253586 15.179123878 -43.502838135 -0.649884939 -0.487389505 -0.470092416 0.345129251
1403636729013555456.000000 20.641349792 14.924455643 -43.414058685 -0.624120474 -0.516709328 -0.452672511 0.372253686
1403636729363555584.000000 20.529790878 14.795364380 -43.406093597 -0.614835083 -0.528561234 -0.443743259 0.381697297
1403636729713555456.000000 20.405286789 14.643790245 -43.384044647 -0.614754677 -0.529295325 -0.441102743 0.383863896
1403636730013555456.000000 20.295076370 14.506661415 -43.354900360 -0.621393263 -0.532106221 -0.433727622 0.377642393
1403636730263555584.000000 20.200763702 14.396669388 -43.361778259 -0.621959388 -0.533657789 -0.431510448 0.377060473
1403636731013555456.000000 19.947977066 14.175602913 -43.312602997 -0.636457920 -0.533240855 -0.408768862 0.378792316
1403636731763555584.000000 19.846836090 14.097705841 -43.317047119 -0.626801908 -0.522516072 -0.427055627 0.389512420
1403636732563555584.000000 19.852756500 13.975028992 -43.469886780 -0.602218688 -0.536242604 -0.457147121 0.375223905
1403636733063555584.000000 19.767902374 13.811498642 -43.438606262 -0.606112897 -0.532111883 -0.447860807 0.385881931
1403636734113555456.000000 19.418621063 13.346980095 -43.281021118 -0.610398054 -0.538642406 -0.437996387 0.381363153
1403636736863555584.000000 18.578430176 12.664025307 -42.933330536 -0.577032268 -0.573171020 -0.424216241 0.398182601
1403636737663555584.000000 18.292156219 12.551512718 -42.967342377 -0.583796263 -0.578809261 -0.392612278 0.412331730
1403636737913555456.000000 18.219259262 12.522454262 -42.925136566 -0.589380980 -0.575178027 -0.384862840 0.416750520
1403636740313555456.000000 18.410512924 12.469578743 -43.038181305 -0.722636282 -0.380272716 -0.511117935 0.268231362
1403636740713555456.000000 18.468921661 12.462488174 -43.165882111 -0.723002076 -0.379468620 -0.502728939 0.283787370
1403636741013555456.000000 18.513639450 12.444890022 -43.241386414 -0.715665638 -0.389555842 -0.509717107 0.276147485
1403636741263555584.000000 18.539556503 12.422593117 -43.345508575 -0.718290448 -0.375845462 -0.518408239 0.272125065
1403636741763555584.000000 18.561826706 12.365266800 -43.536720276 -0.742264986 -0.365387738 -0.497059226 0.261661351
1403636742513555456.000000 18.638319016 12.370635986 -43.691181183 -0.728968024 -0.379105985 -0.499918401 0.273798943
1403636743013555456.000000 18.693687439 12.413941383 -43.773292542 -0.722721398 -0.376822919 -0.506152272 0.281936586
1403636744763555584.000000 19.163246155 12.815576553 -44.540576935 -0.742381692 -0.318082482 -0.527356148 0.263796538
1403636746263555584.000000 19.470870972 12.932266235 -44.838111877 -0.738938630 -0.325340331 -0.546174526 0.223196745
1403636746863555584.000000 19.353235245 12.993795395 -44.780117035 -0.769085765 -0.321165651 -0.495805681 0.244001046
1403636747113555456.000000 19.323318481 13.028339386 -44.775379181 -0.758027256 -0.326671362 -0.508864462 0.244412661
1403636747363555584.000000 19.320196152 13.077235222 -44.717926025 -0.747395515 -0.331265688 -0.525507629 0.235594705
1403636747613555456.000000 19.310705185 13.136734009 -44.661590576 -0.751040578 -0.326946288 -0.524538636 0.232171163
1403636748113555456.000000 19.275474548 13.282692909 -44.498458862 -0.761767745 -0.298215628 -0.517134964 0.251691967
1403636749613555456.000000 19.383358002 13.518604279 -44.154552460 -0.754082799 -0.304243505 -0.541210651 0.214210078
1403636749863555584.000000 19.403724670 13.521366119 -44.098884583 -0.746833265 -0.302106708 -0.548506498 0.223857611
1403636750263555584.000000 19.383684158 13.508969307 -44.065174103 -0.744675457 -0.309275270 -0.543454349 0.233376846
1403636750663555584.000000 19.319665909 13.472274780 -43.932571411 -0.745383978 -0.322764009 -0.533273578 0.236316487
1403636750963555584.000000 19.262187958 13.441162109 -43.760486603 -0.745905221 -0.331254631 -0.528876960 0.232776657
1403636751363555584.000000 19.168983459 13.414466858 -43.557708740 -0.757841408 -0.328747332 -0.514572918 0.229818285
1403636751863555584.000000 19.087810516 13.406797409 -43.357654572 -0.760414541 -0.329207569 -0.499013990 0.253726572
1403636752363555584.000000 19.102277756 13.408850670 -43.186454773 -0.733849645 -0.354682714 -0.516853929 0.261776298
1403636752663555584.000000 19.114900589 13.418556213 -43.062427521 -0.710895360 -0.400580496 -0.500026047 0.290063888
1403636753913555456.000000 18.988931656 13.442101479 -42.979053497 -0.604615927 -0.544890940 -0.433204293 0.387127221
1403636754763555584.000000 18.706617355 13.350084305 -42.898479462 -0.583006680 -0.561266959 -0.431568801 0.398536116
1403636755263555584.000000 18.455671310 13.209869385 -42.903987885 -0.559658527 -0.588247597 -0.408474952 0.417007565
1403636755763555584.000000 18.173410416 13.050118446 -42.849628448 -0.567866385 -0.592934847 -0.399954379 0.407421798
1403636756163555584.000000 17.929573059 12.946589470 -42.841163635 -0.564657509 -0.586039364 -0.406197637 0.415599883
1403636756413555456.000000 17.772876740 12.882141113 -42.808944702 -0.562470675 -0.586005867 -0.407227874 0.417599529
1403636756663555584.000000 17.614110947 12.812302589 -42.805912018 -0.560961306 -0.586198568 -0.406194240 0.420356899
1403636757163555584.000000 17.296279907 12.626223564 -42.764751434 -0.559365809 -0.586595535 -0.403100520 0.424882978
1403636757413555456.000000 17.142509460 12.513389587 -42.767929077 -0.558236301 -0.590500593 -0.403256238 0.420791775
1403636757913555456.000000 16.810285568 12.299541473 -42.728118896 -0.555850923 -0.622548699 -0.369004756 0.409021378
1403636758163555584.000000 16.635129929 12.237330437 -42.657131195 -0.541848898 -0.612077892 -0.379116356 0.433625638
1403636758413555456.000000 16.466060638 12.175442696 -42.629703522 -0.543615758 -0.609495878 -0.374242604 0.439248443
1403636758613555456.000000 16.337816238 12.126696587 -42.640853882 -0.568509281 -0.615910292 -0.337694824 0.428268492
1403636758863555584.000000 16.206909180 12.109281540 -42.651695251 -0.555058181 -0.605811477 -0.360928595 0.441172838
1403636759263555584.000000 16.048580170 12.099599838 -42.707355499 -0.560091257 -0.586156785 -0.351628274 0.468055040
1403636759663555584.000000 15.998539925 12.074069023 -42.808307648 -0.538988888 -0.605408728 -0.379773647 0.445806414
1403636760063555584.000000 15.984689713 12.021207809 -42.842601776 -0.546071351 -0.614262819 -0.368945479 0.434012026
1403636760263555584.000000 15.978574753 11.998648643 -42.863647461 -0.545460761 -0.612236798 -0.371052980 0.435842276
1403636760463555584.000000 15.975808144 11.981624603 -42.890644073 -0.537589550 -0.606575489 -0.382190734 0.443839848
1403636760663555584.000000 15.973818779 11.956601143 -42.924411774 -0.541094542 -0.616379738 -0.376395494 0.430835307
1403636760863555584.000000 15.966814041 11.934026718 -42.951095581 -0.536299765 -0.618463337 -0.381669283 0.429201841
1403636761063555584.000000 15.950246811 11.911493301 -42.977485657 -0.539071739 -0.620170712 -0.376374066 0.427939922
1403636761263555584.000000 15.925098419 11.895076752 -43.004932404 -0.550178170 -0.629443109 -0.358892351 0.415092498
1403636761463555584.000000 15.894380569 11.899956703 -43.015586853 -0.543456256 -0.622925222 -0.368959814 0.424839079
1403636761713555456.000000 15.852504730 11.917209625 -43.012077332 -0.541267514 -0.607257724 -0.374614209 0.444895327
1403636761913555456.000000 15.826656342 11.925937653 -43.003437042 -0.547514141 -0.601392269 -0.366794646 0.451682806
1403636762163555584.000000 15.814066887 11.931451797 -42.982551575 -0.529875278 -0.618205786 -0.394602031 0.425843865
1403636762363555584.000000 15.790441513 11.931481361 -42.975429535 -0.543472469 -0.627387166 -0.376915455 0.411044836
1403636762513555456.000000 15.762022018 11.940585136 -42.989074707 -0.555792749 -0.616277635 -0.359846234 0.426388353
1403636762663555584.000000 15.734997749 11.957801819 -43.018020630 -0.562949955 -0.593971193 -0.348791122 0.456760645
1403636762813555456.000000 15.723591805 11.978486061 -43.063552856 -0.550731957 -0.599351108 -0.366207331 0.450959951
1403636763013555456.000000 15.744167328 11.958269119 -43.068775177 -0.556099892 -0.591417849 -0.381339520 0.442219466
1403636763463555584.000000 15.762653351 11.934464455 -43.085987091 -0.578463972 -0.561274946 -0.387412310 0.447506011
1403636763613555456.000000 15.763199806 11.927640915 -43.088466644 -0.578792691 -0.561006069 -0.387000620 0.447774261
1403636763763555584.000000 15.764332771 11.920196533 -43.089931488 -0.578761339 -0.561096549 -0.387168378 0.447556347
