1403636626113555456.000000 7.213017464 -3.794836283 -17.871652603 -0.551889718 -0.597031832 -0.382327765 0.439085692
1403636626213555456.000000 7.208600998 -3.781411409 -17.830982208 -0.555041730 -0.592664421 -0.377122402 0.445484251
1403636627463555584.000000 7.301995754 -3.796592474 -17.768331528 -0.544247985 -0.604742169 -0.381088674 0.439149618
1403636627713555456.000000 7.330572605 -3.817278624 -17.740585327 -0.560992301 -0.598453760 -0.381516784 0.426128745
1403636627963555584.000000 7.364202499 -3.830887794 -17.766946793 -0.585920274 -0.594057918 -0.382281750 0.397055924
1403636628363555584.000000 7.409587383 -3.785849094 -17.711748123 -0.586363792 -0.563369513 -0.403991371 0.419026673
1403636629663555584.000000 7.750237942 -3.653772593 -17.643959045 -0.644252300 -0.513989747 -0.425595403 0.373660415
1403636629763555584.000000 7.790309906 -3.638937950 -17.662900925 -0.657662809 -0.505831718 -0.429200023 0.356933206
1403636629963555584.000000 7.877924919 -3.600217581 -17.707374573 -0.681173325 -0.481876671 -0.441195369 0.330370188
1403636632513555456.000000 8.844232559 -2.723916769 -17.759967804 -0.674464464 -0.468817532 -0.466243833 0.328518838
1403636633913555456.000000 9.156196594 -2.032403469 -17.901088715 -0.629472673 -0.538924634 -0.410607666 0.380428433
1403636634813555456.000000 9.473931313 -1.413526297 -17.888383865 -0.603009045 -0.551418126 -0.424879104 0.389610052
1403636635213555456.000000 9.590740204 -1.151978612 -17.870344162 -0.595678568 -0.569698393 -0.410046995 0.390476972
1403636635413555456.000000 9.640875816 -1.018524528 -17.878295898 -0.599869788 -0.569578826 -0.399486333 0.395154387
1403636635513555456.000000 9.666304588 -0.948206484 -17.876979828 -0.601710260 -0.567675412 -0.396781296 0.397811562
1403636635713555456.000000 9.721194267 -0.809332490 -17.857055664 -0.602505326 -0.564378798 -0.397278279 0.400791734
1403636635813555456.000000 9.751675606 -0.735457063 -17.837348938 -0.602504373 -0.558091223 -0.398520231 0.408294410
1403636636013555456.000000 9.824260712 -0.586490989 -17.782293320 -0.609244347 -0.557114899 -0.391395748 0.406514198
1403636636113555456.000000 9.866418839 -0.511035740 -17.757062912 -0.608648837 -0.563604832 -0.393140137 0.396657407
1403636636513555456.000000 10.039658546 -0.205326408 -17.625392914 -0.581840634 -0.555466831 -0.431076437 0.408767968
1403636636613555456.000000 10.079566956 -0.138352096 -17.602087021 -0.577742159 -0.558240950 -0.436654270 0.404863119
1403636636813555456.000000 10.146898270 -0.021319943 -17.580970764 -0.570827842 -0.566683173 -0.445904016 0.392677218
1403636637263555584.000000 10.213913918 0.186721683 -17.628274918 -0.589987576 -0.567848742 -0.412863970 0.398755461
1403636637763555584.000000 10.247344971 0.399249464 -17.597782135 -0.591393948 -0.573518455 -0.403899491 0.397737235
1403636637863555584.000000 10.252841949 0.446764559 -17.571468353 -0.589217663 -0.572646320 -0.406196862 0.399878621
1403636638263555584.000000 10.269792557 0.639177620 -17.539669037 -0.583072662 -0.568556011 -0.412382901 0.408302248
1403636638513555456.000000 10.282264709 0.750782669 -17.589427948 -0.605995715 -0.574117064 -0.377753794 0.400575817
1403636638613555456.000000 10.292800903 0.797855020 -17.606485367 -0.608375847 -0.577150464 -0.373874038 0.396225214
1403636638713555456.000000 10.308012009 0.851800561 -17.610952377 -0.602602720 -0.579885840 -0.381893963 0.393394589
1403636638913555456.000000 10.343981743 0.971427798 -17.593667984 -0.593693912 -0.574765623 -0.393707126 0.402699262
1403636640563555584.000000 10.841704369 2.002869844 -17.708181381 -0.557046711 -0.593428850 -0.397699356 0.423528582
1403636641163555584.000000 10.971281052 2.264178514 -17.734855652 -0.555862546 -0.597425342 -0.394657463 0.422309518
1403636641763555584.000000 11.077523232 2.452004910 -17.801910400 -0.559382260 -0.592735529 -0.394636542 0.424285561
1403636642263555584.000000 11.165315628 2.566696167 -17.740257263 -0.573615730 -0.573707640 -0.410583317 0.416228116
1403636642613555456.000000 11.219842911 2.614611149 -17.759885788 -0.592856586 -0.559960723 -0.416019708 0.402358919
1403636643013555456.000000 11.275000572 2.659472466 -17.797674179 -0.605395198 -0.562140763 -0.405397326 0.391340703
1403636643113555456.000000 11.289831161 2.674238682 -17.790664673 -0.602248967 -0.558769166 -0.409913242 0.396288335
1403636643963555584.000000 11.451542854 2.865560293 -17.727367401 -0.609506369 -0.575783134 -0.390849143 0.379753679
1403636644413555456.000000 11.555686951 3.094197989 -17.734540939 -0.605622113 -0.552225888 -0.397969157 0.412175894
1403636644713555456.000000 11.660224915 3.260589600 -17.814258575 -0.599741399 -0.544774652 -0.406912953 0.421844333
1403636644863555584.000000 11.727957726 3.333986998 -17.877079010 -0.591898501 -0.555909634 -0.420319259 0.404910386
1403636645463555584.000000 11.986268044 3.631185293 -18.016517639 -0.613647699 -0.570653915 -0.394684345 0.376848549
1403636645763555584.000000 12.113735199 3.861086369 -18.062311172 -0.609176159 -0.567137361 -0.402079672 0.381564736
1403636646063555584.000000 12.240016937 4.126560211 -18.041460037 -0.613901436 -0.552378476 -0.407058924 0.390264183
1403636646213555456.000000 12.310048103 4.262765884 -18.011688232 -0.628327370 -0.527382910 -0.419030070 0.389211744
1403636646813555456.000000 12.645799637 4.715991020 -17.945436478 -0.672869861 -0.447434425 -0.481305540 0.339696407
1403636647113555456.000000 12.803857803 4.877616882 -17.871099472 -0.680289745 -0.447220236 -0.478008151 0.329709172
1403636647263555584.000000 12.879276276 4.949396610 -17.851009369 -0.682222962 -0.449650079 -0.474160701 0.327960968
1403636647563555584.000000 13.028827667 5.081825733 -17.839635849 -0.675746799 -0.444946557 -0.476614654 0.343841970
1403636647863555584.000000 13.187514305 5.179673672 -17.818834305 -0.678373694 -0.441550821 -0.479475588 0.339035720
1403636648013555456.000000 13.270421982 5.213315964 -17.818340302 -0.686618149 -0.429813832 -0.485999018 0.328055888
1403636649513555456.000000 14.034717560 5.205492020 -17.805252075 -0.757244706 -0.306032568 -0.532681704 0.221753642
1403636649663555584.000000 14.101277351 5.200102329 -17.731254578 -0.753016949 -0.301910400 -0.537598670 0.229789734
1403636649813555456.000000 14.163555145 5.186688423 -17.668645859 -0.754117012 -0.291415274 -0.543540120 0.225718349
1403636650113555456.000000 14.272130966 5.143931866 -17.600358963 -0.757100761 -0.276836753 -0.552002490 0.213197574
1403636651013555456.000000 14.452877998 4.872350216 -17.664854050 -0.794761181 -0.161001220 -0.571947813 0.123729706
1403636651163555584.000000 14.468265533 4.826959610 -17.649969101 -0.792826235 -0.161036432 -0.574536026 0.124106146
1403636651613555456.000000 14.480474472 4.685963631 -17.587461472 -0.794185340 -0.172237277 -0.567697704 0.131618336
1403636652013555456.000000 14.463794708 4.534389496 -17.607524872 -0.793728173 -0.131859571 -0.579028368 0.131662086
1403636653263555584.000000 14.416538239 3.835693359 -17.731922150 0.819469213 -0.004530012 0.573104739 0.000723286
1403636653713555456.000000 14.482104301 3.631349325 -17.698833466 -0.810800552 -0.011694257 -0.585138977 0.008838864
1403636653863555584.000000 14.490690231 3.570196867 -17.689180374 -0.807452559 -0.013940506 -0.589690208 0.009565384
1403636654213555456.000000 14.478336334 3.435812950 -17.715360641 -0.809051514 -0.002280390 -0.587595642 0.012723886
1403636654763555584.000000 14.392849922 3.222001791 -17.659048080 0.817215741 -0.072137944 0.570209146 0.042616054
1403636654863555584.000000 14.375518799 3.186755419 -17.652837753 0.817664266 -0.079903424 0.567976236 0.049432699
1403636655313555456.000000 14.290951729 3.042675257 -17.684936523 0.799507082 -0.095630884 0.589917421 0.060337532
1403636655813555456.000000 14.103227615 2.893468380 -17.731433868 0.807034373 -0.154755980 0.563531220 0.084727794
1403636655913555456.000000 14.059184074 2.860283375 -17.761688232 0.805744886 -0.172197148 0.559015453 0.092871293
1403636656113555456.000000 13.971959114 2.786165237 -17.814109802 0.799113333 -0.200417235 0.555513680 0.112496443
1403636656413555456.000000 13.844533920 2.660341501 -17.815721512 0.799929917 -0.212299034 0.546430826 0.128275678
1403636656513555456.000000 13.807818413 2.614026785 -17.799104691 0.800417602 -0.212025076 0.545605242 0.129197285
1403636656613555456.000000 13.773902893 2.566059828 -17.781364441 0.799363792 -0.209040686 0.547872961 0.130976349
1403636657013555456.000000 13.642457962 2.373068571 -17.761238098 0.781371772 -0.194684625 0.577640712 0.133743599
1403636657213555456.000000 13.555079460 2.287875414 -17.787515640 0.779823363 -0.196679160 0.581116617 0.124484196
1403636657313555456.000000 13.504454613 2.247253418 -17.795965195 0.783029079 -0.198231906 0.576896012 0.121493749
1403636657713555456.000000 13.279498100 2.072327852 -17.834068298 0.795196772 -0.206770658 0.558882356 0.112065218
1403636658213555456.000000 12.991184235 1.772428513 -17.892829895 0.798319697 -0.215433851 0.548684061 0.123368405
1403636658313555456.000000 12.934830666 1.700553536 -17.894809723 0.799424767 -0.211582616 0.546752989 0.131202072
1403636658413555456.000000 12.880978584 1.628458381 -17.902107239 0.800502658 -0.210156247 0.544717252 0.135325149
1403636658513555456.000000 12.830201149 1.556411028 -17.912462234 0.801824749 -0.207211927 0.542464256 0.140971258
1403636658713555456.000000 12.740685463 1.416921973 -17.939924240 0.802125871 -0.200671941 0.541581273 0.151706010
1403636658813555456.000000 12.701953888 1.351693988 -17.957159042 0.799873829 -0.196461335 0.544597507 0.158172011
1403636659013555456.000000 12.636067390 1.235652685 -18.000028610 0.791408718 -0.199559942 0.556759417 0.154489502
1403636659313555456.000000 12.541609764 1.093826652 -18.084600449 0.785867810 -0.202458575 0.564791620 0.149775892
1403636659413555456.000000 12.507924080 1.055005789 -18.107484818 0.790653288 -0.203085750 0.558103204 0.148810238
1403636659513555456.000000 12.475581169 1.018234372 -18.123018265 0.794610023 -0.202721462 0.552410960 0.149469480
1403636659913555456.000000 12.359131813 0.896138251 -18.198663712 0.790657043 -0.205780372 0.555906415 0.153245255
1403636660013555456.000000 12.332056999 0.874209583 -18.231546402 0.795084000 -0.208028302 0.548745632 0.153114334
1403636660113555456.000000 12.306756020 0.854831755 -18.267856598 0.799603105 -0.210253820 0.541455030 0.152494833
1403636660513555456.000000 12.250996590 0.785961151 -18.402452469 0.815174460 -0.214220449 0.517005265 0.149351105
1403636660663555584.000000 12.261450768 0.758677661 -18.439041138 0.805046022 -0.208803207 0.532935381 0.155827001
1403636660963555584.000000 12.309371948 0.725064158 -18.546184540 0.790637136 -0.193636149 0.554050088 0.174432099
1403636661263555584.000000 12.368407249 0.744305372 -18.685739517 0.785283506 -0.203423977 0.562404215 0.160156369
1403636661363555584.000000 12.384796143 0.761046410 -18.724060059 0.784236789 -0.204361945 0.563925564 0.158735275
1403636661463555584.000000 12.400174141 0.780942380 -18.754823685 0.784137070 -0.204615191 0.564147115 0.158112988
1403636661563555584.000000 12.413726807 0.804264069 -18.777818680 0.785290658 -0.205972344 0.562847078 0.155232400
1403636661963555584.000000 12.447374344 0.915859640 -18.794540405 0.780291915 -0.214022473 0.571084559 0.138569176
1403636662363555584.000000 12.422296524 1.032758117 -18.749822617 0.787411392 -0.203076154 0.560677171 0.156155527
1403636662763555584.000000 12.387180328 1.174249172 -18.782434464 0.791887462 -0.225693002 0.552037001 0.131270543
1403636662963555584.000000 12.373845100 1.233416677 -18.823226929 0.794730127 -0.230953872 0.546828508 0.126660898
1403636663363555584.000000 12.355428696 1.275292039 -18.885538101 0.806844592 -0.222549736 0.528368354 0.142478958
1403636663813555456.000000 12.433609962 1.257766485 -19.010240555 0.818008006 -0.200793773 0.511805177 0.169116303
1403636663913555456.000000 12.478551865 1.255056620 -19.030006409 0.814763308 -0.192217767 0.517469704 0.177308306
1403636664213555456.000000 12.666820526 1.291391969 -19.046079636 0.798593521 -0.184336051 0.545627952 0.174810693
1403636664413555456.000000 12.812131882 1.350746274 -19.068790436 0.791500151 -0.185969859 0.559505820 0.160922810
1403636664513555456.000000 12.883166313 1.387877941 -19.099752426 0.790199757 -0.184770644 0.563113272 0.156037673
1403636664813555456.000000 13.082366943 1.523362875 -19.176416397 0.792393029 -0.181228057 0.565395236 0.139992297
1403636665113555456.000000 13.262611389 1.679583907 -19.189857483 0.803393900 -0.179091603 0.553086042 0.128765017
1403636665213555456.000000 13.320818901 1.734399676 -19.179361343 0.805439532 -0.181143686 0.550700486 0.123219758
1403636665413555456.000000 13.440258026 1.837953448 -19.152538300 0.798443615 -0.184177488 0.561096549 0.117205501
1403636665513555456.000000 13.497668266 1.885880947 -19.139286041 0.801167607 -0.178620636 0.556905925 0.126810938
1403636666113555456.000000 13.835060120 2.211581469 -19.055006027 0.790063441 -0.193532854 0.569013178 0.120701641
1403636666363555584.000000 13.955084801 2.345903397 -19.058223724 0.786946118 -0.190717265 0.573565543 0.123957224
1403636666513555456.000000 14.015722275 2.423959255 -19.066617966 0.788904548 -0.193567574 0.571493983 0.116429858
1403636666663555584.000000 14.063814163 2.497898579 -19.058027267 0.796304464 -0.187165961 0.562205255 0.121628061
1403636667113555456.000000 14.207808495 2.698242903 -19.022130966 0.807529092 -0.195236012 0.547279716 0.101314671
1403636667863555584.000000 14.474201202 2.943289518 -19.070734024 0.805871189 -0.185883030 0.551307261 0.109907173
1403636668613555456.000000 14.785230637 3.125830173 -19.173578262 0.803719044 -0.187550381 0.548219085 0.135338098
1403636669063555584.000000 15.024468422 3.266880751 -19.243288040 0.792782366 -0.180852175 0.561768711 0.152330816
1403636669213555456.000000 15.102599144 3.338144541 -19.244005203 0.789113045 -0.187030867 0.566662252 0.145650849
1403636669363555584.000000 15.175077438 3.416867256 -19.256353378 0.788924575 -0.188291639 0.566495717 0.145694226
1403636669663555584.000000 15.303644180 3.594487190 -19.304939270 0.776615858 -0.184311077 0.583864391 0.148322627
1403636669813555456.000000 15.352800369 3.695823431 -19.322410583 0.770799100 -0.187937453 0.592509329 0.139574200
1403636670113555456.000000 15.393345833 3.900495529 -19.313093185 0.776887953 -0.218512326 0.584026515 0.087238185
1403636670413555456.000000 15.348298073 4.032296181 -19.281192780 0.766995490 -0.219713598 0.600972176 0.047710940
1403636670713555456.000000 15.196071625 4.043790817 -19.246013641 0.779082239 -0.181035459 0.600179613 0.006450410
1403636670913555456.000000 15.042219162 3.969672680 -19.204202652 0.782353818 -0.145190671 0.604728222 -0.033853751
1403636672263555584.000000 13.696052551 2.325459003 -18.744489670 -0.855517507 -0.099838920 -0.507867575 0.013873301
1403636672863555584.000000 13.624197960 1.967499256 -18.701276779 -0.821693540 -0.084742181 -0.561950624 0.043011092
1403636673663555584.000000 13.691046715 1.895283222 -18.734754562 -0.824300110 -0.155264139 -0.538930595 0.077304907
1403636674263555584.000000 13.887521744 2.113665104 -18.755239487 -0.807893872 -0.151218742 -0.562458813 0.089891717
1403636676563555584.000000 14.950450897 3.453617811 -19.217523575 -0.736620665 -0.375229061 -0.514560640 0.227641046
1403636676713555456.000000 15.003006935 3.581060410 -19.226848602 -0.729991674 -0.384286016 -0.504433453 0.254918158
1403636678113555456.000000 15.281201363 4.600036144 -19.291730881 -0.653280079 -0.492883891 -0.438518822 0.371472657
1403636678413555456.000000 15.328266144 4.731698990 -19.285017014 -0.620187402 -0.533558011 -0.429437697 0.382448405
1403636678713555456.000000 15.372871399 4.853164196 -19.238922119 -0.579947174 -0.577167928 -0.410000563 0.403036058
1403636679313555456.000000 15.347720146 5.056755543 -19.253509521 -0.486011416 -0.648697138 -0.354222298 0.466381371
1403636680363555584.000000 15.205196381 5.119357586 -19.005970001 -0.396913230 -0.698982418 -0.343323052 0.485811532
1403636680513555456.000000 15.166294098 5.075024128 -18.976137161 -0.398040414 -0.704702735 -0.348312408 0.472902238
1403636680963555584.000000 14.949506760 4.861489773 -18.954338074 -0.443013608 -0.691924810 -0.299010456 0.485357463
1403636681113555456.000000 14.867299080 4.786663532 -18.969007492 -0.451204836 -0.701362908 -0.288319677 0.470506251
1403636681263555584.000000 14.784548759 4.725564003 -18.983533859 -0.440341622 -0.699643433 -0.303268403 0.473947972
1403636682513555456.000000 14.046826363 4.165356636 -18.921661377 -0.432210207 -0.696664631 -0.299158186 0.488218397
1403636682813555456.000000 13.873067856 4.022349358 -18.924390793 -0.428735703 -0.685727298 -0.312227160 0.498475611
1403636683413555456.000000 13.523340225 3.681790590 -18.899368286 -0.428533375 -0.687996387 -0.310751468 0.496440977
1403636683563555584.000000 13.436609268 3.585612774 -18.917150497 -0.427933812 -0.688717782 -0.308037788 0.497647792
1403636683713555456.000000 13.352246284 3.487830877 -18.942022324 -0.429371834 -0.692138672 -0.303308666 0.494558066
1403636684013555456.000000 13.187885284 3.299065113 -18.957649231 -0.430049181 -0.696120799 -0.295722246 0.492972553
1403636684163555584.000000 13.107818604 3.212563992 -18.939041138 -0.426245391 -0.695378125 -0.296734095 0.496702164
1403636685513555456.000000 12.579492569 2.360857248 -18.895229340 -0.423378080 -0.697901487 -0.306331098 0.489740610
1403636685663555584.000000 12.525566101 2.257251024 -18.897331238 -0.426095158 -0.695864141 -0.305664301 0.490698904
1403636685813555456.000000 12.469368935 2.153638840 -18.911369324 -0.423322678 -0.695713699 -0.310515851 0.490265518
1403636688713555456.000000 11.579784393 0.606248021 -19.220766068 -0.414715767 -0.702321947 -0.308478177 0.489485502
1403636689013555456.000000 11.488797188 0.455975085 -19.297435760 -0.410564840 -0.709220946 -0.292880148 0.492608815
1403636689163555584.000000 11.433490753 0.383334875 -19.310590744 -0.409112096 -0.712894022 -0.279649496 0.496191084
1403636689463555584.000000 11.319968224 0.255474180 -19.284406662 -0.402361512 -0.718745828 -0.268693656 0.499312937
1403636689613555456.000000 11.263638496 0.202033430 -19.245985031 -0.403120071 -0.721499741 -0.263321400 0.497588485
1403636689763555584.000000 11.208368301 0.155855328 -19.208423615 -0.412662327 -0.722908080 -0.249673381 0.494749367
1403636689913555456.000000 11.153441429 0.125509679 -19.179815292 -0.421043009 -0.717368782 -0.240023479 0.500493348
1403636690063555584.000000 11.104407310 0.113966651 -19.158725739 -0.422770739 -0.713284373 -0.241806611 0.504003942
1403636690363555584.000000 11.023213387 0.141220689 -19.118492126 -0.414076120 -0.720792174 -0.259905040 0.491374582
1403636690513555456.000000 10.981434822 0.174933538 -19.087955475 -0.415507257 -0.717472911 -0.258667320 0.495658785
1403636690813555456.000000 10.907077789 0.274944067 -19.070909500 -0.432316989 -0.696008027 -0.234118238 0.523319662
1403636690963555584.000000 10.892024040 0.341359913 -19.098489761 -0.431832373 -0.680447519 -0.233599812 0.544006526
1403636691113555456.000000 10.907416344 0.417197734 -19.115015030 -0.423661709 -0.667455494 -0.242315859 0.562402844
1403636691263555584.000000 10.961964607 0.489210755 -19.111539841 -0.404438257 -0.669453204 -0.267875224 0.562587857
1403636691413555456.000000 11.047570229 0.543844223 -19.095897675 -0.392965555 -0.683822751 -0.280910403 0.546858311
1403636691713555456.000000 11.252390862 0.624307871 -19.012493134 -0.391101807 -0.710363567 -0.274175286 0.516963184
1403636691863555584.000000 11.358818054 0.658025920 -18.969331741 -0.388488293 -0.714304507 -0.275928706 0.512551785
1403636692013555456.000000 11.463429451 0.686979234 -18.938882828 -0.389583588 -0.707125187 -0.274151951 0.522531629
1403636692163555584.000000 11.569269180 0.712560534 -18.909799576 -0.387957275 -0.708715856 -0.277999192 0.519545376
1403636692313555456.000000 11.674287796 0.733184636 -18.867004395 -0.388330877 -0.711543560 -0.279113382 0.514782131
1403636692463555584.000000 11.778868675 0.745834649 -18.807596207 -0.390503138 -0.712733805 -0.278308749 0.511919975
1403636692613555456.000000 11.879558563 0.755213320 -18.734310150 -0.390210986 -0.713457823 -0.281504333 0.509380698
1403636693213555456.000000 12.186991692 0.757788301 -18.479993820 -0.390056968 -0.723949194 -0.285261571 0.492320061
1403636693663555584.000000 12.289392471 0.767935634 -18.409004211 -0.409490973 -0.738021255 -0.251427233 0.473736495
1403636693813555456.000000 12.304908752 0.796812832 -18.394903183 -0.404678494 -0.732851446 -0.257117540 0.482757479
1403636693963555584.000000 12.312073708 0.838119209 -18.385625839 -0.397164196 -0.721721768 -0.267019689 0.500078857
1403636694613555456.000000 12.332327843 1.013787270 -18.343715668 -0.393567353 -0.718647063 -0.269721419 0.505867183
1403636695363555584.000000 12.378268242 1.198103905 -18.385032654 -0.400372505 -0.711661398 -0.275757581 0.507146716
1403636695763555584.000000 12.417395592 1.293003798 -18.355291367 -0.398591071 -0.710660756 -0.285736650 0.504421473
1403636696363555584.000000 12.438593864 1.394170403 -18.426403046 -0.401011586 -0.710831702 -0.290033966 0.499788225
1403636696663555584.000000 12.430686951 1.424317598 -18.451480865 -0.404207915 -0.700426340 -0.288761646 0.512479901
1403636697663555584.000000 12.342846870 1.286952853 -18.394071579 -0.413365662 -0.706460416 -0.299254745 0.490396976
1403636700063555584.000000 11.606013298 0.730503559 -18.540378571 -0.724423289 -0.386410028 -0.487332463 0.297330290
1403636700813555456.000000 11.680840492 0.582933187 -18.779560089 -0.738320529 -0.344833136 -0.515590310 0.264838696
1403636701813555456.000000 11.911943436 0.403580099 -18.814064026 -0.739661872 -0.351219833 -0.512918353 0.257797867
1403636702263555584.000000 12.042351723 0.340546668 -18.874597549 -0.769143403 -0.285012037 -0.529281318 0.216905281
1403636703263555584.000000 12.365660667 0.322351605 -19.231300354 -0.780660748 -0.252834380 -0.533463717 0.205085695
1403636703663555584.000000 12.533036232 0.341566414 -19.250061035 -0.777467430 -0.266276062 -0.537068784 0.190259427
1403636704863555584.000000 13.047797203 0.399415880 -19.343690872 -0.790774465 -0.286618859 -0.508788288 0.183466479
1403636705063555584.000000 13.159838676 0.450597286 -19.380018234 -0.793430328 -0.292012930 -0.502759814 0.180081740
1403636705263555584.000000 13.288530350 0.529194117 -19.414808273 -0.776443303 -0.289529055 -0.527379155 0.187563539
1403636705463555584.000000 13.417711258 0.624580324 -19.431102753 -0.774600744 -0.288499683 -0.529908538 0.189627588
1403636705663555584.000000 13.544016838 0.732640326 -19.456007004 -0.780549288 -0.289459348 -0.521803796 0.186217248
1403636706063555584.000000 13.806812286 0.981533468 -19.510061264 -0.772843063 -0.268811405 -0.531614423 0.218724012
1403636706263555584.000000 13.942739487 1.092587471 -19.518697739 -0.767742991 -0.274974674 -0.537494481 0.214614630
1403636706463555584.000000 14.074976921 1.191393495 -19.554971695 -0.767112732 -0.290480226 -0.537037551 0.196850017
1403636706663555584.000000 14.199342728 1.292530298 -19.581993103 -0.769185007 -0.294274151 -0.534054339 0.191162750
1403636706863555584.000000 14.321000099 1.405941367 -19.582910538 -0.775475383 -0.293991536 -0.526374996 0.187446937
1403636707663555584.000000 14.787497520 1.974109411 -19.450008392 -0.782664835 -0.274849385 -0.526562870 0.186078161
1403636708063555584.000000 15.027310371 2.305572748 -19.441318512 -0.778754532 -0.273967296 -0.528816044 0.197070479
1403636708263555584.000000 15.150609016 2.468948126 -19.482818604 -0.773548186 -0.276228607 -0.533445358 0.201883733
1403636708463555584.000000 15.274076462 2.624501705 -19.531169891 -0.773812652 -0.261377752 -0.531071424 0.225519150
1403636709263555584.000000 15.761667252 3.100046635 -19.613386154 -0.763760984 -0.272412419 -0.556644082 0.180576906
1403636710063555584.000000 15.955921173 3.601562500 -19.656110764 -0.768544972 -0.280660033 -0.546442688 0.178798780
1403636710463555584.000000 15.970906258 3.899606228 -19.708311081 -0.767371356 -0.277687073 -0.537190616 0.213207468
1403636710863555584.000000 15.972108841 4.169319153 -19.821998596 -0.745371699 -0.325882643 -0.526387572 0.247260302
1403636711263555584.000000 15.965013504 4.392431259 -19.861713409 -0.719651103 -0.378146529 -0.524594545 0.252800405
1403636711663555584.000000 15.890419960 4.587563038 -19.843778610 -0.704718709 -0.366305739 -0.544629216 0.269389570
1403636711913555456.000000 15.795900345 4.676164627 -19.820459366 -0.716355741 -0.360949665 -0.533192158 0.268804550
1403636712313555456.000000 15.611582756 4.760795593 -19.733755112 -0.717751920 -0.367687434 -0.522216678 0.277358890
1403636712513555456.000000 15.514533997 4.782639503 -19.664283752 -0.700784922 -0.393621743 -0.523886085 0.281968057
1403636712913555456.000000 15.276519775 4.779405117 -19.547243118 -0.687976539 -0.408524066 -0.515482903 0.306714445
1403636713763555584.000000 14.682489395 4.544431210 -19.278409958 -0.707555950 -0.402211308 -0.489156485 0.313554764
1403636714163555584.000000 14.447376251 4.370244980 -19.196262360 -0.709141970 -0.402641743 -0.495368600 0.299344718
1403636715463555584.000000 13.956654549 3.871422529 -19.053651810 -0.648727179 -0.507611692 -0.438279748 0.359714329
1403636716313555456.000000 13.831266403 3.649686575 -19.005043030 -0.649079442 -0.489704549 -0.455718756 0.362223297
1403636716613555456.000000 13.796866417 3.519070625 -18.996826172 -0.651509643 -0.489775687 -0.456925660 0.356193662
1403636717313555456.000000 13.702160835 3.202520370 -19.021030426 -0.585690320 -0.568301022 -0.418716818 0.398342997
1403636717563555584.000000 13.661094666 3.085513353 -19.003883362 -0.571077645 -0.581874132 -0.422029257 0.396464676
1403636717813555456.000000 13.594828606 2.967981100 -19.025152206 -0.570175827 -0.582819283 -0.418729961 0.399858207
1403636718063555584.000000 13.496852875 2.849553108 -19.034242630 -0.549649954 -0.603155017 -0.408003032 0.409417331
1403636718313555456.000000 13.369574547 2.729927063 -19.028394699 -0.531330347 -0.620703518 -0.377299488 0.435959190
1403636718813555456.000000 13.106388092 2.499733686 -19.122325897 -0.502094686 -0.646100640 -0.329292089 0.471191823
1403636719213555456.000000 12.938915253 2.345229626 -19.174510956 -0.480108649 -0.653146565 -0.345954567 0.472451866
1403636721963555584.000000 12.514797211 1.282236934 -19.336477280 -0.570602179 -0.579750121 -0.403009802 0.419387728
1403636722463555584.000000 12.512168884 1.107113361 -19.337621689 -0.570106506 -0.581560016 -0.401726335 0.418786794
1403636723013555456.000000 12.483926773 0.905666888 -19.352510452 -0.577697694 -0.575387537 -0.407237798 0.411524087
1403636723263555584.000000 12.460479736 0.814044774 -19.330261230 -0.579056799 -0.573640168 -0.406049192 0.413224101
1403636724513555456.000000 12.308795929 0.345127821 -19.350025177 -0.652122021 -0.493565291 -0.455772996 0.351285219
1403636726313555456.000000 12.108682632 -0.053169571 -19.030164719 -0.658491492 -0.484125406 -0.458520144 0.348956853
1403636727813555456.000000 12.055810928 -0.381561220 -18.662500381 -0.642064929 -0.499562919 -0.461031377 0.354456961
1403636728513555456.000000 11.874176025 -0.572314858 -18.493242264 -0.649755776 -0.488279432 -0.452458650 0.366990179
1403636729013555456.000000 11.733757019 -0.736411572 -18.452415466 -0.615172565 -0.528252602 -0.445725858 0.379263103
1403636729363555584.000000 11.626410484 -0.869544625 -18.444913864 -0.605728805 -0.539874256 -0.436631054 0.388563871
1403636729613555456.000000 11.541662216 -0.978447974 -18.436878204 -0.604882956 -0.541209042 -0.435102284 0.389737636
1403636729963555584.000000 11.419104576 -1.141776681 -18.396034241 -0.611119568 -0.543381929 -0.428107321 0.384698778
1403636730213555456.000000 11.328302383 -1.256012797 -18.397897720 -0.613068640 -0.544618666 -0.424551636 0.383787960
1403636730713555456.000000 11.157250404 -1.447189689 -18.412885666 -0.620647132 -0.551906943 -0.410499334 0.376412362
1403636730963555584.000000 11.078907013 -1.499844313 -18.361404419 -0.625581503 -0.547875166 -0.403773248 0.381376088
1403636731213555456.000000 11.017414093 -1.529165626 -18.329095840 -0.623647094 -0.530455291 -0.409183711 0.402802974
1403636732513555456.000000 10.974111557 -1.700294495 -18.512479782 -0.597053468 -0.545347214 -0.445165098 0.384644926
1403636733913555456.000000 10.631609917 -2.272522688 -18.335418701 -0.606448472 -0.552438557 -0.422634512 0.385242730
1403636736363555584.000000 9.863312721 -2.999303341 -18.027259827 -0.588870943 -0.564649463 -0.412596703 0.405174136
1403636738163555584.000000 9.346017838 -3.241012096 -17.889965057 -0.578098476 -0.584236860 -0.383812904 0.420900524
1403636739113555456.000000 9.327987671 -3.243504286 -17.860321045 -0.658559680 -0.484159291 -0.435263097 0.377405643
1403636740263555584.000000 9.575615883 -3.267703056 -18.070455551 -0.717092276 -0.393023878 -0.505664766 0.274980128
1403636740563555584.000000 9.621887207 -3.268253326 -18.172130585 -0.715188384 -0.390630573 -0.501935720 0.289782614
1403636741363555584.000000 9.721364975 -3.324418783 -18.443817139 -0.719705820 -0.380797297 -0.507082820 0.282637596
1403636741863555584.000000 9.752589226 -3.376156330 -18.604156494 -0.731043756 -0.380677611 -0.497923642 0.269688040
1403636742363555584.000000 9.800816536 -3.373407364 -18.726505280 -0.727878332 -0.392844081 -0.489857852 0.275510609
1403636743613555456.000000 9.988087654 -3.227364540 -18.971914291 -0.740990758 -0.380791098 -0.484082699 0.267572224
1403636743863555584.000000 10.071318626 -3.149932384 -19.042564392 -0.733142495 -0.370319128 -0.502914548 0.269151896
1403636746063555584.000000 10.626356125 -2.790615320 -19.938470840 -0.734659970 -0.343690455 -0.534279525 0.238111615
1403636746313555456.000000 10.625345230 -2.768901825 -19.869550705 -0.728960097 -0.335454941 -0.548598826 0.234790444
1403636746613555456.000000 10.567608833 -2.744050026 -19.825073242 -0.742761850 -0.334372610 -0.528139293 0.239934966
1403636746863555584.000000 10.505409241 -2.717908382 -19.832677841 -0.763306558 -0.334497988 -0.491688818 0.252420992
1403636747113555456.000000 10.478517532 -2.681975365 -19.823907852 -0.752311945 -0.340005279 -0.504433095 0.252923757
1403636747363555584.000000 10.474967003 -2.632258892 -19.766164780 -0.741654396 -0.344422609 -0.521156192 0.244373053
1403636748163555584.000000 10.420478821 -2.414079905 -19.530004501 -0.758074403 -0.309394389 -0.510888636 0.261899084
1403636749363555584.000000 10.485757828 -2.189486027 -19.277847290 -0.754591346 -0.304936409 -0.528506935 0.241424978
1403636749913555456.000000 10.545313835 -2.182665586 -19.137218475 -0.739654541 -0.315205783 -0.545946658 0.235581771
1403636750213555456.000000 10.528643608 -2.194173813 -19.119312286 -0.737928092 -0.320299864 -0.541857123 0.243436098
1403636750613555456.000000 10.468777657 -2.231729269 -19.004623413 -0.740653574 -0.333846033 -0.528699934 0.245877147
1403636750913555456.000000 10.414605141 -2.263432980 -18.838804245 -0.740248501 -0.342840582 -0.524716973 0.243237913
1403636751913555456.000000 10.226748466 -2.309321165 -18.384117126 -0.754074156 -0.347237557 -0.494002134 0.258379757
1403636752213555456.000000 10.237648010 -2.312793732 -18.282230377 -0.741579771 -0.359353364 -0.505785346 0.255158395
1403636752563555584.000000 10.255426407 -2.297732115 -18.143886566 -0.711689591 -0.395388663 -0.503213882 0.289726764
1403636753063555584.000000 10.261954308 -2.291653156 -18.024555206 -0.656662822 -0.488277614 -0.468419313 0.333110034
1403636754663555584.000000 9.894312859 -2.351148605 -17.949663162 -0.582040250 -0.562279761 -0.432244956 0.397787482
1403636754963555584.000000 9.755917549 -2.422057152 -17.943349838 -0.557951450 -0.587112606 -0.411872655 0.417552412
1403636755463555584.000000 9.495979309 -2.593816757 -17.924369812 -0.557268322 -0.606955528 -0.388206780 0.412737787
1403636755963555584.000000 9.205934525 -2.745202065 -17.897951126 -0.556814849 -0.597336709 -0.396023661 0.419894427
1403636756313555456.000000 8.991218567 -2.841434956 -17.866254807 -0.554245949 -0.595248401 -0.398708671 0.423700750
1403636756563555584.000000 8.835231781 -2.914400339 -17.850282669 -0.551787972 -0.596199811 -0.399069548 0.425228566
1403636756813555456.000000 8.677735329 -2.997271538 -17.848917007 -0.549502075 -0.595410287 -0.398930222 0.429405183
1403636757063555584.000000 8.522822380 -3.097641468 -17.820896149 -0.549704731 -0.595844388 -0.395812571 0.431423962
1403636757563555584.000000 8.216630936 -3.332094431 -17.818798065 -0.547094882 -0.608311057 -0.391370595 0.421276540
1403636758013555456.000000 7.915232658 -3.512810707 -17.741554260 -0.539951146 -0.628675222 -0.364626497 0.424579650
1403636758413555456.000000 7.644406319 -3.615880251 -17.675186157 -0.533554852 -0.618660629 -0.366490453 0.445267409
1403636758613555456.000000 7.517446995 -3.668905258 -17.686693192 -0.558434010 -0.625368178 -0.330117583 0.433691829
1403636758863555584.000000 7.387234688 -3.691527128 -17.698926926 -0.545250535 -0.614954352 -0.352986813 0.447138965
1403636759313555456.000000 7.213922024 -3.709104776 -17.764867783 -0.551310658 -0.594546974 -0.341742277 0.475166023
1403636759513555456.000000 7.185561657 -3.720606327 -17.816480637 -0.537010610 -0.607502937 -0.362666994 0.459382743
1403636759913555456.000000 7.168744564 -3.765280008 -17.876430511 -0.529260695 -0.618241429 -0.370219558 0.447881967
1403636760113555456.000000 7.163480759 -3.795093298 -17.894897461 -0.537711442 -0.625450611 -0.359242588 0.436603606
1403636760513555456.000000 7.157286644 -3.833809137 -17.945791245 -0.527572870 -0.616986871 -0.374513209 0.448033392
1403636760713555456.000000 7.155502319 -3.859685898 -17.978786469 -0.531356394 -0.627741039 -0.367779255 0.433981687
1403636760913555456.000000 7.147061825 -3.881765366 -18.003932953 -0.524105370 -0.626837075 -0.376368433 0.436733007
1403636761113555456.000000 7.128468513 -3.905048609 -18.031557083 -0.532367229 -0.631043077 -0.363535553 0.431522459
1403636761313555456.000000 7.101925373 -3.918000698 -18.056644440 -0.540092885 -0.639340460 -0.351193130 0.419770181
1403636761563555584.000000 7.061270237 -3.905891180 -18.062429428 -0.528925180 -0.625456631 -0.368715733 0.439421177
1403636761713555456.000000 7.035539150 -3.896673203 -18.059455872 -0.531438172 -0.616207659 -0.366739184 0.450958937
1403636761863555584.000000 7.013966084 -3.890048027 -18.053537369 -0.537799895 -0.609714806 -0.358370006 0.458901018
1403636762013555456.000000 7.003362656 -3.885540247 -18.043346405 -0.532553732 -0.615317822 -0.367410511 0.450311005
1403636762213555456.000000 6.992252827 -3.883676052 -18.025552750 -0.520669162 -0.630106390 -0.386488616 0.427195579
1403636762363555584.000000 6.972441673 -3.884235144 -18.022167206 -0.533291221 -0.636339307 -0.369603872 0.417212009
1403636762513555456.000000 6.943623543 -3.876548290 -18.035747528 -0.545788586 -0.625418305 -0.352278650 0.432280630
1403636762663555584.000000 6.916077614 -3.861031294 -18.064836502 -0.553323507 -0.603210688 -0.340723366 0.462469041
1403636762813555456.000000 6.904236794 -3.841937304 -18.110830307 -0.541021585 -0.608389318 -0.358228654 0.456979603
1403636762963555584.000000 6.917995453 -3.855654478 -18.114837646 -0.534036040 -0.604312420 -0.375830680 0.456468225
1403636763113555456.000000 6.940743446 -3.878300428 -18.125701904 -0.559882581 -0.579161644 -0.380082875 0.454576999
1403636763263555584.000000 6.945802689 -3.884592533 -18.133220673 -0.569857776 -0.571917772 -0.378669202 0.452528328
1403636763563555584.000000 6.948928356 -3.901213646 -18.143686295 -0.569535196 -0.570608914 -0.379282653 0.454070389
1403636763713555456.000000 6.950963497 -3.912294626 -18.148355484 -0.569787383 -0.570390105 -0.378954053 0.454303116
