1403636626113555456.000000 0.305288136 1.359002590 0.927154422 -0.558441281 -0.591923177 -0.386552364 0.433990389
1403636626263555584.000000 0.300161421 1.378271461 0.984558940 -0.562430322 -0.586301684 -0.379975945 0.442199945
1403636627263555584.000000 0.377584696 1.368515611 0.988124073 -0.551443577 -0.604128182 -0.384634882 0.427779317
1403636627513555456.000000 0.399443090 1.351312518 1.044403195 -0.553288996 -0.598361790 -0.384808451 0.433309376
1403636627763555584.000000 0.429347396 1.328783274 1.054154277 -0.573107898 -0.592738867 -0.384924561 0.414778322
1403636628013555456.000000 0.462692082 1.320408344 1.031806111 -0.594874203 -0.586897314 -0.387811124 0.388945788
1403636629013555456.000000 0.646327257 1.423858881 1.134430528 -0.608657002 -0.560059190 -0.406260103 0.388359368
1403636629213555456.000000 0.703257382 1.434713006 1.161530018 -0.617439449 -0.551568925 -0.412601054 0.379869193
1403636629313555456.000000 0.732630849 1.444660664 1.170156240 -0.622033179 -0.542902052 -0.418186486 0.378750771
1403636629413555456.000000 0.762064397 1.457181811 1.173732042 -0.626155198 -0.533386230 -0.421572894 0.381713539
1403636629913555456.000000 0.954290330 1.530646563 1.101306081 -0.681935787 -0.480895936 -0.441075683 0.330386043
1403636630013555456.000000 0.999029100 1.551085234 1.083393812 -0.689838171 -0.470180571 -0.447145820 0.321113974
1403636630613555456.000000 1.276756883 1.714873433 1.120516777 -0.686888278 -0.451887906 -0.475425541 0.312973559
1403636630963555584.000000 1.425127029 1.830065846 1.150170207 -0.685565889 -0.456776530 -0.468000412 0.319890916
1403636633763555584.000000 2.239958763 2.991949320 0.898592353 -0.631786227 -0.539072692 -0.414298445 0.372295022
1403636634463555584.000000 2.475580215 3.452881336 0.918405473 -0.624184847 -0.531568289 -0.430011153 0.378046095
1403636634763555584.000000 2.590359449 3.659201145 0.908238411 -0.610124230 -0.542450845 -0.431556493 0.383737415
1403636634863555584.000000 2.624368906 3.724007845 0.906022787 -0.608387232 -0.548056781 -0.425882131 0.384867787
1403636634963555584.000000 2.656283855 3.788049459 0.910217404 -0.606238842 -0.554036200 -0.420767546 0.385322064
1403636635363555584.000000 2.768299103 4.046414852 0.917029083 -0.605504274 -0.563519537 -0.405286610 0.389298260
1403636635563555584.000000 2.821620941 4.182996750 0.920352936 -0.608493686 -0.561289251 -0.400113136 0.393191308
1403636635863555584.000000 2.914373398 4.394440174 0.968427896 -0.609521866 -0.549043477 -0.402309656 0.406425208
1403636635963555584.000000 2.951959848 4.467068195 0.996381879 -0.613893688 -0.548202336 -0.397223204 0.405983269
1403636636063555584.000000 2.993838549 4.540229321 1.023409843 -0.615650952 -0.554378867 -0.395767599 0.396239668
1403636636163555584.000000 3.038376808 4.615176201 1.048413277 -0.612627506 -0.558807611 -0.400518358 0.389880389
1403636636263555584.000000 3.084172249 4.691606998 1.079967856 -0.604720771 -0.558220446 -0.411956906 0.391144872
1403636636563555584.000000 3.215727568 4.910282135 1.177966356 -0.585969090 -0.550944805 -0.437814593 0.401769131
1403636636763555584.000000 3.289929152 5.029959202 1.207241893 -0.579199910 -0.558598161 -0.447098911 0.390638083
1403636637063555584.000000 3.353368282 5.174306393 1.191134572 -0.587472141 -0.559541762 -0.431841016 0.394084901
1403636637463555584.000000 3.392381191 5.341763973 1.153423309 -0.597844839 -0.566552877 -0.411522835 0.390190065
1403636637863555584.000000 3.418079138 5.518136978 1.220515013 -0.595547140 -0.566919267 -0.410143793 0.394598931
1403636638113555456.000000 3.431868792 5.641094208 1.263039708 -0.590774775 -0.563431382 -0.415241748 0.401378334
1403636638413555456.000000 3.446729660 5.777025700 1.223664880 -0.601328075 -0.564941049 -0.398615599 0.400439590
1403636638513555456.000000 3.454010963 5.822545052 1.200348735 -0.612441182 -0.568114817 -0.381811976 0.395450354
1403636638613555456.000000 3.465262651 5.869497299 1.182945967 -0.614927053 -0.571056068 -0.377865225 0.391123474
1403636638813555456.000000 3.498915434 5.982048035 1.183084369 -0.603037179 -0.572367370 -0.394259393 0.391537130
1403636639213555456.000000 3.585431337 6.237631321 1.220634699 -0.608860791 -0.555654824 -0.384230882 0.415815949
1403636639313555456.000000 3.617959261 6.305370331 1.204570532 -0.608056009 -0.557514071 -0.385667205 0.413166791
1403636639413555456.000000 3.655896664 6.373710155 1.181662560 -0.603254139 -0.563732862 -0.392725825 0.405038506
1403636640813555456.000000 4.095447540 7.182756901 1.052274108 -0.562864780 -0.590810955 -0.398775995 0.418453485
1403636641813555456.000000 4.286897182 7.516878128 0.981761813 -0.565758169 -0.586385131 -0.400162369 0.419452369
1403636643163555584.000000 4.501096249 7.729794979 0.990104675 -0.607362986 -0.550704837 -0.415892243 0.393532842
1403636643613555456.000000 4.580348492 7.806377888 0.994319201 -0.612602413 -0.558365881 -0.404657274 0.386262000
1403636644063555584.000000 4.681585312 7.949132442 1.059637427 -0.616255164 -0.570160151 -0.394496232 0.373523355
1403636644163555584.000000 4.705374241 7.995308876 1.060220242 -0.615947485 -0.570180178 -0.395088047 0.373374879
1403636644563555584.000000 4.814410210 8.216049194 1.015644312 -0.611129701 -0.535152376 -0.403287560 0.421297669
1403636644663555584.000000 4.853077412 8.269132614 0.984661460 -0.608992577 -0.535295427 -0.406869322 0.420766205
1403636645313555456.000000 5.140256882 8.557829857 0.779588759 -0.625661612 -0.568986893 -0.389167845 0.365171015
1403636645713555456.000000 5.317545891 8.834596634 0.728685975 -0.615806758 -0.561003625 -0.406282544 0.375488520
1403636645863555584.000000 5.381952763 8.960542679 0.716957152 -0.616541564 -0.559880495 -0.405112177 0.377219468
1403636646013555456.000000 5.446599960 9.093154907 0.733716130 -0.617556810 -0.551658273 -0.409421921 0.382975817
1403636646313555456.000000 5.593778610 9.357753754 0.785832107 -0.647115827 -0.498091131 -0.434750348 0.379655868
1403636646613555456.000000 5.767362595 9.587037086 0.802839875 -0.668645978 -0.448817164 -0.478545278 0.349957347
1403636646763555584.000000 5.854331970 9.683579445 0.826204181 -0.676940024 -0.441658914 -0.483665675 0.335793406
1403636647063555584.000000 6.017496109 9.847078323 0.902666211 -0.683718741 -0.437776774 -0.484340161 0.326029003
1403636647363555584.000000 6.171985149 9.986692429 0.939133406 -0.686303198 -0.440775216 -0.477903932 0.326056808
1403636647513555456.000000 6.247050762 10.049740791 0.942145884 -0.682875693 -0.438669562 -0.479445457 0.333739221
1403636647813555456.000000 6.403887749 10.148818016 0.959722519 -0.681579411 -0.434610754 -0.483295649 0.336137295
1403636648113555456.000000 6.569821835 10.206409454 0.953153074 -0.701363802 -0.407008708 -0.495783985 0.310855329
1403636649313555456.000000 7.178716183 10.173160553 0.898748100 -0.759265304 -0.289807618 -0.541864276 0.214268401
1403636649463555584.000000 7.249630928 10.168039322 0.953295887 -0.761438608 -0.295884818 -0.535553336 0.214117020
1403636649763555584.000000 7.379148006 10.148921013 1.091915250 -0.757075071 -0.285564989 -0.544123173 0.221855775
1403636650063555584.000000 7.488624573 10.107068062 1.173623443 -0.759206057 -0.271915466 -0.553198755 0.208900243
1403636651163555584.000000 7.686748505 9.777854919 1.126734018 -0.794581771 -0.151684493 -0.576084793 0.117294937
1403636651463555584.000000 7.694937706 9.684418678 1.179753780 -0.800970078 -0.159749046 -0.564344227 0.120178781
1403636651813555456.000000 7.689714432 9.573532104 1.190340042 -0.792611778 -0.153938130 -0.574483991 0.134305447
1403636652563555584.000000 7.581849575 9.177664757 1.045772433 0.829852045 -0.006225104 0.557838202 -0.011113524
1403636653163555584.000000 7.593560219 8.850582123 1.053801417 0.826152265 -0.018229976 0.563079476 0.009039426
1403636653463555584.000000 7.643200874 8.703523636 1.042330384 0.814044356 -0.005090643 0.580766857 0.003964648
1403636653763555584.000000 7.675143719 8.573264122 1.081457138 -0.809254169 -0.002612029 -0.587446511 0.002751529
1403636654313555456.000000 7.653925419 8.361002922 1.057142854 0.809748352 -0.015903778 0.586551189 0.003532510
1403636654763555584.000000 7.576391697 8.190035820 1.116360784 0.816239834 -0.081587672 0.569806159 0.049162779
1403636655163555584.000000 7.507247448 8.058711052 1.108462453 0.802866340 -0.098661765 0.584164500 0.066509143
1403636655363555584.000000 7.462893963 7.998687267 1.084882259 0.797033310 -0.109147511 0.590062499 0.068197913
1403636655513555456.000000 7.416506767 7.954899311 1.073693991 0.794352531 -0.122434564 0.590181112 0.075499602
1403636655913555456.000000 7.240399837 7.837425232 1.012965560 0.803629160 -0.181590840 0.557995856 0.099224925
1403636656113555456.000000 7.152001858 7.766221046 0.960276067 0.796648622 -0.209841207 0.554247975 0.118856795
1403636656413555456.000000 7.022715092 7.643896103 0.958285630 0.797315955 -0.221664920 0.545041561 0.134468436
1403636656513555456.000000 6.985075951 7.598688602 0.974855900 0.797787666 -0.221355185 0.544244945 0.135404274
1403636656613555456.000000 6.950167179 7.551815510 0.992540240 0.796753466 -0.218420148 0.546483099 0.137232229
1403636657113555456.000000 6.773221970 7.321935177 0.999802172 0.777614057 -0.204567358 0.578706920 0.136260703
1403636657613555456.000000 6.504324436 7.122555733 0.955739975 0.793035388 -0.215986580 0.557176411 0.118317924
1403636657913555456.000000 6.329628468 6.975335598 0.902384162 0.792077363 -0.228598461 0.554581106 0.113119952
1403636658013555456.000000 6.271415234 6.917379856 0.887962222 0.793175995 -0.232201442 0.551637530 0.112474717
1403636658113555456.000000 6.211682320 6.853793144 0.883109391 0.794614673 -0.229095027 0.549126565 0.120677345
1403636658213555456.000000 6.152162552 6.785956860 0.883764803 0.795672357 -0.225406304 0.547050953 0.129741356
1403636658413555456.000000 6.039080620 6.645694256 0.873772979 0.797897398 -0.220240429 0.542920172 0.141745359
1403636658613555456.000000 5.938340664 6.505677223 0.850652874 0.800073981 -0.212816268 0.539200902 0.154445425
1403636658713555456.000000 5.893792152 6.438594818 0.835716963 0.799639821 -0.210705400 0.539631844 0.158040479
1403636658813555456.000000 5.853359222 6.374574184 0.818525493 0.797457874 -0.206449002 0.542558074 0.164531514
1403636659113555456.000000 5.753392220 6.209399700 0.749523282 0.784556806 -0.210803270 0.561120391 0.158671394
1403636659213555456.000000 5.720372677 6.163253307 0.719326258 0.782083690 -0.211493626 0.564631522 0.157501772
1403636659413555456.000000 5.651595116 6.083557606 0.668451667 0.788131356 -0.212872431 0.556266129 0.155249521
1403636659513555456.000000 5.618618488 6.047748566 0.652741373 0.792108417 -0.212669536 0.550513208 0.155792415
1403636660163555584.000000 5.434010506 5.879444122 0.487802804 0.798720181 -0.220589593 0.536855876 0.158657491
1403636660263555584.000000 5.413915634 5.861776829 0.448487014 0.800979614 -0.221765041 0.533186972 0.157998562
1403636660713555456.000000 5.405970097 5.783857822 0.322796643 0.798270881 -0.215802863 0.537400067 0.165511295
1403636660813555456.000000 5.421306610 5.768776417 0.289824277 0.792204022 -0.208443895 0.546310365 0.174668312
1403636660913555456.000000 5.438457966 5.759078503 0.251319945 0.789226532 -0.202852532 0.550421417 0.181682825
1403636661313555456.000000 5.516267776 5.781827927 0.072321810 0.782041013 -0.213605925 0.561563313 0.165623575
1403636661613555456.000000 5.560319901 5.845762253 -0.007636499 0.783711612 -0.216791421 0.559772611 0.159538001
1403636661713555456.000000 5.571372509 5.873397827 -0.019547578 0.782479823 -0.217020616 0.561777771 0.158218727
1403636662113555456.000000 5.587609291 5.988115788 0.005246783 0.777250290 -0.221933901 0.570144415 0.146842688
1403636662413555456.000000 5.561090946 6.079761505 0.028337287 0.786804438 -0.213026583 0.555653214 0.163731575
1403636663013555456.000000 5.522118568 6.274339676 -0.055164516 0.793423712 -0.243321568 0.542566836 0.129978985
1403636663413555456.000000 5.508370399 6.303521156 -0.116984256 0.807285964 -0.228666663 0.521835625 0.153910831
1403636663513555456.000000 5.513584137 6.300645828 -0.143554389 0.812408626 -0.224612251 0.513865292 0.159637481
1403636663913555456.000000 5.629008293 6.283050060 -0.249355674 0.812469900 -0.202379420 0.515083194 0.183369830
1403636664213555456.000000 5.817616940 6.314982891 -0.265358537 0.796368539 -0.194287047 0.543324590 0.181240097
1403636664313555456.000000 5.890630245 6.339971066 -0.268341839 0.791503429 -0.195991576 0.552359462 0.173230261
1403636664413555456.000000 5.963167191 6.370444775 -0.287753373 0.789273679 -0.195752919 0.557385623 0.167478845
1403636664513555456.000000 6.034530163 6.405834675 -0.318505913 0.787999570 -0.194455326 0.561068058 0.162623942
1403636664613555456.000000 6.104714870 6.445850372 -0.350228608 0.786452651 -0.195854932 0.565492570 0.152811214
1403636665013555456.000000 6.358549118 6.635446548 -0.410721064 0.795668721 -0.188539118 0.558510482 0.139393061
1403636665113555456.000000 6.417598724 6.687945366 -0.406902313 0.801276088 -0.188847050 0.551314712 0.135445863
1403636665213555456.000000 6.476977348 6.741050720 -0.396440327 0.803227723 -0.190965489 0.549079657 0.129880980
1403636665963555584.000000 6.919514179 7.120845318 -0.288976431 0.789085329 -0.197935179 0.566225827 0.132492781
1403636666113555456.000000 7.002810478 7.203405857 -0.274637878 0.787650764 -0.203186408 0.567512810 0.127478629
1403636666413555456.000000 7.147754669 7.360182285 -0.281482577 0.784640968 -0.202195197 0.571994662 0.127584830
1403636666563555584.000000 7.205778599 7.435215473 -0.285940439 0.788616538 -0.201996624 0.567326009 0.124187596
1403636667463555584.000000 7.515938282 7.782098770 -0.267448395 0.795486927 -0.181195542 0.561780751 0.137008339
1403636667813555456.000000 7.640070915 7.897698879 -0.289937794 0.804136932 -0.194681048 0.549351335 0.116945848
1403636668113555456.000000 7.750918388 7.977728367 -0.290300548 0.802899003 -0.195187315 0.549684227 0.122891828
1403636669163555584.000000 8.265420914 8.270092964 -0.461304247 0.787854075 -0.195446834 0.563524365 0.153384551
1403636669313555456.000000 8.341141701 8.343795776 -0.468674242 0.786292076 -0.196934685 0.565252662 0.153136820
1403636669463555584.000000 8.411929131 8.424156189 -0.488817364 0.784026384 -0.198104307 0.568236470 0.152199224
1403636669763555584.000000 8.533403397 8.607779503 -0.535846770 0.769647241 -0.192534909 0.588666439 0.155065641
1403636669913555456.000000 8.573818207 8.713922501 -0.544353604 0.768145442 -0.213463888 0.591558218 0.120186426
1403636670063555584.000000 8.592556000 8.814631462 -0.538105369 0.772788227 -0.226546258 0.584490180 0.099229217
1403636670363555584.000000 8.566390038 8.962182045 -0.502867699 0.763107359 -0.231207609 0.600415587 0.060921088
1403636670563555584.000000 8.490508080 9.004705429 -0.491563529 0.769819260 -0.216397077 0.599577129 0.032525219
1403636670913555456.000000 8.244940758 8.922978401 -0.423428118 0.780426741 -0.154735520 0.605203211 -0.026836108
1403636671563555584.000000 7.472658157 8.194969177 -0.189863250 -0.826675951 -0.043220803 -0.559327960 0.043487467
1403636672013555456.000000 6.992986202 7.591813087 -0.072419144 -0.859081209 -0.076081209 -0.504847348 0.036337212
1403636672463555584.000000 6.815108299 7.155717373 0.112117209 -0.840763569 -0.100371741 -0.531920850 -0.010119444
1403636673663555584.000000 6.849236488 6.893227100 0.042813502 -0.825948834 -0.145082131 -0.540094078 0.071121313
1403636674013555456.000000 6.967104435 6.993574619 0.038206685 -0.811289072 -0.147533491 -0.560694456 0.075270802
1403636676963555584.000000 8.279911995 8.743762970 -0.430635780 -0.730130851 -0.378859848 -0.496396869 0.277424365
1403636677113555456.000000 8.334348679 8.865283012 -0.443843871 -0.724681199 -0.386981130 -0.501655698 0.270969272
1403636679463555584.000000 8.545426369 10.019120216 -0.458251089 -0.470593184 -0.658166826 -0.336006492 0.482139260
1403636679913555456.000000 8.490296364 10.077387810 -0.372053772 -0.424664676 -0.685830534 -0.315162152 0.499969333
1403636680363555584.000000 8.434820175 10.047240257 -0.209295496 -0.405162394 -0.694481313 -0.348498106 0.481755346
1403636680663555584.000000 8.335906982 9.944687843 -0.161957011 -0.414040118 -0.697459161 -0.348975658 0.469401211
1403636680813555456.000000 8.259340286 9.873523712 -0.154520303 -0.429875106 -0.691411376 -0.331638902 0.476627111
1403636681213555456.000000 8.037491798 9.680828094 -0.183207110 -0.454116911 -0.696522892 -0.301120996 0.466861814
1403636681363555584.000000 7.950940132 9.628326416 -0.192021847 -0.442412972 -0.689362645 -0.316590905 0.478351444
1403636681663555584.000000 7.774027824 9.518717766 -0.182285056 -0.436111212 -0.685730815 -0.319192797 0.487540990
1403636682113555456.000000 7.501637459 9.326559067 -0.167556703 -0.431883514 -0.685988426 -0.314541250 0.493923366
1403636682863555584.000000 7.058909416 8.971407890 -0.125413179 -0.435785145 -0.680630088 -0.319836766 0.494508326
1403636683013555456.000000 6.973058701 8.895663261 -0.108553328 -0.433027297 -0.682798922 -0.326777458 0.489376605
1403636683463555584.000000 6.705326557 8.633887291 -0.107448526 -0.436751425 -0.683591485 -0.314074934 0.493262500
1403636683613555456.000000 6.618021965 8.540193558 -0.127738833 -0.436194360 -0.685001373 -0.312123895 0.493037879
1403636683763555584.000000 6.532687664 8.445055962 -0.152132183 -0.438944429 -0.688262999 -0.305750668 0.490039229
1403636684363555584.000000 6.206903934 8.099225044 -0.100177705 -0.429898322 -0.688665688 -0.302786082 0.499247104
1403636684813555456.000000 6.002092838 7.837861061 -0.087768994 -0.429493517 -0.683830976 -0.297822803 0.509128749
1403636685013555456.000000 5.932160854 7.714189053 -0.113619253 -0.423841596 -0.689371884 -0.307054728 0.500841498
1403636685913555456.000000 5.612741947 7.112358570 -0.129732117 -0.430643231 -0.690809190 -0.316719860 0.486844510
1403636688463555584.000000 4.793883801 5.785222530 -0.355766654 -0.431190223 -0.690390289 -0.303400844 0.495362788
1403636689213555456.000000 4.569305897 5.422739029 -0.512011170 -0.416272193 -0.709871709 -0.282020569 0.493217945
1403636689413555456.000000 4.492317200 5.340300560 -0.494539589 -0.411551327 -0.713955283 -0.275019825 0.495234817
1403636689563555584.000000 4.434448242 5.287660599 -0.461069047 -0.410719842 -0.715727806 -0.270786852 0.495698899
1403636689713555456.000000 4.378850937 5.239593983 -0.420831323 -0.416753352 -0.717928588 -0.260586679 0.492939979
1403636689863555584.000000 4.323467731 5.204996109 -0.390246928 -0.426353812 -0.715822399 -0.249016121 0.493773073
1403636690213555456.000000 4.215773582 5.193937302 -0.347059071 -0.425455809 -0.714741290 -0.258718669 0.491117984
1403636690513555456.000000 4.135695457 5.251614094 -0.291461706 -0.423858553 -0.712696731 -0.264040798 0.492635548
1403636690663555584.000000 4.095593929 5.296378613 -0.272138327 -0.430753171 -0.705610096 -0.254518092 0.501783550
1403636690813555456.000000 4.062734604 5.351978302 -0.275919914 -0.440449536 -0.690825045 -0.240050003 0.520712078
1403636690963555584.000000 4.048914433 5.418601036 -0.303082198 -0.439794928 -0.675337613 -0.239726692 0.541323125
1403636691113555456.000000 4.065769196 5.493756771 -0.319297910 -0.431459129 -0.662414432 -0.248605341 0.559683502
1403636691263555584.000000 4.121292114 5.564122200 -0.315684795 -0.412248582 -0.664665461 -0.274158508 0.559560597
1403636691413555456.000000 4.207544804 5.616416454 -0.300108433 -0.400917649 -0.679155171 -0.287017614 0.543722510
1403636691563555584.000000 4.306631088 5.655753613 -0.268253118 -0.404543728 -0.693758786 -0.276397854 0.527870715
1403636691863555584.000000 4.519493580 5.721733570 -0.176053047 -0.396824449 -0.709639668 -0.281416923 0.509653389
1403636692013555456.000000 4.623743057 5.748349667 -0.145975173 -0.397818685 -0.702499509 -0.279707521 0.519613743
1403636692163555584.000000 4.729298115 5.771556377 -0.117276497 -0.396230966 -0.704140067 -0.283469647 0.516558647
1403636692313555456.000000 4.834074020 5.789801598 -0.074594788 -0.396716475 -0.706943810 -0.284519911 0.511756778
1403636692463555584.000000 4.938264370 5.799919605 -0.015330255 -0.398849398 -0.708131313 -0.283651948 0.508930981
1403636692763555584.000000 5.134463787 5.809775352 0.135945410 -0.397359788 -0.714122951 -0.292035311 0.496839136
1403636693363555584.000000 5.383470058 5.796617031 0.341796815 -0.406458974 -0.722324848 -0.277108282 0.486054420
1403636693513555456.000000 5.418119907 5.795248508 0.363622278 -0.413916141 -0.726873040 -0.264420956 0.480010986
1403636693663555584.000000 5.444815636 5.806267738 0.379179895 -0.418073505 -0.733152211 -0.256594449 0.471021950
1403636693813555456.000000 5.460916519 5.834362984 0.393044978 -0.413232774 -0.728103936 -0.262358665 0.479865968
1403636694963555584.000000 5.503993511 6.131921768 0.418254197 -0.411446333 -0.704736233 -0.266662180 0.512786567
1403636695663555584.000000 5.574720860 6.304998875 0.431075692 -0.404618979 -0.707129955 -0.292614788 0.500626922
1403636696113555456.000000 5.604151726 6.382702351 0.398703963 -0.414562970 -0.710219800 -0.285312802 0.492262065
1403636696463555584.000000 5.603725910 6.437558651 0.344065875 -0.408594579 -0.696582377 -0.297270536 0.509366095
1403636696713555456.000000 5.599977016 6.455754757 0.333957642 -0.412559867 -0.695628107 -0.294059336 0.509337783
1403636698163555584.000000 5.354721546 6.177586079 0.437803566 -0.481820613 -0.661950111 -0.339799196 0.462825567
1403636699763555584.000000 4.783444405 5.817750454 0.278652400 -0.722134352 -0.401625335 -0.468572468 0.312504292
1403636700613555456.000000 4.801277161 5.681922913 0.082791291 -0.738353670 -0.350694239 -0.505258977 0.276696324
1403636701563555584.000000 4.990678310 5.476364613 -0.043556169 -0.747029841 -0.344601333 -0.510474324 0.250224620
1403636702063555584.000000 5.128543854 5.414295197 -0.053010076 -0.759051204 -0.310128778 -0.522609770 0.233539030
1403636704313555456.000000 5.926993847 5.378346920 -0.525924325 -0.782519758 -0.262041718 -0.530865192 0.192818910
1403636704713555456.000000 6.102695942 5.395127296 -0.541847169 -0.789663970 -0.273274839 -0.518753827 0.180682316
1403636704913555456.000000 6.203656673 5.425789833 -0.564073205 -0.795652866 -0.277788252 -0.507961571 0.178171605
1403636705113555456.000000 6.321357250 5.480652332 -0.602758884 -0.794286311 -0.281813353 -0.508532286 0.176310495
1403636705513555456.000000 6.584484577 5.656366825 -0.648349106 -0.780416429 -0.279291332 -0.528660417 0.182933852
1403636705713555456.000000 6.713740826 5.764130116 -0.678093612 -0.783020496 -0.279241800 -0.525260627 0.181670859
1403636706113555456.000000 6.982594490 6.005424023 -0.723770976 -0.775268316 -0.256207675 -0.534387827 0.218509570
1403636706313555456.000000 7.120584965 6.107785225 -0.739143252 -0.769964695 -0.270753890 -0.540958405 0.203004196
1403636706513555456.000000 7.252492428 6.202283382 -0.777795911 -0.770876408 -0.283049703 -0.538442910 0.188975528
1403636706713555456.000000 7.377041340 6.301831722 -0.798063517 -0.773964465 -0.285380900 -0.534282029 0.184606388
1403636706913555456.000000 7.499436378 6.413912773 -0.793955445 -0.779807925 -0.283367395 -0.527674973 0.182103232
1403636707113555456.000000 7.622646332 6.538689613 -0.778372884 -0.776800692 -0.278010517 -0.535148144 0.181404114
1403636707563555584.000000 7.889132023 6.857881069 -0.692662001 -0.782210886 -0.270449162 -0.533487558 0.174339533
1403636707763555584.000000 8.002880096 7.016945839 -0.646227002 -0.788295507 -0.261587828 -0.524693251 0.186705545
1403636707963555584.000000 8.124338150 7.178156376 -0.643767893 -0.784958243 -0.260901093 -0.528060853 0.192153409
1403636708363555584.000000 8.383960724 7.499710560 -0.722088873 -0.776792049 -0.258541167 -0.534473777 0.209972322
1403636708563555584.000000 8.515984535 7.642591476 -0.758498847 -0.775395274 -0.250954896 -0.535380721 0.221700832
1403636708813555456.000000 8.691718102 7.790024281 -0.787398279 -0.766468942 -0.267986625 -0.551032603 0.192539617
1403636709413555456.000000 8.995248795 8.114786148 -0.818944514 -0.771913350 -0.264627755 -0.552332222 0.170443803
1403636709613555456.000000 9.057249069 8.229958534 -0.829054356 -0.774437785 -0.266080439 -0.548607409 0.168752417
1403636710813555456.000000 9.169587135 9.057803154 -1.015386701 -0.753767490 -0.305927455 -0.529464364 0.240646169
1403636711213555456.000000 9.172731400 9.283234596 -1.063661218 -0.725517929 -0.367457628 -0.527162910 0.246369585
1403636711413555456.000000 9.151281357 9.387996674 -1.064923286 -0.720998347 -0.365823597 -0.528923512 0.258020312
1403636711813555456.000000 9.050401688 9.563618660 -1.034670591 -0.712846875 -0.356517196 -0.545298576 0.259604365
1403636712013555456.000000 8.963697433 9.625570297 -1.010444045 -0.728404164 -0.346580565 -0.526368082 0.268786162
1403636712413555456.000000 8.782222748 9.699647903 -0.905748367 -0.713366151 -0.373940378 -0.526430726 0.272301346
1403636712813555456.000000 8.559818268 9.720021248 -0.772288203 -0.691554725 -0.396898597 -0.523420274 0.300424606
1403636713263555584.000000 8.253579140 9.648189545 -0.680718243 -0.697559774 -0.404470891 -0.508832514 0.301501513
1403636714063555584.000000 7.718419075 9.373065948 -0.418804169 -0.713716209 -0.394629538 -0.496596724 0.297099918
1403636714713555456.000000 7.396517754 9.068444252 -0.399589747 -0.716723561 -0.415801883 -0.473121047 0.299286902
1403636715113555456.000000 7.257790089 8.922211647 -0.339379966 -0.670502424 -0.489816844 -0.449284643 0.329620034
1403636716613555456.000000 6.998628139 8.499176025 -0.203024521 -0.657414794 -0.482114613 -0.460686177 0.350912511
1403636716913555456.000000 6.957706928 8.367326736 -0.236603171 -0.637912095 -0.506851196 -0.446953058 0.369327754
1403636717163555584.000000 6.920168877 8.253395081 -0.236484438 -0.607670128 -0.544253469 -0.426315039 0.390871674
1403636717813555456.000000 6.790466785 7.953890324 -0.229585230 -0.577068985 -0.576220393 -0.422900468 0.395116001
1403636718263555584.000000 6.587794304 7.746459484 -0.230281338 -0.541335702 -0.611694872 -0.387432516 0.427412271
1403636718513555456.000000 6.450240135 7.629182816 -0.258223295 -0.523343146 -0.628143489 -0.360750169 0.448783964
1403636718763555584.000000 6.316740513 7.518958092 -0.315687656 -0.513268054 -0.637030005 -0.334293276 0.467970967
1403636719463555584.000000 6.024951458 7.250610352 -0.396698177 -0.488815516 -0.638699293 -0.353756517 0.477471441
1403636720063555584.000000 5.833126068 6.969048500 -0.434494793 -0.509333551 -0.638434112 -0.346393228 0.461511701
1403636720913555456.000000 5.674818039 6.639707088 -0.499304265 -0.519072294 -0.632610500 -0.349347800 0.456425428
1403636722713555456.000000 5.659429073 6.042607784 -0.559377849 -0.581795573 -0.569956124 -0.411775410 0.408784717
1403636723263555584.000000 5.612396717 5.843820095 -0.532981992 -0.585899770 -0.566778719 -0.410337389 0.408786714
1403636723763555584.000000 5.552958965 5.663055420 -0.520157993 -0.602022827 -0.538421929 -0.435365409 0.397652358
1403636724563555584.000000 5.446224689 5.369975090 -0.554728985 -0.659772158 -0.481226146 -0.463174492 0.344371259
1403636727263555584.000000 5.231245041 4.815849781 -0.025018578 -0.648014724 -0.491092891 -0.465765446 0.349238068
1403636728263555584.000000 5.079342842 4.555598736 0.267524600 -0.647778511 -0.489533961 -0.467010289 0.350201398
1403636728663555584.000000 4.956562042 4.442105770 0.296392322 -0.653873026 -0.483449668 -0.452884883 0.365543187
1403636729063555584.000000 4.844725609 4.309621811 0.339738429 -0.617642641 -0.523881257 -0.449691802 0.376620829
1403636729413555456.000000 4.734091759 4.177142143 0.340643734 -0.611156225 -0.533070922 -0.441296309 0.384162784
1403636729713555456.000000 4.629322529 4.045242786 0.364236355 -0.611948967 -0.533485830 -0.438242674 0.385816991
1403636729963555584.000000 4.539769650 3.930238247 0.391733825 -0.617423892 -0.536222756 -0.432322383 0.379934788
1403636730713555456.000000 4.272263527 3.630191565 0.374981970 -0.627030313 -0.544775844 -0.414571851 0.371729225
1403636731213555456.000000 4.132783890 3.552981138 0.460795939 -0.629789948 -0.523331583 -0.413445055 0.398185760
1403636732063555584.000000 4.078736305 3.457885742 0.368578225 -0.618809104 -0.530302584 -0.429819196 0.388728559
1403636733063555584.000000 4.004741192 3.210201025 0.308636755 -0.603277504 -0.536112964 -0.445077896 0.388001055
1403636734963555584.000000 3.339769363 2.389718533 0.559256852 -0.613076985 -0.549781680 -0.418140292 0.383451968
1403636737663555584.000000 2.555467367 1.937762022 0.777075648 -0.580652714 -0.582587302 -0.389655977 0.414249599
1403636737913555456.000000 2.483352184 1.907407999 0.819019616 -0.586235344 -0.578962386 -0.381889492 0.418677866
1403636740513555456.000000 2.708276272 1.847631693 0.641338766 -0.720428586 -0.382316619 -0.504759550 0.282903790
1403636740763555584.000000 2.741880417 1.841681123 0.573036492 -0.721680522 -0.386185884 -0.498588324 0.285390079
1403636741063555584.000000 2.785983324 1.823123097 0.492285609 -0.710927129 -0.396572858 -0.511871219 0.274409205
1403636741363555584.000000 2.808464050 1.793793559 0.355246037 -0.724148333 -0.372935653 -0.509887636 0.276663959
1403636741863555584.000000 2.839332104 1.741082072 0.196122527 -0.735468090 -0.372736961 -0.500546813 0.263830930
1403636743113555456.000000 2.969009399 1.805432081 -0.053756822 -0.731365204 -0.379631400 -0.494394243 0.276693583
1403636743363555584.000000 3.004792929 1.825754642 -0.131024346 -0.753372312 -0.378642112 -0.471527398 0.258306563
1403636743613555456.000000 3.072611809 1.880855799 -0.170028999 -0.745424211 -0.372587949 -0.486775964 0.261858940
1403636746063555584.000000 3.720648766 2.300566673 -1.133174300 -0.738525808 -0.335738242 -0.536701918 0.231971249
1403636746563555584.000000 3.677348375 2.345465899 -1.020698428 -0.740081072 -0.324078441 -0.540511489 0.234735265
1403636746813555456.000000 3.609794378 2.368159533 -1.026149035 -0.766283333 -0.327252626 -0.496661425 0.242987633
1403636747063555584.000000 3.575823307 2.404236078 -1.024946213 -0.760052085 -0.329242229 -0.501384258 0.250068665
1403636747313555456.000000 3.570300579 2.450252533 -0.976123154 -0.746135771 -0.336308688 -0.522410870 0.239300758
1403636747813555456.000000 3.542853117 2.573506594 -0.851292670 -0.752396166 -0.328027099 -0.521989346 0.232003301
1403636748363555584.000000 3.520488977 2.724735022 -0.684040308 -0.757923841 -0.313712269 -0.520839274 0.236352831
1403636749263555584.000000 3.572655201 2.896509647 -0.500732124 -0.760422945 -0.291726589 -0.526030362 0.244835794
1403636749663555584.000000 3.631216049 2.901307344 -0.385336936 -0.751933396 -0.310579151 -0.539691806 0.216493830
1403636749913555456.000000 3.647237778 2.905583620 -0.339041203 -0.743270993 -0.307058603 -0.548303366 0.229405195
1403636750413555456.000000 3.605499744 2.881618500 -0.279250771 -0.745952070 -0.318699241 -0.534402311 0.237487838
1403636750813555456.000000 3.536739826 2.841084480 -0.101086333 -0.743883133 -0.331948936 -0.528538227 0.238946095
1403636751163555584.000000 3.460924149 2.805810928 0.100784324 -0.747074485 -0.336366415 -0.523717761 0.233360484
1403636751663555584.000000 3.355040073 2.796924591 0.321100563 -0.752996385 -0.322749376 -0.512399316 0.257441789
1403636752163555584.000000 3.337085485 2.783118248 0.494156420 -0.749586523 -0.350057900 -0.504860282 0.246364847
1403636752563555584.000000 3.359407187 2.799640179 0.648554265 -0.716165423 -0.387720793 -0.506199360 0.283799052
1403636753463555584.000000 3.330638885 2.818099260 0.754644930 -0.608710885 -0.545708179 -0.441741735 0.369510382
1403636754163555584.000000 3.173540592 2.823360920 0.767901838 -0.600364864 -0.541490734 -0.439646035 0.391230255
1403636754663555584.000000 3.002993822 2.761043549 0.842897594 -0.588405907 -0.556104839 -0.436183631 0.392771930
1403636755513555456.000000 2.576955318 2.512515306 0.875074446 -0.564354002 -0.601726174 -0.392434537 0.406725138
1403636756013555456.000000 2.283597946 2.366703749 0.895500362 -0.563212454 -0.590816081 -0.400575221 0.416254252
1403636756413555456.000000 2.036958933 2.260752916 0.938206196 -0.559229851 -0.590163350 -0.404068023 0.419163853
1403636756913555456.000000 1.721189618 2.098799944 0.953077137 -0.555739641 -0.590520263 -0.402603418 0.424676150
1403636757163555584.000000 1.566379428 1.994981647 0.982918859 -0.556145430 -0.590788841 -0.399782687 0.426432371
1403636757663555584.000000 1.254440188 1.758774400 0.979831040 -0.553699553 -0.612505138 -0.385758489 0.411636472
1403636757913555456.000000 1.084269047 1.659180164 1.022998214 -0.552452922 -0.626639545 -0.365873158 0.410189509
1403636758113555456.000000 0.943975449 1.606941700 1.083128691 -0.540981591 -0.618184686 -0.373615950 0.430810571
1403636758563555584.000000 0.641781509 1.491907239 1.115388870 -0.559547126 -0.619080901 -0.343049347 0.431234300
1403636758763555584.000000 0.528012991 1.464232445 1.106163859 -0.560016751 -0.614990234 -0.345122486 0.434808969
1403636759563555584.000000 0.274968952 1.430612087 0.967888772 -0.540714920 -0.604828179 -0.370739669 0.452064574
1403636760013555456.000000 0.258525461 1.374127507 0.914489806 -0.540315926 -0.617416978 -0.369086593 0.436612159
1403636760213555456.000000 0.252482384 1.348119974 0.893239856 -0.544833302 -0.619627535 -0.363699734 0.432366610
1403636760413555456.000000 0.248983473 1.331366181 0.869214952 -0.535647511 -0.610433280 -0.377208561 0.445159256
1403636760613555456.000000 0.247769684 1.307770729 0.835503697 -0.537436366 -0.617591798 -0.374140352 0.435616314
1403636760813555456.000000 0.242907524 1.283579350 0.806844532 -0.535494804 -0.623056233 -0.375365913 0.429123133
1403636761013555456.000000 0.229200184 1.261373639 0.781473577 -0.533025980 -0.622986615 -0.377321810 0.430580139
1403636761213555456.000000 0.205895811 1.241385102 0.752935588 -0.544592917 -0.632106662 -0.359267890 0.418074697
1403636761413555456.000000 0.176088184 1.240110993 0.737130105 -0.543433547 -0.629993141 -0.360806584 0.421434850
1403636761613555456.000000 0.142750084 1.253825545 0.737731814 -0.534503698 -0.617816210 -0.375549108 0.437689066
1403636761813555456.000000 0.110529058 1.264882803 0.743253946 -0.543048322 -0.605989218 -0.364996821 0.452385902
1403636762013555456.000000 0.093807220 1.271510363 0.755837739 -0.539249837 -0.610307455 -0.372054964 0.445319742
1403636762213555456.000000 0.082835749 1.273589849 0.773483157 -0.527480364 -0.625226319 -0.390862256 0.421999097
1403636762363555584.000000 0.063157789 1.273505569 0.776739359 -0.540165186 -0.631301224 -0.373880297 0.412182033
1403636762513555456.000000 0.034685411 1.281886578 0.762938976 -0.552563727 -0.620241642 -0.356751770 0.427436441
1403636762663555584.000000 0.007636249 1.298125029 0.733498335 -0.559887707 -0.597966135 -0.345567375 0.457761496
1403636762813555456.000000 -0.003702819 1.317689300 0.687021673 -0.547610581 -0.603281081 -0.363028914 0.452089310
1403636762963555584.000000 0.009625167 1.304122806 0.682539880 -0.540549338 -0.599286079 -0.380651653 0.451405406
1403636763113555456.000000 0.031621218 1.281521678 0.671119750 -0.566101611 -0.573849022 -0.384964764 0.449475646
1403636763413555456.000000 0.036712777 1.269310117 0.656445682 -0.575808704 -0.565153003 -0.383868575 0.449100673
1403636763563555584.000000 0.037569247 1.260225773 0.649983644 -0.575646579 -0.565156937 -0.384252906 0.448974818
1403636763713555456.000000 0.038541365 1.249673247 0.643788338 -0.575903416 -0.564921796 -0.383951336 0.449199259
