1403636585513555456.000000 -7.331720829 0.980327606 4.571793079 -0.562659621 -0.595191538 -0.403993875 0.407369733
1403636585563555584.000000 -7.330547810 0.975969255 4.547861099 -0.561859071 -0.600529969 -0.397608191 0.406922579
1403636588063555584.000000 -7.042469978 0.972645640 4.493124485 -0.659086704 -0.631479561 -0.275247335 0.301790208
1403636588163555584.000000 -7.018795967 0.976320803 4.487852573 -0.661664546 -0.631952822 -0.272599131 0.297532409
1403636588213555456.000000 -7.009707451 0.977845132 4.485403061 -0.661450624 -0.632351637 -0.272097766 0.297619522
1403636588413555456.000000 -6.995313644 0.980118692 4.479434490 -0.659790039 -0.630385458 -0.272009343 0.305454165
1403636589813555456.000000 -7.502681255 0.865773082 4.505000591 -0.621959209 -0.662943542 -0.255014867 0.329606086
1403636589913555456.000000 -7.540067673 0.857920229 4.500350952 -0.618953466 -0.669122636 -0.246873558 0.328975707
1403636590013555456.000000 -7.571334362 0.851356089 4.496225357 -0.615498245 -0.672675014 -0.240124807 0.333182096
1403636590113555456.000000 -7.593664646 0.846843839 4.496125698 -0.610528171 -0.673446119 -0.240456268 0.340450495
1403636590213555456.000000 -7.604453564 0.844126642 4.497776985 -0.606928170 -0.673272252 -0.241470724 0.346459955
1403636590513555456.000000 -7.560667515 0.842055559 4.505154133 -0.610355914 -0.671295106 -0.250961900 0.337411702
1403636590713555456.000000 -7.486343384 0.848281682 4.510844231 -0.614876509 -0.665526628 -0.261441797 0.332640052
1403636591013555456.000000 -7.350070477 0.871193290 4.504610062 -0.626312196 -0.661584854 -0.256520659 0.322855711
1403636591213555456.000000 -7.263174534 0.890995800 4.500143051 -0.628209651 -0.659323633 -0.254464775 0.325411737
1403636591913555456.000000 -7.139862537 0.946506381 4.468210220 -0.639167011 -0.611340404 -0.324257135 0.335538119
1403636594113555456.000000 -7.296188831 0.780109942 4.441887856 -0.670508027 -0.603243351 -0.278183818 0.330348730
1403636594213555456.000000 -7.239443302 0.788767338 4.441401482 -0.688342035 -0.584455252 -0.291244954 0.315869898
1403636594463555584.000000 -7.108429432 0.879438102 4.437532425 -0.700264037 -0.566854000 -0.319287568 0.293874651
1403636594563555584.000000 -7.071062565 0.932554841 4.436515808 -0.695910096 -0.563991070 -0.329176337 0.298774362
1403636594663555584.000000 -7.053978443 0.984681904 4.435519695 -0.693162382 -0.561428308 -0.332358301 0.306369483
1403636596063555584.000000 -7.215252399 0.858327866 4.392363548 -0.625883102 -0.646220505 -0.283913761 0.331756473
1403636596163555584.000000 -7.188902855 0.825502396 4.391047478 -0.641868174 -0.633114219 -0.290254444 0.320817798
1403636596363555584.000000 -7.214731216 0.750784516 4.406208515 -0.651769519 -0.619856894 -0.294965148 0.322443128
1403636596463555584.000000 -7.248540878 0.707660139 4.419933796 -0.648218572 -0.619866073 -0.299851358 0.325066209
1403636596563555584.000000 -7.282302380 0.669586301 4.431661606 -0.641842604 -0.623154640 -0.303841710 0.327714294
1403636596663555584.000000 -7.310452938 0.642190993 4.438845158 -0.640524805 -0.625264585 -0.303870916 0.326243430
1403636596763555584.000000 -7.327973843 0.631504595 4.440845490 -0.638030231 -0.628562331 -0.303206116 0.325412005
1403636596963555584.000000 -7.328480244 0.677588224 4.436306000 -0.629791141 -0.631332934 -0.314060092 0.325804025
1403636597113555456.000000 -7.313597679 0.760323763 4.429119110 -0.632677257 -0.637148976 -0.305313915 0.317087024
1403636597213555456.000000 -7.302822590 0.827252924 4.427481651 -0.628125787 -0.646584392 -0.295328468 0.316492826
1403636598213555456.000000 -7.381372929 0.921448767 4.416262150 -0.538432837 -0.716382802 -0.247412339 0.368338048
1403636598313555456.000000 -7.371948242 0.890660226 4.402984142 -0.544415653 -0.721420884 -0.242547989 0.352610350
1403636598413555456.000000 -7.360133171 0.878868341 4.388433456 -0.548556626 -0.722307980 -0.245499134 0.342179745
1403636598513555456.000000 -7.349302769 0.887694359 4.373407841 -0.548032224 -0.721266091 -0.250133425 0.341861546
1403636598613555456.000000 -7.341335773 0.914031208 4.360310078 -0.541762233 -0.719017088 -0.253979892 0.353556842
1403636598713555456.000000 -7.336002827 0.949106514 4.346273899 -0.531858981 -0.716201544 -0.257398278 0.371385872
1403636598913555456.000000 -7.329127312 1.016044021 4.304845810 -0.512619078 -0.702685833 -0.269666970 0.413199723
1403636599013555456.000000 -7.325929165 1.042017102 4.281099796 -0.506339192 -0.696760595 -0.279250085 0.424458295
1403636599113555456.000000 -7.324631691 1.061235428 4.262523174 -0.499827713 -0.689200401 -0.283688903 0.441243500
1403636599813555456.000000 -7.320998192 1.114721060 4.206536770 -0.485500574 -0.641120613 -0.333541781 0.491938472
1403636602763555584.000000 -7.316508770 1.112863421 4.203570366 -0.487953931 -0.630517602 -0.332468867 0.503798664
1403636605613555456.000000 -7.316500664 1.112804294 4.203543663 -0.488049924 -0.630432606 -0.332353681 0.503887951
1403636608113555456.000000 -7.316544056 1.112895250 4.203435898 -0.488095999 -0.630420864 -0.332382411 0.503839016
1403636610863555584.000000 -7.316452980 1.112906337 4.203489780 -0.488144904 -0.630617201 -0.331986696 0.503806949
1403636613513555456.000000 -7.315755367 1.113104939 4.203201771 -0.487861216 -0.630357027 -0.332519919 0.504055619
1403636616013555456.000000 -7.315818310 1.113125920 4.203147411 -0.488016576 -0.630227208 -0.332322627 0.504197657
1403636618563555584.000000 -7.315843105 1.113185763 4.203121185 -0.487925828 -0.630273700 -0.332173139 0.504325688
1403636621063555584.000000 -7.315675735 1.112993956 4.203270435 -0.488059610 -0.630155385 -0.332675517 0.504012942
1403636623813555456.000000 -7.315401554 1.113345623 4.203392506 -0.489145547 -0.629495740 -0.332741708 0.503740668
1403636624713555456.000000 -7.284824848 1.098691940 4.203034401 -0.499611020 -0.639789701 -0.335017234 0.478352875
1403636624813555456.000000 -7.269863129 1.091495991 4.202895641 -0.495244354 -0.644360781 -0.341090322 0.472429574
1403636624913555456.000000 -7.252591133 1.081613660 4.208339214 -0.491801441 -0.655270398 -0.345019400 0.457945108
1403636625013555456.000000 -7.235887051 1.069523454 4.222839355 -0.489946634 -0.665889978 -0.346379757 0.443355292
1403636625113555456.000000 -7.223573208 1.057783365 4.245138168 -0.491757035 -0.672705948 -0.342382640 0.434069067
1403636625213555456.000000 -7.216902733 1.049141765 4.273188591 -0.495775580 -0.670286894 -0.335944802 0.438250244
1403636625313555456.000000 -7.213861465 1.045082450 4.299632072 -0.495471537 -0.664959192 -0.335511923 0.446955234
1403636625513555456.000000 -7.213144779 1.045245528 4.300182819 -0.496267945 -0.666895747 -0.330837637 0.446670741
1403636625663555584.000000 -7.218267441 1.055019140 4.296600819 -0.493990809 -0.668400347 -0.331375122 0.446547419
1403636627063555584.000000 -7.212926865 1.151535034 4.526834488 -0.481569886 -0.662816882 -0.332521975 0.467111677
1403636627513555456.000000 -7.166857243 1.129019618 4.584413528 -0.482408017 -0.656411648 -0.333295256 0.474679470
1403636627713555456.000000 -7.139696598 1.115977764 4.600569248 -0.497222900 -0.652909577 -0.335476965 0.462529719
1403636629013555456.000000 -6.935254574 1.244738340 4.684075832 -0.541815758 -0.624470592 -0.359652102 0.432576656
1403636629313555456.000000 -6.856703281 1.293365359 4.714675903 -0.556970656 -0.608799398 -0.372614473 0.424623966
1403636629413555456.000000 -6.831253529 1.315463543 4.716784954 -0.562168658 -0.599781752 -0.375583798 0.427977890
1403636629763555584.000000 -6.719785213 1.398582339 4.673817635 -0.602769792 -0.570166647 -0.389918625 0.399427205
1403636630063555584.000000 -6.601532936 1.492461443 4.613621712 -0.635126531 -0.539507210 -0.411602467 0.368957639
1403636630513555456.000000 -6.421071053 1.673672676 4.636630535 -0.634195626 -0.520888090 -0.435926914 0.369376749
1403636633063555584.000000 -5.792663574 2.809494734 4.517039299 -0.570167959 -0.593411148 -0.392444074 0.410803437
1403636634463555584.000000 -5.581764221 3.715367079 4.456290245 -0.560624778 -0.597960413 -0.384400815 0.424710900
1403636634563555584.000000 -5.557917595 3.794724941 4.456940174 -0.556122839 -0.597594500 -0.388096988 0.427772135
1403636634863555584.000000 -5.496248722 4.019116402 4.441994190 -0.543017745 -0.612490177 -0.379718989 0.431046426
1403636635063555584.000000 -5.463890076 4.161734104 4.454448223 -0.536775470 -0.622757077 -0.372316688 0.430611342
1403636635363555584.000000 -5.426256657 4.374528408 4.450067043 -0.538449824 -0.627519250 -0.358809978 0.433066726
1403636635513555456.000000 -5.410058022 4.486573696 4.450062752 -0.541226625 -0.626046360 -0.353775203 0.435870290
1403636635813555456.000000 -5.369022369 4.717829704 4.491590023 -0.543018878 -0.616406739 -0.354444861 0.446701437
1403636635963555584.000000 -5.339806557 4.840366364 4.533803463 -0.548518658 -0.613169372 -0.348802865 0.448873311
1403636636113555456.000000 -5.301510811 4.965341091 4.574356556 -0.548636675 -0.622574091 -0.350120395 0.434528649
1403636636413555456.000000 -5.218658924 5.223275661 4.676855087 -0.528389633 -0.614748895 -0.379133523 0.446257830
1403636636563555584.000000 -5.178861141 5.342115879 4.721552849 -0.520678639 -0.612814248 -0.389656603 0.448910087
1403636636713555456.000000 -5.142445087 5.446812153 4.747476101 -0.514742076 -0.617820442 -0.397940665 0.441567421
1403636637163555584.000000 -5.099739075 5.687690258 4.720486164 -0.526457310 -0.621880293 -0.375561982 0.441656917
1403636637463555584.000000 -5.099848270 5.814845562 4.694615364 -0.530724108 -0.629448414 -0.364902943 0.434709638
1403636637613555456.000000 -5.104330063 5.879177570 4.706780434 -0.531766534 -0.630241871 -0.361284971 0.435307741
1403636637913555456.000000 -5.117461205 6.021851063 4.778073311 -0.527630866 -0.628769755 -0.363819063 0.440329373
1403636638363555584.000000 -5.142948151 6.238389015 4.778006554 -0.528295338 -0.625941515 -0.359742761 0.446863025
1403636638513555456.000000 -5.148561478 6.308022499 4.743579388 -0.545162618 -0.632599533 -0.334672958 0.436588645
1403636638663555584.000000 -5.147220612 6.385188580 4.722142220 -0.544132471 -0.637459517 -0.335457861 0.430155039
1403636638963555584.000000 -5.134698868 6.575208187 4.745285034 -0.533271432 -0.629664123 -0.349997520 0.443448424
1403636639263555584.000000 -5.107359886 6.788127899 4.757809639 -0.544074178 -0.619536579 -0.333486438 0.457104594
1403636639413555456.000000 -5.077130795 6.902428627 4.725833893 -0.536834538 -0.626893044 -0.344548136 0.447325975
1403636639863555584.000000 -4.981229782 7.248885155 4.611015320 -0.519870818 -0.626692593 -0.367032737 0.449753076
1403636640613555456.000000 -4.856608391 7.711363792 4.613458157 -0.494703561 -0.646504343 -0.352183342 0.461808980
1403636641313555456.000000 -4.773501396 8.027630806 4.574558735 -0.496342301 -0.646492183 -0.348199934 0.463086486
1403636641913555456.000000 -4.700946331 8.221808434 4.531380177 -0.497860759 -0.644212425 -0.351752251 0.461947441
1403636643213555456.000000 -4.542464733 8.463678360 4.532753944 -0.541989923 -0.613178670 -0.370016485 0.439712137
1403636643563555584.000000 -4.494226456 8.534177780 4.531317711 -0.546298742 -0.620534301 -0.360279143 0.432080805
1403636644013555456.000000 -4.425177574 8.689466476 4.598918438 -0.549154162 -0.634423435 -0.350439429 0.416087538
1403636644163555584.000000 -4.404946327 8.764270782 4.601080894 -0.548911870 -0.634814084 -0.350677818 0.415610403
1403636644613555456.000000 -4.333453655 9.038488388 4.539663792 -0.547970891 -0.598147988 -0.353681564 0.465678334
1403636645363555584.000000 -4.084174633 9.457762718 4.308215618 -0.556914687 -0.632949769 -0.348830700 0.409313828
1403636645663555584.000000 -4.000103951 9.695334435 4.267763615 -0.550393760 -0.625956059 -0.360875309 0.418347716
1403636645963555584.000000 -3.929760695 9.975966454 4.256245613 -0.551357925 -0.620742381 -0.361594081 0.424185276
1403636646113555456.000000 -3.892838478 10.122698784 4.283822536 -0.560668647 -0.603840888 -0.369056940 0.429911554
1403636646263555584.000000 -3.848636389 10.271889687 4.310264587 -0.580399513 -0.577378452 -0.383141696 0.427753538
1403636646563555584.000000 -3.730995893 10.547094345 4.331309319 -0.611541927 -0.523892462 -0.431792825 0.406335026
1403636646713555456.000000 -3.665729523 10.666625977 4.348353863 -0.621564388 -0.515841246 -0.441144824 0.391096979
1403636647313555456.000000 -3.416031361 11.051214218 4.469767094 -0.634199798 -0.514521539 -0.438203633 0.375547320
1403636647463555584.000000 -3.355839968 11.133283615 4.476241589 -0.631786346 -0.512515485 -0.438351154 0.382128567
1403636647613555456.000000 -3.294470072 11.207011223 4.477886677 -0.627372086 -0.506266475 -0.440565258 0.394969493
1403636647763555584.000000 -3.226954222 11.272512436 4.488000870 -0.629055321 -0.506584883 -0.441484123 0.390836239
1403636647913555456.000000 -3.154166937 11.329127312 4.499796391 -0.633693218 -0.504084051 -0.445139885 0.382338434
1403636649563555584.000000 -2.324542522 11.500779152 4.530188560 -0.721688867 -0.379489392 -0.508408248 0.276900828
1403636649713555456.000000 -2.259328604 11.506030083 4.602693558 -0.720395923 -0.370902866 -0.513200939 0.282993913
1403636650163555584.000000 -2.085896969 11.475262642 4.713512421 -0.728141248 -0.345501214 -0.529707968 0.264289290
1403636650313555456.000000 -2.038393974 11.444849968 4.710233688 -0.740068674 -0.322387129 -0.536138594 0.246820569
1403636651063555584.000000 -1.869506955 11.234443665 4.644591808 -0.774150014 -0.238016412 -0.558214068 0.180103064
1403636651663555584.000000 -1.813447118 11.053848267 4.717512131 -0.771173298 -0.249463499 -0.554050744 0.189967021
1403636652113555456.000000 -1.802106500 10.865028381 4.678434372 -0.784034252 -0.190882728 -0.566186249 0.168188035
1403636652963555584.000000 -1.792489052 10.370688438 4.571228504 -0.831265152 -0.067502312 -0.549267650 0.052410025
1403636653213555456.000000 -1.731113791 10.249555588 4.572458744 -0.819684982 -0.073922575 -0.565371335 0.054838035
1403636654263555584.000000 -1.573174000 9.824460030 4.589859962 -0.805967689 -0.077690698 -0.583056033 0.066527270
1403636654663555584.000000 -1.603638768 9.655421257 4.634167194 -0.817952752 -0.019759538 -0.574536145 0.021706710
1403636654763555584.000000 -1.614270449 9.616296768 4.646585941 -0.820622921 -0.008181202 -0.571229815 0.014411283
1403636655463555584.000000 -1.714988112 9.365474701 4.598981380 0.802900553 -0.029796874 0.595337391 0.006027416
1403636655563555584.000000 -1.743535399 9.329141617 4.595953941 0.805339277 -0.040893909 0.591267526 0.012615916
1403636655963555584.000000 -1.889248729 9.170579910 4.519975185 0.817901790 -0.102090269 0.564676464 0.041890606
1403636656063555584.000000 -1.924471736 9.125795364 4.493263721 0.815363526 -0.116808705 0.564728618 0.051182937
1403636656363555584.000000 -2.026658058 8.978440285 4.474741936 0.816519082 -0.132798731 0.557205677 0.071993105
1403636656563555584.000000 -2.080997467 8.872712135 4.505913734 0.816999853 -0.131360576 0.556444526 0.075000562
1403636656763555584.000000 -2.124367952 8.763355255 4.535050392 0.805044234 -0.125496373 0.574869633 0.075361863
1403636656963555584.000000 -2.172127485 8.654378891 4.537139893 0.797742784 -0.117708601 0.586338699 0.077189319
1403636657063555584.000000 -2.202252150 8.602453232 4.526885033 0.795971870 -0.117514178 0.589270532 0.073345572
1403636657313555456.000000 -2.297727585 8.476913452 4.498509884 0.798797965 -0.120704524 0.585975170 0.063130304
1403636657813555456.000000 -2.530104637 8.196489334 4.442696095 0.811209559 -0.132347539 0.566872358 0.055488400
1403636657913555456.000000 -2.575187922 8.131541252 4.422152042 0.812525749 -0.139948145 0.563619792 0.050489400
1403636658213555456.000000 -2.709102631 7.904896259 4.399930954 0.815740645 -0.136185646 0.558051646 0.067816570
1403636658313555456.000000 -2.750289679 7.822838783 4.397626877 0.816477835 -0.132289782 0.556869507 0.075893722
1403636658413555456.000000 -2.788974524 7.741024971 4.390026093 0.817386389 -0.130891249 0.555248499 0.080288239
1403636658613555456.000000 -2.856503963 7.580419064 4.366586685 0.818718612 -0.123349071 0.552973688 0.093301207
1403636658813555456.000000 -2.909906864 7.432575226 4.333770752 0.815478742 -0.117425993 0.557306886 0.103027180
1403636659013555456.000000 -2.951904535 7.305494308 4.290524006 0.807394505 -0.121421248 0.568972468 0.098190412
1403636659213555456.000000 -2.994007587 7.196140289 4.233501911 0.800761163 -0.124374494 0.578400075 0.093626551
1403636659313555456.000000 -3.018572569 7.147907257 4.205155849 0.802112639 -0.124969855 0.576537967 0.092746489
1403636659413555456.000000 -3.044216871 7.102943897 4.182045937 0.806927562 -0.125068605 0.569810390 0.092422560
1403636659513555456.000000 -3.068896294 7.060320377 4.166258812 0.810850978 -0.124453686 0.564159334 0.093575165
1403636659713555456.000000 -3.115420103 6.982116222 4.138673782 0.808104694 -0.125377044 0.567574263 0.095430419
1403636660013555456.000000 -3.183308840 6.889863968 4.057060242 0.811905622 -0.129599243 0.560819447 0.097441018
1403636660413555456.000000 -3.245465517 6.803221703 3.909170866 0.830471158 -0.134093881 0.531945407 0.096802421
1403636660713555456.000000 -3.221946955 6.753967762 3.832840204 0.817395806 -0.127081960 0.552062809 0.104599498
1403636661013555456.000000 -3.166066170 6.739531517 3.717156172 0.805212319 -0.117646381 0.569667995 0.115199611
1403636661113555456.000000 -3.147138357 6.747722626 3.669922113 0.803298295 -0.121758655 0.572648466 0.109364010
1403636661613555456.000000 -3.084650040 6.850705147 3.500859261 0.803129613 -0.129892856 0.573482990 0.096062213
1403636661913555456.000000 -3.078418493 6.941999435 3.486895323 0.798026323 -0.137398168 0.580980957 0.082078166
1403636662213555456.000000 -3.103353500 7.025546074 3.526685715 0.799725473 -0.131508708 0.579000056 0.088901825
1403636662413555456.000000 -3.137337208 7.082516670 3.535944939 0.805739224 -0.125690684 0.569947839 0.100726180
1403636662763555584.000000 -3.190645933 7.199360847 3.503029346 0.810424209 -0.147784039 0.561850607 0.075475335
1403636662863555584.000000 -3.203014612 7.229673386 3.484638929 0.809685230 -0.152339041 0.562354326 0.070428804
1403636663263555584.000000 -3.238405466 7.291754246 3.414513111 0.821118236 -0.153610975 0.544789612 0.073299281
1403636663663555584.000000 -3.208070278 7.288136959 3.316262007 0.835661054 -0.131840721 0.522954047 0.103960693
1403636664063555584.000000 -3.032159328 7.322591782 3.240096807 0.820514739 -0.102284752 0.546713769 0.131899938
1403636664163555584.000000 -2.969420910 7.351971149 3.237485170 0.815824628 -0.104147352 0.555045485 0.124531679
1403636664363555584.000000 -2.837728739 7.434206009 3.227399588 0.807340384 -0.108282320 0.570097446 0.107076816
1403636664463555584.000000 -2.773860693 7.483027935 3.200642586 0.805868626 -0.107745647 0.573306501 0.101422161
1403636664563555584.000000 -2.712160826 7.536090851 3.168269634 0.804272354 -0.106696539 0.576760828 0.095440432
1403636664863555584.000000 -2.548329592 7.714213371 3.102534533 0.807228148 -0.101383649 0.575642467 0.082097061
1403636664963555584.000000 -2.497762680 7.776696682 3.094908953 0.809497952 -0.100001372 0.573146105 0.078844786
1403636665063555584.000000 -2.449089766 7.840967178 3.094373941 0.814948916 -0.100156568 0.565881729 0.074866004
1403636665363555584.000000 -2.305790186 8.034814835 3.125004053 0.813192487 -0.107041195 0.569048166 0.058689248
1403636666063555584.000000 -1.982573867 8.478845596 3.226360083 0.805704296 -0.116334707 0.577489018 0.061751571
1403636666663555584.000000 -1.794637084 8.839306831 3.229767084 0.811079085 -0.108707614 0.571068347 0.064918928
1403636667713555456.000000 -1.520738482 9.297487259 3.211660385 0.821860373 -0.103282526 0.557337761 0.057034515
1403636668013555456.000000 -1.430924892 9.408249855 3.219001770 0.820113719 -0.107803002 0.559310734 0.054438416
1403636668313555456.000000 -1.328415513 9.500998497 3.182971954 0.821732521 -0.104140863 0.555556059 0.072580233
1403636668763555584.000000 -1.139403939 9.649157524 3.080253601 0.817324042 -0.104135908 0.559473038 0.090150595
1403636669063555584.000000 -0.997428119 9.783972740 3.044669628 0.806939721 -0.102400124 0.573825538 0.095324539
1403636669213555456.000000 -0.934369802 9.870145798 3.043991804 0.803822577 -0.108897947 0.578128159 0.088195145
1403636669663555584.000000 -0.783884585 10.163464546 2.987564564 0.791391790 -0.107477784 0.595135033 0.089229465
1403636669813555456.000000 -0.756548822 10.273142815 2.969652414 0.785887241 -0.111634627 0.602975547 0.079621062
1403636669963555584.000000 -0.747952163 10.385542870 2.966172934 0.789271951 -0.133841455 0.597686768 0.043667741
1403636670263555584.000000 -0.784509242 10.557316780 2.999049425 0.787103534 -0.145221755 0.599441350 0.006983113
1403636670413555456.000000 -0.829655468 10.604137421 3.009187460 0.785080492 -0.143611610 0.602380931 -0.012714198
1403636670663555584.000000 -0.951688647 10.600725174 3.034375191 0.792323947 -0.113688745 0.597531259 -0.047476329
1403636672713555456.000000 -2.124333143 8.286786079 3.634497881 -0.801411629 -0.165308774 -0.567997158 0.088270046
1403636673163555584.000000 -2.122834206 8.148052216 3.546266079 -0.807671010 -0.206496000 -0.539707243 0.117230497
1403636673663555584.000000 -2.043319225 8.168525696 3.558103800 -0.805164993 -0.235112041 -0.528498828 0.130846053
1403636674163555584.000000 -1.914214730 8.367904663 3.548214436 -0.790585220 -0.233926803 -0.548325241 0.139974520
1403636676413555456.000000 -1.138721466 9.828487396 3.101806164 -0.708513856 -0.422035813 -0.504296064 0.256085008
1403636679163555584.000000 -0.991077006 11.577273369 3.061591864 -0.437182844 -0.689452410 -0.337321281 0.468765378
1403636679463555584.000000 -1.064848304 11.639407158 3.044020176 -0.395174235 -0.705633581 -0.281131804 0.516607583
1403636680363555584.000000 -1.183758140 11.644292831 3.297187805 -0.326121420 -0.734567523 -0.293776274 0.517446578
1403636680513555456.000000 -1.213575125 11.592659950 3.327259302 -0.326671481 -0.740367234 -0.300012201 0.505108714
1403636680663555584.000000 -1.258728266 11.521762848 3.345072985 -0.334566325 -0.738534033 -0.295483619 0.505294323
1403636681413555456.000000 -1.593728781 11.101222038 3.315100908 -0.362173527 -0.731113672 -0.262947947 0.514938474
1403636681563555584.000000 -1.669285655 11.027832985 3.322846174 -0.360816389 -0.727940917 -0.261369735 0.521152079
1403636682463555584.000000 -2.109323740 10.507800102 3.379392147 -0.362602562 -0.737726688 -0.245225102 0.513948858
1403636682913555456.000000 -2.321088791 10.242858887 3.385756969 -0.357039183 -0.724521637 -0.265864730 0.526219964
1403636683063555584.000000 -2.388839960 10.145509720 3.404549837 -0.354380190 -0.725431979 -0.271267653 0.524000943
1403636683363555584.000000 -2.526105404 9.931589127 3.406819820 -0.358243912 -0.726606429 -0.260488629 0.525214434
1403636684363555584.000000 -2.941647291 9.212255478 3.407244444 -0.350547463 -0.731629789 -0.245498210 0.530626953
1403636684663555584.000000 -3.044856548 9.008391380 3.428560257 -0.351352453 -0.727707267 -0.239224106 0.538298666
1403636684963555584.000000 -3.116746426 8.801876068 3.398467302 -0.345595270 -0.730364978 -0.246984705 0.534910738
1403636685113555456.000000 -3.144139290 8.695877075 3.386476755 -0.344319463 -0.733730257 -0.251761407 0.528867006
1403636685863555584.000000 -3.296044827 8.131406784 3.385867119 -0.350521177 -0.734098732 -0.261649221 0.519397438
1403636686013555456.000000 -3.334151030 8.014153481 3.360183477 -0.354857326 -0.733789325 -0.254772514 0.520308137
1403636686163555584.000000 -3.373154402 7.896691799 3.345419645 -0.359033793 -0.734005928 -0.248342425 0.520246148
1403636688963555584.000000 -3.899421692 6.315747261 3.011010170 -0.338697255 -0.745066524 -0.246032462 0.519257247
1403636689113555456.000000 -3.937705755 6.232403755 2.992250681 -0.336716801 -0.748400152 -0.232706115 0.521887898
1403636689413555456.000000 -4.021999359 6.078413963 3.006540775 -0.329471111 -0.754873872 -0.218358144 0.523387074
1403636689563555584.000000 -4.067760944 6.013694763 3.040352345 -0.328396857 -0.756551862 -0.214026764 0.523428440
1403636689713555456.000000 -4.112176418 5.953824043 3.081070662 -0.334201872 -0.759406090 -0.204217166 0.519525647
1403636689863555584.000000 -4.159405231 5.907081604 3.112035990 -0.343912572 -0.758398712 -0.192591861 0.519099236
1403636690163555584.000000 -4.250031471 5.870990276 3.150755882 -0.345199585 -0.755548537 -0.198523447 0.520165503
1403636690313555456.000000 -4.292979717 5.879231930 3.171935320 -0.340789229 -0.757938743 -0.207192898 0.516200304
1403636690463555584.000000 -4.339796543 5.900773048 3.202997446 -0.340105921 -0.757015407 -0.209787562 0.516957343
1403636690613555456.000000 -4.389189243 5.932309151 3.227112770 -0.346856475 -0.751110315 -0.200644463 0.524657786
1403636690913555456.000000 -4.470983505 6.033387184 3.212285280 -0.362050831 -0.725712836 -0.177799106 0.557357728
1403636691063555584.000000 -4.481765747 6.106849194 3.190265417 -0.357732683 -0.708365560 -0.181879878 0.580659449
1403636691213555456.000000 -4.455454350 6.188646793 3.187216282 -0.343489230 -0.703982234 -0.199434757 0.588769913
1403636691363555584.000000 -4.391339779 6.264324665 3.199707031 -0.324061364 -0.713059783 -0.224866971 0.579624832
1403636691513555456.000000 -4.306067944 6.328306675 3.224650383 -0.324420661 -0.730587959 -0.218503669 0.559686303
1403636691663555584.000000 -4.211193562 6.387753010 3.271309137 -0.321334630 -0.741292775 -0.217539549 0.547636449
1403636691813555456.000000 -4.112299442 6.444678307 3.319361210 -0.314526230 -0.748694241 -0.224677905 0.538562894
1403636691963555584.000000 -4.014519215 6.495331764 3.353127956 -0.316872865 -0.745039284 -0.220355392 0.544014275
1403636692113555456.000000 -3.915754318 6.542671204 3.380791664 -0.317597032 -0.741919816 -0.220118523 0.547937036
1403636692263555584.000000 -3.815850735 6.587098598 3.418415070 -0.314415276 -0.746056616 -0.226901248 0.541348815
1403636692463555584.000000 -3.681347609 6.633087635 3.494424582 -0.317427695 -0.747638762 -0.225631446 0.537927866
1403636692613555456.000000 -3.583456516 6.662621021 3.568093300 -0.317104876 -0.748297930 -0.229132652 0.535717249
1403636693063555584.000000 -3.334168673 6.720191956 3.775499582 -0.312052518 -0.761903524 -0.241968155 0.513398111
1403636693213555456.000000 -3.279852629 6.726944447 3.823317766 -0.315962970 -0.758681774 -0.234681413 0.519127965
1403636693663555584.000000 -3.179876328 6.757676125 3.895275593 -0.333886117 -0.774675250 -0.202786192 0.497268736
1403636693813555456.000000 -3.170232296 6.788994789 3.909763575 -0.329633802 -0.769026637 -0.207529053 0.506824732
1403636694663555584.000000 -3.187763214 7.021764755 3.962687254 -0.319989622 -0.753953516 -0.218294472 0.530573666
1403636695763555584.000000 -3.158357382 7.303231716 3.946424007 -0.325743616 -0.746196747 -0.233894959 0.531389475
1403636695963555584.000000 -3.154114723 7.342096329 3.934238195 -0.329405785 -0.746854186 -0.231173307 0.529395461
1403636696563555584.000000 -3.172386169 7.431721210 3.852939129 -0.330298781 -0.736014307 -0.238270283 0.540752172
1403636697563555584.000000 -3.212755442 7.314686775 3.882097721 -0.333774269 -0.747078419 -0.242173448 0.521364272
1403636700013555456.000000 -3.851499319 6.592935085 3.757580519 -0.681172669 -0.457828224 -0.454276562 0.346453279
1403636700763555584.000000 -3.760637522 6.472744465 3.523364782 -0.698411524 -0.418425769 -0.484831929 0.319498479
1403636701263555584.000000 -3.646040678 6.373724937 3.432327747 -0.715262234 -0.420905918 -0.472330332 0.296887428
1403636701863555584.000000 -3.472443581 6.334323883 3.467337608 -0.703340173 -0.418690801 -0.486723870 0.305140108
1403636702113555456.000000 -3.396184206 6.316799164 3.438594580 -0.724208593 -0.383014441 -0.497244626 0.285604209
1403636703013555456.000000 -3.115745068 6.306633472 3.114784002 -0.756922483 -0.343637586 -0.505097687 0.232073113
1403636704363555584.000000 -2.594022751 6.475790977 2.961593151 -0.748710752 -0.348912567 -0.506039917 0.248225614
1403636704813555456.000000 -2.399253845 6.550489426 2.943631172 -0.756883085 -0.361450225 -0.491310000 0.234726235
1403636705063555584.000000 -2.276225567 6.636965752 2.900365353 -0.760712385 -0.368306816 -0.482525140 0.229861438
1403636705313555456.000000 -2.137395620 6.769123077 2.860007048 -0.741584837 -0.363228917 -0.509720623 0.241457358
1403636705563555584.000000 -2.005046368 6.923595905 2.839745045 -0.746252954 -0.364571035 -0.503127813 0.238865927
1403636705763555584.000000 -1.901386976 7.062565327 2.805670977 -0.746282637 -0.362149268 -0.503965139 0.240684971
1403636706163555584.000000 -1.688475370 7.358454704 2.771131992 -0.740309834 -0.341238022 -0.509275556 0.275928438
1403636706363555584.000000 -1.575268149 7.486981869 2.748024702 -0.734800756 -0.357904583 -0.515556574 0.257242441
1403636706563555584.000000 -1.468424916 7.609703064 2.710701942 -0.735402882 -0.367334455 -0.513736784 0.245606467
1403636706763555584.000000 -1.369173527 7.739083767 2.698000193 -0.739679039 -0.368382961 -0.508283019 0.242522925
1403636706963555584.000000 -1.273765802 7.879924297 2.706061602 -0.743907332 -0.366674036 -0.505203784 0.238581851
1403636707163555584.000000 -1.180614114 8.033237457 2.722671032 -0.741529942 -0.360654682 -0.512753963 0.239050016
1403636707563555584.000000 -1.010089755 8.368850708 2.805471897 -0.747461379 -0.354869515 -0.511154354 0.232573524
1403636707763555584.000000 -0.933172405 8.550723076 2.852736950 -0.754480779 -0.346762329 -0.501004636 0.243944928
1403636707963555584.000000 -0.849248350 8.736172676 2.855947733 -0.751260042 -0.345778584 -0.503639758 0.249784723
1403636708563555584.000000 -0.559476674 9.283988953 2.744047165 -0.742971480 -0.335002065 -0.507311881 0.280003041
1403636709363555584.000000 -0.203961194 9.823209763 2.679989815 -0.737460732 -0.346740365 -0.530419350 0.233619615
1403636709763555584.000000 -0.142120630 10.081851959 2.651523113 -0.740614891 -0.351611674 -0.524554551 0.229567870
1403636709963555584.000000 -0.134166494 10.222133636 2.634116411 -0.738028347 -0.354197621 -0.525651276 0.231406540
1403636710363555584.000000 -0.165694639 10.516315460 2.605631351 -0.735802233 -0.352458328 -0.520521820 0.251843631
1403636710663555584.000000 -0.212674767 10.731723785 2.525255919 -0.729164541 -0.364418328 -0.501577377 0.289721727
1403636711063555584.000000 -0.255635530 10.971715927 2.441658497 -0.689754665 -0.432514459 -0.495949298 0.302000165
1403636711263555584.000000 -0.287447274 11.076360703 2.432027340 -0.678786635 -0.447062165 -0.496552914 0.304662794
1403636711663555584.000000 -0.399728775 11.254287720 2.450814724 -0.665200293 -0.433722794 -0.514815986 0.323044449
1403636711863555584.000000 -0.485650212 11.311794281 2.469042778 -0.672792912 -0.431473762 -0.508984506 0.319554150
1403636712263555584.000000 -0.684522569 11.366763115 2.546428919 -0.683508933 -0.429634303 -0.489877880 0.329012930
1403636712663555584.000000 -0.891552269 11.362472534 2.688403130 -0.648441136 -0.467319310 -0.490875900 0.346666515
1403636713113555456.000000 -1.168010235 11.261338234 2.784407854 -0.645301402 -0.477525800 -0.478078693 0.356365025
1403636713513555456.000000 -1.426874995 11.094501495 2.925492048 -0.653828144 -0.477606952 -0.466064274 0.356629372
1403636713913555456.000000 -1.661163330 10.892495155 3.060676098 -0.666584969 -0.468736351 -0.455209017 0.358797342
1403636714113555456.000000 -1.755321026 10.781726837 3.096689224 -0.665837109 -0.470897079 -0.461486518 0.349209160
1403636714513555456.000000 -1.916975617 10.549684525 3.118179321 -0.673710108 -0.470812917 -0.453567684 0.344566792
1403636715413555456.000000 -2.151442528 10.175451279 3.243908882 -0.595938802 -0.571390629 -0.400601149 0.397351891
1403636716263555584.000000 -2.239472151 9.942211151 3.293315649 -0.594589949 -0.551161647 -0.418963790 0.408843517
1403636716663555584.000000 -2.251815081 9.761181831 3.303828239 -0.597453594 -0.553753316 -0.418383032 0.401699156
1403636716913555456.000000 -2.262648344 9.644586563 3.272941589 -0.577695966 -0.574130714 -0.403359324 0.417064369
1403636717613555456.000000 -2.302560806 9.303042412 3.294945240 -0.511923909 -0.634542942 -0.377437413 0.439124376
1403636717813555456.000000 -2.337308407 9.199993134 3.274350643 -0.509452879 -0.636185825 -0.376779228 0.440185070
1403636718063555584.000000 -2.410084486 9.063792229 3.264417887 -0.487002850 -0.654435039 -0.365076333 0.448622733
1403636718363555584.000000 -2.533201933 8.890634537 3.265672684 -0.462762296 -0.673105538 -0.326635301 0.475488752
1403636718763555584.000000 -2.706119537 8.663948059 3.186907768 -0.439097136 -0.689737260 -0.280490398 0.502773702
1403636719163555584.000000 -2.841506720 8.474537849 3.122235298 -0.413247973 -0.699237466 -0.295863360 0.502750516
1403636720563555584.000000 -3.123356104 7.772225380 3.003165483 -0.435964346 -0.691504717 -0.288742304 0.498381734
1403636721263555584.000000 -3.136529922 7.535215378 2.976511717 -0.479507476 -0.654635370 -0.325221628 0.485547215
1403636722713555456.000000 -3.023313522 7.049593449 2.937164068 -0.514511764 -0.630828142 -0.364103913 0.452506244
1403636723213555456.000000 -3.025639534 6.864367485 2.953931808 -0.518849432 -0.627218008 -0.362504542 0.453853995
1403636723613555456.000000 -3.035290241 6.727910042 2.955180407 -0.526262879 -0.606059492 -0.388372838 0.452665299
1403636726563555584.000000 -3.211704016 5.880155563 3.267405272 -0.606762052 -0.543520272 -0.416741461 0.403425425
1403636727063555584.000000 -3.186652184 5.779700756 3.412825584 -0.594435513 -0.552134871 -0.420708030 0.405953556
1403636728063555584.000000 -3.219654799 5.499048710 3.728752136 -0.586853325 -0.564039350 -0.427383631 0.393454075
1403636728313555456.000000 -3.273415089 5.418295860 3.786145210 -0.589874387 -0.557629585 -0.424145073 0.401495188
1403636729663555584.000000 -3.578669071 4.851425171 3.869005919 -0.548036635 -0.598626554 -0.393185675 0.432096303
1403636729913555456.000000 -3.641506910 4.716113567 3.901749849 -0.553393424 -0.600199044 -0.387460828 0.428241581
1403636730163555584.000000 -3.707085848 4.582067013 3.905955791 -0.555526435 -0.601840675 -0.383948177 0.426335484
1403636730713555456.000000 -3.849381685 4.329515457 3.888977528 -0.562264204 -0.610827327 -0.370490491 0.416516334
1403636731263555584.000000 -3.976697683 4.214232922 3.976715326 -0.564451993 -0.589851141 -0.371167839 0.442384452
1403636732013555456.000000 -4.001959324 4.115154266 3.893899679 -0.556768298 -0.595665574 -0.382399410 0.434697986
1403636732513555456.000000 -3.973990202 4.039065838 3.790383339 -0.539305091 -0.602209389 -0.403841823 0.428258866
1403636734863555584.000000 -4.455759048 2.914614201 4.077720165 -0.547120094 -0.613996685 -0.373855412 0.428835481
1403636737513555456.000000 -5.107077122 2.250872850 4.295874119 -0.507695198 -0.643980026 -0.348175704 0.454212457
1403636737763555584.000000 -5.182734966 2.201787949 4.317746162 -0.514553726 -0.642341554 -0.335404545 0.458405554
1403636738513555456.000000 -5.299081326 2.131501198 4.512862206 -0.521694243 -0.635532439 -0.344567388 0.452997804
1403636739263555584.000000 -5.254152775 2.156553507 4.425146103 -0.626686633 -0.525596082 -0.418981075 0.394293666
1403636740313555456.000000 -5.024682999 2.183675051 4.235341549 -0.673059285 -0.462993830 -0.474989921 0.327127725
1403636740963555584.000000 -4.925452232 2.186249256 4.043803215 -0.668476105 -0.467985749 -0.468240798 0.338938892
1403636741213555456.000000 -4.891135693 2.173023462 3.946296453 -0.665674746 -0.463589430 -0.482960105 0.329714298
1403636741963555584.000000 -4.827350140 2.112470627 3.677665234 -0.683607876 -0.457051218 -0.473106325 0.316156507
1403636742213555456.000000 -4.805037022 2.115746975 3.607367754 -0.686524570 -0.466817647 -0.460778803 0.313764721
1403636742663555584.000000 -4.767387390 2.163851261 3.566948414 -0.675551236 -0.462300569 -0.466600269 0.334952265
1403636743313555456.000000 -4.703055382 2.228219271 3.385173798 -0.704056680 -0.461526394 -0.441161960 0.310924143
1403636743813555456.000000 -4.585813046 2.383334875 3.276737928 -0.691246629 -0.446998686 -0.470874995 0.317249328
1403636746063555584.000000 -4.092916965 2.878992081 2.354894161 -0.696390033 -0.415787399 -0.507224858 0.291349828
1403636746863555584.000000 -4.224061012 2.926543951 2.464559317 -0.726006567 -0.409734845 -0.462922394 0.301222086
1403636747113555456.000000 -4.262491226 2.952856779 2.468815327 -0.714399517 -0.413885593 -0.475855947 0.303138971
1403636747363555584.000000 -4.277259827 3.000729084 2.527576685 -0.703309238 -0.417147398 -0.493429154 0.296432078
1403636747613555456.000000 -4.301013470 3.057265759 2.585113525 -0.707428157 -0.413268447 -0.492861748 0.292988032
1403636747863555584.000000 -4.336002350 3.120393038 2.655138493 -0.711605370 -0.407947630 -0.492717564 0.290561587
1403636749163555584.000000 -4.383896351 3.418861628 2.980396271 -0.724812984 -0.372294724 -0.489970028 0.309793800
1403636749463555584.000000 -4.340886593 3.441765785 3.052401543 -0.717566609 -0.383595735 -0.505519867 0.287057906
1403636749713555456.000000 -4.309436798 3.449282169 3.128501892 -0.711989582 -0.392169118 -0.512018144 0.277690053
1403636750013555456.000000 -4.298895359 3.455266237 3.172035694 -0.701183498 -0.388072431 -0.520383298 0.294860780
1403636750513555456.000000 -4.346735954 3.407736540 3.258834124 -0.704394579 -0.403209120 -0.502593219 0.297742754
1403636750763555584.000000 -4.383971214 3.373225212 3.378300667 -0.702393055 -0.411282420 -0.498549700 0.298226625
1403636751013555456.000000 -4.427781582 3.335030317 3.529455423 -0.702258289 -0.418023765 -0.496511906 0.292515695
1403636751463555584.000000 -4.526094913 3.288897514 3.749128103 -0.715273798 -0.408401430 -0.482587814 0.297826707
1403636751963555584.000000 -4.582655907 3.262325525 3.943603039 -0.713985026 -0.425619811 -0.465455264 0.304014206
1403636752463555584.000000 -4.561697960 3.276548624 4.126748085 -0.677950621 -0.449697882 -0.477765441 0.331504136
1403636752963555584.000000 -4.550052643 3.285904884 4.285187721 -0.619741619 -0.533126891 -0.439286143 0.372456491
1403636753813555456.000000 -4.666250229 3.285239220 4.295898438 -0.534946024 -0.613885581 -0.383427501 0.435844809
1403636754313555456.000000 -4.788013935 3.235746622 4.317066193 -0.535190284 -0.602406502 -0.399290532 0.437315494
1403636755313555456.000000 -5.175140381 2.899038315 4.377474308 -0.487680703 -0.653253555 -0.352113515 0.459829748
1403636755813555456.000000 -5.419955730 2.672942400 4.431901455 -0.493578881 -0.654296756 -0.349337965 0.454135001
1403636756313555456.000000 -5.693522453 2.468422413 4.463791847 -0.490723819 -0.648391962 -0.353280097 0.462570250
1403636756813555456.000000 -5.972006321 2.242868900 4.483012199 -0.485880405 -0.648246944 -0.352937311 0.468114704
1403636757313555456.000000 -6.230587482 1.958728790 4.525068283 -0.484446436 -0.650901377 -0.350554764 0.467707723
1403636757563555584.000000 -6.356823444 1.800284386 4.513655663 -0.482197076 -0.661041081 -0.345910788 0.459191144
1403636757813555456.000000 -6.496467113 1.646502018 4.534734726 -0.479800910 -0.681830347 -0.322673351 0.448085278
1403636758063555584.000000 -6.653055668 1.529431581 4.608860970 -0.469855279 -0.677838981 -0.320962667 0.465567857
1403636758313555456.000000 -6.810251236 1.428867698 4.659023762 -0.463016450 -0.667657137 -0.325510323 0.483624607
1403636758563555584.000000 -6.957499027 1.324581146 4.656351089 -0.485896528 -0.677872300 -0.292067528 0.468070954
1403636758813555456.000000 -7.087578773 1.262854695 4.645006180 -0.483773112 -0.670429587 -0.298575431 0.476802468
1403636759063555584.000000 -7.194237232 1.231783986 4.621084690 -0.470546514 -0.664048135 -0.318458915 0.486014456
1403636759313555456.000000 -7.277128220 1.201397181 4.575644493 -0.487451524 -0.648232043 -0.291157573 0.507359445
1403636759763555584.000000 -7.309177876 1.155237913 4.471554279 -0.461947650 -0.666706085 -0.323968291 0.486982465
1403636760163555584.000000 -7.308375835 1.097368360 4.439128876 -0.471932709 -0.679316640 -0.310930610 0.468113929
1403636760463555584.000000 -7.307307243 1.069326401 4.401462078 -0.461750895 -0.666854620 -0.326060236 0.485567570
1403636760863555584.000000 -7.304498672 1.019825220 4.339845657 -0.459015369 -0.678560674 -0.327266544 0.470910698
1403636761313555456.000000 -7.343418598 0.968821645 4.280154228 -0.471545935 -0.691914916 -0.306126893 0.452973098
1403636761563555584.000000 -7.386406898 0.972399712 4.274192810 -0.461850375 -0.677002311 -0.321511090 0.474334002
1403636761763555584.000000 -7.422426224 0.977112234 4.278695583 -0.468172610 -0.665595829 -0.314491391 0.488765687
1403636761963555584.000000 -7.445299625 0.979773939 4.289464474 -0.470921308 -0.664435863 -0.312254369 0.489137411
1403636762213555456.000000 -7.459445953 0.980380893 4.311388969 -0.453124315 -0.680827737 -0.340453774 0.463943154
1403636762413555456.000000 -7.487803459 0.975569606 4.312125683 -0.468579650 -0.688311458 -0.319941521 0.451993287
1403636762613555456.000000 -7.530702114 0.983289897 4.284008026 -0.487275034 -0.663250625 -0.293410301 0.486386865
1403636762813555456.000000 -7.556229115 1.004077554 4.226750851 -0.475646824 -0.661330104 -0.309403598 0.490583420
1403636763213555456.000000 -7.512390137 0.969941139 4.208374977 -0.504162431 -0.624731421 -0.335878700 0.492662698
1403636763413555456.000000 -7.512054443 0.964116395 4.196588039 -0.508070707 -0.626650453 -0.330412954 0.489898682
1403636763613555456.000000 -7.510832310 0.950801551 4.187119484 -0.508092701 -0.626558959 -0.330586016 0.489876002
1403636763813555456.000000 -7.509159088 0.935510695 4.177965641 0.508292019 0.626312017 0.330377191 -0.490125954
