1403636630813555456.000000 -10.664856911 4.732811451 13.830819130 -0.552168548 -0.609465480 -0.386459917 0.417505205
1403636631013555456.000000 -10.622364044 4.834483624 13.834713936 -0.552592933 -0.608951092 -0.380888611 0.422780663
1403636632513555456.000000 -10.420949936 5.565418243 13.728938103 -0.545563996 -0.612984061 -0.382004052 0.425068796
1403636634463555584.000000 -10.453497887 6.744502068 13.613888741 -0.475155234 -0.667114973 -0.330365807 0.469087929
1403636634763555584.000000 -10.448757172 6.982691288 13.604975700 -0.458871454 -0.674303651 -0.330451936 0.474924296
1403636634863555584.000000 -10.449048042 7.056517124 13.603140831 -0.455865026 -0.679337978 -0.324675590 0.474629104
1403636635263555584.000000 -10.465230942 7.341247559 13.621104240 -0.446382254 -0.693404138 -0.310367078 0.472869813
1403636635363555584.000000 -10.472958565 7.412127495 13.616090775 -0.449436367 -0.693646252 -0.303676724 0.473964512
1403636635663555584.000000 -10.495923042 7.632921219 13.629820824 -0.453792602 -0.690426409 -0.297611684 0.478341967
1403636635863555584.000000 -10.507112503 7.792088032 13.669485092 -0.456799269 -0.680644989 -0.296650678 0.489954233
1403636636063555584.000000 -10.505386353 7.959937096 13.725409508 -0.461515635 -0.687245786 -0.292818278 0.478491455
1403636636163555584.000000 -10.501191139 8.048029900 13.750840187 -0.457503259 -0.690773904 -0.298970699 0.473432958
1403636636263555584.000000 -10.496639252 8.138043404 13.782842636 -0.449910104 -0.688279688 -0.309742719 0.477400869
1403636636363555584.000000 -10.492455482 8.227570534 13.820720673 -0.444258332 -0.683537543 -0.317813247 0.484154701
1403636636463555584.000000 -10.488276482 8.314247131 13.856483459 -0.437997222 -0.676668763 -0.325805396 0.494093865
1403636636563555584.000000 -10.483167648 8.395727158 13.883145332 -0.433324218 -0.676782191 -0.332409412 0.493659914
1403636636963555584.000000 -10.478240967 8.650775909 13.906822205 -0.425509870 -0.687132359 -0.340709925 0.480319858
1403636637263555584.000000 -10.503446579 8.776949883 13.862209320 -0.440626591 -0.689842343 -0.314140201 0.480917573
1403636637663555584.000000 -10.556732178 8.946357727 13.871793747 -0.442302108 -0.695763946 -0.305030406 0.476694763
1403636638163555584.000000 -10.645516396 9.178936958 13.959450722 -0.434375674 -0.688945353 -0.310831755 0.489954829
1403636638463555584.000000 -10.694524765 9.308269501 13.912911415 -0.449983865 -0.697087586 -0.286856860 0.478849262
1403636638763555584.000000 -10.729646683 9.460106850 13.881757736 -0.447258949 -0.703214407 -0.289405614 0.470843285
1403636638863555584.000000 -10.741517067 9.521746635 13.892133713 -0.443391055 -0.699197769 -0.294585735 0.477227598
1403636638963555584.000000 -10.752902985 9.583847046 13.906478882 -0.443286389 -0.695227623 -0.293782651 0.483577907
1403636639163555584.000000 -10.774312973 9.720434189 13.928767204 -0.452815324 -0.687568009 -0.279467851 0.494071066
1403636639263555584.000000 -10.780042648 9.794241905 13.919109344 -0.455399185 -0.686426044 -0.275644153 0.495430291
1403636640613555456.000000 -10.772095680 10.744761467 13.777585030 -0.402517110 -0.706626773 -0.293396652 0.502570391
1403636641813555456.000000 -10.754207611 11.240768433 13.693068504 -0.405172288 -0.705852091 -0.291707724 0.502508640
1403636641913555456.000000 -10.749667168 11.270716667 13.703157425 -0.405752033 -0.704940438 -0.292996258 0.502570868
1403636642813555456.000000 -10.689592361 11.468155861 13.703556061 -0.454958588 -0.686048388 -0.311989784 0.474355012
1403636643263555584.000000 -10.659436226 11.553839684 13.706310272 -0.453407675 -0.679225564 -0.314354122 0.483999699
1403636644163555584.000000 -10.609989166 11.867259979 13.782196999 -0.458135247 -0.702076912 -0.298013180 0.456495792
1403636644463555584.000000 -10.619229317 12.053243637 13.756991386 -0.459845364 -0.673751593 -0.297649294 0.495989889
1403636644713555456.000000 -10.598565102 12.217113495 13.686655998 -0.455931962 -0.668724835 -0.303626001 0.502737045
1403636644913555456.000000 -10.559521675 12.344284058 13.603113174 -0.446153283 -0.679309368 -0.321150869 0.486156553
1403636645113555456.000000 -10.519746780 12.459966660 13.533268929 -0.459992051 -0.693047762 -0.304695010 0.463953763
1403636645563555584.000000 -10.463108063 12.783458710 13.475565910 -0.462383777 -0.694892585 -0.304880738 0.458664834
1403636646413555456.000000 -10.440965652 13.614813805 13.517215729 -0.522179604 -0.620573223 -0.350477487 0.468383312
1403636646513555456.000000 -10.425271988 13.712346077 13.524610519 -0.530509174 -0.605891466 -0.371255010 0.462196201
1403636646713555456.000000 -10.384728432 13.891028404 13.548162460 -0.545064867 -0.593841970 -0.390567392 0.444649547
1403636646913555456.000000 -10.340302467 14.049410820 13.602503777 -0.552356660 -0.588380277 -0.396516114 0.437590986
1403636647413555456.000000 -10.221494675 14.385571480 13.684639931 -0.556479573 -0.593052328 -0.389236182 0.432567537
1403636647513555456.000000 -10.196166039 14.445830345 13.686641693 -0.554405808 -0.590980709 -0.388869554 0.438356698
1403636647613555456.000000 -10.168729782 14.502172470 13.689318657 -0.552134275 -0.585805237 -0.388952136 0.447991490
1403636647863555584.000000 -10.084326744 14.632714272 13.712522507 -0.556484818 -0.586480975 -0.392429143 0.438593417
1403636649663555584.000000 -9.268042564 15.058591843 13.819596291 -0.660920262 -0.468252152 -0.473578691 0.345901012
1403636650113555456.000000 -9.088670731 15.081383705 13.954053879 -0.670520067 -0.445119917 -0.491289586 0.333024979
1403636650263555584.000000 -9.033855438 15.068572998 13.958122253 -0.682103097 -0.427720010 -0.499627560 0.319629878
1403636650713555456.000000 -8.886910439 14.984642982 13.906407356 -0.734514952 -0.358566999 -0.515279114 0.257691860
1403636651163555584.000000 -8.773458481 14.887887001 13.912343025 -0.732141793 -0.340128154 -0.533784211 0.251705438
1403636651513555456.000000 -8.713767052 14.795096397 13.973248482 -0.735431612 -0.350962996 -0.521755934 0.252460241
1403636651963555584.000000 -8.653598785 14.648875237 13.970215797 -0.736961484 -0.320668399 -0.532822132 0.264877588
1403636652563555584.000000 -8.582653046 14.308540344 13.841563225 -0.804773390 -0.194965661 -0.541830897 0.144039840
1403636653013555456.000000 -8.475486755 14.084832191 13.850777626 -0.811333418 -0.178760380 -0.542783856 0.123161055
1403636653163555584.000000 -8.420931816 14.024209023 13.850895882 -0.804099023 -0.182234824 -0.551757693 0.125612944
1403636653313555456.000000 -8.362636566 13.968837738 13.839244843 -0.792894185 -0.186374739 -0.565256119 0.130647674
1403636654313555456.000000 -8.138371468 13.616397858 13.862682343 -0.787677526 -0.180741176 -0.573013902 0.136205092
1403636654963555584.000000 -8.126071930 13.348905563 13.929199219 -0.810101748 -0.105731443 -0.571680665 0.075745255
1403636655363555584.000000 -8.141383171 13.201313019 13.892549515 -0.797670782 -0.086813785 -0.592161477 0.074361086
1403636655463555584.000000 -8.153856277 13.161700249 13.883337975 -0.797452092 -0.078424104 -0.594070196 0.070714846
1403636655863555584.000000 -8.251991272 12.980028152 13.837323189 -0.820520699 -0.027225167 -0.569475830 0.041254617
1403636655963555584.000000 -8.275259972 12.929929733 13.805649757 -0.821897328 -0.008598498 -0.568719506 0.031130316
1403636656063555584.000000 -8.297059059 12.877864838 13.779401779 0.821304560 -0.006378856 0.570032477 -0.021938168
1403636656463555584.000000 -8.369830132 12.653598785 13.775678635 0.825154364 -0.023057088 0.564435661 0.001043173
1403636656563555584.000000 -8.380667686 12.595706940 13.793748856 0.824863076 -0.020992361 0.564935446 0.002851035
1403636656763555584.000000 -8.394431114 12.479834557 13.822894096 0.812107921 -0.016753806 0.583266258 0.000758783
1403636657163555584.000000 -8.445550919 12.248598099 13.801856995 0.801383197 -0.011311637 0.597988665 -0.008165537
1403636657263555584.000000 -8.470792770 12.190133095 13.790946007 0.803648591 -0.012685715 0.594843268 -0.012229249
1403636657663555584.000000 -8.594112396 11.936892509 13.757915497 0.819774389 -0.017711723 0.572145998 -0.017474359
1403636657863555584.000000 -8.650475502 11.793952942 13.723331451 0.820211232 -0.026564255 0.571099877 -0.019817635
1403636658063555584.000000 -8.700083733 11.634917259 13.695387840 0.824546337 -0.032611787 0.564535260 -0.018964736
1403636658363555584.000000 -8.761241913 11.368947983 13.687043190 0.824851274 -0.021429116 0.564905167 0.006589675
1403636658463555584.000000 -8.776036263 11.280714035 13.678288460 0.825665951 -0.019320801 0.563710093 0.011546492
1403636658563555584.000000 -8.788015366 11.194283485 13.667303085 0.825750232 -0.015083877 0.563521504 0.018780494
1403636658663555584.000000 -8.797235489 11.111320496 13.653905869 0.825431943 -0.012099776 0.563877404 0.023623547
1403636658763555584.000000 -8.804086685 11.032889366 13.637933731 0.823434651 -0.009668062 0.566659510 0.027547395
1403636658963555584.000000 -8.812059402 10.892779350 13.598839760 0.815406024 -0.010342900 0.578130305 0.027775586
1403636659263555584.000000 -8.829338074 10.717408180 13.516087532 0.807732642 -0.016662072 0.589034081 0.018145772
1403636659363555584.000000 -8.841344833 10.665863991 13.490326881 0.811206698 -0.016619476 0.584245026 0.018038349
1403636659563555584.000000 -8.866482735 10.570400238 13.457819939 0.818214178 -0.015916428 0.574369013 0.019296551
1403636659763555584.000000 -8.890291214 10.485804558 13.425757408 0.814071834 -0.016701443 0.580086052 0.022542682
1403636659863555584.000000 -8.902796745 10.448952675 13.401159286 0.813686848 -0.018133566 0.580556691 0.023214465
1403636660063555584.000000 -8.931185722 10.384125710 13.335719109 0.822196186 -0.020590294 0.568267584 0.025327023
1403636660263555584.000000 -8.953926086 10.330971718 13.258598328 0.828797340 -0.021604115 0.558486998 0.026843801
1403636660563555584.000000 -8.950009346 10.274268150 13.170452118 0.838304400 -0.020772636 0.544031024 0.029061571
1403636660663555584.000000 -8.933653831 10.261776924 13.145228386 0.829400241 -0.018379357 0.557485104 0.031109693
1403636660963555584.000000 -8.874651909 10.252449036 13.037669182 0.811765969 -0.006923476 0.582254410 0.044360552
1403636661263555584.000000 -8.828931808 10.296194077 12.897815704 0.808810294 -0.017660325 0.587112427 0.028516058
1403636661563555584.000000 -8.814266205 10.369091034 12.805532455 0.809385419 -0.020181840 0.586466134 0.023354890
1403636661763555584.000000 -8.820729256 10.427845001 12.780976295 0.808453739 -0.024438126 0.587845743 0.015580765
1403636662163555584.000000 -8.867348671 10.533875465 12.815475464 0.806374490 -0.025540391 0.590776265 0.009558165
1403636662563555584.000000 -8.960429192 10.631196976 12.821922302 0.820913494 -0.018720675 0.570134103 0.026414616
1403636662763555584.000000 -9.006705284 10.690237045 12.797670364 0.820394099 -0.037754323 0.570544541 0.002673739
1403636662963555584.000000 -9.044925690 10.736857414 12.756750107 0.824416459 -0.042109512 0.564414680 -0.000662977
1403636663363555584.000000 -9.078670502 10.765546799 12.694039345 0.834365964 -0.031203542 0.549998522 0.019013781
1403636663763555584.000000 -9.016759872 10.778734207 12.581542015 0.842454314 -0.012306616 0.536856771 0.043636557
1403636664063555584.000000 -8.883718491 10.849100113 12.535737991 -0.824342132 -0.008442494 -0.562741518 -0.060916588
1403636664163555584.000000 -8.830759048 10.893678665 12.533358574 -0.819934845 -0.006058513 -0.570017576 -0.052440587
1403636664363555584.000000 -8.724885941 11.007001877 12.523722649 0.812088013 0.000958908 0.582597911 0.033044573
1403636664463555584.000000 -8.675662041 11.070441246 12.497059822 0.810526669 0.001318407 0.585075378 0.027049623
1403636664563555584.000000 -8.629540443 11.137418747 12.464722633 -0.808820188 -0.002081386 -0.587690890 -0.020617543
1403636664763555584.000000 -8.550251961 11.279067993 12.413242340 -0.809726357 -0.002305586 -0.586769998 -0.006227716
1403636664863555584.000000 -8.516199112 11.350791931 12.399254799 -0.811208963 -0.007802538 -0.584655762 -0.007543986
1403636664963555584.000000 -8.483767509 11.424046516 12.391614914 -0.813328862 -0.009461848 -0.581708312 -0.004703298
1403636665363555584.000000 -8.366564751 11.721773148 12.420404434 -0.817926586 -0.003205453 -0.575117588 0.015018777
1403636666263555584.000000 -8.131081581 12.376691818 12.528389931 0.809607804 -0.002786637 0.586937189 -0.005671934
1403636666413555456.000000 -8.105600357 12.478670120 12.517986298 0.808283448 -0.006534607 0.588618517 -0.012783009
1403636666563555584.000000 -8.089516640 12.572823524 12.513779640 0.812114239 -0.005404975 0.583283365 -0.014896687
1403636667013555456.000000 -8.061593056 12.826959610 12.555525780 0.834263504 -0.007036834 0.550587773 -0.028428335
1403636667763555584.000000 -7.932559967 13.168462753 12.506537437 -0.826112330 -0.006420920 -0.563219428 0.016769771
1403636668213555456.000000 -7.835114002 13.353552818 12.494245529 -0.825096428 -0.006350939 -0.564932764 0.005165979
1403636668513555456.000000 -7.746706963 13.472831726 12.434785843 -0.823720098 -0.004054062 -0.566953838 -0.005667503
1403636668663555584.000000 -7.697026253 13.537560463 12.400711060 -0.823656917 -0.001744623 -0.567022026 -0.008510156
1403636669113555456.000000 -7.547082424 13.784294128 12.337130547 -0.810226381 -0.002817491 -0.585884809 -0.016259491
1403636669263555584.000000 -7.511497974 13.886244774 12.332741737 0.808576763 -0.001260713 0.588255882 0.012532415
1403636669713555456.000000 -7.454177380 14.211649895 12.267034531 0.793006778 -0.000396680 0.609112263 0.011067768
1403636669863555584.000000 -7.461311817 14.326111794 12.252825737 0.791941404 -0.013436773 0.610329330 -0.012102267
1403636670163555584.000000 -7.526664734 14.515226364 12.269992828 0.803246260 -0.034771297 0.592214525 -0.053557862
1403636670313555456.000000 -7.574604511 14.570755005 12.288897514 0.794908106 -0.039881166 0.600343108 -0.078223377
1403636670463555584.000000 -7.634551048 14.591845512 12.295156479 0.796106994 -0.034536902 0.596152365 -0.098098531
1403636670813555456.000000 -7.807908058 14.469088554 12.351159096 -0.796442032 -0.022029547 -0.586162269 0.146998540
1403636672013555456.000000 -8.349623680 12.611920357 12.724945068 -0.813996494 -0.281927913 -0.483588576 0.155140340
1403636672463555584.000000 -8.305028915 12.138746262 12.912490845 -0.790175676 -0.300928503 -0.521041214 0.116535299
1403636672763555584.000000 -8.255567551 11.989884377 12.909176826 -0.774061561 -0.268666834 -0.549245477 0.164244860
1403636673363555584.000000 -8.204406738 11.864244461 12.838541031 -0.779272735 -0.335101038 -0.496146739 0.185147539
1403636674113555456.000000 -8.082345963 12.116201401 12.838162422 -0.750978410 -0.338960916 -0.527206898 0.207821861
1403636676913555456.000000 -7.740012646 14.198541641 12.340578079 -0.615996480 -0.544511557 -0.419743866 0.384539366
1403636679563555584.000000 -8.145750999 15.520249367 12.298012733 -0.279195875 -0.761112928 -0.199376225 0.550459743
1403636679863555584.000000 -8.192123413 15.534694672 12.359619141 -0.249988243 -0.770554543 -0.184609815 0.556480765
1403636680163555584.000000 -8.218297005 15.526805878 12.476284027 -0.225320339 -0.773216486 -0.216219261 0.551920652
1403636680463555584.000000 -8.242379189 15.445756912 12.560170174 -0.222579479 -0.777117491 -0.231487259 0.541258216
1403636680613555456.000000 -8.262963295 15.372797012 12.581242561 -0.228815824 -0.778297901 -0.229887947 0.537631154
1403636681363555584.000000 -8.464197159 14.882067680 12.552995682 -0.260414690 -0.777095675 -0.195345968 0.538652480
1403636681663555584.000000 -8.568696976 14.699477196 12.561903954 -0.255167872 -0.772077382 -0.195653751 0.548183918
1403636681813555456.000000 -8.619852066 14.604224205 12.558763504 -0.251501083 -0.772526383 -0.196922615 0.548791170
1403636682113555456.000000 -8.720616341 14.397567749 12.575512886 -0.251176775 -0.771286845 -0.189664111 0.553221881
1403636683013555456.000000 -8.985280991 13.758045197 12.625023842 -0.253055632 -0.768170059 -0.202583864 0.552120805
1403636683313555456.000000 -9.062911034 13.520532608 12.633820534 -0.256355613 -0.769021690 -0.194219366 0.552418649
1403636683613555456.000000 -9.132040977 13.270131111 12.599407196 -0.255676180 -0.771043241 -0.187503621 0.552235961
1403636684063555584.000000 -9.225868225 12.904846191 12.567739487 -0.254977793 -0.776781917 -0.177577049 0.547779679
1403636684213555456.000000 -9.257995605 12.791069031 12.590320587 -0.251759291 -0.775381267 -0.177022099 0.551420271
1403636684963555584.000000 -9.353843689 12.237240791 12.608323097 -0.244053930 -0.770920157 -0.177901626 0.560776949
1403636685713555456.000000 -9.346037865 11.669848442 12.605361938 -0.251806110 -0.775747180 -0.189028591 0.546880364
1403636685863555584.000000 -9.350347519 11.551326752 12.586838722 -0.248242155 -0.775100768 -0.194696397 0.547437608
1403636686763555584.000000 -9.405729294 10.866013527 12.543190956 -0.259776771 -0.778996766 -0.176618025 0.542665899
1403636687363555584.000000 -9.459712982 10.508171082 12.578498840 -0.256063640 -0.772994220 -0.176635683 0.552911580
1403636688763555584.000000 -9.450774193 9.773448944 12.255331993 -0.239024520 -0.780410647 -0.190728381 0.545389056
1403636689063555584.000000 -9.468951225 9.595793724 12.187706947 -0.233803838 -0.786331356 -0.170036897 0.545991182
1403636689213555456.000000 -9.487130165 9.506883621 12.179164886 -0.230766356 -0.790053546 -0.158137202 0.545485973
1403636689363555584.000000 -9.508679390 9.423299789 12.188342094 -0.226948664 -0.792403638 -0.151480988 0.545567930
1403636689513555456.000000 -9.535417557 9.347300529 12.216184616 -0.223699510 -0.793499470 -0.148416638 0.546158850
1403636689663555584.000000 -9.561661720 9.275759697 12.256263733 -0.226402134 -0.796817183 -0.141491175 0.542037487
1403636689963555584.000000 -9.630265236 9.168319702 12.314552307 -0.245365217 -0.793593228 -0.119828627 0.543734014
1403636690263555584.000000 -9.710277557 9.134833336 12.347975731 -0.237481833 -0.797330320 -0.138368905 0.537327468
1403636690563555584.000000 -9.812614441 9.153772354 12.404850960 -0.239114031 -0.793143094 -0.138486311 0.542742968
1403636690713555456.000000 -9.869552612 9.178568840 12.419034958 -0.250120521 -0.785695910 -0.123153031 0.552227437
1403636690863555584.000000 -9.921905518 9.218361855 12.404269218 -0.260664731 -0.773371100 -0.107745044 0.567751646
1403636691013555456.000000 -9.959349632 9.279006004 12.378260612 -0.261028647 -0.756224275 -0.105792604 0.590590298
1403636691163555584.000000 -9.967956543 9.359697342 12.369404793 -0.252251625 -0.745242178 -0.114895798 0.606450498
1403636691313555456.000000 -9.938645363 9.449974060 12.378620148 -0.230350927 -0.747786462 -0.143422082 0.605957091
1403636691463555584.000000 -9.879697800 9.535594940 12.399445534 -0.222395763 -0.763234079 -0.149459749 0.587941825
1403636691613555456.000000 -9.807159424 9.616792679 12.440358162 -0.221825972 -0.775400162 -0.143589914 0.573524117
1403636691763555584.000000 -9.728477478 9.698369980 12.492287636 -0.211717367 -0.784007967 -0.154776052 0.562629223
1403636691913555456.000000 -9.648302078 9.773971558 12.531248093 -0.213095397 -0.784771502 -0.151549906 0.561922371
1403636692063555584.000000 -9.567443848 9.845967293 12.561196327 -0.215525806 -0.778055906 -0.148012355 0.571200550
1403636692213555456.000000 -9.483777046 9.915932655 12.595459938 -0.211308002 -0.781394780 -0.156121150 0.566036403
1403636692613555456.000000 -9.253798485 10.068451881 12.760272980 -0.213536680 -0.785084248 -0.160011545 0.558964372
1403636692963555584.000000 -9.069442749 10.168789864 12.931606293 -0.202391461 -0.798971057 -0.181895718 0.536280692
1403636693113555456.000000 -9.010873795 10.194846153 12.989029884 -0.208007932 -0.796022475 -0.172998920 0.541435421
1403636693463555584.000000 -8.917597771 10.233977318 13.068537712 -0.221523657 -0.803619206 -0.148098037 0.532156408
1403636693813555456.000000 -8.889559746 10.296289444 13.106728554 -0.223166183 -0.807413936 -0.142295286 0.527287006
1403636693963555584.000000 -8.901202202 10.336277008 13.116525650 -0.218303338 -0.794898093 -0.147824064 0.546469390
1403636694613555456.000000 -8.960937500 10.502786636 13.161139488 -0.215501919 -0.791096151 -0.149030551 0.552734852
1403636694863555584.000000 -8.982709885 10.558703423 13.149786949 -0.220600083 -0.786447227 -0.145606041 0.558243096
1403636695313555456.000000 -9.002854347 10.675882339 13.115592003 -0.224016815 -0.786152780 -0.152387157 0.555480480
1403636696363555584.000000 -9.038396835 10.892846107 13.078651428 -0.224525332 -0.785173416 -0.170296177 0.551443875
1403636697363555584.000000 -9.049198151 10.860532761 13.043473244 -0.215522468 -0.785329759 -0.190720752 0.548117518
1403636697863555584.000000 -9.096642494 10.679716110 13.154511452 -0.270011306 -0.774185538 -0.203235105 0.535187900
1403636700063555584.000000 -9.482307434 9.924629211 12.988161087 -0.613164485 -0.544822991 -0.409439147 0.399445713
1403636700813555456.000000 -9.346883774 9.829537392 12.751866341 -0.636094451 -0.507669508 -0.444520950 0.374241471
1403636702063555584.000000 -8.986806870 9.776505470 12.711660385 -0.659013689 -0.486506671 -0.454594225 0.349794805
1403636702813555456.000000 -8.755029678 9.801816940 12.484107018 -0.701872885 -0.443437129 -0.475203395 0.291409969
1403636704063555584.000000 -8.346733093 10.082106590 12.299323082 -0.690867543 -0.434925556 -0.479682505 0.321630925
1403636704513555456.000000 -8.182280540 10.168470383 12.239931107 -0.694955945 -0.451853067 -0.469006062 0.304792345
1403636704913555456.000000 -8.031838417 10.297739983 12.218803406 -0.703001916 -0.463248909 -0.453288376 0.292777032
1403636705113555456.000000 -7.953055382 10.402081490 12.180415154 -0.700772882 -0.466744125 -0.454208016 0.291139811
1403636705713555456.000000 -7.737865925 10.840141296 12.106163979 -0.690515518 -0.461372077 -0.469116449 0.300422937
1403636705913555456.000000 -7.674890518 11.012277603 12.070535660 -0.687028348 -0.451729357 -0.474098891 0.314901412
1403636706113555456.000000 -7.611296177 11.184368134 12.060796738 -0.688525021 -0.437290519 -0.469070345 0.338649422
1403636706313555456.000000 -7.536571980 11.341954231 12.045700073 -0.679843843 -0.450002670 -0.479146332 0.325159550
1403636706563555584.000000 -7.446340084 11.526096344 11.999873161 -0.678272128 -0.463239461 -0.479610115 0.308755875
1403636706763555584.000000 -7.384325027 11.676966667 11.987073898 -0.682396114 -0.464848310 -0.474592656 0.304981142
1403636706963555584.000000 -7.329464436 11.837648392 11.994846344 -0.686830461 -0.463645250 -0.472090721 0.300711393
1403636707463555584.000000 -7.220473766 12.280477524 12.059519768 -0.689926445 -0.454460710 -0.480392784 0.294431388
1403636707663555584.000000 -7.192692757 12.472470284 12.118921280 -0.696457684 -0.448481828 -0.472693324 0.300618976
1403636707863555584.000000 -7.163474560 12.671690941 12.143320084 -0.699308813 -0.443723053 -0.467473775 0.309104145
1403636708113555456.000000 -7.116851807 12.925315857 12.117971420 -0.690428972 -0.448052078 -0.474472851 0.312142253
1403636708513555456.000000 -7.029428482 13.322868347 12.029241562 -0.690809906 -0.432203948 -0.467885673 0.342146695
1403636709113555456.000000 -6.838993549 13.817241669 11.953227043 -0.672988057 -0.441534370 -0.506183386 0.309697926
1403636709313555456.000000 -6.810220242 13.956254959 11.958754539 -0.680706143 -0.442316622 -0.500423729 0.300950706
1403636709513555456.000000 -6.801325798 14.089200974 11.962228775 -0.683772802 -0.445073128 -0.496993482 0.295570821
1403636709913555456.000000 -6.835952282 14.356673241 11.915374756 -0.683161020 -0.449516654 -0.493437082 0.296218961
1403636710313555456.000000 -6.935153961 14.632025719 11.892184258 -0.678693354 -0.450410306 -0.490597665 0.309547693
1403636710913555456.000000 -7.120242596 15.002717018 11.732451439 -0.641609609 -0.498537153 -0.457161516 0.361664444
1403636711313555456.000000 -7.232104301 15.193898201 11.700096130 -0.610572338 -0.533820748 -0.454129845 0.368785799
1403636711513555456.000000 -7.307726383 15.268857002 11.707085609 -0.604438066 -0.522467792 -0.460925817 0.386302382
1403636711913555456.000000 -7.495870113 15.350284576 11.738612175 -0.612001956 -0.516442776 -0.460219473 0.383325607
1403636712313555456.000000 -7.700850010 15.344108582 11.822669029 -0.611762941 -0.523407936 -0.447578818 0.389182985
1403636712713555456.000000 -7.904188156 15.276123047 11.961603165 -0.575609386 -0.550253034 -0.443081915 0.411793619
1403636713163555584.000000 -8.143315315 15.093744278 12.048165321 -0.574385762 -0.560306907 -0.428539276 0.415320754
1403636713563555584.000000 -8.347601891 14.861224174 12.194944382 -0.583790898 -0.559532106 -0.417060822 0.414936543
1403636713763555584.000000 -8.439126968 14.734334946 12.266007423 -0.593756616 -0.554768503 -0.407376945 0.416808158
1403636714163555584.000000 -8.572369576 14.474339485 12.344047546 -0.595239222 -0.555446625 -0.416622311 0.404469073
1403636714563555584.000000 -8.665097237 14.209152222 12.354992867 -0.603002369 -0.559981942 -0.403192818 0.400304705
1403636716413555456.000000 -8.795881271 13.503997803 12.538475990 -0.520219743 -0.626151741 -0.363230854 0.453176320
1403636716663555584.000000 -8.771831512 13.394669533 12.533560753 -0.516480029 -0.628804862 -0.365487546 0.451964349
1403636716913555456.000000 -8.751482964 13.279599190 12.502301216 -0.494219720 -0.646507442 -0.348502696 0.465103179
1403636717663555584.000000 -8.701169014 12.910467148 12.521260262 -0.421573132 -0.697017193 -0.318951398 0.484472126
1403636718063555584.000000 -8.741349220 12.679183960 12.492761612 -0.393895984 -0.714347780 -0.306317329 0.490635216
1403636718313555456.000000 -8.801005363 12.514304161 12.496615410 -0.372027308 -0.727412224 -0.270287782 0.509324789
1403636718563555584.000000 -8.868357658 12.343804359 12.459724426 -0.350318938 -0.738783002 -0.239088595 0.523749053
1403636718813555456.000000 -8.931296349 12.186200142 12.397170067 -0.337678790 -0.745732248 -0.215411514 0.532404304
1403636719313555456.000000 -9.028892517 11.920372009 12.343687057 -0.315579057 -0.743431747 -0.231229469 0.542450070
1403636719813555456.000000 -9.081257820 11.633250237 12.281537056 -0.331206411 -0.744678617 -0.227359101 0.532976449
1403636722213555456.000000 -8.875860214 10.758162498 12.178940773 -0.415295571 -0.700498879 -0.300333887 0.496619105
1403636722463555584.000000 -8.841883659 10.675353050 12.191074371 -0.418597162 -0.698948085 -0.298071921 0.497394353
1403636724063555584.000000 -8.704561234 10.066595078 12.217623711 -0.474263132 -0.670698941 -0.325443178 0.468320668
1403636726163555584.000000 -8.680034637 9.469123840 12.499908447 -0.528714478 -0.623048425 -0.369221509 0.442659169
1403636727163555584.000000 -8.620836258 9.305024147 12.670997620 -0.510088325 -0.631107509 -0.369328767 0.452890188
1403636727663555584.000000 -8.585730553 9.176974297 12.795516968 -0.507343054 -0.632608950 -0.370450079 0.452963352
1403636729163555584.000000 -8.728023529 8.594151497 13.063078880 -0.464343578 -0.661973536 -0.346928984 0.475201428
1403636729413555456.000000 -8.755709648 8.469605446 13.058070183 -0.461410522 -0.666006446 -0.339619666 0.477696925
1403636729763555584.000000 -8.793484688 8.273112297 13.087294579 -0.462741405 -0.667519093 -0.335927963 0.476907909
1403636730013555456.000000 -8.820624352 8.126058578 13.107414246 -0.467970371 -0.670898438 -0.330699444 0.470677137
1403636730313555456.000000 -8.857913971 7.954390049 13.095990181 -0.468926132 -0.671702921 -0.327391684 0.470890969
1403636730813555456.000000 -8.931938171 7.722243309 13.106611252 -0.474272817 -0.682350159 -0.316599637 0.457414687
1403636731813555456.000000 -9.019384384 7.542934418 13.132376671 -0.474606425 -0.663720310 -0.322763562 0.479632974
1403636732613555456.000000 -8.952996254 7.433167458 12.988915443 -0.444476515 -0.670437276 -0.358636528 0.473639369
1403636734013555456.000000 -9.025734901 6.732772350 13.175313950 -0.456119031 -0.677418292 -0.332043290 0.472024530
1403636736663555584.000000 -9.426450729 5.719034195 13.508160591 -0.419072896 -0.697889268 -0.317067862 0.486617416
1403636737363555584.000000 -9.585402489 5.518358707 13.474155426 -0.417715371 -0.701932669 -0.293814570 0.496464938
1403636737963555584.000000 -9.711488724 5.349701881 13.534110069 -0.427254647 -0.704086006 -0.273489714 0.496910274
1403636740513555456.000000 -9.480567932 5.423284054 13.338428497 -0.603878975 -0.545438170 -0.426167607 0.395232379
1403636741313555456.000000 -9.366828918 5.429575920 13.071969986 -0.604278505 -0.539323747 -0.436856687 0.391322970
1403636742063555584.000000 -9.285091400 5.394946098 12.825831413 -0.611878932 -0.549480975 -0.432683438 0.369404852
1403636742313555456.000000 -9.269532204 5.410723209 12.770438194 -0.616296530 -0.552423179 -0.416992933 0.375664920
1403636743063555584.000000 -9.225126266 5.507684708 12.656290054 -0.608775616 -0.544787884 -0.422521085 0.392523199
1403636743313555456.000000 -9.203216553 5.537965298 12.569883347 -0.634540617 -0.550616682 -0.401843786 0.364281714
1403636743813555456.000000 -9.127093315 5.716770649 12.464776993 -0.623551130 -0.534673214 -0.430190980 0.374491960
1403636745763555584.000000 -8.797814369 6.287056446 11.524024010 -0.626410902 -0.509784043 -0.455790639 0.374144971
1403636746563555584.000000 -8.827445030 6.345067978 11.664766312 -0.636810005 -0.493419081 -0.472322583 0.357661963
1403636746813555456.000000 -8.898640633 6.332401276 11.658523560 -0.661719799 -0.502914131 -0.427899748 0.355114341
1403636747113555456.000000 -8.952067375 6.352671146 11.665604591 -0.650848269 -0.504806578 -0.436862320 0.361549616
1403636747363555584.000000 -8.979240417 6.394107342 11.723253250 -0.639317155 -0.506602883 -0.455105394 0.357080162
1403636748113555456.000000 -9.121621132 6.551522255 11.945838928 -0.661450267 -0.478175253 -0.443113297 0.370786548
1403636748363555584.000000 -9.149778366 6.607412338 12.005588531 -0.656774640 -0.487808794 -0.452937305 0.354312748
1403636749363555584.000000 -9.174420357 6.795608997 12.216448784 -0.661046863 -0.471206993 -0.462902278 0.355952978
1403636749863555584.000000 -9.124582291 6.827488422 12.352472305 -0.645914555 -0.478372574 -0.480063051 0.351416528
1403636750113555456.000000 -9.127964973 6.821564674 12.370700836 -0.640343606 -0.479442745 -0.479413062 0.360912591
1403636750513555456.000000 -9.161703110 6.766304493 12.450121880 -0.642217457 -0.492847174 -0.464050919 0.359604150
1403636751013555456.000000 -9.225067139 6.672546387 12.720834732 -0.638242424 -0.507217526 -0.458763629 0.353430271
1403636751513555456.000000 -9.317674637 6.598618507 12.960786819 -0.652565062 -0.496239126 -0.443939984 0.361694604
1403636752013555456.000000 -9.358030319 6.560391903 13.146471024 -0.647242606 -0.519213080 -0.428070843 0.358120412
1403636752463555584.000000 -9.343999863 6.580613613 13.307835579 -0.610056877 -0.535361707 -0.434970945 0.389895797
1403636753213555456.000000 -9.343908310 6.586935043 13.476543427 -0.496418446 -0.649880648 -0.367556095 0.442861646
1403636753613555456.000000 -9.404694557 6.575203419 13.456750870 -0.449859530 -0.679663658 -0.330518633 0.475858420
1403636755013555456.000000 -9.745636940 6.220516682 13.539484024 -0.400383830 -0.703831553 -0.306557834 0.500336111
1403636755513555456.000000 -9.899499893 5.943871498 13.568858147 -0.399630100 -0.720791996 -0.286522716 0.488527983
1403636756013555456.000000 -10.092373848 5.673542500 13.587317467 -0.401045233 -0.710011899 -0.291949928 0.499811202
1403636756363555584.000000 -10.240248680 5.485386372 13.624347687 -0.398160160 -0.708287060 -0.293865353 0.503429413
1403636756863555584.000000 -10.445703506 5.188017368 13.636395454 -0.394116551 -0.707594931 -0.291636705 0.508851230
1403636757113555456.000000 -10.535807610 5.019211769 13.665889740 -0.393871188 -0.707853317 -0.288935572 0.510220885
1403636757363555584.000000 -10.617527008 4.840807915 13.669123650 -0.392609000 -0.710257351 -0.289159268 0.507720053
1403636757613555456.000000 -10.698188782 4.653420925 13.657027245 -0.387515187 -0.724005103 -0.282504648 0.495822340
1403636757863555584.000000 -10.797176361 4.473546982 13.686511040 -0.383219540 -0.741424322 -0.261381626 0.484884024
1403636758063555584.000000 -10.895314217 4.352797508 13.746185303 -0.374628425 -0.734516084 -0.260997444 0.502016068
1403636758263555584.000000 -10.996860504 4.242764473 13.787853241 -0.369121701 -0.724989295 -0.263493329 0.518373370
1403636758463555584.000000 -11.091312408 4.130547523 13.796240807 -0.378162116 -0.729952216 -0.250210702 0.511427283
1403636758663555584.000000 -11.181653976 4.030136108 13.783910751 -0.397984207 -0.739294469 -0.222348794 0.495593965
1403636758913555456.000000 -11.286867142 3.958939552 13.771629333 -0.381535530 -0.724997401 -0.249845490 0.516126692
1403636759113555456.000000 -11.358052254 3.914041758 13.747214317 -0.381027550 -0.718253255 -0.250366211 0.525592208
1403636759313555456.000000 -11.412322044 3.874637604 13.709576607 -0.396623224 -0.707660496 -0.225451022 0.539517045
1403636759513555456.000000 -11.432079315 3.850683451 13.658703804 -0.379639328 -0.716881752 -0.249447644 0.528895497
1403636759913555456.000000 -11.425591469 3.802141666 13.598836899 -0.369581759 -0.725538611 -0.259498447 0.519291580
1403636760113555456.000000 -11.416394234 3.772856712 13.579870224 -0.376184255 -0.734498382 -0.251493782 0.505715728
1403636760313555456.000000 -11.411993980 3.752771854 13.558274269 -0.373753697 -0.725938022 -0.255807132 0.517575979
1403636760513555456.000000 -11.404396057 3.735360861 13.527681351 -0.368157834 -0.723988235 -0.263643146 0.520377934
1403636760713555456.000000 -11.394334793 3.711608648 13.494032860 -0.369373739 -0.735295832 -0.260360867 0.505089581
1403636761113555456.000000 -11.397870064 3.659261942 13.440531731 -0.369591951 -0.738769054 -0.256804049 0.501671016
1403636761263555584.000000 -11.409652710 3.640044689 13.420055389 -0.375270188 -0.747828722 -0.247559845 0.488506585
1403636761413555456.000000 -11.430578232 3.630652189 13.409951210 -0.372702479 -0.743705750 -0.251077116 0.494929314
1403636761563555584.000000 -11.457177162 3.627958775 13.409407616 -0.367472619 -0.732629180 -0.259933650 0.510541797
1403636761713555456.000000 -11.484289169 3.624411106 13.412356377 -0.372046202 -0.724291623 -0.255314797 0.521342278
1403636761863555584.000000 -11.506560326 3.620446920 13.418211937 -0.379756033 -0.719516575 -0.245328829 0.527157605
1403636762063555584.000000 -11.520680428 3.619787931 13.432574272 -0.368604928 -0.725890994 -0.263643742 0.517401934
1403636762263555584.000000 -11.533609390 3.613230228 13.448703766 -0.361200631 -0.738741696 -0.276221186 0.497490436
1403636762413555456.000000 -11.554598808 3.604248047 13.446094513 -0.372659445 -0.744712889 -0.261152446 0.488187611
1403636762563555584.000000 -11.586257935 3.600455523 13.427246094 -0.389416844 -0.729640603 -0.237722054 0.509379387
1403636762713555456.000000 -11.614238739 3.606064558 13.392340660 -0.392970204 -0.715847075 -0.231908605 0.528541267
1403636762863555584.000000 -11.624194145 3.616930008 13.359087944 -0.377196640 -0.700382113 -0.252160102 0.551001847
1403636763013555456.000000 -11.596625328 3.607270956 13.354260445 -0.390239984 -0.712737322 -0.262323886 0.520484924
1403636763163555584.000000 -11.573323250 3.599758387 13.349365234 -0.410071731 -0.684457183 -0.275413096 0.536196947
1403636763313555456.000000 -11.569933891 3.599934340 13.339139938 -0.418923825 -0.688418627 -0.267600566 0.528178632
1403636763613555456.000000 -11.559939384 3.588647366 13.331809998 -0.419691354 -0.688939631 -0.266474873 0.527458549
1403636763763555584.000000 -11.553646088 3.582241774 13.329517365 -0.419626296 -0.689018726 -0.266683787 0.527301371
