1403638538127829504.000000 0.317766458 0.249398321 -0.073508076 -0.567837358 -0.618543446 -0.365375042 0.401828170
1403638538427829504.000000 0.317301720 0.250177145 -0.073366597 -0.567905128 -0.618483067 -0.365344793 0.401852936
1403638538727829504.000000 0.317375809 0.250553250 -0.073681146 -0.567698300 -0.617998064 -0.365869343 0.402413577
1403638538977829376.000000 0.316262513 0.256562144 -0.072522983 -0.562821805 -0.614142001 -0.371360153 0.410064608
1403638539227829504.000000 0.313517332 0.271276683 -0.053064570 -0.555616975 -0.602779269 -0.383892208 0.424939811
1403638539977829376.000000 0.300959438 0.343951017 0.108243331 -0.558222711 -0.615992010 -0.369659573 0.415081918
1403638540227829504.000000 0.290536642 0.400767535 0.128567398 -0.562789559 -0.623540282 -0.361253738 0.404921383
1403638542177829376.000000 -0.447482705 1.219819069 0.365989923 -0.363774031 -0.740838587 -0.251411915 0.505587459
1403638542477829376.000000 -0.666480362 1.314955831 0.395758450 -0.297272980 -0.761309981 -0.226551652 0.529820919
1403638542827829504.000000 -0.935254931 1.378258586 0.434106916 -0.271220058 -0.769639134 -0.218092784 0.535285830
1403638543177829376.000000 -1.215982199 1.370312691 0.530775964 -0.286463946 -0.772849143 -0.199601233 0.529907584
1403638543677829376.000000 -1.637850165 1.345723271 0.585226834 -0.257637501 -0.784846723 -0.182652891 0.533175945
1403638544077829376.000000 -2.012493372 1.307273746 0.655082226 -0.181486726 -0.805824637 -0.129880875 0.548489034
1403638544927829504.000000 -2.847419262 1.254683971 0.785187066 -0.161600307 -0.806383252 -0.107221678 0.558690429
1403638545377829376.000000 -3.277170658 1.246432781 0.772953212 -0.157185480 -0.803952277 -0.107670605 0.563347459
1403638545827829504.000000 -3.693768024 1.227764368 0.739801943 -0.108957462 -0.814870179 -0.071403667 0.564815462
1403638546327829504.000000 -4.151024342 1.195593476 0.799474895 -0.025060225 -0.824850678 -0.021995764 0.564366460
1403638546827829504.000000 -4.629223347 1.141263723 0.809616923 -0.001012190 -0.825882196 -0.005673746 0.563813329
1403638547327829504.000000 -5.135399818 1.045270324 0.856918097 0.016727336 -0.827174962 -0.015426156 0.561483622
1403638547827829504.000000 -5.666316986 0.873155177 0.800064564 0.005185877 -0.827775538 -0.007710638 0.560982645
1403638548327829504.000000 -6.238290310 0.644786656 0.764060497 0.032165971 -0.828255773 0.016617961 0.559179366
1403638548827829504.000000 -6.843305588 0.371728182 0.833320737 0.080549210 -0.825061858 0.051909339 0.556857526
1403638549327829504.000000 -7.469801903 0.086756341 0.981470764 0.080588244 -0.823927343 0.058167052 0.557911932
1403638549427829504.000000 -7.598161221 0.029645167 1.023030877 0.077868156 -0.823130429 0.060508709 0.559224010
1403638549927829504.000000 -8.249780655 -0.242554873 1.187462330 0.074383274 -0.822748363 0.059925221 0.560322583
1403638550327829504.000000 -8.799705505 -0.441832662 1.415402412 0.074217997 -0.823883295 0.062063262 0.558440983
1403638550827829504.000000 -9.496856689 -0.651371896 1.677416563 0.067346774 -0.814690769 0.072515264 0.571388721
1403638551327829504.000000 -10.125400543 -0.763675094 1.866287112 0.058515888 -0.803483367 0.079475574 0.587089539
1403638551827829504.000000 -10.619555473 -0.694691062 2.019650698 -0.042351641 -0.811998963 0.037813377 0.580890894
1403638552327829504.000000 -11.026696205 -0.432152718 2.178424597 -0.072609819 -0.812009394 -0.008584224 0.579046667
1403638553327829504.000000 -11.466342926 0.436411858 2.318829060 -0.052827567 -0.792476654 -0.007660507 0.607561707
1403638555677829376.000000 -10.197686195 2.468243122 2.649002552 -0.087279961 -0.813778281 -0.046404745 0.572707415
1403638556677829376.000000 -9.655714989 3.329932213 2.789953470 -0.097576708 -0.828655064 -0.031806789 0.550270855
1403638557177829376.000000 -9.510755539 3.847913980 2.901087761 -0.098370418 -0.815970540 -0.029864902 0.568879187
1403638557677829376.000000 -9.390145302 4.445558071 2.962220907 -0.082897671 -0.816753149 -0.049567401 0.568845630
1403638558677829376.000000 -9.330861092 5.569242954 3.117206097 -0.093515374 -0.837792575 -0.043061987 0.536194146
1403638559177829376.000000 -9.531746864 6.140186310 3.233173370 -0.092059068 -0.820892572 -0.046463367 0.561695337
1403638559677829376.000000 -9.782711983 6.702929497 3.196339130 -0.078081109 -0.818432748 -0.060263805 0.566073716
1403638560177829376.000000 -10.050816536 7.190100193 3.133036852 -0.120331228 -0.811635911 -0.079251543 0.566115618
1403638561677829376.000000 -10.272119522 8.398068428 2.864898443 -0.360816628 -0.727550149 -0.247559994 0.528390229
1403638562177829376.000000 -10.088291168 8.675288200 2.761916399 -0.379074126 -0.717956245 -0.269490629 0.517896116
1403638563177829376.000000 -9.593090057 9.020124435 2.767900705 -0.539702058 -0.604845881 -0.351424515 0.468384385
1403638563677829376.000000 -9.182443619 9.082305908 2.681211233 -0.554492891 -0.577308893 -0.378976166 0.464358777
1403638564177829376.000000 -8.624641418 8.997845650 2.686466694 -0.548368156 -0.584341884 -0.365893513 0.473242879
1403638565177829376.000000 -7.069397449 8.461555481 2.606526852 -0.544716060 -0.587118268 -0.353803217 0.483114749
1403638566077829376.000000 -5.265595913 7.695745468 2.179182768 -0.534768641 -0.603429496 -0.385525256 0.448626459
1403638566827829504.000000 -3.875379324 6.901627064 1.685665250 -0.548524976 -0.630211651 -0.353664160 0.420565456
1403638567127829504.000000 -3.377808094 6.638601780 1.426337838 -0.539648056 -0.629048884 -0.360196263 0.428177863
1403638567627829504.000000 -2.629221439 6.261357307 0.970937610 -0.532448411 -0.620585501 -0.378623724 0.433608741
1403638570127829504.000000 -0.982221305 5.365997314 0.302805901 -0.536523461 -0.624703407 -0.384098589 0.417560339
1403638572627829504.000000 0.514819145 4.691710472 -0.187612340 -0.764723897 -0.327536821 -0.500284433 0.240067706
1403638573127829504.000000 1.153503776 4.495567799 -0.143235832 -0.768550515 -0.335130721 -0.499635011 0.217674881
1403638573277829376.000000 1.352980494 4.464554310 -0.133455858 -0.767746210 -0.338183433 -0.497987181 0.219559938
1403638573777829376.000000 2.045281649 4.461781025 -0.040442854 -0.768795073 -0.333811998 -0.505012274 0.206122324
1403638574127829504.000000 2.531902075 4.540246487 0.034097165 -0.773453712 -0.256249845 -0.544110835 0.200121835
1403638574627829504.000000 3.179538488 4.578348637 0.053833798 -0.800328314 -0.144435868 -0.564875424 0.139745101
1403638575127829504.000000 3.782594681 4.530278206 0.120106466 -0.815729260 -0.131419793 -0.551729143 0.113620855
1403638575627829504.000000 4.400568485 4.449007034 0.093924209 -0.821618080 -0.145765275 -0.539147496 0.114089265
1403638576127829504.000000 5.103153229 4.383694172 0.183086067 -0.822485507 -0.162800953 -0.535171866 0.102979034
1403638576627829504.000000 5.870685101 4.425963879 0.310024589 -0.817867041 -0.177603438 -0.541563451 0.079118028
1403638577127829504.000000 6.634611130 4.639623165 0.332056552 -0.805703223 -0.162936985 -0.560572147 0.100263074
1403638577627829504.000000 7.329134464 4.951873779 0.425991893 -0.805579484 -0.169667721 -0.560260057 0.091450788
1403638577727829504.000000 7.457831383 5.025031567 0.438576072 -0.806604564 -0.168573290 -0.558774352 0.093506426
1403638578727829504.000000 8.667214394 5.869339466 0.522717893 -0.805901229 -0.156054929 -0.559342980 0.115349896
1403638579227829504.000000 9.218132973 6.281412601 0.551133037 -0.802584410 -0.167307466 -0.563316584 0.102669470
1403638579727829504.000000 9.711986542 6.717623234 0.639873803 -0.787444413 -0.172506422 -0.575442731 0.137979671
1403638582377829376.000000 10.767544746 7.988018036 0.592024207 -0.675861955 -0.447217643 -0.493546337 0.315624833
1403638585077829376.000000 9.800478935 8.231821060 1.321152210 -0.682496130 -0.449160725 -0.486468554 0.309519142
1403638587927829504.000000 7.510811329 7.938718319 1.373867393 -0.685460925 -0.442671925 -0.486428142 0.312365949
1403638588427829504.000000 7.079461575 7.877419472 1.267157078 -0.680071294 -0.448580146 -0.493145466 0.305100739
1403638588927829504.000000 6.608168125 7.802445412 1.283502460 -0.682984114 -0.441499144 -0.489242554 0.315044314
1403638589427829504.000000 6.135731697 7.700039387 1.214649200 -0.682716608 -0.440448821 -0.490474135 0.315179408
1403638589927829504.000000 5.665857315 7.569596291 1.210262775 -0.685820520 -0.441802531 -0.487501681 0.311131537
1403638590427829504.000000 5.211954117 7.426774502 1.147501111 -0.686626077 -0.439393461 -0.488346606 0.311441451
1403638590777829376.000000 4.904744148 7.324435234 1.102397442 -0.690878391 -0.440541744 -0.481977195 0.310335487
1403638591277829376.000000 4.503343582 7.199204922 1.144930840 -0.703146875 -0.446875900 -0.465190768 0.299138635
1403638591777829376.000000 4.188553333 7.185983181 1.092289925 -0.713711262 -0.448828310 -0.450259060 0.294000447
1403638592277829376.000000 4.006817818 7.343182564 1.106694818 -0.696042120 -0.442556024 -0.465818465 0.320441574
1403638594777829376.000000 3.878851414 8.369576454 2.073502541 -0.625642061 -0.512795210 -0.454677403 0.372668266
1403638595277829376.000000 3.760137558 8.388588905 2.195557117 -0.632423282 -0.512524962 -0.449228644 0.368174762
1403638595777829376.000000 3.648126602 8.363219261 2.210542679 -0.630430937 -0.516777337 -0.452092618 0.362091720
1403638596777829376.000000 3.125442743 8.269389153 2.224832535 -0.593813837 -0.552796245 -0.495747089 0.309897125
1403638597277829376.000000 2.339384079 8.259776115 2.379804850 -0.587641656 -0.548446655 -0.506895304 0.311352968
1403638597777829376.000000 1.200213313 8.231638908 2.399370193 -0.597253382 -0.527848244 -0.497603029 0.342134297
1403638598277829376.000000 -0.159315050 8.118363380 2.363198757 -0.597917497 -0.537631392 -0.466290712 0.368809223
1403638598627829504.000000 -1.164844751 7.989242554 2.324596167 -0.603912115 -0.542535424 -0.445061207 0.377976090
1403638598927829504.000000 -2.005295515 7.865951061 2.273820639 -0.577660501 -0.571024001 -0.428274453 0.396006316
1403638599277829376.000000 -2.963468313 7.704128742 2.274608612 -0.533554256 -0.614097059 -0.398375928 0.423675954
1403638599627829504.000000 -3.899676800 7.523847103 2.333194256 -0.506564438 -0.646474302 -0.369492471 0.434670866
1403638600127829504.000000 -5.186322689 7.295755863 2.311047554 -0.523044169 -0.639221966 -0.349561393 0.442297310
1403638600627829504.000000 -6.318467140 7.179833412 2.244791985 -0.553786159 -0.624125242 -0.317627013 0.450446039
1403638601127829504.000000 -7.155440807 7.262907028 2.296017647 -0.534898281 -0.651291966 -0.340223402 0.417073905
1403638601227829504.000000 -7.307744026 7.304941177 2.299016237 -0.527294755 -0.653605521 -0.349981725 0.415057689
1403638601727829504.000000 -8.095036507 7.573763847 2.339541435 -0.467952222 -0.673512220 -0.337719709 0.461895436
1403638603227829504.000000 -10.029053688 7.702940464 2.816772461 -0.210964754 -0.745247602 -0.145991087 0.615456402
1403638603727829504.000000 -10.082804680 7.451253891 2.870053768 -0.186413586 -0.780273974 -0.133282989 0.581943512
1403638604727829504.000000 -9.819113731 6.614778519 2.805429220 -0.183782890 -0.789858818 -0.135533094 0.569190383
1403638605227829504.000000 -9.591565132 6.088797569 2.842056990 -0.193602830 -0.809244037 -0.122233070 0.541018665
1403638605727829504.000000 -9.452837944 5.624047756 2.891238213 -0.159594193 -0.798805952 -0.167992949 0.555173159
1403638606227829504.000000 -9.409869194 5.012929916 2.964541197 -0.154303521 -0.802540004 -0.180135325 0.547422469
1403638606727829504.000000 -9.483745575 4.247572899 2.897761106 -0.182198167 -0.821601391 -0.127712950 0.524847090
1403638607227829504.000000 -9.750098228 3.548743010 2.812820435 -0.115369387 -0.828626812 -0.064738415 0.543945432
1403638607727829504.000000 -10.116432190 2.989780903 2.706507444 -0.096955799 -0.814013720 -0.050877430 0.570432007
1403638608227829504.000000 -10.453568459 2.552740574 2.482809782 -0.102905959 -0.809239268 -0.056922443 0.575588524
1403638608727829504.000000 -10.724759102 2.202243328 2.156743288 -0.101062007 -0.797367156 -0.063447542 0.591579735
1403638609227829504.000000 -10.865450859 1.897811890 1.921563864 -0.109547317 -0.805671036 -0.050399546 0.579959989
1403638609727829504.000000 -10.916802406 1.684281707 1.649471045 -0.105548672 -0.807493687 -0.058333993 0.577417195
1403638610227829504.000000 -10.912530899 1.546212554 1.410756826 -0.105989292 -0.799183071 -0.058313802 0.588788867
1403638610727829504.000000 -10.801280975 1.462026477 1.142832041 -0.104044810 -0.787009954 -0.061359163 0.605000198
1403638611227829504.000000 -10.531274796 1.415457249 0.919326186 -0.104695998 -0.794284880 -0.053412184 0.596068382
1403638611577829376.000000 -10.267122269 1.405865788 0.791401148 -0.085755922 -0.800274670 -0.082349062 0.587728739
1403638612077829376.000000 -9.836850166 1.339722514 0.641277552 -0.106393769 -0.808083832 -0.058573633 0.576411486
1403638612277829376.000000 -9.663484573 1.319697142 0.595961332 -0.108933881 -0.807699621 -0.056433134 0.576689005
1403638612777829376.000000 -9.228327751 1.303918600 0.485345185 -0.102613375 -0.804340959 -0.077072605 0.580143094
1403638613277829376.000000 -8.774252892 1.252534032 0.381411999 -0.110218748 -0.805099487 -0.075021923 0.577960610
1403638613777829376.000000 -8.311642647 1.169250965 0.339992821 -0.125167862 -0.793015480 -0.077169672 0.591189027
1403638614277829376.000000 -7.777604103 1.085570097 0.175598308 -0.191555843 -0.785512984 -0.126344442 0.574728549
1403638614777829376.000000 -7.195218086 0.998452425 0.132060066 -0.254163593 -0.775144875 -0.142005116 0.560701132
1403638615277829376.000000 -6.564873695 1.009391904 0.260441452 -0.353821337 -0.738035798 -0.225474089 0.528464854
1403638615777829376.000000 -5.928467751 1.075928569 0.379604638 -0.444316983 -0.682359278 -0.301915288 0.495797783
1403638616277829376.000000 -5.303960323 1.110680103 0.457271039 -0.500812829 -0.643984735 -0.335613012 0.470992774
1403638616777829376.000000 -4.671607494 1.128330708 0.289988369 -0.564775586 -0.613000453 -0.348147929 0.429012805
1403638617277829376.000000 -4.029915333 1.252724409 0.170144588 -0.554863334 -0.620893180 -0.360298425 0.420480013
1403638617777829376.000000 -3.440287590 1.514654398 0.247177497 -0.545682311 -0.634358525 -0.357060611 0.415123761
1403638618177829376.000000 -3.045916557 1.814251781 0.395618498 -0.541050076 -0.636729062 -0.355042547 0.419268191
1403638618677829376.000000 -2.633304358 2.255535126 0.486758918 -0.538548708 -0.636337221 -0.360484749 0.418438882
1403638619127829504.000000 -2.339825630 2.708290100 0.584202528 -0.559982717 -0.603167832 -0.392785758 0.410277039
1403638619577829376.000000 -2.106222630 3.152399063 0.559887171 -0.623273909 -0.529117882 -0.435021251 0.377253979
1403638620077829376.000000 -1.867520571 3.595910549 0.455471367 -0.646911323 -0.495401233 -0.434686899 0.383576095
1403638620577829376.000000 -1.546658754 3.923242569 0.441947162 -0.641520321 -0.501786292 -0.442165196 0.375702262
1403638621077829376.000000 -1.185776114 4.166437149 0.397895932 -0.634741843 -0.517850459 -0.441121727 0.366531551
1403638621577829376.000000 -0.847152114 4.375587463 0.377190739 -0.622395575 -0.520880878 -0.448780239 0.374036491
1403638622077829376.000000 -0.574364424 4.503043652 0.277358115 -0.613994002 -0.516315877 -0.457700729 0.383326799
1403638622577829376.000000 -0.369159997 4.489996433 0.187500060 -0.616673231 -0.516723812 -0.456610024 0.379760206
1403638623077829376.000000 -0.236350209 4.315745354 0.261082828 -0.612500310 -0.507953763 -0.465750605 0.387172937
1403638623577829376.000000 -0.163526595 3.970899343 0.266192079 -0.625462532 -0.512914777 -0.448656380 0.380029768
1403638624077829376.000000 -0.105054371 3.537909746 0.327776015 -0.630079389 -0.514495194 -0.447814196 0.371156514
1403638624577829376.000000 -0.058370627 3.066667795 0.307890743 -0.633593678 -0.499410450 -0.448597789 0.384588569
1403638625077829376.000000 -0.007388867 2.538060904 0.291174322 -0.622957230 -0.523171842 -0.438230813 0.382320791
1403638625577829376.000000 0.049382322 1.993281722 0.289913565 -0.621414185 -0.526752710 -0.430765033 0.388352275
1403638626077829376.000000 0.139404595 1.477387071 0.334882021 -0.630584061 -0.532829106 -0.419987738 0.376917988
1403638626227829504.000000 0.173033416 1.335901618 0.326382309 -0.630475104 -0.532725334 -0.420909762 0.376217902
1403638626727829504.000000 0.284833074 0.902353048 0.255834311 -0.625609636 -0.539764822 -0.427011877 0.367324829
1403638627127829504.000000 0.351687670 0.631492972 0.248820350 -0.629119456 -0.543879390 -0.419815063 0.363537282
1403638627627829504.000000 0.419327855 0.403649807 0.201764897 -0.623779178 -0.545144737 -0.426828563 0.362676471
1403638627927829504.000000 0.443226159 0.312499940 0.158050597 -0.621239364 -0.543187201 -0.431668729 0.364240915
1403638628427829504.000000 0.438176185 0.211366579 0.104347073 -0.626380146 -0.542810202 -0.427657694 0.360713035
1403638628927829504.000000 0.413594782 0.162659109 0.083806887 -0.625526011 -0.528658450 -0.430761755 0.379053801
1403638629427829504.000000 0.403159380 0.119268373 0.057010517 -0.625051975 -0.539866805 -0.431445181 0.362917393
1403638629527829504.000000 0.395859271 0.114711426 0.055641815 -0.630022824 -0.541810215 -0.424808085 0.359236717
1403638630027829504.000000 0.378857315 0.142363355 0.043096121 -0.621526301 -0.520850539 -0.439825088 0.385971069
1403638630527829504.000000 0.379091412 0.173447877 -0.038167953 -0.620128334 -0.531922996 -0.438298613 0.374690861
1403638631027829504.000000 0.369677395 0.171148062 -0.073259458 0.630394638 0.554168820 0.413074017 -0.353368580
