1403715344212143104.000000 -0.113820113 -1.632679462 0.415229559 -0.609586418 -0.540260255 -0.442121565 0.375568658
1403715344312143104.000000 -0.136713073 -1.575980902 0.412987053 -0.594602108 -0.551448464 -0.445326000 0.379522949
1403715344562142976.000000 -0.214337796 -1.452216506 0.404238671 -0.565222979 -0.568589270 -0.453916043 0.388831049
1403715344812143104.000000 -0.335311502 -1.360878348 0.382453769 -0.565181911 -0.585196316 -0.438654333 0.381702960
1403715345062142976.000000 -0.503183544 -1.287987351 0.361854732 -0.568411648 -0.579673648 -0.429379940 0.395625532
1403715345312143104.000000 -0.696585298 -1.230512619 0.344102740 -0.574108422 -0.572241247 -0.422139227 0.405879349
1403715345562142976.000000 -0.896354377 -1.193427682 0.323304534 -0.576000631 -0.572381079 -0.419042587 0.406210035
1403715345812143104.000000 -1.100446939 -1.173326135 0.299607098 -0.577120602 -0.571138978 -0.415813535 0.409672171
1403715346062142976.000000 -1.301635742 -1.165689945 0.273409635 -0.591423631 -0.582193553 -0.396131426 0.392872453
1403715346312143104.000000 -1.495944500 -1.141408086 0.266427636 -0.592664421 -0.577502966 -0.398539990 0.395481020
1403715346412143104.000000 -1.571502805 -1.126239657 0.266647756 -0.591135323 -0.572697580 -0.403470188 0.399735451
1403715346662142976.000000 -1.750164032 -1.087893009 0.271599799 -0.594776571 -0.557910919 -0.410415798 0.408087105
1403715347112143104.000000 -2.021255255 -1.045245528 0.281208217 -0.614564002 -0.548534453 -0.405656129 0.396060944
1403715347262142976.000000 -2.096201658 -1.030131459 0.288256884 -0.603042424 -0.560909867 -0.408644736 0.393356740
1403715347362142976.000000 -2.144672155 -1.017249703 0.295466691 -0.588273764 -0.572864473 -0.409117281 0.397974193
1403715347462142976.000000 -2.193769932 -1.004593730 0.303497016 -0.569928944 -0.587732732 -0.408535242 0.403547108
1403715347862142976.000000 -2.414588690 -0.967185557 0.337919116 -0.536910415 -0.611467600 -0.384491891 0.435890466
1403715347962142976.000000 -2.473216772 -0.963645935 0.343948871 -0.533171296 -0.614868462 -0.368357301 0.449419796
1403715348062142976.000000 -2.528811932 -0.961973190 0.349524260 -0.526402593 -0.620958149 -0.349202275 0.464078695
1403715348162142976.000000 -2.579136610 -0.961613238 0.355454236 -0.512192130 -0.633500397 -0.332818091 0.474940568
1403715348562142976.000000 -2.713738918 -0.950091302 0.341480553 -0.454833120 -0.687663674 -0.285551280 0.488575578
1403715348962142976.000000 -2.763738155 -0.882205546 0.215334594 -0.437058181 -0.691267610 -0.264886230 0.510846794
1403715349262142976.000000 -2.737307310 -0.803498149 0.136890665 -0.408476353 -0.701080441 -0.269189060 0.518816531
1403715349512143104.000000 -2.680557728 -0.738212049 0.080411509 -0.393033564 -0.703405797 -0.276759565 0.523592532
1403715350212143104.000000 -2.463591099 -0.640604019 -0.067752764 -0.326966494 -0.755843461 -0.220374867 0.522712767
1403715350412143104.000000 -2.396885395 -0.611411452 -0.107332654 -0.316321820 -0.774100244 -0.222003251 0.501421928
1403715350512143104.000000 -2.372296572 -0.594728947 -0.126517102 -0.312813163 -0.778187275 -0.227466270 0.494804621
1403715350712143104.000000 -2.352070570 -0.558979988 -0.162380368 -0.317417741 -0.776132345 -0.227913469 0.494894028
1403715350812143104.000000 -2.355861187 -0.539374411 -0.177845061 -0.320940942 -0.773149788 -0.224974349 0.498621017
1403715350912143104.000000 -2.366645575 -0.517790556 -0.190196037 -0.317558676 -0.771764576 -0.229482874 0.500872850
1403715351362142976.000000 -2.501249552 -0.431578457 -0.216065302 -0.312372088 -0.766540527 -0.229608163 0.511976063
1403715352012143104.000000 -2.854972839 -0.408462644 -0.192788437 -0.286370248 -0.766064048 -0.200141087 0.539519846
1403715352412143104.000000 -3.087726116 -0.441289246 -0.148351461 -0.262217253 -0.778906703 -0.156253219 0.547842383
1403715352862142976.000000 -3.301995754 -0.416955590 -0.125142962 -0.247140259 -0.772349358 -0.163535938 0.561831117
1403715353062142976.000000 -3.374444246 -0.401121169 -0.119128630 -0.245822564 -0.770836413 -0.163749933 0.564418852
1403715353962142976.000000 -3.563222647 -0.392808497 -0.087961756 -0.218687087 -0.785176933 -0.159026325 0.557120979
1403715354312143104.000000 -3.609112501 -0.417916864 -0.155483305 -0.230913773 -0.788082778 -0.131119907 0.555348516
1403715354612143104.000000 -3.637933493 -0.413008422 -0.202618331 -0.219706342 -0.794427216 -0.144516855 0.547475576
1403715355062142976.000000 -3.703786612 -0.376504719 -0.128918588 -0.223599434 -0.789958775 -0.136561021 0.554364145
1403715355312143104.000000 -3.740523100 -0.344587773 -0.066572405 -0.198488563 -0.798881769 -0.126606047 0.553498983
1403715355462142976.000000 -3.763203621 -0.324492395 -0.034966264 -0.170820743 -0.804852188 -0.109427780 0.557726443
1403715355862142976.000000 -3.816614866 -0.265901744 0.035211209 -0.102120936 -0.815626144 -0.069212869 0.565274298
1403715356062142976.000000 -3.842779160 -0.234843552 0.063572213 -0.088998169 -0.819330156 -0.072004728 0.561776459
1403715356362142976.000000 -3.892195225 -0.208494753 0.099334478 -0.092585698 -0.822303712 -0.093326494 0.553655803
1403715356562142976.000000 -3.939811945 -0.214195207 0.107795663 -0.114366628 -0.823910534 -0.084066525 0.548657000
1403715356712143104.000000 -3.986747742 -0.224676087 0.109041631 -0.117405802 -0.822748482 -0.071838289 0.551488936
1403715356812143104.000000 -4.023224831 -0.231515676 0.109224781 -0.110043637 -0.822461188 -0.062061530 0.554613590
1403715357762142976.000000 -4.443345070 -0.201543942 0.216333419 0.021120111 -0.822817087 -0.007350129 0.567866087
1403715358162142976.000000 -4.627919197 -0.235162169 0.226667881 0.027462993 -0.826627553 -0.016044535 0.561849952
1403715358362142976.000000 -4.733504772 -0.286579072 0.221648887 0.019576093 -0.830461085 -0.005228582 0.556708157
1403715358562142976.000000 -4.854094505 -0.352477491 0.212212488 0.041595846 -0.825192213 -0.005242616 0.563294053
1403715358662142976.000000 -4.917369366 -0.393066585 0.207638174 0.050238006 -0.820284009 0.002734106 0.569739282
1403715358962142976.000000 -5.097254753 -0.530155659 0.190493807 0.058756661 -0.807262063 0.046518888 0.585415840
1403715359162142976.000000 -5.199249744 -0.614411354 0.170190305 0.066015176 -0.807974279 0.055475313 0.582874060
1403715359312143104.000000 -5.264534950 -0.670874536 0.155178577 0.069461331 -0.805399060 0.053336639 0.586227536
1403715359712143104.000000 -5.383330345 -0.823324859 0.134930238 0.072220273 -0.804879069 0.037041586 0.587862074
1403715360162142976.000000 -5.436524391 -1.021373034 0.148150563 0.063287891 -0.815159202 0.047407232 0.573814332
1403715360262142976.000000 -5.443252563 -1.063356042 0.152744919 0.063397221 -0.815866888 0.046646375 0.572857857
1403715360362142976.000000 -5.448898792 -1.103313923 0.157160804 0.054929923 -0.816735744 0.049094733 0.572289348
1403715360462142976.000000 -5.453590870 -1.139983416 0.162096381 0.036724798 -0.817789733 0.054939363 0.571710646
1403715360562142976.000000 -5.458218575 -1.170930147 0.166685328 0.015527172 -0.818390369 0.054854516 0.571827888
1403715360762142976.000000 -5.466799259 -1.208827376 0.181140453 -0.019701742 -0.818438709 0.022348052 0.573821068
1403715361162142976.000000 -5.479563236 -1.227621794 0.217642650 -0.100927740 -0.814683259 -0.067596696 0.567041099
1403715361562142976.000000 -5.500197411 -1.248843908 0.243330002 -0.185175389 -0.800924182 -0.137939721 0.552452028
1403715361962142976.000000 -5.556083679 -1.299930692 0.231526941 -0.244286388 -0.792920172 -0.170477197 0.531544268
1403715362062142976.000000 -5.578152657 -1.312137842 0.225248873 -0.262923002 -0.786255538 -0.183358356 0.528255165
1403715362162142976.000000 -5.603414536 -1.323213100 0.216879085 -0.282753617 -0.778878689 -0.199115321 0.523212731
1403715362362142976.000000 -5.664126396 -1.341797829 0.195703000 -0.326308131 -0.760343194 -0.235649779 0.509774864
1403715362562142976.000000 -5.740017414 -1.362848759 0.172270194 -0.373572171 -0.737089813 -0.270300239 0.494044870
1403715362662142976.000000 -5.784538746 -1.374036074 0.161753595 -0.396562934 -0.724374652 -0.285441488 0.486356348
1403715362762142976.000000 -5.833510399 -1.384814739 0.153095156 -0.421270102 -0.709612370 -0.296148479 0.480913550
1403715362862142976.000000 -5.885467052 -1.395430565 0.146519542 -0.450297624 -0.690422952 -0.297997952 0.481399566
1403715362962142976.000000 -5.936829567 -1.404048562 0.143602490 -0.477533340 -0.665000737 -0.298706949 0.490418345
1403715363462142976.000000 -6.067064762 -1.411168575 0.165182024 -0.556569934 -0.600339472 -0.336615652 0.465308785
1403715383262142976.000000 -4.913413525 -0.992604792 0.394076824 -0.661353886 -0.506792724 -0.429677665 0.348064959
1403715414412143104.000000 -10.977169991 -14.678360939 10.138022423 0.657362700 0.511174440 0.439684838 -0.336529762
