1403715534912143104.000000 -1.314389825 1.542702556 0.234890431 -0.768761218 -0.326316655 -0.505450547 0.216894805
1403715534962142976.000000 -1.264018536 1.503566980 0.220093444 -0.775264502 -0.316302955 -0.506315351 0.206305936
1403715535212143104.000000 -1.009470940 1.339236021 0.145835340 -0.802237689 -0.278787553 -0.500147879 0.168950751
1403715535512143104.000000 -0.663796306 1.227205753 0.072628483 -0.814108610 -0.240720645 -0.496919781 0.179865241
1403715535812143104.000000 -0.253538966 1.161625385 0.012478584 -0.787824094 -0.253801584 -0.526993215 0.192863092
1403715536062142976.000000 0.096739188 1.120864511 -0.045845054 -0.777231932 -0.308697045 -0.512716711 0.194263011
1403715536312143104.000000 0.451256394 1.122641683 -0.092406772 -0.772395670 -0.345036060 -0.496718049 0.193974853
1403715536562142976.000000 0.800031185 1.193312883 -0.111955136 -0.746535718 -0.372098505 -0.519914150 0.184164241
1403715536812143104.000000 1.097733736 1.338372231 -0.114438131 -0.717648089 -0.372393757 -0.554315329 0.197582081
1403715537212143104.000000 1.336216688 1.633725166 -0.081023321 -0.648913324 -0.370410085 -0.631667435 0.206649676
1403715537262142976.000000 1.334268212 1.669090986 -0.072771475 -0.642246962 -0.365314454 -0.639414370 0.212634459
1403715537312143104.000000 1.323763609 1.702807426 -0.064243361 -0.641720951 -0.356861293 -0.640432835 0.225144491
1403715537362142976.000000 1.304976106 1.734054565 -0.055557583 -0.647290587 -0.348465711 -0.634581685 0.238522008
1403715537412143104.000000 1.279023170 1.762264729 -0.047488522 -0.658692420 -0.342188776 -0.622517169 0.247999206
1403715537462142976.000000 1.246837497 1.787148118 -0.039490987 -0.673711658 -0.336875528 -0.605780184 0.256238014
1403715537612143104.000000 1.125460744 1.843353033 -0.014326543 -0.721173823 -0.330364853 -0.549500942 0.262328297
1403715537712143104.000000 1.036034942 1.870479703 0.008285109 -0.734706402 -0.324861139 -0.533779085 0.264105409
1403715537812143104.000000 0.946041942 1.891968608 0.035881668 -0.729942739 -0.315983832 -0.542250156 0.270744532
1403715537862142976.000000 0.900692701 1.899557590 0.049686190 -0.725946605 -0.313185185 -0.548574984 0.271996319
1403715537962142976.000000 0.807585418 1.907215953 0.073504925 -0.724623501 -0.311408192 -0.551500857 0.271647990
1403715538162142976.000000 0.616107166 1.893337965 0.110443570 -0.742595315 -0.304656148 -0.532418072 0.268827021
1403715538262142976.000000 0.522911370 1.872837305 0.119148016 -0.751771688 -0.295591682 -0.528282583 0.261500448
1403715538362142976.000000 0.433052957 1.845783710 0.117454320 -0.756067991 -0.282401085 -0.533629477 0.252686352
1403715538462142976.000000 0.346139431 1.811286330 0.109553471 -0.750841022 -0.268763304 -0.554264486 0.238317117
1403715538562142976.000000 0.257671326 1.768394232 0.102958560 -0.744639039 -0.254851729 -0.576582849 0.219352856
1403715538662142976.000000 0.163463965 1.717713475 0.096213371 -0.746380746 -0.237502575 -0.588385105 0.200776696
1403715538762142976.000000 0.062391043 1.660440683 0.087234601 -0.758220553 -0.216985509 -0.588071346 0.179418743
1403715538912143104.000000 -0.100314178 1.565802455 0.069747321 -0.784223080 -0.180243865 -0.576969504 0.140044257
1403715539012143104.000000 -0.212675959 1.500100732 0.049385123 -0.795806885 -0.148843691 -0.576138496 0.112256214
1403715539112143104.000000 -0.327620804 1.434238911 0.017023258 -0.804574966 -0.112776943 -0.576844215 0.084801473
1403715539212143104.000000 -0.444350481 1.369437218 -0.026804987 -0.810367048 -0.074146800 -0.578231037 0.058791552
1403715539312143104.000000 -0.562247276 1.306698918 -0.082367711 -0.817454457 -0.038703095 -0.573784292 0.032278851
1403715539412143104.000000 -0.680069327 1.245953202 -0.146199182 -0.823691845 -0.007354057 -0.566931248 0.008157429
1403715539612143104.000000 -0.900395155 1.135135651 -0.239899427 0.826479375 -0.042842567 0.561213255 0.011661109
1403715539662142976.000000 -0.951171339 1.109207392 -0.251746476 0.825562835 -0.052676618 0.561729968 0.011434518
1403715539762142976.000000 -1.048035264 1.057397008 -0.261501461 0.821661770 -0.065306768 0.566066325 0.013259003
1403715539862142976.000000 -1.141222358 1.003923535 -0.256571174 0.820918322 -0.067515939 0.566799879 0.016514627
1403715540262142976.000000 -1.443537474 0.756505847 -0.144875214 0.849432170 -0.072648630 0.522424757 -0.016113799
1403715540362142976.000000 -1.488234043 0.677750468 -0.107375346 0.848036766 -0.063744560 0.526018441 -0.008659338
1403715540462142976.000000 -1.521259665 0.593475938 -0.072187662 0.849053264 -0.052559517 0.525679946 0.002612504
1403715540562142976.000000 -1.543339968 0.505799294 -0.041993417 0.855641365 -0.044803143 0.515439212 0.013892830
1403715540662142976.000000 -1.551628709 0.417135656 -0.015741153 0.861750603 -0.045437444 0.504994273 0.017386770
1403715540762142976.000000 -1.544155359 0.328185171 0.007665833 0.863806903 -0.058263663 0.500383496 0.007709065
1403715540812143104.000000 -1.533954859 0.282669485 0.019188164 0.861505508 -0.063461900 0.503744960 0.004690929
1403715540912143104.000000 -1.502284288 0.188221052 0.041042261 0.855268419 -0.069196627 0.513534606 0.003140579
1403715541112143104.000000 -1.401078582 -0.013571858 0.080129854 0.845574737 -0.064640693 0.529751182 0.013737287
1403715541412143104.000000 -1.189084053 -0.340572864 0.123594895 0.826710165 -0.077111408 0.557290137 0.005650411
1403715541512143104.000000 -1.112098694 -0.458867848 0.130218312 0.833416164 -0.072051197 0.547665954 0.016975611
1403715541612143104.000000 -1.030633807 -0.578588545 0.135147884 0.842274427 -0.069070414 0.534070909 0.023903206
1403715541712143104.000000 -0.942758918 -0.698300838 0.141508892 0.846866548 -0.061159287 0.527056575 0.035889171
1403715541762142976.000000 -0.894836128 -0.757426381 0.146071315 0.845580161 -0.053117163 0.529155612 0.046551973
1403715541862142976.000000 -0.792287529 -0.871329844 0.155835122 0.839404523 -0.035816211 0.537905335 0.069101602
1403715541962142976.000000 -0.682216346 -0.973856091 0.165737033 0.833699286 -0.018610753 0.545248449 0.085459687
1403715542712143104.000000 0.090283275 -1.216135263 0.246744767 -0.785255551 -0.075655870 -0.612697661 0.047451075
1403715543112143104.000000 0.281836748 -1.206165314 0.229929984 -0.798772156 -0.080038264 -0.591094613 0.078511879
1403715543562142976.000000 0.368239790 -1.242355704 0.160603195 -0.790022969 -0.073673867 -0.604708016 0.069023550
1403715543662142976.000000 0.367084593 -1.259131193 0.146156535 -0.782623529 -0.076652184 -0.614693463 0.061455626
1403715543862142976.000000 0.329715252 -1.297124267 0.109576173 -0.772535741 -0.077932641 -0.629860938 0.019755725
1403715544062142976.000000 0.236997500 -1.316336632 0.058918126 -0.780455172 -0.049470808 -0.622324586 -0.033977591
1403715544162142976.000000 0.172316849 -1.311600685 0.021458944 -0.789252937 -0.011237788 -0.612124741 -0.047506545
1403715544262142976.000000 0.099053748 -1.298674822 -0.028775707 0.794916689 -0.035180189 0.602432013 0.062813982
1403715544362142976.000000 0.020262297 -1.278925419 -0.092946023 0.797066152 -0.086102717 0.592364967 0.079848103
1403715544462142976.000000 -0.062508330 -1.253451586 -0.167621657 0.794189930 -0.135216728 0.584425271 0.097086541
1403715544562142976.000000 -0.148416936 -1.223623753 -0.241433799 0.788510621 -0.174960420 0.577984631 0.116506428
1403715544762142976.000000 -0.322736949 -1.152664304 -0.333218038 0.773605227 -0.213331997 0.578110337 0.147692069
1403715544962142976.000000 -0.508682907 -1.062920690 -0.322016716 0.768673122 -0.219085470 0.579345167 0.159694195
1403715545062142976.000000 -0.608049512 -1.011013746 -0.300780326 0.773519814 -0.223068655 0.570828319 0.161439151
1403715545162142976.000000 -0.710099995 -0.956462741 -0.282885224 0.776045501 -0.230654538 0.562672675 0.167186886
1403715545262142976.000000 -0.813107193 -0.899754703 -0.276152372 0.775936007 -0.243348449 0.555115938 0.174789056
1403715545362142976.000000 -0.915956795 -0.841217518 -0.281100035 0.773197234 -0.259484500 0.549639225 0.180915996
1403715545462142976.000000 -1.017738700 -0.780685902 -0.289643019 0.766867101 -0.279333591 0.550508559 0.175578788
1403715545562142976.000000 -1.119446397 -0.721282721 -0.293227911 0.760433972 -0.297821641 0.552674651 0.166111767
1403715545662142976.000000 -1.223466396 -0.666968465 -0.288709968 0.755409062 -0.310207069 0.554965436 0.158562839
1403715545762142976.000000 -1.331592441 -0.619409502 -0.282902122 0.755256832 -0.311601222 0.555320382 0.155277252
1403715545862142976.000000 -1.443811059 -0.578770161 -0.277951390 0.759304643 -0.301897734 0.554959893 0.155992404
1403715546012143104.000000 -1.617140412 -0.526492834 -0.267810851 0.772553623 -0.265783429 0.554751217 0.157388970
1403715546112143104.000000 -1.732657790 -0.493499607 -0.258865178 0.782541513 -0.233129725 0.557619870 0.149463668
1403715546212143104.000000 -1.846308112 -0.459786415 -0.247928470 0.792120934 -0.197497815 0.562662780 0.130191028
1403715546312143104.000000 -1.958948374 -0.424814522 -0.235820770 0.801301897 -0.160149097 0.566988647 0.103881672
1403715546412143104.000000 -2.070802927 -0.387944937 -0.221922278 0.809274077 -0.121122099 0.569824159 0.075533122
1403715546512143104.000000 -2.183000565 -0.350516647 -0.205589712 0.815782785 -0.081025198 0.570786119 0.046221983
1403715546612143104.000000 -2.294352055 -0.313339263 -0.189317569 0.820558310 -0.038400814 0.569966972 0.018632978
1403715546712143104.000000 -2.404092312 -0.276622176 -0.175343111 -0.827735245 -0.006831439 -0.561036050 0.006796284
1403715546812143104.000000 -2.510043859 -0.239555031 -0.165346339 -0.838647306 -0.050446715 -0.541300237 0.033466145
1403715547012143104.000000 -2.696824789 -0.164628118 -0.141803712 -0.839398801 -0.135363683 -0.520149767 0.080812655
1403715547112143104.000000 -2.774696589 -0.123767123 -0.129275635 -0.832783878 -0.178958327 -0.514335930 0.099516086
1403715547212143104.000000 -2.843215227 -0.076631010 -0.116396688 -0.822909236 -0.220279947 -0.509853303 0.119778231
1403715547312143104.000000 -2.902594090 -0.022328215 -0.103284225 -0.811569750 -0.259789646 -0.504956007 0.137417197
1403715547412143104.000000 -2.954346180 0.039955851 -0.091920108 -0.802760541 -0.292736739 -0.495656669 0.155580595
1403715547512143104.000000 -2.999605179 0.112033725 -0.084059820 -0.796643794 -0.322071373 -0.481229454 0.173340514
1403715547612143104.000000 -3.038024426 0.195891261 -0.078337692 -0.786466539 -0.353830457 -0.468892097 0.190826163
1403715547712143104.000000 -3.069679260 0.292874247 -0.073095150 -0.773109198 -0.386689365 -0.458198845 0.206947938
1403715547812143104.000000 -3.094850540 0.403617412 -0.067429617 -0.758055687 -0.417359650 -0.448306084 0.224018380
1403715547912143104.000000 -3.114204168 0.528676808 -0.061674349 -0.740576863 -0.443832457 -0.441773474 0.243710741
1403715548012143104.000000 -3.128635883 0.666730523 -0.055381719 -0.721611738 -0.459713966 -0.442605674 0.268402308
1403715548112143104.000000 -3.139954567 0.814271152 -0.048740949 -0.701266825 -0.468053192 -0.453848273 0.288397133
1403715548212143104.000000 -3.150208473 0.966436744 -0.044352483 -0.685692966 -0.472455382 -0.465311408 0.300160497
1403715548312143104.000000 -3.161790371 1.121348739 -0.043073107 -0.675473869 -0.474211693 -0.474938393 0.305436999
1403715548412143104.000000 -3.175974846 1.277148962 -0.053713113 -0.672545016 -0.474501044 -0.479049087 0.305031151
1403715548512143104.000000 -3.193289757 1.433626294 -0.074933112 -0.674684703 -0.471998334 -0.478845030 0.304508895
1403715548612143104.000000 -3.214096069 1.590036750 -0.098298550 -0.679872215 -0.465708077 -0.476071864 0.306994200
1403715548712143104.000000 -3.237504005 1.745801330 -0.121422060 -0.684274077 -0.459303439 -0.475179195 0.308243543
1403715548812143104.000000 -3.262538195 1.900772214 -0.143024474 -0.687799573 -0.453926057 -0.475213319 0.308310419
1403715548912143104.000000 -3.287625074 2.055890083 -0.162710324 -0.689996123 -0.448757708 -0.476996601 0.308214337
1403715549012143104.000000 -3.313231230 2.211085796 -0.181883126 -0.688678682 -0.448481679 -0.477561921 0.310677558
1403715549112143104.000000 -3.341070414 2.365343809 -0.199119136 -0.681547761 -0.451738656 -0.479128063 0.319157153
1403715549212143104.000000 -3.369900703 2.516768456 -0.211691290 -0.669072449 -0.453910619 -0.486882001 0.330534607
1403715549312143104.000000 -3.400316715 2.661720514 -0.222987533 -0.657715499 -0.454668313 -0.494161725 0.341308385
1403715549612143104.000000 -3.498231888 3.036134005 -0.263258606 -0.671103358 -0.448393911 -0.459106088 0.371193707
1403715549712143104.000000 -3.521043062 3.141505241 -0.277194589 -0.684001982 -0.440752774 -0.446927667 0.371663839
1403715549812143104.000000 -3.532050848 3.239696980 -0.287656635 -0.694084883 -0.424457073 -0.448120832 0.370499820
1403715549912143104.000000 -3.531014204 3.329459667 -0.296465069 -0.706594288 -0.401444763 -0.452495545 0.367170960
1403715550212143104.000000 -3.438937187 3.531173706 -0.302221626 -0.758074403 -0.321169138 -0.472052753 0.315182120
1403715550262142976.000000 -3.410178423 3.553642988 -0.294657856 -0.764982343 -0.310790300 -0.477837592 0.299804538
1403715550362142976.000000 -3.342955589 3.591105461 -0.268252075 -0.776485026 -0.288629085 -0.489996672 0.271417886
1403715550462142976.000000 -3.264591932 3.619946480 -0.231843382 -0.783930182 -0.265968949 -0.506412745 0.241371647
1403715550562142976.000000 -3.179026842 3.642174721 -0.196389765 -0.791468680 -0.239756986 -0.520227313 0.213207826
1403715550662142976.000000 -3.090229750 3.659777164 -0.172443435 -0.800276637 -0.206628323 -0.528683782 0.193275884
1403715550962142976.000000 -2.881027699 3.723680973 -0.199722171 0.823112965 0.082673781 0.541409791 -0.150084823
1403715551012143104.000000 -2.844159126 3.727171659 -0.210662067 0.825266480 0.064290985 0.543364882 -0.139844537
1403715551062142976.000000 -2.806104898 3.727473974 -0.219008416 0.826255262 0.048933424 0.546996713 -0.125309557
1403715551112143104.000000 -2.767489672 3.724335194 -0.223880351 0.826634943 0.033678543 0.550741136 -0.110564619
1403715551162142976.000000 -2.728462458 3.718095064 -0.225349367 0.826703787 0.018378215 0.554099083 -0.095903449
1403715551212143104.000000 -2.688999414 3.709218025 -0.223655611 0.826642692 0.000990695 0.556389332 -0.084212638
1403715551262142976.000000 -2.649192095 3.697672367 -0.218757153 0.825352192 -0.017513260 0.559518754 -0.073660970
1403715551312143104.000000 -2.609526634 3.683197498 -0.212436154 0.824473917 -0.037775349 0.560903609 -0.064831004
1403715551362142976.000000 -2.570102930 3.665932417 -0.205169529 0.823358297 -0.057779223 0.561836123 -0.055524737
1403715551412143104.000000 -2.531389713 3.645591974 -0.198513001 0.821404457 -0.077761613 0.563154101 -0.045884397
1403715551462142976.000000 -2.493342400 3.622148991 -0.191833109 0.818480611 -0.096796356 0.565266311 -0.034552526
1403715551512143104.000000 -2.456204891 3.595737219 -0.185723901 0.815378010 -0.114714257 0.567027926 -0.021881338
1403715551562142976.000000 -2.586737633 3.358809471 -0.152311534 0.785639465 -0.228148147 0.572016418 0.059299231
1403715551612143104.000000 -2.561014652 3.318495274 -0.145722553 0.779934764 -0.241555035 0.572110951 0.077730104
