1413393942455760384.000000 7.833676815 29.790285110 28.475116730 -0.606306255 -0.442066133 -0.535772264 0.387192965
1413393942655760384.000000 7.933372021 29.721721649 28.489086151 -0.661480248 -0.483241290 -0.466235936 0.333984822
1413393942905760512.000000 8.041037560 29.651487350 28.475442886 -0.703552485 -0.517353654 -0.396181941 0.283547223
1413393943205760512.000000 8.189825058 29.721792221 28.435457230 -0.652170658 -0.486834973 -0.469967842 0.341753423
1413393943455760384.000000 8.292620659 29.794252396 28.421331406 -0.594110608 -0.441322803 -0.540252447 0.400492430
1413393943705760512.000000 8.343557358 29.758157730 28.392961502 -0.651546538 -0.483999550 -0.475588828 0.339185655
1413393943955760384.000000 8.371552467 29.719070435 28.382493973 -0.704233348 -0.502319694 -0.415764213 0.280838698
1413393944205760512.000000 8.419054985 29.784099579 28.420181274 -0.698054552 -0.421469390 -0.479404271 0.324430376
1413393944455760384.000000 8.477951050 29.837675095 28.469278336 -0.674206018 -0.340368420 -0.554670334 0.349193901
1413393944755760384.000000 8.515252113 29.780851364 28.503669739 -0.740268350 -0.370994687 -0.500647485 0.252423882
1413393944855760384.000000 8.523178101 29.758483887 28.517566681 -0.762611449 -0.379635900 -0.470457256 0.230152637
1413393944905760512.000000 8.529184341 29.751657486 28.526519775 -0.770140767 -0.381975025 -0.459727287 0.222775981
1413393945405760512.000000 8.665201187 29.823169708 28.625766754 -0.698279977 -0.280504465 -0.611093283 0.245534748
1413393945605760512.000000 8.666252136 29.813329697 28.579362869 -0.743613839 -0.245661214 -0.585154414 0.210436225
1413393945955760384.000000 8.616600037 29.752027512 28.502746582 -0.823236465 -0.196389169 -0.520075500 0.115041532
1413393946255760384.000000 8.616440773 29.754930496 28.497447968 -0.761769772 -0.116754889 -0.631213903 0.087431461
1413393946305760512.000000 8.609651566 29.756238937 28.494325638 -0.759126306 -0.103515893 -0.637706578 0.079637319
1413393946855760384.000000 8.424269676 29.724576950 28.452285767 0.853038967 -0.059752397 0.516183853 0.048047133
1413393946955760384.000000 8.419510841 29.717016220 28.464797974 0.833871305 -0.086096704 0.540020823 0.074991092
1413393947555760384.000000 8.353318214 29.786085129 28.338380814 0.742843926 -0.282869369 0.585052550 0.160876945
1413393947605760512.000000 8.333838463 29.798824310 28.314962387 0.740772009 -0.306673199 0.576244950 0.158588409
1413393947655760384.000000 8.312272072 29.810518265 28.292148590 0.740239203 -0.329880327 0.564535439 0.156603530
1413393947755760384.000000 8.263270378 29.826536179 28.250368118 0.746323287 -0.365557522 0.530615449 0.166783124
1413393947805760512.000000 8.236572266 29.829776764 28.232524872 0.750228465 -0.376338363 0.512483180 0.181349754
1413393947855760384.000000 8.209686279 29.829437256 28.217548370 0.752082407 -0.383421332 0.497245342 0.200268179
1413393947905760512.000000 8.183609962 29.825910568 28.205057144 0.750912189 -0.389332086 0.486136049 0.219598055
1413393947955760384.000000 8.159158707 29.819673538 28.194896698 0.746630073 -0.393430591 0.480088592 0.239313513
1413393948355760384.000000 8.056207657 29.770380020 28.156103134 0.667406499 -0.404995143 0.515511930 0.353263408
1413393948655760384.000000 8.020728111 29.847726822 28.136922836 0.645606816 -0.457265735 0.498481005 0.354424268
1413393948705760512.000000 8.013150215 29.870239258 28.132480621 0.653154433 -0.471008569 0.479385734 0.348897725
1413393948755760384.000000 8.005479813 29.893842697 28.127767563 0.659627020 -0.484647304 0.460104883 0.343966246
1413393948855760384.000000 7.992612839 29.938079834 28.121349335 0.665198982 -0.512602627 0.428154737 0.333815128
1413393948905760512.000000 7.987837315 29.956178665 28.121471405 0.662870526 -0.525202036 0.418006629 0.331716806
1413393948955760384.000000 7.983868122 29.972162247 28.122999191 0.657101214 -0.536101699 0.412211835 0.333008200
1413393949655760384.000000 7.987141609 30.169399261 28.214498520 0.501277447 -0.604507744 0.440849543 0.434675664
1413393949755760384.000000 7.985460281 30.235759735 28.218919754 0.493200481 -0.632052183 0.438263476 0.406433880
1413393949855760384.000000 7.970128536 30.307525635 28.226089478 0.476310134 -0.657395899 0.441331297 0.382342845
1413393949955760384.000000 7.934959412 30.381193161 28.235305786 0.460471272 -0.677658856 0.443886340 0.362918317
1413393950155760384.000000 7.786141396 30.519403458 28.271049500 0.490235090 -0.677586257 0.391776830 0.383480519
1413393950255760384.000000 7.685126781 30.581525803 28.293249130 0.519866526 -0.667893350 0.350916088 0.400643468
1413393950355760384.000000 7.579869270 30.632335663 28.314025879 0.534771264 -0.664717138 0.326840848 0.406627446
1413393950455760384.000000 7.475547314 30.669925690 28.327583313 0.536026299 -0.666854680 0.321369588 0.405835301
1413393950505760512.000000 7.423912048 30.683383942 28.331729889 0.532456040 -0.666812003 0.324682802 0.407962650
1413393950605760512.000000 7.320558548 30.699129105 28.334186554 0.522330701 -0.661782444 0.336359382 0.419615358
1413393950805760512.000000 7.116246223 30.703014374 28.312835693 0.504295170 -0.645281911 0.356692612 0.449519753
1413393950905760512.000000 7.017821312 30.700330734 28.284023285 0.503313661 -0.640611410 0.355669379 0.458030254
1413393950955760384.000000 6.969863415 30.698585510 28.266790390 0.506515026 -0.637482464 0.349310398 0.463725001
1413393951055760384.000000 6.879263401 30.693475723 28.231992722 0.514803529 -0.633464336 0.335181296 0.470482588
1413393951405760512.000000 6.624061584 30.648794174 28.144634247 0.500886858 -0.647438526 0.343481362 0.460387260
1413393951505760512.000000 6.563480854 30.630208969 28.126901627 0.502972007 -0.653858423 0.335378617 0.454983145
1413393951605760512.000000 6.506770134 30.606395721 28.102493286 0.504752517 -0.658058107 0.328048199 0.452292979
1413393951805760512.000000 6.406315327 30.544406891 28.033983231 0.499434024 -0.655077040 0.325523764 0.464191794
1413393952205760512.000000 6.264453888 30.366415024 27.932476044 0.476445556 -0.660720646 0.331388652 0.476056248
1413393952305760512.000000 6.241226196 30.317640305 27.934474945 0.471710086 -0.663175285 0.334088027 0.475471675
1413393952605760512.000000 6.195601940 30.169458389 27.968690872 0.499170184 -0.641346097 0.348515660 0.466948867
1413393952705760512.000000 6.187548637 30.118661880 27.980163574 0.515205145 -0.629319906 0.356727928 0.459636182
1413393953005760512.000000 6.182751656 29.969936371 28.010663986 0.538389087 -0.613216519 0.391512841 0.425229937
1413393953205760512.000000 6.176463127 29.870737076 28.019634247 0.537396848 -0.615790904 0.407833010 0.407036185
1413393953605760512.000000 6.086567879 29.674587250 28.005453110 0.528811336 -0.603480577 0.418230265 0.425738603
1413393953805760512.000000 6.010429382 29.599449158 28.038627625 0.534054935 -0.585673511 0.405401468 0.455435663
1413393954105760512.000000 5.926880836 29.538221359 28.026233673 0.564908564 -0.579517722 0.400826544 0.429389775
1413393954405760512.000000 5.883641720 29.486040115 28.025405884 0.625396609 -0.570976019 0.389941245 0.361678541
1413393954605760512.000000 5.875937939 29.405401230 28.043212891 0.662992239 -0.536876619 0.402982593 0.331375688
1413393954705760512.000000 5.878416061 29.346801758 28.054540634 0.677812815 -0.519727945 0.409639210 0.320387840
1413393954805760512.000000 5.884698391 29.275470734 28.065979004 0.688415945 -0.508045137 0.413478971 0.311462283
1413393955105760512.000000 5.936481953 28.989988327 28.106033325 0.691649318 -0.475939363 0.439986676 0.318613589
1413393955255760384.000000 5.984447956 28.822681427 28.125560760 0.687284827 -0.460077167 0.463920027 0.317406267
1413393955355760384.000000 6.021360397 28.709470749 28.138040543 0.687411726 -0.452531368 0.478114069 0.306736916
1413393955455760384.000000 6.060302258 28.596498489 28.152160645 0.693160236 -0.435680658 0.490525454 0.298489720
1413393955555760384.000000 6.100353718 28.485149384 28.169027328 0.698739111 -0.406501740 0.511012256 0.292209625
1413393955655760384.000000 6.139190674 28.379461288 28.178911209 0.707891583 -0.366459578 0.529537022 0.290150821
1413393955755760384.000000 6.176181793 28.281253815 28.178043365 0.725145996 -0.325747311 0.529797554 0.295578629
1413393955855760384.000000 6.213019848 28.194984436 28.166498184 0.743702590 -0.293678433 0.519691944 0.300964624
1413393956005760512.000000 6.280628204 28.092994690 28.141004562 0.763229430 -0.292307496 0.512606442 0.263195366
1413393956105760512.000000 6.336379528 28.037904739 28.129907608 0.766971946 -0.298715621 0.519184828 0.230152398
1413393956205760512.000000 6.398267746 27.987081528 28.123743057 0.770049214 -0.294842094 0.527481556 0.204586551
1413393956605760512.000000 6.656561852 27.808591843 28.134071350 0.777801216 -0.190041214 0.581899345 0.142488107
1413393957105760512.000000 6.942186832 27.654787064 28.136960983 0.820934534 -0.052906673 0.568484128 0.009658997
1413393957205760512.000000 7.002019405 27.621278763 28.139940262 0.822396398 -0.016342059 0.568605661 -0.009207604
1413393957305760512.000000 7.063634872 27.587038040 28.143894196 -0.822358072 -0.021605032 -0.567669451 0.031808011
1413393957455760384.000000 7.158873558 27.534738541 28.151325226 -0.816299200 -0.076009840 -0.568743527 0.066400275
1413393957555760384.000000 7.223825932 27.500062943 28.150617599 -0.808712602 -0.108197220 -0.571450591 0.087871976
1413393957755760384.000000 7.346851826 27.431543350 28.118947983 -0.781516552 -0.170631975 -0.584636867 0.135337904
1413393958155760384.000000 7.510772705 27.297960281 28.023508072 -0.757715225 -0.296606630 -0.559515059 0.157591239
1413393958655760384.000000 7.612568855 27.281835556 28.082241058 -0.786637247 -0.288257062 -0.508871496 0.197887838
1413393958755760384.000000 7.637772560 27.288352966 28.070270538 -0.789443374 -0.287266165 -0.506106615 0.195226505
1413393959155760384.000000 7.772262573 27.348354340 27.941381454 -0.766122520 -0.253691733 -0.547854543 0.220345348
1413393959555760384.000000 7.898941040 27.366235733 27.807783127 -0.763445675 -0.260513842 -0.557455838 0.196281165
1413393960255760384.000000 7.905437469 27.277917862 27.720525742 -0.795312405 -0.271696568 -0.514554560 0.169978917
1413393960455760384.000000 7.904165745 27.279664993 27.719116211 -0.789856195 -0.275326431 -0.519326448 0.174993262
1413393960555760384.000000 7.910669804 27.293455124 27.713388443 -0.776058137 -0.284304738 -0.530851424 0.187353790
1413393960955760384.000000 7.926266193 27.380285263 27.513954163 -0.748320699 -0.370215714 -0.493042648 0.244674385
1413393961055760384.000000 7.933544159 27.410057068 27.465131760 -0.749344647 -0.380893886 -0.478862345 0.253166586
1413393961155760384.000000 7.946403027 27.445119858 27.431531906 -0.739075303 -0.385091752 -0.487353981 0.260688007
1413393961455760384.000000 7.993451118 27.540582657 27.438268661 -0.673103392 -0.333851248 -0.568030357 0.335881948
1413393961655760384.000000 8.002845764 27.526723862 27.502136230 -0.696723878 -0.364613086 -0.544390976 0.292013168
1413393961955760384.000000 7.970818520 27.447862625 27.720754623 -0.716609001 -0.381008446 -0.520078778 0.266124427
1413393962055760384.000000 7.951412201 27.420436859 27.818599701 -0.723786473 -0.384077072 -0.510030389 0.261700302
1413393962155760384.000000 7.932106972 27.398931503 27.932584763 -0.730196238 -0.387199700 -0.500570059 0.257525802
1413393962305760512.000000 7.904954433 27.378931046 28.125658035 -0.737167120 -0.390878141 -0.489271134 0.253796667
1413393962405760512.000000 7.889346123 27.373737335 28.252441406 -0.745252132 -0.395845264 -0.476874471 0.245960444
1413393962505760512.000000 7.877317905 27.375396729 28.358329773 -0.759374201 -0.399123818 -0.458747447 0.231520504
1413393962605760512.000000 7.871897697 27.386287689 28.441940308 -0.772324204 -0.394292682 -0.449407190 0.214666888
1413393962705760512.000000 7.875193119 27.410144806 28.511180878 -0.777244031 -0.381872892 -0.460542709 0.194846630
1413393962805760512.000000 7.886235714 27.449089050 28.573009491 -0.774475992 -0.361253709 -0.489216387 0.174212709
1413393962905760512.000000 7.900644779 27.502399445 28.627264023 -0.769309223 -0.335366100 -0.522936344 0.149099216
1413393963055760384.000000 7.902060509 27.593025208 28.674335480 0.768216789 0.284059018 0.562653005 -0.112138778
1413393963105760512.000000 7.898443222 27.628631592 28.684246063 0.768369853 0.265123487 0.573839247 -0.100129239
1413393963405760512.000000 7.822825432 27.887210846 28.681688309 0.780578852 0.133063808 0.607475102 -0.062966235
1413393963455760384.000000 7.802354813 27.934326172 28.671772003 0.783546507 0.114481583 0.608381689 -0.053110290
1413393963505760512.000000 7.779976845 27.982475281 28.659646988 0.785903335 0.095999397 0.609208763 -0.044774793
1413393963555760384.000000 7.756171703 28.031688690 28.645252228 0.787896574 0.078779660 0.609658659 -0.036457159
