1413394939855760384.000000 -0.315864801 0.483337909 0.749584615 -0.589542389 -0.563975811 -0.355710536 0.455895990
1413394939955760384.000000 -0.331924766 0.586864769 0.783823609 -0.600942016 -0.561726153 -0.362707645 0.437922031
1413394940255760384.000000 -0.337945461 0.909660578 0.812673688 -0.631756663 -0.542228341 -0.401094943 0.382092834
1413394940555760384.000000 -0.303899974 1.254360318 0.755636990 -0.674170852 -0.462427646 -0.458626807 0.348304152
1413394940855760384.000000 -0.257425636 1.595339775 0.730568826 -0.695686817 -0.427721620 -0.505647421 0.278199255
1413394941105760512.000000 -0.247763008 1.891804934 0.782843292 -0.736670971 -0.380432725 -0.470907122 0.301385641
1413394941405760512.000000 -0.162407130 2.237556219 0.874455333 -0.768697321 -0.355551630 -0.445502341 0.290198356
1413394941705760512.000000 0.038395412 2.603860617 0.999410689 -0.739725173 -0.389672399 -0.498642296 0.228731245
1413394941955760384.000000 0.210282192 2.951807976 1.096622586 -0.753846586 -0.331323653 -0.497916669 0.272064418
1413394942205760512.000000 0.422468573 3.275408268 1.200136662 -0.782372236 -0.254135996 -0.459355175 0.335114181
1413394942255760384.000000 0.480658293 3.327910185 1.224845529 -0.787359238 -0.240492776 -0.454853535 0.339612961
1413394942305760512.000000 0.545433879 3.374871731 1.250232697 -0.792747259 -0.228254095 -0.451329887 0.340225428
1413394942355760384.000000 0.617234766 3.415488243 1.277820349 -0.796572566 -0.216750652 -0.453067303 0.336483926
1413394942405760512.000000 0.695334196 3.450067997 1.305701256 -0.800692916 -0.207646936 -0.455813497 0.328645259
1413394942455760384.000000 0.781044185 3.479415417 1.334465265 -0.802929103 -0.197828099 -0.463365436 0.318530232
1413394942505760512.000000 0.872024179 3.503539562 1.360504866 -0.805143356 -0.187854633 -0.472076267 0.305939138
1413394942555760384.000000 0.967315972 3.522850752 1.382560253 -0.806830108 -0.176161125 -0.481391519 0.293691665
1413394942605760512.000000 1.066837192 3.537747860 1.400184989 -0.808889985 -0.164288744 -0.490471750 0.279542059
1413394942655760384.000000 1.169681430 3.548174858 1.413398147 -0.809492707 -0.151053861 -0.501448870 0.265430778
1413394942705760512.000000 1.275295734 3.553986073 1.422131896 -0.809027791 -0.138953075 -0.514241815 0.248438120
1413394942755760384.000000 1.383100867 3.555458784 1.427180648 -0.805602491 -0.131605506 -0.532161295 0.224697739
1413394942855760384.000000 1.600605488 3.547346115 1.426534414 -0.788792849 -0.125204623 -0.578954101 0.164139554
1413394942955760384.000000 1.811526418 3.530792952 1.405830741 -0.765116870 -0.120624498 -0.624527395 0.100058131
1413394943055760384.000000 2.007125378 3.512669802 1.365465283 -0.747609258 -0.104879640 -0.653845549 0.050663132
1413394943155760384.000000 2.181914330 3.498844624 1.313813210 -0.737857342 -0.079796784 -0.670110941 0.012263704
1413394943255760384.000000 2.329715014 3.492015600 1.253145218 -0.731763899 -0.050521385 -0.679376423 -0.020422054
1413394943355760384.000000 2.447550297 3.495062828 1.189285874 -0.729732394 -0.018205259 -0.681864619 -0.047115322
1413394943655760384.000000 2.610891342 3.590089798 1.058705568 0.761624098 -0.065720625 0.634989798 0.111344174
1413394944055760384.000000 2.617469549 3.874648094 0.912925065 0.788484037 -0.148706168 0.591791093 0.077217802
1413394944155760384.000000 2.604061842 3.946085453 0.878333926 0.792424321 -0.146244615 0.586410046 0.082458392
1413394944255760384.000000 2.586277485 4.013983727 0.851669014 0.795872927 -0.149019226 0.580613315 0.085251532
1413394944555760384.000000 2.539761782 4.186737537 0.843465447 0.822243452 -0.176114604 0.531480610 0.102116771
1413394944655760384.000000 2.535123587 4.231914043 0.836759269 0.826208889 -0.207414240 0.512927771 0.106129184
1413394944755760384.000000 2.539523363 4.267470837 0.819847286 0.828095019 -0.243640706 0.491521686 0.115344927
1413394944855760384.000000 2.554972887 4.290655136 0.795385778 0.823512316 -0.282331198 0.474641770 0.129737273
1413394945155760384.000000 2.675738096 4.260856628 0.700788915 0.770059049 -0.377471834 0.464473873 0.220880538
1413394945255760384.000000 2.737037182 4.223403454 0.668680489 0.745724857 -0.402309567 0.464481920 0.257484198
1413394945405760512.000000 2.843729496 4.153314114 0.629776657 0.701732993 -0.434008032 0.469733298 0.313940376
1413394945505760512.000000 2.920898914 4.106059074 0.605978429 0.661818326 -0.465236515 0.483572394 0.334229350
1413394945605760512.000000 2.996363640 4.062552929 0.581622720 0.623096406 -0.504613280 0.490695596 0.341077954
1413394945705760512.000000 3.063710928 4.022834778 0.559171915 0.586896360 -0.543947041 0.488934487 0.347300053
1413394945805760512.000000 3.117811441 3.986445427 0.539005518 0.552943349 -0.581517637 0.478415072 0.356665134
1413394945905760512.000000 3.155605555 3.951277733 0.519191086 0.516466200 -0.616981864 0.464029461 0.370503426
1413394946155760384.000000 3.168424606 3.891400099 0.485107332 0.440927058 -0.681229532 0.384813339 0.439804971
1413394946255760384.000000 3.150041580 3.879948616 0.476854801 0.404625952 -0.702234864 0.353739113 0.466918379
1413394946355760384.000000 3.123594284 3.874538183 0.468270481 0.361285120 -0.726153374 0.328299791 0.484142065
1413394946455760384.000000 3.089138746 3.876277685 0.460166872 0.316327661 -0.749786496 0.302647978 0.496146411
1413394946555760384.000000 3.046758652 3.886877537 0.454442531 0.269943714 -0.769370437 0.277021617 0.508388281
1413394946655760384.000000 2.997198343 3.908538342 0.450870961 0.231609374 -0.778971195 0.238825634 0.531529307
1413394946755760384.000000 2.942100048 3.938147068 0.448903918 0.196248919 -0.782010138 0.192666695 0.559308648
1413394946855760384.000000 2.887941599 3.974431276 0.446720332 0.156589776 -0.786915660 0.148911551 0.577986896
1413394946955760384.000000 2.837068796 4.014983654 0.446082622 0.113231950 -0.790679932 0.107834525 0.591925144
1413394947055760384.000000 2.791819811 4.058027267 0.449430674 0.069623552 -0.792470038 0.066160940 0.602301121
1413394947155760384.000000 2.753804207 4.101169109 0.461101413 0.026254838 -0.797298312 0.026051877 0.602451086
1413394947255760384.000000 2.722491503 4.142740250 0.488062829 -0.016045900 -0.803699374 -0.010970468 0.594718158
1413394947355760384.000000 2.698063612 4.181125164 0.532815754 -0.053952560 -0.798270345 -0.044647437 0.598214149
1413394947455760384.000000 2.677150965 4.213140488 0.592613041 -0.081764042 -0.791442871 -0.067864008 0.601936340
1413394947555760384.000000 2.661019564 4.238305569 0.656604886 -0.101079032 -0.793362737 -0.079325981 0.595034540
1413394947655760384.000000 2.648966789 4.258039474 0.712332010 -0.112211026 -0.809183359 -0.084584258 0.570505559
1413394947755760384.000000 2.635596037 4.274330139 0.754845262 -0.114917874 -0.829333603 -0.082174100 0.540598929
1413394947855760384.000000 2.614427567 4.287930965 0.790210903 -0.105397120 -0.845087111 -0.071794242 0.519196272
1413394947955760384.000000 2.577870846 4.300899506 0.833156705 -0.085426152 -0.852780759 -0.057999205 0.511960387
1413394948055760384.000000 2.525015354 4.313297749 0.886729360 -0.061001640 -0.858643711 -0.040749114 0.507296145
1413394948155760384.000000 2.456315279 4.326441288 0.939278483 -0.038129840 -0.866052151 -0.025945500 0.497821897
1413394948255760384.000000 2.371500492 4.340315342 0.985248089 -0.014840008 -0.860359550 -0.020877950 0.509043634
1413394948355760384.000000 2.271065712 4.352588654 1.027529240 0.004403425 -0.835148335 -0.018515849 0.549695432
1413394948455760384.000000 2.167704344 4.361636162 1.063960075 0.016387045 -0.798588216 -0.014967024 0.601468503
1413394948555760384.000000 2.073124647 4.366810799 1.095947385 0.022366913 -0.760363102 -0.011976881 0.649002433
1413394948655760384.000000 1.996461511 4.367465496 1.126943588 0.022431858 -0.735360682 -0.007941530 0.677258074
1413394948755760384.000000 1.949329376 4.362863064 1.160244465 0.021829341 -0.721072495 -0.008846237 0.692459226
1413394948855760384.000000 1.930576563 4.353516102 1.194572806 0.018937368 -0.739474535 -0.011304343 0.672823250
1413394948955760384.000000 1.934215903 4.338904381 1.229888797 0.014862299 -0.774031878 -0.014170383 0.632813573
1413394949055760384.000000 1.952039123 4.319602966 1.255555153 0.011296256 -0.815707505 -0.020061409 0.578006208
1413394949155760384.000000 1.975998521 4.294972897 1.266851902 0.007603768 -0.850675762 -0.023486275 0.525110722
1413394949255760384.000000 1.990591884 4.265635014 1.269704103 0.004204695 -0.871611297 -0.025972512 0.489491075
1413394949355760384.000000 1.984635234 4.231377125 1.265216231 0.000683099 -0.883089781 -0.027956760 0.468370020
1413394949455760384.000000 1.953161001 4.192083359 1.257101774 -0.002044986 -0.882937133 -0.029038778 0.468587965
1413394949555760384.000000 1.893991232 4.147285938 1.258868575 -0.000893956 -0.857419431 -0.031759683 0.513636529
1413394949655760384.000000 1.818706155 4.097141266 1.269268990 0.000004883 -0.816027701 -0.032150406 0.577117920
1413394949755760384.000000 1.745312095 4.041498184 1.281333685 -0.001292919 -0.779147446 -0.029383982 0.626150370
1413394949855760384.000000 1.684483647 3.980121136 1.290663362 -0.006348162 -0.760755897 -0.020056663 0.648697138
1413394949955760384.000000 1.641002774 3.914941549 1.296703219 -0.011723781 -0.761403501 0.000718894 0.648171902
1413394950055760384.000000 1.615574956 3.849464417 1.304332733 -0.010958500 -0.762528956 0.026524281 0.646317184
1413394950155760384.000000 1.607108951 3.788170815 1.311215520 -0.007523925 -0.770776153 0.058794849 0.634342730
1413394950355760384.000000 1.620605707 3.701069832 1.318237424 0.022940757 -0.830975294 0.072489649 0.551088929
1413394950455760384.000000 1.622898936 3.675532818 1.327278376 0.048318237 -0.853393972 0.048271030 0.516772747
1413394950555760384.000000 1.610195398 3.651542902 1.340589046 0.063387252 -0.865612805 0.031603239 0.495679140
1413394950655760384.000000 1.577403069 3.622962952 1.359729171 0.070798755 -0.865158796 0.022714693 0.495955408
1413394950755760384.000000 1.524290919 3.585869789 1.387982965 0.079017267 -0.840961397 0.020843297 0.534888566
1413394950855760384.000000 1.462253213 3.539876699 1.421088934 0.087492503 -0.799816668 0.031154389 0.593015909
1413394950955760384.000000 1.406683803 3.487610340 1.454184294 0.099335313 -0.753483891 0.047079261 0.648211360
1413394951055760384.000000 1.371451378 3.431442261 1.486639023 0.114580534 -0.715597272 0.065812476 0.685901344
1413394951155760384.000000 1.366456985 3.375056982 1.518033981 0.127756432 -0.699256599 0.093921192 0.697063386
1413394951255760384.000000 1.393927693 3.323495626 1.546678185 0.142167881 -0.714532733 0.124712639 0.673556328
1413394951355760384.000000 1.447715759 3.281387091 1.572119236 0.158196211 -0.758306444 0.142751545 0.616090357
1413394951455760384.000000 1.514579892 3.248113394 1.597069979 0.175179899 -0.810461819 0.143009275 0.540381491
1413394951555760384.000000 1.576742291 3.218023300 1.627306104 0.186122388 -0.849946499 0.135271743 0.473973662
1413394951655760384.000000 1.619472623 3.184992075 1.664061069 0.187672541 -0.873154938 0.129280016 0.430890083
1413394951755760384.000000 1.628689885 3.143224716 1.707594633 0.186874330 -0.884539604 0.121693812 0.409705162
1413394951855760384.000000 1.594371796 3.088475466 1.766401172 0.189235419 -0.866021693 0.115397088 0.448196441
1413394951955760384.000000 1.532124281 3.022693872 1.831261635 0.187252373 -0.831794918 0.116893411 0.509303272
1413394952055760384.000000 1.459614992 2.951344490 1.896202326 0.179506391 -0.789865255 0.125605568 0.572812080
1413394952155760384.000000 1.390601397 2.879904509 1.948541284 0.172883600 -0.755944252 0.131946430 0.617454231
1413394952255760384.000000 1.333490372 2.812211037 1.981508136 0.167688251 -0.750002086 0.138470948 0.624662519
1413394952455760384.000000 1.250715256 2.687800407 1.996215940 0.171379372 -0.794198930 0.164529085 0.559291840
1413394952555760384.000000 1.212354064 2.633245230 2.004277945 0.184494987 -0.807468176 0.171693161 0.533364952
1413394952655760384.000000 1.168050408 2.584882736 2.026052952 0.207082108 -0.808194697 0.161399662 0.527151287
1413394952755760384.000000 1.114835024 2.536652088 2.060858250 0.222938791 -0.796632648 0.155390427 0.539933920
1413394952855760384.000000 1.058193564 2.485911608 2.096577168 0.228020549 -0.770950496 0.161968797 0.572195947
1413394952955760384.000000 1.005924106 2.435478926 2.124818563 0.226130620 -0.738266170 0.174334720 0.611093640
1413394953055760384.000000 0.967081666 2.390427113 2.140245438 0.222217232 -0.711961150 0.183879778 0.640249312
1413394953155760384.000000 0.947154999 2.354431629 2.147210121 0.218485087 -0.695751786 0.189864233 0.657377601
1413394953255760384.000000 0.953637779 2.331740618 2.163675070 0.215215832 -0.685490370 0.192729786 0.668311596
1413394953355760384.000000 0.993250549 2.326046228 2.202649355 0.210215390 -0.673096836 0.195647269 0.681522131
1413394953455760384.000000 1.063642263 2.336699963 2.246745825 0.210004121 -0.684948683 0.192308560 0.670642316
1413394953555760384.000000 1.155159473 2.358541727 2.265167236 0.221837848 -0.737055600 0.172016844 0.614774168
1413394953655760384.000000 1.258477569 2.385539293 2.246953487 0.233604461 -0.787068307 0.148449197 0.551285207
1413394953755760384.000000 1.362436056 2.410629511 2.191269875 0.240187317 -0.822071791 0.130605206 0.499449998
1413394953855760384.000000 1.457991600 2.427271128 2.105005741 0.244025022 -0.842240751 0.118278421 0.465931952
1413394953955760384.000000 1.537632227 2.429993391 2.008538723 0.243578881 -0.839754045 0.118283071 0.470629007
1413394954055760384.000000 1.600560904 2.417654991 1.916024327 0.240364030 -0.814584553 0.129519626 0.511763573
1413394954155760384.000000 1.654493332 2.394773722 1.827662349 0.236905247 -0.781188548 0.142404988 0.559768856
1413394954255760384.000000 1.710825324 2.367882967 1.742598295 0.231735662 -0.745230377 0.156956822 0.605223060
1413394954355760384.000000 1.779038668 2.342954397 1.662057042 0.227507591 -0.719172120 0.167204425 0.634881496
1413394954455760384.000000 1.865690231 2.323595524 1.594085574 0.223446921 -0.716142535 0.174752429 0.637709200
1413394954555760384.000000 1.970992804 2.311359406 1.538460970 0.223298505 -0.746056736 0.174166486 0.602663398
1413394954655760384.000000 2.088296890 2.305683613 1.486424565 0.223029301 -0.794662774 0.166550308 0.539471865
1413394954755760384.000000 2.200658321 2.296638489 1.427983046 0.215355605 -0.834922731 0.158916876 0.480906814
1413394954855760384.000000 2.293225050 2.282746077 1.368607044 0.209470466 -0.854310274 0.148677468 0.451853007
1413394954955760384.000000 2.360482454 2.261340857 1.311725378 0.211292222 -0.840660334 0.137559950 0.479294240
1413394955055760384.000000 2.411923170 2.231389284 1.252837300 0.216638222 -0.808440447 0.139945075 0.529062748
1413394955155760384.000000 2.459486961 2.194926977 1.195046067 0.226673052 -0.772256911 0.152229428 0.573641777
1413394955255760384.000000 2.514307499 2.156522989 1.141132712 0.242154032 -0.738487959 0.171158701 0.605558991
1413394955355760384.000000 2.583166361 2.120040655 1.094054937 0.255904794 -0.730489016 0.201676995 0.600187421
1413394955455760384.000000 2.663695335 2.089972019 1.055712461 0.264054239 -0.757893920 0.242698625 0.544949174
1413394955555760384.000000 2.742293835 2.070682526 1.030444741 0.274985194 -0.792183399 0.261859119 0.477764040
1413394955655760384.000000 2.800543785 2.059718370 1.025161982 0.295164317 -0.813884556 0.250962764 0.432998419
1413394959905760512.000000 2.424192667 2.078867674 1.595314503 0.771842539 -0.383302331 0.428147525 0.272081256
1413394962655760384.000000 3.040578604 2.580845118 0.964115679 0.739447176 -0.109202012 0.653540254 0.119071275
