1403637151038319104.000000 1.717180133 2.007308245 -8.883779526 -0.553747118 -0.593743920 -0.398516625 0.426634282
1403637151138319104.000000 1.727185011 2.035506964 -8.870325089 -0.549437642 -0.591319799 -0.403074861 0.431265384
1403637151388318976.000000 1.747774005 2.089080095 -8.828458786 -0.557524502 -0.594738781 -0.386314303 0.431524754
1403637151638319104.000000 1.771948814 2.134755850 -8.747700691 -0.557769358 -0.599592507 -0.382818073 0.427589059
1403637152138319104.000000 1.833873391 2.233855486 -8.647761345 -0.555788875 -0.603595078 -0.382122368 0.425152153
1403637152388318976.000000 1.866495490 2.286893845 -8.610887527 -0.558187723 -0.603928208 -0.378269225 0.424981982
1403637152638319104.000000 1.902926803 2.350690365 -8.614389420 -0.557417810 -0.604504943 -0.378968090 0.424549609
1403637152888318976.000000 1.942674518 2.422434330 -8.620270729 -0.555085063 -0.598777711 -0.381575853 0.433296442
1403637153138319104.000000 1.991694808 2.479388714 -8.591094971 -0.552511394 -0.600359380 -0.384782255 0.431558132
1403637153238319104.000000 2.012388229 2.500587225 -8.585329056 -0.552752078 -0.602108002 -0.384895951 0.428703070
1403637153388318976.000000 2.043101311 2.531484604 -8.584681511 -0.551880658 -0.603699923 -0.386541992 0.426097989
1403637154038319104.000000 2.144952059 2.676188231 -8.507580757 -0.551485240 -0.602497220 -0.387959123 0.427023381
1403637154388318976.000000 2.195060492 2.761561871 -8.546257019 -0.573166490 -0.599238157 -0.357660562 0.429502934
1403637154638319104.000000 2.259172201 2.845537663 -8.587701797 -0.561080217 -0.601537168 -0.380393952 0.422661334
1403637154738319104.000000 2.287367582 2.881744385 -8.602715492 -0.562270343 -0.606400013 -0.384277076 0.410441637
1403637154888318976.000000 2.328118801 2.940676451 -8.620393753 -0.575155556 -0.600511968 -0.387808323 0.397726148
1403637154938319104.000000 2.340942860 2.962271690 -8.624647141 -0.579498470 -0.598860860 -0.388271511 0.393436641
1403637155188318976.000000 2.398945332 3.089373827 -8.612033844 -0.595987976 -0.571751893 -0.405094385 0.392169088
1403637155488318976.000000 2.459025860 3.259600639 -8.559745789 -0.606968820 -0.542963147 -0.427684337 0.392257601
1403637155688318976.000000 2.500454664 3.367333651 -8.557595253 -0.625981390 -0.520827889 -0.430810422 0.388957620
1403637155988318976.000000 2.582925081 3.509822130 -8.599799156 -0.661938429 -0.481965333 -0.442808419 0.365332246
1403637156188318976.000000 2.659272909 3.593634129 -8.637500763 -0.685922742 -0.442073613 -0.460054398 0.349901319
1403637156288318976.000000 2.704780102 3.630249262 -8.654507637 -0.698495865 -0.420817971 -0.468836069 0.339423805
1403637156688318976.000000 2.931515455 3.720091343 -8.724814415 -0.741691709 -0.338643819 -0.505103528 0.282991529
1403637156988318976.000000 3.130462885 3.739983320 -8.821301460 -0.760630608 -0.315787494 -0.515917897 0.235686362
1403637157188318976.000000 3.266396046 3.751257181 -8.901777267 -0.766782463 -0.311180681 -0.511034191 0.232497692
1403637157488318976.000000 3.495322227 3.774903297 -8.971860886 -0.768840134 -0.304728448 -0.502966285 0.251098454
1403637157588318976.000000 3.581370831 3.779487610 -8.978336334 -0.768631876 -0.304353714 -0.500466824 0.257112622
1403637157838319104.000000 3.825778246 3.775606871 -8.965586662 -0.762241542 -0.308953166 -0.505531549 0.260717541
1403637157938319104.000000 3.933714628 3.767619848 -8.960554123 -0.757045925 -0.310790360 -0.512844682 0.259386092
1403637158138319104.000000 4.156318188 3.741179466 -8.960167885 -0.749917805 -0.318170667 -0.523243964 0.250212789
1403637158438319104.000000 4.487975597 3.677941084 -8.926201820 -0.755000353 -0.302476168 -0.529714048 0.240594462
1403637158538319104.000000 4.598067284 3.649388075 -8.919086456 -0.760816872 -0.285101622 -0.532973826 0.236249268
1403637158638319104.000000 4.708106995 3.616266489 -8.919101715 -0.768933773 -0.263381243 -0.534533679 0.231613815
1403637158738319104.000000 4.817645550 3.576285839 -8.924945831 -0.775961637 -0.242649287 -0.538737953 0.220830783
1403637158838319104.000000 4.926084042 3.530884266 -8.936048508 -0.783363461 -0.229092240 -0.539512277 0.206845388
1403637159138319104.000000 5.254706860 3.377963066 -8.949916840 -0.792628646 -0.218075499 -0.540562272 0.178816825
1403637159338319104.000000 5.475580215 3.269505501 -8.960258484 -0.794385731 -0.209883526 -0.537479162 0.189779922
1403637159538319104.000000 5.702493668 3.150476217 -8.988952637 -0.793156683 -0.216459006 -0.536867797 0.189264446
1403637159638319104.000000 5.819018841 3.087251425 -9.007313728 -0.792854488 -0.223973572 -0.536457956 0.182839811
1403637159738319104.000000 5.937521935 3.023739338 -9.022671700 -0.791365027 -0.229730368 -0.537770927 0.178235367
1403637159838319104.000000 6.058527946 2.961883545 -9.031230927 -0.789856613 -0.231540382 -0.540031195 0.175732225
1403637159938319104.000000 6.180864811 2.899543047 -9.036931992 -0.792321146 -0.225210041 -0.541079283 0.169531658
1403637160138319104.000000 6.428580284 2.776466370 -9.056605339 -0.796889603 -0.188484818 -0.552661717 0.154937640
1403637160238319104.000000 6.552013874 2.714058161 -9.070446968 -0.799668670 -0.166223064 -0.559373498 0.141426191
1403637160338319104.000000 6.672956467 2.649698257 -9.089462280 -0.803515494 -0.142179757 -0.564408481 0.124863632
1403637160438319104.000000 6.790610790 2.582668543 -9.111942291 -0.808314264 -0.116025962 -0.567560852 0.105075136
1403637160538319104.000000 6.905835152 2.513716459 -9.137677193 -0.813731134 -0.091742910 -0.568404853 0.079630069
1403637160738319104.000000 7.128535271 2.378573895 -9.194934845 -0.822736084 -0.047712617 -0.565115631 0.038382739
1403637160838319104.000000 7.238572598 2.316650391 -9.217761040 -0.825791657 -0.035617523 -0.562252998 0.025908595
1403637160938319104.000000 7.350424767 2.259511232 -9.232164383 -0.828621030 -0.026248051 -0.558814228 0.020615395
1403637161038319104.000000 7.463099957 2.206298113 -9.234309196 -0.831207991 -0.017909983 -0.555207968 0.022731476
1403637161238319104.000000 7.703486919 2.105183601 -9.204238892 0.826922059 -0.003593859 0.560384452 -0.046435401
1403637161338319104.000000 7.826626301 2.048908949 -9.178105354 0.823931456 -0.011540787 0.563526988 -0.058660064
1403637161438319104.000000 7.950907230 1.983386993 -9.144998550 0.823520780 -0.008553456 0.564690948 -0.053521756
1403637161638319104.000000 8.198813438 1.829828620 -9.073633194 0.824047863 -0.017460374 0.565241218 -0.033803858
1403637161738319104.000000 8.322208405 1.745608449 -9.042817116 0.819382191 -0.024332022 0.572228670 -0.023983458
1403637161838319104.000000 8.444083214 1.658310533 -9.015547752 0.808623433 -0.027747415 0.587543666 -0.012277818
1403637162138319104.000000 8.760888100 1.391033173 -8.967207909 0.782211721 -0.038650021 0.621791422 0.005146311
1403637162238319104.000000 8.842029572 1.302975416 -8.966983795 0.785091996 -0.046313658 0.617634892 -0.003588021
1403637162338319104.000000 8.910982132 1.213241577 -8.972625732 0.789591789 -0.051046189 0.611404419 -0.011125812
1403637162638319104.000000 9.061461449 0.911902666 -8.999489784 0.807493925 -0.047245272 0.587847471 -0.012522256
1403637162738319104.000000 9.102136612 0.799728870 -8.993585587 0.794966578 -0.051053643 0.604388177 -0.011688465
1403637163038319104.000000 9.162989616 0.434514940 -9.006382942 0.780584335 -0.095349006 0.616687417 0.035963092
1403637163138319104.000000 9.159708977 0.308070928 -9.020382881 0.777839184 -0.118424483 0.613981605 0.062995538
1403637163238319104.000000 9.145163536 0.183379084 -9.037916183 0.773221791 -0.145097822 0.610675693 0.090276852
1403637163338319104.000000 9.119556427 0.063347220 -9.058551788 0.767152488 -0.173022032 0.607327282 0.112667076
1403637163438319104.000000 9.083036423 -0.050799292 -9.082736969 0.762018025 -0.202831909 0.601810873 0.126536191
1403637163738319104.000000 8.917759895 -0.372248471 -9.145174980 0.767663240 -0.270395607 0.566479445 0.129152715
1403637163838319104.000000 8.850213051 -0.484433591 -9.146752357 0.769005477 -0.281247914 0.560132980 0.125623122
1403637163938319104.000000 8.776232719 -0.602134228 -9.137479782 0.766127169 -0.289510965 0.561120868 0.119900301
1403637164038319104.000000 8.697131157 -0.729025424 -9.120674133 0.763322949 -0.291343331 0.564096332 0.119384423
1403637164138319104.000000 8.612093925 -0.864890456 -9.095491409 0.760846794 -0.288098395 0.568430305 0.122468963
1403637164238319104.000000 8.518946648 -1.008179665 -9.064920425 0.760943234 -0.281786531 0.570392966 0.127333239
1403637164338319104.000000 8.419192314 -1.156852722 -9.030455589 0.764538527 -0.270925909 0.568644166 0.136835173
1403637164438319104.000000 8.314183235 -1.307692409 -9.000741959 0.769567966 -0.265033752 0.564191222 0.138602793
1403637164538319104.000000 8.205612183 -1.460837603 -8.978462219 0.771098733 -0.266546249 0.563740671 0.128671229
1403637164638319104.000000 8.094859123 -1.617735505 -8.964956284 0.772429883 -0.267604023 0.563484013 0.119272940
1403637164738319104.000000 7.980386734 -1.780225039 -8.957026482 0.774945140 -0.260232478 0.562550306 0.123597853
1403637164838319104.000000 7.863096237 -1.947703242 -8.954031944 0.773367584 -0.251922846 0.565075874 0.138299420
1403637164938319104.000000 7.742467880 -2.116752863 -8.956980705 0.770753086 -0.251487970 0.565235376 0.152323723
1403637165038319104.000000 7.620305538 -2.285441399 -8.965312958 0.767060041 -0.258927464 0.563758790 0.163558900
1403637165138319104.000000 7.497767925 -2.453327179 -8.975857735 0.758339465 -0.271192849 0.565828145 0.176675797
1403637165238319104.000000 7.372816563 -2.618071318 -8.989008904 0.751025736 -0.286364198 0.562865019 0.192714721
1403637165338319104.000000 7.243992805 -2.776271343 -8.997757912 0.748659849 -0.305308551 0.551192224 0.206112593
1403637165438319104.000000 7.114275455 -2.928310871 -8.998419762 0.749652147 -0.323122412 0.536432028 0.214136094
1403637165538319104.000000 6.986669540 -3.076946735 -8.988760948 0.748842835 -0.334682077 0.527176976 0.222051233
1403637165638319104.000000 6.861602306 -3.222933531 -8.972612381 0.749119997 -0.339761198 0.518429220 0.233693957
1403637165688318976.000000 6.800600052 -3.294928312 -8.964257240 0.749637961 -0.339328408 0.514407516 0.241420984
1403637165788318976.000000 6.683324337 -3.436417103 -8.950543404 0.751442432 -0.335706383 0.507017612 0.256064028
1403637165888318976.000000 6.573293209 -3.571706295 -8.942133904 0.753673196 -0.329733461 0.501613915 0.267649114
1403637166088318976.000000 6.383870125 -3.819556952 -8.948263168 0.763788581 -0.305516511 0.497527301 0.275233418
1403637166188318976.000000 6.304893017 -3.932072401 -8.972333908 0.767427146 -0.296038836 0.498192251 0.274264574
1403637166288318976.000000 6.237154007 -4.035382748 -9.006382942 0.764783621 -0.290167093 0.508143365 0.269628108
1403637166488318976.000000 6.129826546 -4.202283859 -9.057113647 0.740621328 -0.268689573 0.556677639 0.263431102
1403637166588318976.000000 6.078149319 -4.260049820 -9.076581001 0.743623555 -0.263836235 0.558073342 0.256843656
1403637166688318976.000000 6.025537491 -4.301099300 -9.095582008 0.759584785 -0.264744878 0.539991617 0.247690037
1403637167138319104.000000 5.889307022 -4.332809448 -9.179179192 0.774485707 -0.209796831 0.520723462 0.291554838
1403637194438319104.000000 4.208878517 -3.826672077 -8.996402740 0.771853566 -0.297057062 0.517587066 0.219323203
1403637221288318976.000000 3.552053690 1.900103807 -8.792853355 0.501557827 0.664728522 0.321385086 -0.450874001
