1403636584863555584.000000 1.083099484 -3.513358593 -0.209943622 -0.551045060 -0.585352659 -0.409010887 0.431765944
1403636585313555456.000000 1.086098909 -3.510471821 -0.276314884 -0.562270761 -0.582406104 -0.411823094 0.418397605
1403636586063555584.000000 1.097452879 -3.567569256 -0.482578456 -0.596032143 -0.634253085 -0.322354257 0.372231752
1403636588013555456.000000 1.367251277 -3.521151543 -0.460717529 -0.653546572 -0.634486496 -0.277501225 0.305445284
1403636588213555456.000000 1.414753437 -3.513909101 -0.470664740 -0.660017431 -0.634042442 -0.272895128 0.296471775
1403636588713555456.000000 1.389611125 -3.525338411 -0.469637066 -0.657610893 -0.632554591 -0.273410171 0.304416686
1403636588813555456.000000 1.361980200 -3.533410311 -0.468851298 -0.655408978 -0.636477709 -0.269636363 0.304354370
1403636589813555456.000000 0.921636939 -3.628571272 -0.452712387 -0.620519161 -0.664613366 -0.255707860 0.328418255
1403636590013555456.000000 0.852991581 -3.643312931 -0.461842149 -0.614073932 -0.674341798 -0.240808964 0.331944853
1403636590113555456.000000 0.830650449 -3.647928238 -0.462036550 -0.609103203 -0.675118268 -0.241127804 0.339213967
1403636590263555584.000000 0.819457829 -3.651698351 -0.459415913 -0.604698241 -0.675305843 -0.242907107 0.345395744
1403636590563555584.000000 0.880020380 -3.651618481 -0.450964212 -0.609702229 -0.671507478 -0.255240023 0.334952861
1403636590663555584.000000 0.917343199 -3.648349047 -0.447772473 -0.611781240 -0.668438435 -0.260604560 0.333165258
1403636590863555584.000000 1.003372788 -3.635805607 -0.448848993 -0.621127188 -0.664367080 -0.258441627 0.325615466
1403636591463555584.000000 1.237405419 -3.581747532 -0.471079826 -0.634928405 -0.656172156 -0.255300254 0.318003029
1403636591563555584.000000 1.256285548 -3.573450089 -0.479143590 -0.637670815 -0.651065290 -0.263098061 0.316653311
1403636593663555584.000000 0.922990501 -3.596927166 -0.506396115 -0.568824172 -0.701293826 -0.200404525 0.380084366
1403636593863555584.000000 0.993449032 -3.672269583 -0.517078400 -0.614232957 -0.668896019 -0.220764294 0.355751514
1403636593963555584.000000 1.044314146 -3.697277546 -0.517681956 -0.637867987 -0.642591953 -0.244631365 0.346923053
1403636594063555584.000000 1.100319386 -3.711113691 -0.515899718 -0.659059703 -0.616708398 -0.269624680 0.335579604
1403636594163555584.000000 1.157133579 -3.710327864 -0.515023053 -0.679100990 -0.594307542 -0.286117435 0.322113544
1403636594263555584.000000 1.213378310 -3.692679167 -0.516405284 -0.693337798 -0.579646349 -0.297393620 0.307976931
1403636594663555584.000000 1.370365977 -3.506535769 -0.520882845 -0.691883743 -0.563058376 -0.333209872 0.305341274
1403636594763555584.000000 1.361850381 -3.460508347 -0.522646248 -0.685433030 -0.567521214 -0.331735164 0.313134253
1403636594863555584.000000 1.326849103 -3.422567844 -0.526516557 -0.671276510 -0.580788553 -0.326216608 0.325046599
1403636594963555584.000000 1.267755866 -3.397192955 -0.529606164 -0.649490714 -0.601430416 -0.318584234 0.339038849
1403636595063555584.000000 1.191727638 -3.388476849 -0.532077193 -0.623884797 -0.626338184 -0.302245647 0.356533080
1403636595963555584.000000 1.160621762 -3.606755257 -0.560266435 -0.604497612 -0.663052440 -0.272850394 0.347126573
1403636596313555456.000000 1.224520445 -3.721703291 -0.556221247 -0.649685264 -0.623657525 -0.294035286 0.320162088
1403636596413555456.000000 1.194211721 -3.763984680 -0.543350041 -0.649118960 -0.621171832 -0.298193425 0.322289973
1403636596513555456.000000 1.159476280 -3.806015015 -0.530622005 -0.643559933 -0.623099208 -0.302773237 0.325432569
1403636596613555456.000000 1.127986908 -3.839486837 -0.521062016 -0.639194965 -0.626089036 -0.305279791 0.325954884
1403636596713555456.000000 1.104485393 -3.859511614 -0.516571164 -0.638532460 -0.628432512 -0.303480238 0.324420691
1403636596963555584.000000 1.096576333 -3.816132069 -0.520607412 -0.628201425 -0.633162856 -0.314708740 0.324693978
1403636597063555584.000000 1.105864286 -3.763895512 -0.525291979 -0.630120754 -0.636210144 -0.311306626 0.318233788
1403636597963555584.000000 1.044597507 -3.463432550 -0.525974274 -0.530460835 -0.705960572 -0.262325376 0.389122665
1403636598213555456.000000 1.043007374 -3.572181702 -0.541388214 -0.536838412 -0.718070447 -0.247855306 0.367079288
1403636598313555456.000000 1.052573800 -3.602952480 -0.554624438 -0.542824924 -0.723078132 -0.243035525 0.351330251
1403636598413555456.000000 1.064481616 -3.614701271 -0.569121838 -0.546954811 -0.723946750 -0.246014491 0.340908319
1403636598513555456.000000 1.075358391 -3.605821133 -0.584115446 -0.546415806 -0.722907007 -0.250648856 0.340602905
1403636598613555456.000000 1.083335638 -3.579432487 -0.597205043 -0.540135145 -0.720682323 -0.254460901 0.352307886
1403636598713555456.000000 1.088686109 -3.544293404 -0.611252487 -0.530222535 -0.717898607 -0.257826120 0.370150596
1403636598813555456.000000 1.092163801 -3.508927822 -0.629993379 -0.518508792 -0.712974370 -0.261912405 0.392706215
1403636598913555456.000000 1.095758677 -3.477180481 -0.652725875 -0.510967731 -0.704459727 -0.269987583 0.412013501
1403636599013555456.000000 1.099099398 -3.451084375 -0.676502824 -0.504671514 -0.698557734 -0.279540807 0.423297495
1403636599113555456.000000 1.100504637 -3.431718588 -0.695093930 -0.498157352 -0.691029549 -0.283933312 0.440112829
1403636600113555456.000000 1.108855963 -3.379566431 -0.753973126 -0.485603780 -0.633217990 -0.333783358 0.501809299
1403636603063555584.000000 1.108731270 -3.380133390 -0.754018366 -0.486170977 -0.632427096 -0.332574815 0.503058493
1403636605963555584.000000 1.108778596 -3.380131006 -0.754011035 -0.486260593 -0.632436454 -0.332428217 0.503056943
1403636608663555584.000000 1.108709097 -3.380134583 -0.754021406 -0.486276835 -0.632376909 -0.332594126 0.503006458
1403636611613555456.000000 1.109395027 -3.379806042 -0.754357994 -0.486202151 -0.632547081 -0.332498550 0.502927780
1403636614263555584.000000 1.109520435 -3.379805088 -0.754392982 -0.486114621 -0.632287920 -0.332570493 0.503290713
1403636616813555456.000000 1.109453678 -3.379994631 -0.754275084 -0.486369967 -0.632200003 -0.332429141 0.503247857
1403636619563555584.000000 1.109315515 -3.379832506 -0.754454315 -0.486319035 -0.632105947 -0.332564592 0.503325641
1403636622063555584.000000 1.109467030 -3.379887819 -0.754356205 -0.486091107 -0.632262886 -0.332684755 0.503269315
1403636624763555584.000000 1.147385359 -3.397613764 -0.754010081 -0.495754510 -0.641886532 -0.338608146 0.477025926
1403636624863555584.000000 1.163919926 -3.406376362 -0.752114475 -0.491501361 -0.650914550 -0.343806028 0.465332240
1403636624963555584.000000 1.181535363 -3.417853117 -0.742600262 -0.488546997 -0.663159788 -0.346990466 0.448484778
1403636625063555584.000000 1.196339846 -3.429937124 -0.724293053 -0.488570482 -0.671895504 -0.345523685 0.436427295
1403636625163555584.000000 1.205532074 -3.439732075 -0.698869586 -0.492712259 -0.674134970 -0.338382393 0.433905602
1403636625313555456.000000 1.211273670 -3.447074652 -0.657269120 -0.493573904 -0.666953921 -0.335614860 0.446004540
1403636625563555584.000000 1.211198926 -3.445176125 -0.660884917 -0.494180143 -0.669871330 -0.330365926 0.444878310
1403636625713555456.000000 1.204022765 -3.432611227 -0.653282583 -0.490905792 -0.669108272 -0.332291126 0.448205590
1403636626163555584.000000 1.160731554 -3.372575521 -0.466986299 -0.488044381 -0.650324464 -0.332164615 0.478076935
1403636626463555584.000000 1.155020833 -3.341657400 -0.398160815 -0.487935871 -0.648276448 -0.330720335 0.481954783
1403636626713555456.000000 1.172927260 -3.327104807 -0.392601430 -0.474204808 -0.649451911 -0.345540106 0.483677655
1403636627063555584.000000 1.211471081 -3.342648745 -0.428788602 -0.479913354 -0.664499640 -0.332695097 0.466301858
1403636627513555456.000000 1.257112622 -3.364828348 -0.371540695 -0.480615020 -0.658108294 -0.333705842 0.473859966
1403636627663555584.000000 1.277177572 -3.372694731 -0.354288429 -0.490722686 -0.654659331 -0.335749298 0.466781378
1403636627813555456.000000 1.299721837 -3.381361961 -0.367495000 -0.506554902 -0.654518306 -0.336525232 0.449175686
1403636628263555584.000000 1.347700834 -3.347347736 -0.347065121 -0.522538364 -0.628221273 -0.360129148 0.450109750
1403636628713555456.000000 1.408701897 -3.287490129 -0.274749279 -0.526347041 -0.621254861 -0.354392976 0.459790081
1403636628813555456.000000 1.432898521 -3.274778843 -0.276060581 -0.529187977 -0.623632848 -0.358253658 0.450218350
1403636628963555584.000000 1.471929669 -3.253486395 -0.277960300 -0.537442148 -0.625928938 -0.360787511 0.434972852
1403636629113555456.000000 1.511883259 -3.236676693 -0.260127753 -0.543745041 -0.624280930 -0.363322496 0.427330732
1403636629613555456.000000 1.650035977 -3.141320229 -0.250927508 -0.579873502 -0.581385136 -0.384491444 0.421787232
1403636629813555456.000000 1.721821070 -3.095457554 -0.291561782 -0.608263314 -0.566717744 -0.395018190 0.390905768
