1403638148145096960.000000 -30.861358643 -5.780152798 38.835491180 -0.554731250 -0.601582289 -0.386268586 0.425639153
1403638149145096960.000000 -30.899316788 -5.632664680 39.084007263 -0.542247951 -0.619506061 -0.374193996 0.426800132
1403638149645096960.000000 -30.963253021 -5.515254021 39.227848053 -0.537537932 -0.618127108 -0.375693470 0.433389425
1403638149895097088.000000 -31.002233505 -5.462223053 39.249652863 -0.528244972 -0.625803471 -0.369582951 0.439016789
1403638150145096960.000000 -31.045888901 -5.413887024 39.240684509 -0.517418623 -0.635353863 -0.375853330 0.432825357
1403638150395097088.000000 -31.113115311 -5.371393681 39.198657990 -0.516720414 -0.642715037 -0.373113841 0.425092310
1403638150645096960.000000 -31.217317581 -5.327665806 39.177070618 -0.517497540 -0.654682934 -0.345842332 0.428928494
1403638150895097088.000000 -31.335124969 -5.252226353 39.200347900 -0.500291944 -0.662788212 -0.341080546 0.440549493
1403638151145096960.000000 -31.466228485 -5.179315090 39.226863861 -0.472267419 -0.674289167 -0.336275607 0.457401782
1403638151295097088.000000 -31.563894272 -5.137781620 39.221626282 -0.449472427 -0.690408349 -0.319938958 0.467920929
1403638151745096960.000000 -31.859699249 -5.010864258 39.226383209 -0.385124087 -0.728188455 -0.271521777 0.497691751
1403638151995097088.000000 -32.036571503 -4.948961735 39.289356232 -0.374747783 -0.735296309 -0.264775455 0.498795986
1403638152445096960.000000 -32.383480072 -4.848706722 39.361206055 -0.372070700 -0.737559140 -0.271721721 0.493697613
1403638152595097088.000000 -32.512847900 -4.820353985 39.357013702 -0.372677207 -0.737751901 -0.273554862 0.491936654
1403638152845096960.000000 -32.749698639 -4.777805805 39.357967377 -0.369087040 -0.739240587 -0.258106112 0.500679016
1403638152945096960.000000 -32.849990845 -4.759748936 39.372867584 -0.359372377 -0.740049541 -0.251251966 0.509951651
1403638153195097088.000000 -33.100856781 -4.715272903 39.428474426 -0.337721884 -0.756523252 -0.229104787 0.511006296
1403638153345096960.000000 -33.253387451 -4.684569359 39.454467773 -0.326711655 -0.763421714 -0.221558705 0.511232436
1403638153445096960.000000 -33.356933594 -4.663494110 39.466747284 -0.314759463 -0.769206345 -0.216130152 0.512382627
1403638153545096960.000000 -33.462787628 -4.641717911 39.481987000 -0.297451377 -0.777511477 -0.214453191 0.510890007
1403638153845096960.000000 -33.808879852 -4.581861019 39.545001984 -0.252305090 -0.790849149 -0.187773153 0.525015354
1403638154295097088.000000 -34.361194611 -4.516803741 39.555164337 -0.228924364 -0.782530189 -0.179067269 0.550613403
1403638154695097088.000000 -34.828712463 -4.519693851 39.521163940 -0.226777628 -0.777969480 -0.173380718 0.559709430
1403638154795097088.000000 -34.937679291 -4.533687592 39.524955750 -0.219666690 -0.784840047 -0.169560209 0.554095626
1403638154895097088.000000 -35.045246124 -4.551003933 39.535350800 -0.211563647 -0.789429367 -0.168216512 0.551130950
1403638154995097088.000000 -35.152507782 -4.572954178 39.554077148 -0.201987907 -0.792445242 -0.166114375 0.551033139
1403638155045096960.000000 -35.206439972 -4.586047173 39.566215515 -0.196487024 -0.793220878 -0.163609058 0.552653134
1403638155345096960.000000 -35.524719238 -4.689392567 39.629379272 -0.169579268 -0.792132854 -0.148472920 0.567207456
1403638155695097088.000000 -35.872932434 -4.871562004 39.634845734 -0.132361546 -0.790614665 -0.112824135 0.587094247
1403638155795097088.000000 -35.962871552 -4.935719967 39.625305176 -0.117374010 -0.792193949 -0.096904762 0.590983570
1403638155845096960.000000 -36.005588531 -4.969270706 39.619106293 -0.109611101 -0.793796062 -0.087982990 0.591719687
1403638155895097088.000000 -36.046592712 -5.003710747 39.612102509 -0.100785837 -0.797222257 -0.079217575 0.589918137
1403638156195097088.000000 -36.266407013 -5.218284130 39.602375031 -0.043421727 -0.820470095 -0.023731420 0.569543958
1403638156295097088.000000 -36.337234497 -5.288191795 39.613933563 -0.026489869 -0.824987650 -0.009545264 0.564449012
1403638156745096960.000000 -36.673961639 -5.566132545 39.614784241 0.001256445 -0.831621408 0.015564091 0.555123508
1403638156845096960.000000 -36.758766174 -5.620194435 39.600681305 0.000903684 -0.832147241 0.014910334 0.554353535
1403638157045096960.000000 -36.935832977 -5.720504761 39.576320648 -0.002785764 -0.833604753 0.011839470 0.552227557
1403638157295097088.000000 -37.184696198 -5.832013130 39.582763672 -0.007045725 -0.836774588 0.009691111 0.547416449
1403638157545096960.000000 -37.461109161 -5.937779903 39.607173920 0.007279027 -0.830897570 0.006812070 0.556336224
1403638157745096960.000000 -37.694370270 -6.026193619 39.611415863 0.037413314 -0.821835339 0.015550841 0.568282664
1403638158045096960.000000 -38.040828705 -6.175862312 39.655681610 0.086093217 -0.817154825 0.056307234 0.567164421
1403638158245096960.000000 -38.265094757 -6.275446892 39.678703308 0.098209694 -0.816420734 0.079873793 0.563411295
1403638158345096960.000000 -38.376747131 -6.321714401 39.682353973 0.104690351 -0.815797210 0.080499575 0.563058436
1403638158545096960.000000 -38.595653534 -6.409147739 39.677913666 0.113714390 -0.812903643 0.073886015 0.566390038
1403638158645096960.000000 -38.702827454 -6.453269958 39.670742035 0.114563011 -0.811826646 0.071454778 0.568073153
1403638159045096960.000000 -39.116447449 -6.639773369 39.671730042 0.099934444 -0.825402617 0.081404768 0.549633384
1403638159245096960.000000 -39.333717346 -6.728757858 39.699638367 0.098971888 -0.838922501 0.077720985 0.529502809
1403638159345096960.000000 -39.451370239 -6.771723747 39.710552216 0.095306113 -0.831619799 0.080630615 0.541132152
1403638159495097088.000000 -39.635303497 -6.832826614 39.724620819 0.088229328 -0.810554743 0.088853121 0.572120488
1403638159895097088.000000 -40.082839966 -6.918114185 39.832416534 0.078280486 -0.789446235 0.105805703 0.599543214
1403638160095097088.000000 -40.257286072 -6.904017925 39.934867859 0.093298741 -0.792718351 0.087032609 0.596085906
1403638160195097088.000000 -40.333492279 -6.891247272 39.996944427 0.097347215 -0.801041365 0.083494633 0.584709346
1403638160295097088.000000 -40.405639648 -6.876816273 40.067775726 0.100321099 -0.812223792 0.081337921 0.568869412
1403638160495097088.000000 -40.548240662 -6.846333981 40.220321655 0.103091918 -0.821998060 0.078467309 0.554557681
1403638160595097088.000000 -40.622558594 -6.831836224 40.290592194 0.103152618 -0.823112011 0.078169778 0.552933753
1403638160795097088.000000 -40.779239655 -6.805607319 40.417781830 0.097390026 -0.818976521 0.084023595 0.559225202
1403638160895097088.000000 -40.859916687 -6.789703369 40.477199554 0.085292958 -0.811105907 0.087885492 0.571933925
1403638161095097088.000000 -41.011997223 -6.741465569 40.583599091 0.055276081 -0.803851008 0.073225826 0.587712646
1403638161195097088.000000 -41.079078674 -6.709017277 40.630508423 0.039040908 -0.806413829 0.057088878 0.587293386
1403638161295097088.000000 -41.143997192 -6.672447681 40.675010681 0.018632105 -0.810218275 0.039447442 0.584502459
1403638161645096960.000000 -41.350856781 -6.531198978 40.811264038 -0.030322300 -0.826759160 -0.000564645 0.561737835
1403638161995097088.000000 -41.563266754 -6.367683411 40.891208649 -0.058101565 -0.818796575 -0.013224006 0.570982993
1403638162095097088.000000 -41.624366760 -6.314795017 40.912727356 -0.064249165 -0.818207681 -0.017127782 0.571064770
1403638162245096960.000000 -41.714702606 -6.230448246 40.957065582 -0.072722033 -0.821181417 -0.016416322 0.565776467
1403638162545096960.000000 -41.898429871 -6.032395363 41.032592773 -0.078357086 -0.819181025 -0.015391742 0.567948699
1403638162645096960.000000 -41.958915710 -5.956782341 41.058326721 -0.074008048 -0.819804549 -0.020363182 0.567475736
1403638162795097088.000000 -42.048339844 -5.837672234 41.109546661 -0.071595870 -0.822314918 -0.022956343 0.564043641
1403638162895097088.000000 -42.107151031 -5.754305363 41.152290344 -0.078362174 -0.821189821 -0.022096924 0.564817071
1403638163045096960.000000 -42.194953918 -5.621709824 41.223918915 -0.087742031 -0.811218381 -0.022540718 0.577683330
1403638163195097088.000000 -42.277599335 -5.479894638 41.266529083 -0.098444872 -0.806955993 -0.031121148 0.581517160
1403638163645096960.000000 -42.486942291 -5.021243095 41.290622711 -0.141682401 -0.803669095 -0.082028985 0.572113037
1403638207745096960.000000 -42.540081024 -1.862000942 41.764068604 -0.112817578 -0.792098343 -0.080794044 0.594411314
1403638207795097088.000000 -42.543781281 -1.933162212 41.763549805 -0.110035464 -0.795096099 -0.076002397 0.591555655
1403638208095097088.000000 -42.544750214 -2.338034630 41.792541504 -0.105014190 -0.804979026 -0.064718232 0.580338061
1403638208345096960.000000 -42.521907806 -2.648229122 41.792465210 -0.107277498 -0.799984694 -0.066939510 0.586545169
1403638208595097088.000000 -42.477813721 -2.941667557 41.765682220 -0.098957457 -0.807528555 -0.060706981 0.578290284
1403638208845096960.000000 -42.419670105 -3.217212200 41.774841309 -0.078431599 -0.808255434 -0.042191666 0.582057893
1403638209095097088.000000 -42.346893311 -3.468850851 41.773654938 -0.065398633 -0.808188558 -0.035624485 0.584196270
1403638209345096960.000000 -42.258197784 -3.700073719 41.729610443 -0.063621372 -0.809281826 -0.031478960 0.583116174
1403638209595097088.000000 -42.161727905 -3.909768105 41.641372681 -0.064864248 -0.805566311 -0.029597700 0.588200152
1403638209845096960.000000 -42.056480408 -4.097564697 41.451408386 -0.064057589 -0.806227684 -0.034709569 0.587102056
1403638209895097088.000000 -42.033821106 -4.132961273 41.402606964 -0.063174322 -0.805175304 -0.036665488 0.588521481
1403638209995097088.000000 -41.986579895 -4.202451706 41.301361084 -0.061894603 -0.801214814 -0.039126612 0.593879700
1403638210145096960.000000 -41.908596039 -4.304056168 41.152912140 -0.061873026 -0.794113398 -0.039735425 0.603304923
1403638210245096960.000000 -41.847370148 -4.370498657 41.061660767 -0.062309150 -0.791453362 -0.039095271 0.606787264
1403638210545096960.000000 -41.613697052 -4.563264847 40.795940399 -0.063156158 -0.791697919 -0.039333947 0.606365025
1403638210645096960.000000 -41.522846222 -4.624996662 40.698959351 -0.063833959 -0.790327609 -0.039305829 0.608081162
1403638210845096960.000000 -41.317211151 -4.744987965 40.508544922 -0.066164151 -0.790946424 -0.037424080 0.607145250
1403638210945096960.000000 -41.203975677 -4.802303314 40.422920227 -0.067207053 -0.794898152 -0.035740986 0.601949096
1403638211045096960.000000 -41.083744049 -4.857602119 40.344512939 -0.068494290 -0.798086882 -0.033254232 0.597712457
1403638211345096960.000000 -40.712333679 -5.004816055 40.160228729 -0.072340168 -0.804043591 -0.031872012 0.589291930
1403638211445096960.000000 -40.585414886 -5.045641899 40.104705811 -0.080580272 -0.803838313 -0.037156187 0.588192403
1403638211545096960.000000 -40.455448151 -5.083142757 40.044414520 -0.093052424 -0.802763581 -0.044896755 0.587278605
1403638211645096960.000000 -40.323020935 -5.116901398 39.978626251 -0.111355215 -0.799704254 -0.052744754 0.587614834
1403638211745096960.000000 -40.187541962 -5.146368504 39.906997681 -0.133900851 -0.796449423 -0.063783094 0.586234391
1403638211945096960.000000 -39.909988403 -5.189835548 39.768100739 -0.186185047 -0.787594795 -0.088069081 0.580752313
1403638212045096960.000000 -39.767047882 -5.202572346 39.709342957 -0.209598765 -0.782483399 -0.102697261 0.577270687
1403638212145096960.000000 -39.622230530 -5.208663464 39.658535004 -0.229435757 -0.777339101 -0.120923482 0.573132396
1403638212245096960.000000 -39.474235535 -5.210165977 39.616981506 -0.248853579 -0.771211147 -0.139736056 0.569015920
1403638212545096960.000000 -39.010440826 -5.199512482 39.544181824 -0.308437854 -0.749335766 -0.187059581 0.555311441
1403638212645096960.000000 -38.849651337 -5.192095757 39.534488678 -0.329536766 -0.741250634 -0.200504884 0.549318492
1403638212745096960.000000 -38.685169220 -5.183865547 39.532283783 -0.349082619 -0.734187722 -0.216548711 0.540570498
1403638213045096960.000000 -38.175304413 -5.152145386 39.561256409 -0.415944844 -0.700412929 -0.261411667 0.517760098
1403638213145096960.000000 -38.000961304 -5.138655186 39.578678131 -0.440945774 -0.687214851 -0.273623347 0.508362949
1403638213245096960.000000 -37.824424744 -5.123539448 39.590911865 -0.469042182 -0.675303638 -0.280224979 0.495417506
1403638213345096960.000000 -37.645763397 -5.104864597 39.596282959 -0.498901814 -0.662219167 -0.282977849 0.482168376
1403638213445096960.000000 -37.419456482 -5.167706013 39.460144043 -0.522629857 -0.647876024 -0.287273645 0.473907828
1403638213545096960.000000 -37.276649475 -5.048435211 39.591678619 -0.550060093 -0.629657388 -0.294154733 0.463075131
1403638213645096960.000000 -37.125362396 -4.989032745 39.563819885 -0.554730594 -0.620120466 -0.319321513 0.453605950
1403638213745096960.000000 -36.887126923 -4.927468300 39.512828827 -0.550651729 -0.609920382 -0.344956934 0.453634858
1403638213845096960.000000 -36.687835693 -4.916026592 39.590503693 -0.548758566 -0.604482174 -0.362358630 0.449623913
1403638213945096960.000000 -36.518127441 -4.833330154 39.559364319 -0.548065662 -0.605607927 -0.369135380 0.443398535
1403638214145096960.000000 -36.148086548 -4.793879509 39.649757385 -0.553297579 -0.613885581 -0.360843271 0.432201803
1403638214245096960.000000 -35.924388885 -4.729752541 39.656002045 -0.554267943 -0.621399522 -0.353471458 0.426271915
1403638214345096960.000000 -35.758358002 -4.679841042 39.669937134 -0.554768443 -0.627661109 -0.348590106 0.420426399
1403638214495097088.000000 -35.479907990 -4.578433037 39.704307556 -0.550330698 -0.631630242 -0.347251922 0.421420962
1403638214595097088.000000 -35.283359528 -4.524659157 39.699722290 -0.543263376 -0.628398299 -0.352639258 0.430843532
1403638214695097088.000000 -35.115119934 -4.451976299 39.687988281 -0.536593258 -0.625144780 -0.358631372 0.438913822
1403638214895097088.000000 -34.748313904 -4.336428165 39.661449432 -0.526133060 -0.622380257 -0.363968849 0.450947285
1403638214995097088.000000 -34.588176727 -4.291525841 39.662200928 -0.524236083 -0.622104228 -0.364585668 0.453034461
1403638215095097088.000000 -34.383968353 -4.205901623 39.627101898 -0.521519244 -0.622145951 -0.366674423 0.454424918
1403638215795097088.000000 -33.298187256 -3.862033129 39.479812622 -0.519527912 -0.624965727 -0.371649384 0.448759735
1403638216295097088.000000 -32.646499634 -3.692936897 39.386692047 -0.532022655 -0.614428043 -0.378950983 0.442522466
1403638216395097088.000000 -32.528949738 -3.663734674 39.379745483 -0.531191587 -0.613270760 -0.381988853 0.442514420
1403638216595097088.000000 -32.291328430 -3.628182888 39.370323181 -0.530984402 -0.613196850 -0.384167165 0.440977097
1403638216995097088.000000 -31.883026123 -3.594371796 39.296867371 -0.537679732 -0.602621615 -0.398187071 0.434965312
1403638217295097088.000000 -31.618694305 -3.606177092 39.215717316 -0.571235836 -0.581325531 -0.404541939 0.414844692
1403638217495097088.000000 -31.459091187 -3.626618624 39.182777405 -0.579729378 -0.576191604 -0.410122842 0.404618800
1403638217945096960.000000 -31.165384293 -3.673972845 39.224582672 -0.570480764 -0.586715102 -0.427417636 0.384228230
1403638218295097088.000000 -31.040359497 -3.718592405 39.245361328 -0.562373161 -0.583394766 -0.430971175 0.397052556
1403638218445096960.000000 -31.025728226 -3.739954472 39.239162445 -0.563135922 -0.579623222 -0.426751733 0.405953139
1403638218845096960.000000 -31.008567810 -3.841969252 39.299266815 -0.578082979 -0.579601526 -0.416341931 0.395653486
1403638219195097088.000000 -31.038473129 -3.938621521 39.282810211 -0.601579130 -0.554654062 -0.407900929 0.405065864
1403638219645096960.000000 -31.068754196 -4.090335369 39.270565033 -0.587222934 -0.545531213 -0.433835387 0.411523759
1403638219995097088.000000 -31.073928833 -4.278642654 39.262039185 -0.606983006 -0.541431725 -0.403837204 0.418734908
1403638220345096960.000000 -31.042362213 -4.474434853 39.227859497 -0.597964287 -0.558618546 -0.418245882 0.394277185
1403638220745096960.000000 -30.999610901 -4.709845543 39.266014099 -0.596408904 -0.559274733 -0.425002038 0.388434708
1403638221095097088.000000 -30.980499268 -4.904330254 39.236354828 -0.600983202 -0.556926370 -0.422713518 0.387253910
1403638221345096960.000000 -30.979293823 -5.039529324 39.215892792 -0.605599463 -0.557424128 -0.417876035 0.384587288
1403638221745096960.000000 -30.984060287 -5.222547531 39.198890686 -0.609030366 -0.550430894 -0.415152907 0.392117172
1403638222195097088.000000 -30.975347519 -5.408880711 39.217315674 -0.605309546 -0.557572424 -0.419049770 0.383550078
1403638222495097088.000000 -30.975812912 -5.518667698 39.210220337 -0.612438023 -0.562896967 -0.409233063 0.374959856
1403638222645096960.000000 -30.976762772 -5.559654236 39.194816589 -0.608201444 -0.557593524 -0.415275246 0.383049667
1403638222795097088.000000 -30.978008270 -5.595280647 39.172370911 -0.604947805 -0.554308593 -0.420010477 0.387777448
1403638223245096960.000000 -30.993062973 -5.715764046 39.111110687 -0.611663818 -0.556733072 -0.410099596 0.384361953
1403638223695097088.000000 -30.989425659 -5.830348492 39.066753387 0.610704899 0.548322499 0.412359893 -0.395400107
