1403715542462142976.000000 0.404397845 0.036691591 0.138650298 -0.533584118 -0.582118094 -0.449712306 0.417355388
1403715542612143104.000000 0.416813642 0.166776448 0.154336274 -0.519452810 -0.586921811 -0.426566988 0.451367140
1403715542862142976.000000 0.423829049 0.322040945 0.162816241 -0.515270054 -0.610756636 -0.395313114 0.452990919
1403715543112143104.000000 0.424184650 0.424566686 0.140358061 -0.522790253 -0.609546900 -0.373582721 0.464304805
1403715543362142976.000000 0.439380169 0.489472717 0.100534774 -0.524930716 -0.599218428 -0.376131713 0.473191291
1403715543612143104.000000 0.476963937 0.510186911 0.064183757 -0.517190397 -0.597872317 -0.394454181 0.468474776
1403715543862142976.000000 0.524374247 0.470952213 0.021727286 -0.503939033 -0.590728343 -0.441299260 0.449822664
1403715544112143104.000000 0.540027738 0.349395871 -0.044022974 -0.544226646 -0.566409647 -0.474202484 0.397654861
1403715544662142976.000000 0.406771868 -0.076777600 -0.381378263 -0.703885496 -0.397177577 -0.505336642 0.302374214
1403715545012143104.000000 0.251587451 -0.385632098 -0.390992224 -0.708499908 -0.376584053 -0.525178194 0.283549339
1403715545212143104.000000 0.141442835 -0.580435812 -0.357257634 -0.722617388 -0.368149668 -0.521118820 0.265942007
1403715545312143104.000000 0.083669171 -0.678799331 -0.357012510 -0.731904030 -0.357420892 -0.521164417 0.254861772
1403715545412143104.000000 0.024033207 -0.776147127 -0.365486085 -0.740724087 -0.341134220 -0.520281851 0.253499746
1403715545512143104.000000 -0.036617607 -0.872856438 -0.372694552 -0.749740839 -0.322507530 -0.515436530 0.261156768
1403715545612143104.000000 -0.093371011 -0.970359087 -0.372122377 -0.756496012 -0.306938291 -0.510920525 0.269189447
1403715545712143104.000000 -0.144389644 -1.071550965 -0.366865993 -0.759113848 -0.300059170 -0.508236289 0.274602532
1403715545812143104.000000 -0.188158244 -1.177163363 -0.362591118 -0.757972956 -0.305152565 -0.507093132 0.274254411
1403715545912143104.000000 -0.225892931 -1.286345124 -0.357859522 -0.751391232 -0.320613593 -0.507845759 0.273332894
1403715546012143104.000000 -0.259795606 -1.397683501 -0.351752400 -0.739424825 -0.346463442 -0.508265197 0.273643047
1403715546112143104.000000 -0.292550474 -1.508540273 -0.343904197 -0.723748267 -0.377046585 -0.504748881 0.281518966
1403715546212143104.000000 -0.325823635 -1.617467642 -0.334100693 -0.705682337 -0.409477472 -0.494890213 0.299038947
1403715546312143104.000000 -0.360165805 -1.725317836 -0.323126435 -0.686113536 -0.442847520 -0.479616880 0.321094900
1403715546412143104.000000 -0.396223158 -1.832304716 -0.310331583 -0.664488077 -0.476562113 -0.461855322 0.343560517
1403715546512143104.000000 -0.432702124 -1.939599037 -0.295055062 -0.641047239 -0.510015607 -0.442070484 0.365398765
1403715546662142976.000000 -0.486551821 -2.098776579 -0.272897780 -0.601227939 -0.562531590 -0.410778701 0.391591758
1403715546762142976.000000 -0.521942317 -2.202068806 -0.261929423 -0.576120019 -0.601892471 -0.382513911 0.399367511
1403715546862142976.000000 -0.557900429 -2.299774885 -0.252851218 -0.553798139 -0.637118459 -0.348749995 0.407137662
1403715547012143104.000000 -0.611000538 -2.428697824 -0.235525578 -0.506173491 -0.682265460 -0.316916049 0.421742290
1403715547162142976.000000 -0.670989454 -2.534477949 -0.217554033 -0.452833951 -0.720755219 -0.291065067 0.436731637
1403715547312143104.000000 -0.745613813 -2.619096994 -0.198691875 -0.398824781 -0.752237976 -0.266242683 0.451875746
1403715547462142976.000000 -0.838317394 -2.686126471 -0.183658868 -0.356818855 -0.778477430 -0.235428572 0.459594011
1403715547612143104.000000 -0.954978526 -2.737754345 -0.174788833 -0.314613014 -0.802271128 -0.202763721 0.465044796
1403715547862142976.000000 -1.216099381 -2.789483070 -0.161668509 -0.234115824 -0.832416534 -0.154324651 0.477971196
1403715547912143104.000000 -1.278994560 -2.795183420 -0.158598140 -0.218265906 -0.834731817 -0.145980239 0.484017193
1403715548012143104.000000 -1.414326549 -2.802989960 -0.152371928 -0.193363219 -0.832845747 -0.129125774 0.502299964
1403715548112143104.000000 -1.559292436 -2.807620049 -0.145786583 -0.172759533 -0.824573994 -0.122984968 0.524506211
1403715548212143104.000000 -1.709064245 -2.811229944 -0.141456559 -0.158326700 -0.816824138 -0.122745454 0.540984809
1403715548312143104.000000 -1.861791730 -2.816261292 -0.140248403 -0.149581611 -0.810933053 -0.125733256 0.551547110
1403715548412143104.000000 -2.015637398 -2.824012280 -0.150980011 -0.147076383 -0.809105754 -0.128757939 0.554200292
1403715548512143104.000000 -2.170377254 -2.835022926 -0.172317818 -0.150144860 -0.808847189 -0.128776550 0.553750396
1403715548612143104.000000 -2.325237274 -2.849683285 -0.195832551 -0.158039659 -0.808028877 -0.124849468 0.553647518
1403715548662142976.000000 -2.402516603 -2.858008146 -0.207585961 -0.161849603 -0.807499766 -0.123823933 0.553549051
1403715548712143104.000000 -2.479592800 -2.867116451 -0.219133407 -0.165461600 -0.806577682 -0.123134039 0.553979039
1403715548862142976.000000 -2.710175276 -2.896161079 -0.251017690 -0.173792362 -0.804282069 -0.124011427 0.554569781
1403715548962142976.000000 -2.864242554 -2.915573835 -0.270590335 -0.176884308 -0.802479148 -0.123759307 0.556257844
1403715549112143104.000000 -3.094308138 -2.948450565 -0.297774762 -0.167970583 -0.799354136 -0.117525876 0.564806700
1403715549212143104.000000 -3.244624853 -2.972189188 -0.310652107 -0.157334283 -0.792148292 -0.114877418 0.578403234
1403715549362142976.000000 -3.456803560 -3.011995316 -0.328225195 -0.148157537 -0.781669319 -0.105926275 0.596508205
1403715549462142976.000000 -3.585706949 -3.041862965 -0.341689348 -0.152028158 -0.781191826 -0.088940963 0.598929405
1403715549562142976.000000 -3.704214334 -3.070346832 -0.356288105 -0.157204688 -0.786594152 -0.073115893 0.592630029
1403715549662142976.000000 -3.812516212 -3.093868971 -0.371308804 -0.167983443 -0.793047845 -0.060050312 0.582452357
1403715549862142976.000000 -4.005431175 -3.109330416 -0.393682033 -0.205411971 -0.785206735 -0.061425652 0.580933154
1403715549962142976.000000 -4.088847637 -3.098820448 -0.401544929 -0.235669151 -0.776558280 -0.065020695 0.580680311
1403715550062142976.000000 -4.161160469 -3.073741674 -0.407557517 -0.270808935 -0.768633127 -0.073005371 0.574922502
1403715550212143104.000000 -4.244183540 -3.005796671 -0.404828250 -0.312028915 -0.760749459 -0.113148801 0.557759523
1403715550312143104.000000 -4.284534931 -2.942733288 -0.386087835 -0.336297870 -0.755252302 -0.141963944 0.544374883
1403715550412143104.000000 -4.315166950 -2.867482662 -0.353038013 -0.358453184 -0.745552659 -0.172374085 0.534742773
1403715550512143104.000000 -4.338348389 -2.783067465 -0.315938711 -0.380181223 -0.733383060 -0.204686597 0.525085628
1403715550612143104.000000 -4.356115818 -2.693734169 -0.285140991 -0.406701416 -0.718719900 -0.229357719 0.515199721
1403715550762142976.000000 -4.374147415 -2.554199696 -0.263518423 -0.454809844 -0.688435316 -0.251975894 0.505680740
1403715550862142976.000000 -4.378367901 -2.457398176 -0.265248626 -0.488730162 -0.665269256 -0.260959089 0.500459909
1403715550962142976.000000 -4.373009682 -2.356376410 -0.276699960 -0.520376027 -0.641548514 -0.271442890 0.493905962
1403715551112143104.000000 -4.339063644 -2.194212914 -0.287621439 -0.555237770 -0.611679196 -0.303185642 0.475013822
1403715551212143104.000000 -4.297495365 -2.080635548 -0.278421313 -0.577049851 -0.590277076 -0.324079871 0.462124079
1403715551362142976.000000 -4.209486485 -1.905508995 -0.246990085 -0.614673078 -0.549280465 -0.345645010 0.448327631
1403715551462142976.000000 -4.132730007 -1.788892508 -0.224558696 -0.637973964 -0.520292640 -0.361349791 0.437848270
1403715551612143104.000000 -3.989206553 -1.618183613 -0.191311345 -0.662779093 -0.481478721 -0.397622168 0.413278043
1403715551712143104.000000 -3.876308918 -1.510618210 -0.167435259 -0.670673311 -0.456365287 -0.431922913 0.394170880
1403715551812143104.000000 -3.754782915 -1.411731839 -0.144105822 -0.678977787 -0.427514493 -0.461717546 0.378203094
1403715551912143104.000000 -3.627964735 -1.323885083 -0.121414378 -0.685975611 -0.393167198 -0.489168823 0.368199527
1403715552062142976.000000 -3.433898687 -1.219753265 -0.089862943 -0.696523666 -0.355975538 -0.526926637 0.332392067
1403715552212143104.000000 -3.246484995 -1.150088906 -0.064157583 -0.712936163 -0.322477132 -0.549652338 0.292596936
1403715552362142976.000000 -3.074198484 -1.110032082 -0.039704368 -0.719714284 -0.281106979 -0.580968678 0.255862385
1403715552512143104.000000 -2.926856041 -1.099316001 -0.020370971 -0.732822299 -0.232531220 -0.601465166 0.217118546
1403715552662142976.000000 -2.810868025 -1.115651727 -0.004552061 -0.745193601 -0.169699565 -0.617163897 0.187075913
1403715552762142976.000000 -2.750786781 -1.142565846 0.001260230 -0.756197989 -0.124178238 -0.620885074 0.165064231
1403715552862142976.000000 -2.704788923 -1.183678508 0.004136378 -0.767155588 -0.078112684 -0.621037364 0.140297532
1403715552962142976.000000 -2.672992706 -1.238606334 0.002080187 -0.779033959 -0.029252158 -0.614632487 0.120321698
1403715553362142976.000000 -2.652109385 -1.612363577 -0.030347653 0.770977736 -0.136379644 0.621815681 -0.018416695
1403715553812143104.000000 -2.910058737 -2.210420609 -0.107143901 0.745927870 -0.219827592 0.612536073 0.141658142
1403715554162142976.000000 -3.273153782 -2.609694958 -0.177905396 0.813807726 -0.239803806 0.509488225 0.143641979
1403715554412143104.000000 -3.467583179 -2.902111292 -0.216890961 0.839731693 -0.214049250 0.472468048 0.160647213
1403715554862142976.000000 -3.512008905 -3.214765072 -0.377820134 -0.785163999 0.018379483 -0.520101964 -0.335669041
1403715554962142976.000000 -3.466709137 -3.143064022 -0.399133027 -0.773888946 0.025973249 -0.540409982 -0.329208612
1403715555062142976.000000 -3.407518625 -3.005312204 -0.397129238 -0.775057316 0.072345220 -0.560101211 -0.283441424
1403715555512143104.000000 -3.113307953 -2.164825201 -0.341090113 0.777734637 -0.265516460 0.567770123 0.047613680
1403715555612143104.000000 -3.066202641 -2.029274702 -0.314254910 0.776571631 -0.249898240 0.574235559 0.068855092
1403715555712143104.000000 -3.029990196 -1.913122296 -0.275203347 0.781334281 -0.235853627 0.571726799 0.083774678
1403715555962142976.000000 -2.972166061 -1.691973090 -0.134462431 0.791611850 -0.241946623 0.558621466 0.052485831
1403715556312143104.000000 -2.939680338 -1.594436169 0.050880138 0.783102393 -0.249231741 0.569018424 0.029193869
1403715556662142976.000000 -2.995888948 -1.739344597 0.156747922 0.803287327 -0.191792443 0.556863368 0.088591434
1403715557012143104.000000 -3.050972223 -1.964940190 0.119443871 0.818700314 -0.157758951 0.538842499 0.120376773
1403715557212143104.000000 -3.045525789 -2.090567112 0.088150442 0.835870206 -0.174068511 0.511279225 0.098054677
1403715557312143104.000000 -3.025411844 -2.158040524 0.075720772 0.841700733 -0.180471227 0.500565290 0.091676034
1403715557512143104.000000 -2.942677259 -2.312686920 0.056151159 0.835014820 -0.180987090 0.510311007 0.097859748
1403715557812143104.000000 -2.742625952 -2.568990469 0.024651283 0.810784638 -0.168873325 0.545480072 0.128692031
1403715558312143104.000000 -2.329530239 -2.950889349 0.116102532 0.809317708 -0.184260651 0.538844764 0.143872201
1403715558462142976.000000 -2.187774897 -3.052847147 0.158841580 0.797096312 -0.177288935 0.555900514 0.155501887
1403715582712143104.000000 -0.472740799 -3.008088589 -0.480907142 0.516960561 -0.655588567 0.320486277 0.447486430
