1403637152238319104.000000 4.431634426 -2.269992113 -2.974555016 -0.551710665 -0.608766496 -0.375776350 0.428731769
1403637152438319104.000000 4.457473278 -2.220324039 -2.955386877 -0.552766442 -0.609269977 -0.373791188 0.428391904
1403637152738319104.000000 4.499468327 -2.133436918 -2.968266964 -0.551248729 -0.608099341 -0.375845850 0.430209219
1403637153038319104.000000 4.550211906 -2.051738024 -2.950819016 -0.546988249 -0.604126930 -0.379958481 0.437568247
1403637154088318976.000000 4.722411156 -1.821943283 -2.856246233 -0.547621906 -0.607671976 -0.381412745 0.430545509
1403637154338319104.000000 4.754908562 -1.763494968 -2.885467052 -0.568874717 -0.603959501 -0.351147592 0.433946937
1403637154588318976.000000 4.812915325 -1.683331251 -2.927134037 -0.556831956 -0.604547083 -0.372883677 0.430602968
1403637154688318976.000000 4.840377331 -1.647822738 -2.942246199 -0.555467188 -0.609974802 -0.378431529 0.419734001
1403637154738319104.000000 4.854027748 -1.629740357 -2.949641228 -0.556775033 -0.611609280 -0.380198866 0.413986206
1403637154788318976.000000 4.867515087 -1.611003757 -2.956550121 -0.560173869 -0.611149788 -0.381831259 0.408541441
1403637155238319104.000000 4.970804691 -1.394721389 -2.950089216 -0.591816008 -0.572910905 -0.405813932 0.396032721
1403637155338319104.000000 4.988968849 -1.337609887 -2.929744005 -0.593228400 -0.565448582 -0.412579954 0.397650212
1403637155588318976.000000 5.037526608 -1.197930694 -2.901749611 -0.611393392 -0.536982179 -0.427452415 0.393868953
1403637155888318976.000000 5.105185986 -1.047142029 -2.927667379 -0.644270241 -0.501675248 -0.432773620 0.382027388
1403637155988318976.000000 5.136482239 -1.001283050 -2.946642876 -0.657589078 -0.488147974 -0.439162791 0.369356573
1403637156338319104.000000 5.279230118 -0.863135278 -3.009690046 -0.701484323 -0.416328877 -0.469179869 0.338319808
1403637156538319104.000000 5.387329578 -0.811053097 -3.041159868 -0.724802375 -0.374448389 -0.487638623 0.310899585
1403637156888318976.000000 5.610079765 -0.767810583 -3.130530357 -0.753172576 -0.324619979 -0.512897551 0.253552914
1403637157238319104.000000 5.846264362 -0.743830323 -3.264673710 -0.764443755 -0.317280203 -0.507994175 0.238539234
1403637157488318976.000000 6.037678719 -0.719916940 -3.317487717 -0.766112864 -0.311887801 -0.500432551 0.255664557
1403637157688318976.000000 6.214589119 -0.710888982 -3.323477507 -0.765281260 -0.313404351 -0.496460319 0.263911992
1403637157888318976.000000 6.418600082 -0.714686990 -3.307843447 -0.757163048 -0.316615433 -0.506155074 0.265077382
1403637158188318976.000000 6.749991894 -0.745959342 -3.302459955 -0.746357381 -0.326158553 -0.521779358 0.253609300
1403637158288318976.000000 6.859713078 -0.762927353 -3.291811943 -0.746764183 -0.323862612 -0.523241580 0.252338409
1403637158488318976.000000 7.078837395 -0.808133483 -3.267290831 -0.755018294 -0.301528007 -0.529037476 0.243202686
1403637158588318976.000000 7.188514709 -0.836288333 -3.263812780 -0.762478828 -0.281370729 -0.531233490 0.239264533
1403637158688318976.000000 7.298082829 -0.870130777 -3.266726255 -0.770224273 -0.259734035 -0.534376085 0.231807888
1403637159088318976.000000 7.733866692 -1.053276539 -3.296184301 -0.790195286 -0.227520734 -0.538642466 0.183548570
1403637159488318976.000000 8.179061890 -1.265360236 -3.325969458 -0.791794956 -0.219555020 -0.534576178 0.197698310
1403637159588318976.000000 8.294836998 -1.324925065 -3.343530178 -0.791203260 -0.227321401 -0.534518182 0.191344455
1403637159688318976.000000 8.412480354 -1.385545731 -3.361031532 -0.790198565 -0.234205827 -0.535021305 0.185704350
1403637159788318976.000000 8.532437325 -1.445513248 -3.373371363 -0.788597763 -0.238415912 -0.536674321 0.182351664
1403637159888318976.000000 8.654152870 -1.504480004 -3.379191399 -0.788183451 -0.237618014 -0.539329052 0.177281201
1403637160238319104.000000 9.087186813 -1.710509419 -3.415838718 -0.798297226 -0.173584834 -0.557780445 0.146529883
1403637160338319104.000000 9.208333969 -1.771854877 -3.434882879 -0.802368283 -0.149587452 -0.562962353 0.130008563
1403637160438319104.000000 9.326246262 -1.835921764 -3.457398415 -0.807409763 -0.123485081 -0.566293299 0.110239699
1403637160538319104.000000 9.441775322 -1.901947618 -3.483181238 -0.813047409 -0.099261343 -0.567371666 0.084797196
1403637160638319104.000000 9.554480553 -1.968043923 -3.511418819 -0.817310035 -0.074791335 -0.568091452 0.060685799
1403637160738319104.000000 9.665037155 -2.031322479 -3.540559769 -0.822437406 -0.055337057 -0.564482749 0.043517657
1403637160938319104.000000 9.887147903 -2.144581795 -3.577956200 -0.828508794 -0.033942755 -0.558355033 0.025704674
1403637161038319104.000000 9.999796867 -2.194856405 -3.580200434 -0.831167519 -0.025624581 -0.554735780 0.027787233
1403637161138319104.000000 10.117900848 -2.241990805 -3.569914579 -0.830968738 -0.016516300 -0.554922223 0.035771936
1403637161238319104.000000 10.239940643 -2.289810896 -3.550340891 -0.827086031 -0.004059857 -0.559694529 0.051520716
1403637161388318976.000000 10.425193787 -2.372895241 -3.508460283 0.823606789 -0.003152630 0.563604891 -0.063336976
1403637161488318976.000000 10.549663544 -2.439613104 -3.473076820 0.823461533 -0.001025663 0.564750135 -0.054473892
1403637161588318976.000000 10.674259186 -2.513544559 -3.436792135 0.824576735 -0.006045558 0.564003587 -0.044006284
1403637161988318976.000000 11.153611183 -2.846937418 -3.330813169 0.791488945 -0.025952194 0.610617578 -0.004240356
1403637162088318976.000000 11.254631042 -2.933338642 -3.317873001 0.784342170 -0.029078174 0.619646430 0.000322697
1403637162188318976.000000 11.342915535 -3.018970490 -3.313526630 0.783476055 -0.035235710 0.620407641 -0.004258886
1403637162338319104.000000 11.451883316 -3.149147987 -3.320104122 0.790250540 -0.043878116 0.610984683 -0.016628237
1403637162488318976.000000 11.537328720 -3.288748980 -3.338717699 0.801333249 -0.048440274 0.595642626 -0.026990224
1403637162638319104.000000 11.605667114 -3.444137096 -3.347046137 0.808114469 -0.039956231 0.587399244 -0.017797224
1403637162838319104.000000 11.681365967 -3.669605970 -3.338910341 0.786897004 -0.055587500 0.614491224 -0.010184830
1403637162988318976.000000 11.710735321 -3.851793766 -3.348104954 0.782326043 -0.078490101 0.617625654 0.018545158
1403637163138319104.000000 11.461757660 -3.889197111 -3.439972878 0.760294318 -0.109478384 0.638790667 0.043742854
1403637163288318976.000000 11.691244125 -4.222297192 -3.394854546 0.771950006 -0.151594535 0.609658241 0.097103782
1403637163588318976.000000 11.574131966 -4.554625034 -3.468877316 0.763601959 -0.235709414 0.587355375 0.127932504
1403637163738319104.000000 11.346867561 -4.706515312 -3.500931263 0.772602737 -0.251583606 0.571149290 0.116529942
1403637163838319104.000000 11.421639442 -4.824844837 -3.493654251 0.771684587 -0.274272472 0.561002851 0.120637581
1403637163988318976.000000 11.313255310 -5.004025936 -3.476936817 0.766954780 -0.284497440 0.563789606 0.113942787
1403637164088318976.000000 11.184589386 -5.095571518 -3.417359114 0.768762648 -0.277882606 0.564980686 0.112170272
1403637164188318976.000000 11.149417877 -5.274641991 -3.427860975 0.762856185 -0.278371245 0.571183562 0.119621322
1403637164338319104.000000 11.007773399 -5.495419025 -3.377691031 0.767076612 -0.264039397 0.569667339 0.131741509
1403637164438319104.000000 10.906946182 -5.646555901 -3.348468781 0.771833479 -0.258236647 0.565548062 0.133200184
1403637164588318976.000000 10.749366760 -5.876512527 -3.321048737 0.774068475 -0.260425150 0.564790130 0.118358769
1403637164688318976.000000 10.640667915 -6.035225391 -3.312380552 0.776156545 -0.258401841 0.563725114 0.114121117
1403637164788318976.000000 10.528665543 -6.199897289 -3.308119059 0.776702404 -0.248307034 0.564903736 0.126336336
1403637164888318976.000000 10.413555145 -6.367926121 -3.309610128 0.774137139 -0.243822873 0.566865027 0.141160458
1403637165138319104.000000 10.117846489 -6.788465023 -3.333348274 0.760445058 -0.264606684 0.567656696 0.171675786
1403637165238319104.000000 9.996888161 -6.953333378 -3.347091198 0.753268242 -0.279908180 0.564753234 0.187862396
1403637165338319104.000000 9.871921539 -7.111679554 -3.356047630 0.750981450 -0.298883617 0.553292215 0.201403245
1403637165438319104.000000 9.745929718 -7.263845444 -3.356536865 0.752092898 -0.316766471 0.538598001 0.209589005
1403637165538319104.000000 9.622115135 -7.412559509 -3.346405029 0.751394033 -0.328306794 0.529451489 0.217492282
1403637165688318976.000000 9.442384720 -7.630500317 -3.320739031 0.752293944 -0.332794607 0.516946495 0.236786455
1403637165788318976.000000 9.329921722 -7.771879673 -3.306065798 0.754124522 -0.329136997 0.509675682 0.251387537
1403637165888318976.000000 9.226494789 -7.910709858 -3.282754660 0.756948590 -0.323487401 0.503673077 0.262103379
1403637166138319104.000000 9.009933472 -8.212293625 -3.310961962 0.768362284 -0.293892741 0.500275135 0.270131946
1403637166338319104.000000 8.887539864 -8.418552399 -3.372520208 0.761841536 -0.278833121 0.521718621 0.263930202
1403637166688318976.000000 8.722425461 -8.638956070 -3.444920778 0.761756480 -0.258845836 0.542220116 0.242328808
1403637166888318976.000000 8.639126778 -8.689967155 -3.483181477 0.782466233 -0.241500840 0.515645444 0.252058953
1403637167188318976.000000 8.591842651 -8.653085709 -3.525698900 0.774128854 -0.198964939 0.525653303 0.291249186
1403637167238319104.000000 8.593763351 -8.625652313 -3.524248838 0.772384882 -0.195212379 0.527475655 0.295098722
1403637167538319104.000000 8.663458824 -8.337165833 -3.514989853 0.778590798 -0.234018683 0.525675118 0.250394434
1403637167638319104.000000 8.709804535 -8.212848663 -3.523097754 0.776426315 -0.256375760 0.532222211 0.219484240
1403637167738319104.000000 8.753558159 -8.082463264 -3.533145428 0.776931643 -0.264844745 0.535014093 0.199986339
1403637167888318976.000000 8.826944351 -7.886830807 -3.562648058 0.787289679 -0.258786470 0.529560745 0.181024656
1403637168038319104.000000 8.919447899 -7.695520878 -3.580246449 0.796691000 -0.240190789 0.524130404 0.181326494
1403637168138319104.000000 8.981926918 -7.572859764 -3.585841894 0.799093246 -0.235430107 0.524940550 0.174528494
1403637168238319104.000000 9.044170380 -7.446980476 -3.613879204 0.797691822 -0.232670352 0.529813886 0.169851229
1403637168388318976.000000 9.149738312 -7.265890121 -3.671057224 0.789671361 -0.223944679 0.543857455 0.174605459
1403637168538319104.000000 9.242982864 -7.085834026 -3.738573551 0.779775620 -0.220208675 0.559737563 0.173643559
1403637168638319104.000000 9.323949814 -6.955056667 -3.793228149 0.782014191 -0.222791910 0.556759477 0.169813037
1403637168788318976.000000 9.424230576 -6.767226696 -3.858091354 0.786885738 -0.225694194 0.548994660 0.168754160
1403637168938319104.000000 9.526032448 -6.577777863 -3.904778719 0.790283561 -0.222381711 0.543056488 0.176317766
1403637169088318976.000000 9.631907463 -6.386508465 -3.956656456 0.792065203 -0.216721252 0.539510489 0.185992345
1403637169238319104.000000 9.748513222 -6.186710358 -3.998554707 0.792607546 -0.202292785 0.544984400 0.183964580
1403637169388318976.000000 9.873237610 -5.973730087 -4.018992901 0.794150591 -0.178033844 0.556885898 0.165852621
1403637169538319104.000000 10.000550270 -5.746816158 -4.023888111 0.797957003 -0.140987292 0.568064094 0.143841639
1403637169738319104.000000 10.165129662 -5.422294140 -4.012598038 0.800775886 -0.078395240 0.583611190 0.109591506
1403637169888318976.000000 10.277279854 -5.162810802 -4.013497829 0.803337514 -0.035540923 0.588536024 0.083731845
1403637170388318976.000000 10.561124802 -4.180636406 -4.116094589 -0.793964982 -0.081653781 -0.602451324 -0.002175917
1403637170588318976.000000 10.620594025 -3.739986420 -4.185461998 -0.773770094 -0.112101622 -0.619561136 0.069693342
1403637179088318976.000000 7.721255302 -7.206105709 -4.533275127 0.776534677 -0.197981954 0.574487686 0.166616470
1403637179238319104.000000 7.670284748 -6.691980362 -4.647312641 0.778480291 -0.193500221 0.571299672 0.173617035
1403637179538319104.000000 8.193299294 -7.125286579 -4.535844803 0.790652096 -0.192368776 0.557267487 0.165276766
1403637179838319104.000000 8.490042686 -7.015201569 -4.565571308 0.788159072 -0.182672799 0.558110595 0.184251621
1403637180088318976.000000 8.721829414 -6.875209332 -4.713606834 0.785653710 -0.177832708 0.561496496 0.189329281
1403637180338319104.000000 8.790296555 -6.128642559 -4.892458439 0.781812012 -0.194090098 0.567821741 0.169344395
1403637180588318976.000000 9.027829170 -5.879427910 -4.965006351 0.802161038 -0.204249859 0.538940549 0.156085968
1403637180838319104.000000 9.501332283 -6.111082554 -4.917538166 0.791373014 -0.196562618 0.549605966 0.181728393
1403637181088318976.000000 9.579856873 -5.353643417 -4.933847427 0.785261631 -0.180670187 0.553188801 0.211434513
1403637181338319104.000000 9.877964973 -5.013627052 -4.855189800 0.773419023 -0.205704331 0.569868684 0.186436430
1403637181388318976.000000 9.936708450 -4.941696644 -4.833857059 0.770496607 -0.206022292 0.573250055 0.187814295
1403637181488318976.000000 10.050703049 -4.794138908 -4.786818504 0.769811034 -0.205751538 0.572963357 0.191756099
1403637181588318976.000000 10.159980774 -4.640550613 -4.734521389 0.773005188 -0.208791330 0.567319036 0.192401767
1403637181688318976.000000 10.265290260 -4.480689526 -4.675409794 0.775003850 -0.212845236 0.563122034 0.192248985
1403637181738319104.000000 10.317189217 -4.399207592 -4.645299435 0.774962068 -0.216446355 0.562661588 0.189728379
1403637181788318976.000000 10.533390045 -4.753233433 -4.396852016 0.786080480 -0.230094507 0.544027507 0.182121396
1403637181938319104.000000 10.520375252 -4.070967197 -4.535706043 0.770250678 -0.225433975 0.567649841 0.183485687
1403637181988318976.000000 10.569662094 -3.988714457 -4.511931419 0.769495368 -0.225901127 0.568556368 0.183273643
1403637182038319104.000000 10.618145943 -3.906164408 -4.489040375 0.768300176 -0.225690693 0.570209920 0.183409616
1403637182138319104.000000 10.712347984 -3.740254402 -4.445304871 0.763280034 -0.224804029 0.577481985 0.182705566
1403637182438319104.000000 10.952337265 -3.238828182 -4.340285301 0.747014344 -0.228538886 0.603114426 0.161222190
1403637182538319104.000000 11.011355400 -3.072706223 -4.305101871 0.743531823 -0.220657557 0.608281434 0.168713927
1403637182638319104.000000 11.057668686 -2.904644728 -4.263833523 0.743678749 -0.215087399 0.608458817 0.174520224
1403637182838319104.000000 11.111216545 -2.557894230 -4.176718235 0.743422806 -0.220582575 0.609480739 0.164921656
1403637182938319104.000000 11.119361877 -2.382407904 -4.142359734 0.741378784 -0.225625679 0.611686051 0.159030959
1403637183038319104.000000 11.115522385 -2.207112074 -4.120254517 0.738808155 -0.232822925 0.614413261 0.149841130
1403637183138319104.000000 9.015116692 -3.541371346 -4.382582664 0.761716008 -0.120695241 0.634257615 0.054210532
1403637183338319104.000000 11.023183823 -1.700337529 -4.145355225 0.736071229 -0.246259153 0.616777778 0.130923092
1403637183438319104.000000 10.963160515 -1.542210817 -4.168079853 0.735745490 -0.248568058 0.616777182 0.128368154
1403637183538319104.000000 10.888344765 -1.390938163 -4.194077969 0.735507488 -0.250608146 0.616720378 0.126017421
1403637183638319104.000000 10.798159599 -1.247127652 -4.223870277 0.734502614 -0.253357977 0.617560327 0.122208759
1403637183838319104.000000 10.572111130 -0.984164298 -4.291386127 0.738540053 -0.263912678 0.611153483 0.106771223
1403637183938319104.000000 10.440231323 -0.872681022 -4.318071365 0.741564929 -0.270821989 0.606061399 0.097090311
1403637184038319104.000000 10.293699265 -0.776304364 -4.337044239 0.744409502 -0.276777685 0.601045132 0.089406021
1403637184138319104.000000 10.131755829 -0.696614444 -4.345186710 0.746439576 -0.278290302 0.597756267 0.089832887
1403637184488318976.000000 9.490236282 -0.530851305 -4.393090248 0.771460474 -0.250276774 0.568491340 0.137941986
1403637184588318976.000000 9.299408913 -0.500645757 -4.427687645 0.780901194 -0.247862533 0.555825830 0.140766501
1403637184688318976.000000 9.110913277 -0.476162493 -4.464345932 0.788474679 -0.247181922 0.545374334 0.140626356
1403637184788318976.000000 8.926163673 -0.458682895 -4.498639584 0.794437587 -0.247833669 0.536890924 0.138547584
1403637184888318976.000000 8.748971939 -0.449519038 -4.523029804 0.797845960 -0.248039171 0.531912923 0.137793630
1403637184988318976.000000 8.581253052 -0.449718595 -4.536294937 0.800359428 -0.247909039 0.528333426 0.137221321
1403637185088318976.000000 8.423011780 -0.459176242 -4.540499687 0.803125679 -0.246838674 0.524262786 0.138594523
1403637185188318976.000000 8.274644852 -0.477952480 -4.533237457 0.803824484 -0.247891739 0.522776544 0.138277501
1403637185288318976.000000 8.137429237 -0.506306231 -4.519848347 0.806861758 -0.247863695 0.517870367 0.139097124
1403637185388318976.000000 8.011959076 -0.544060349 -4.496725082 0.812046289 -0.244867861 0.509786904 0.144006744
1403637185488318976.000000 7.896118641 -0.587650776 -4.464661598 0.815922737 -0.242223293 0.503470898 0.148710981
1403637185638319104.000000 7.746684074 -0.664838254 -4.402431965 0.808884263 -0.240526229 0.514047861 0.153649494
1403637185938319104.000000 7.513824940 -0.849877715 -4.291285515 0.789107084 -0.230955586 0.542901754 0.170959696
1403637186038319104.000000 7.447813034 -0.912929296 -4.265972137 0.784068465 -0.230117679 0.550209105 0.171908662
1403637186388318976.000000 7.242600918 -1.122195482 -4.143647671 0.778638601 -0.228842437 0.558013439 0.173130617
1403637186588318976.000000 7.140182495 -1.232580304 -4.035400867 0.773464799 -0.236006752 0.564771950 0.164577469
1403637186888318976.000000 6.981656551 -1.396460891 -3.908974171 0.776040435 -0.255722404 0.559137464 0.140472993
1403637187088318976.000000 6.868959427 -1.526220322 -3.865447044 0.770246923 -0.267702579 0.565431893 0.123861827
1403637187188318976.000000 6.807730675 -1.603654742 -3.852998018 0.768590271 -0.264915079 0.567562521 0.130237788
1403637187338319104.000000 6.709268093 -1.734213471 -3.846514702 0.777707994 -0.265492409 0.550738335 0.146189794
1403637187438319104.000000 6.644908428 -1.828543901 -3.846100330 0.784540713 -0.264246076 0.538377047 0.157543853
1403637187688318976.000000 6.504089355 -2.082864285 -3.853576660 0.789279044 -0.271276295 0.526145101 0.163154170
1403637187888318976.000000 6.416471481 -2.308819056 -3.870411396 0.791614890 -0.275669754 0.520659208 0.162068307
1403637188088318976.000000 6.357265472 -2.557379484 -3.892802954 0.790870845 -0.269360334 0.521563888 0.173029810
1403637188188318976.000000 6.338563442 -2.688164234 -3.906673193 0.788231373 -0.263090521 0.525599599 0.182263076
1403637188288318976.000000 6.326798916 -2.819930792 -3.922593832 0.783088923 -0.254685730 0.532922149 0.194681466
1403637188588318976.000000 6.315646172 -3.198199987 -3.996199608 0.765383124 -0.263482898 0.553628743 0.195603654
1403637188738319104.000000 6.311920166 -3.378189325 -4.047756195 0.753321230 -0.288054138 0.559095621 0.192208022
1403637188888318976.000000 6.301224709 -3.557915449 -4.107622623 0.742239475 -0.317777008 0.558395267 0.190507516
1403637189038319104.000000 6.277864933 -3.740034342 -4.158734322 0.743126452 -0.329192579 0.546082079 0.202952579
1403637189338319104.000000 6.220715523 -4.116415977 -4.245286942 0.752049685 -0.344065845 0.523233473 0.205588937
1403637189488318976.000000 6.197045803 -4.317199707 -4.305940628 0.740568638 -0.340088010 0.539873958 0.210794479
1403637189638319104.000000 6.171807766 -4.524041176 -4.348956108 0.738650322 -0.330219448 0.544444501 0.221203774
1403637189788318976.000000 6.140781879 -4.727620602 -4.368237019 0.741588116 -0.325006098 0.542391658 0.224119127
1403637190088318976.000000 6.063186646 -5.110076904 -4.341488838 0.739953220 -0.319856703 0.544891000 0.230770081
1403637190238319104.000000 6.259490013 -5.862087727 -4.211247444 0.743832827 -0.322671026 0.541777372 0.221525341
1403637190388318976.000000 5.977628231 -5.463434696 -4.261823654 0.735828817 -0.322715163 0.548354805 0.231771111
1403637190538319104.000000 6.176156044 -6.189639568 -4.090640068 0.742041111 -0.326640248 0.541216910 0.223081857
1403637190688318976.000000 6.130650997 -6.341371059 -4.050263405 0.746535897 -0.315876126 0.538317621 0.230479062
1403637191138319104.000000 5.729410172 -6.192044258 -4.135206699 0.747100592 -0.288109064 0.562597871 0.205712199
1403637191288318976.000000 5.670178890 -6.314021587 -4.148459911 0.748479426 -0.283107340 0.563269734 0.205805883
1403637191438319104.000000 5.865367413 -6.981458187 -4.048192024 0.756584883 -0.281342894 0.555663764 0.199156731
1403637191738319104.000000 5.471226215 -6.625669003 -4.169059277 0.758990705 -0.280330390 0.546237111 0.216732845
1403637192138319104.000000 5.336782932 -6.816567898 -4.061354637 0.774146676 -0.277902305 0.519027472 0.232546106
1403637192438319104.000000 5.589396477 -7.457620621 -3.812510014 0.785999656 -0.275329560 0.502979040 0.231106848
1403637192538319104.000000 5.341500282 -6.929485321 -3.884437323 0.778216004 -0.284214377 0.510963798 0.229168221
1403637192838319104.000000 5.706451893 -7.539487839 -3.701878786 0.785343409 -0.297877252 0.503952146 0.201338574
1403637192988318976.000000 5.510685444 -7.032274246 -3.762368202 0.772088706 -0.292193919 0.521895051 0.214772806
1403637193138319104.000000 5.861656189 -7.616738796 -3.608174801 0.777888954 -0.305174977 0.516305923 0.187577546
1403637193438319104.000000 6.045198917 -7.734647274 -3.521201372 0.777067423 -0.307413757 0.516783655 0.186004400
1403637193588318976.000000 6.143237114 -7.810395718 -3.497563362 0.777723789 -0.294650376 0.516979039 0.202631682
1403637193738319104.000000 6.248009205 -7.890295029 -3.459919214 0.779294729 -0.288569808 0.515219629 0.209704533
1403637193888318976.000000 6.363955021 -7.968007088 -3.412062645 0.780139565 -0.286607832 0.514169037 0.211821884
1403637194038319104.000000 6.489336491 -8.040953636 -3.374860525 0.773907840 -0.285129815 0.523585856 0.213601336
1403637194188318976.000000 6.618730545 -8.107375145 -3.371098518 0.770516932 -0.285177350 0.528172553 0.214502737
1403637194688318976.000000 7.086841106 -8.285078049 -3.331640720 0.776984274 -0.291595519 0.517497301 0.208480462
1403637195188318976.000000 7.628917694 -8.436206818 -3.261935234 0.764693081 -0.292956412 0.533240736 0.212309524
1403637195288318976.000000 7.739942074 -8.461873055 -3.264073610 0.761080563 -0.291562319 0.538279116 0.214484259
