1413393919605760512.000000 5.722294331 -2.068054438 -11.008281708 -0.498898774 -0.587345183 -0.304437518 0.559860349
1413393919755760384.000000 5.821425438 -1.983992219 -11.045086861 -0.517937183 -0.569073737 -0.336491168 0.542835116
1413393920005760512.000000 6.049281120 -1.899052739 -11.142235756 -0.497513503 -0.578634799 -0.400908917 0.506886721
1413393920255760384.000000 6.297605515 -1.901182175 -11.297302246 -0.494875491 -0.598215818 -0.399647802 0.487358004
1413393920505760512.000000 6.541800022 -1.976300478 -11.459889412 -0.500798702 -0.621926010 -0.380971730 0.466121495
1413393920755760384.000000 6.768561840 -2.081473112 -11.597929955 -0.499228835 -0.638470948 -0.371400923 0.452975601
1413393921005760512.000000 6.965395927 -2.188719988 -11.726995468 -0.500716329 -0.655451059 -0.363210618 0.433295757
1413393921255760384.000000 7.117817402 -2.271290064 -11.845177650 -0.507970691 -0.676456869 -0.348798573 0.403375119
1413393921505760512.000000 7.204728603 -2.288247108 -11.931313515 -0.506166518 -0.666743040 -0.352120787 0.418640912
1413393921755760384.000000 7.241625786 -2.260776520 -12.011822701 -0.496489406 -0.646225452 -0.370046437 0.446045637
1413393921855760384.000000 7.248452187 -2.249970913 -12.061017990 -0.493588805 -0.641335964 -0.375632852 0.451617420
1413393921955760384.000000 7.251053810 -2.240766048 -12.114785194 -0.487991929 -0.631743133 -0.385410011 0.462843150
1413393922155760384.000000 7.247845650 -2.237721682 -12.226250648 -0.494932681 -0.635428786 -0.381305099 0.453738302
1413393922405760512.000000 7.223014355 -2.243279696 -12.369984627 -0.527974725 -0.664400935 -0.342614532 0.403025478
1413393922505760512.000000 7.202952385 -2.228924274 -12.419766426 -0.539328396 -0.660288215 -0.329494774 0.405681670
1413393922605760512.000000 7.179011345 -2.198865652 -12.462535858 -0.545056164 -0.644390881 -0.324986845 0.426682353
1413393922705760512.000000 7.156508446 -2.155597925 -12.501412392 -0.546689689 -0.631335855 -0.324048698 0.444452524
1413393922805760512.000000 7.139132023 -2.101922512 -12.537952423 -0.545783162 -0.628380358 -0.323948979 0.449795485
1413393922905760512.000000 7.128584862 -2.039411783 -12.570408821 -0.543779790 -0.637104690 -0.325940371 0.438365281
1413393923005760512.000000 7.122482777 -1.967022300 -12.590771675 -0.538330853 -0.650876701 -0.333631337 0.418628246
1413393923105760512.000000 7.115477085 -1.883594751 -12.597123146 -0.533489525 -0.660509050 -0.341533750 0.403077543
1413393923205760512.000000 7.102534294 -1.786586046 -12.591405869 -0.531854212 -0.664885759 -0.345213234 0.394823819
1413393923305760512.000000 7.082244396 -1.676799893 -12.579092026 -0.532777548 -0.660033226 -0.346236169 0.400780231
1413393923455760384.000000 7.040413380 -1.491354704 -12.558353424 -0.539086998 -0.640640736 -0.323313862 0.440945357
1413393923605760512.000000 7.002828598 -1.289080858 -12.533411026 -0.515385389 -0.641678572 -0.298195064 0.483431697
1413393923705760512.000000 6.987400532 -1.148813605 -12.514500618 -0.478700340 -0.664033651 -0.290107429 0.495724827
1413393923855760384.000000 6.975304604 -0.934826493 -12.488871574 -0.416428357 -0.711312532 -0.270115733 0.497653872
1413393924005760512.000000 6.968133450 -0.719520271 -12.463529587 -0.360358030 -0.747961104 -0.237917021 0.504075229
1413393924155760384.000000 6.957159042 -0.500400364 -12.439043999 -0.304252297 -0.778480470 -0.216051981 0.504698217
1413393924305760512.000000 6.930314064 -0.281905413 -12.410425186 -0.231063962 -0.800088644 -0.226258412 0.505247295
1413393924455760384.000000 6.876930237 -0.082933120 -12.379312515 -0.170700073 -0.811938703 -0.245374233 0.501406550
1413393924605760512.000000 6.786726475 0.074226104 -12.339651108 -0.131588265 -0.811157286 -0.263890743 0.505044758
1413393924855760384.000000 6.549632549 0.181156963 -12.228550911 -0.112641573 -0.791010916 -0.282371908 0.530923426
1413393924905760512.000000 6.489851475 0.174836352 -12.195996284 -0.126504466 -0.791311979 -0.270236880 0.533661067
1413393924955760384.000000 6.425889969 0.160137147 -12.159439087 -0.145966187 -0.793807209 -0.249679521 0.534999192
1413393925055760384.000000 6.291827202 0.109585956 -12.074095726 -0.177698284 -0.797126830 -0.207904786 0.538319290
1413393925205760512.000000 6.075009346 0.009303510 -11.928513527 -0.205169693 -0.804327726 -0.142371044 0.539159477
1413393925355760384.000000 5.846474648 -0.089355163 -11.779260635 -0.202277720 -0.815589905 -0.086121917 0.535238266
1413393925455760384.000000 5.690638065 -0.140550688 -11.677068710 -0.184064835 -0.818040371 -0.078087702 0.539288819
1413393925655760384.000000 5.372456551 -0.212405026 -11.482666016 -0.158292487 -0.815748274 -0.072847366 0.551535666
1413393925805760512.000000 5.128105164 -0.248315230 -11.391652107 -0.146646008 -0.813967824 -0.074291646 0.557164431
1413393925955760384.000000 4.884144783 -0.274871528 -11.361296654 -0.139272451 -0.805113673 -0.078700535 0.571140468
1413393926105760512.000000 4.645941734 -0.295827299 -11.365169525 -0.137847990 -0.785908878 -0.079564676 0.597507000
1413393926305760512.000000 4.360474586 -0.317937702 -11.372712135 -0.144938260 -0.780586898 -0.072675928 0.603651643
1413393926455760384.000000 4.172533035 -0.328270316 -11.370306969 -0.144326702 -0.790164769 -0.068790592 0.591673195
1413393926755760384.000000 3.845493317 -0.335523367 -11.401591301 -0.098959103 -0.787289262 -0.059454154 0.605679750
1413393926905760512.000000 3.709529877 -0.338704646 -11.402132988 -0.069734879 -0.797417700 -0.039636776 0.598072827
1413393927205760512.000000 3.476578712 -0.336077690 -11.314124107 -0.041870300 -0.825421095 0.016728543 0.562714100
1413393927355760384.000000 3.356086493 -0.314639747 -11.256224632 -0.034537811 -0.837672412 0.034255624 0.544002473
1413393927505760512.000000 3.219512224 -0.274677575 -11.190592766 0.002943688 -0.838536561 0.014897953 0.544633806
1413393927655760384.000000 3.066171408 -0.234323144 -11.117558479 0.048078455 -0.829085410 -0.010063633 0.556960225
1413393927805760512.000000 2.904989958 -0.214980543 -11.036894798 0.092056155 -0.809348702 -0.029085211 0.579339743
1413393928105760512.000000 2.609398842 -0.286299676 -10.871681213 0.115746476 -0.789267480 -0.033022862 0.602137148
1413393928255760384.000000 2.489907503 -0.378098011 -10.812873840 0.112531945 -0.789764822 -0.029926317 0.602256238
1413393928355760384.000000 2.420702457 -0.458732039 -10.784925461 0.093040712 -0.796122313 -0.004398005 0.597924173
1413393928755760384.000000 2.218088865 -0.822864711 -10.741743088 0.041626729 -0.780185163 0.051350243 0.622046232
1413393928905760512.000000 2.182523012 -0.946348429 -10.726593971 0.049240135 -0.779584050 0.026150258 0.623811126
1413393929055760384.000000 2.172920942 -1.066364884 -10.707795143 0.044005223 -0.781869709 -0.006401978 0.621854007
1413393929305760512.000000 2.211149216 -1.285176754 -10.665710449 -0.009659529 -0.791558564 -0.050964076 0.608887792
1413393930105760512.000000 2.510022402 -2.098689795 -10.471747398 -0.307775944 -0.754840910 -0.150678605 0.559271932
1413393930255760384.000000 2.580378532 -2.225504160 -10.454204559 -0.335290402 -0.743500292 -0.165404111 0.554463029
1413393930405760512.000000 2.660149574 -2.333635330 -10.457988739 -0.329361171 -0.746722877 -0.197906017 0.542917490
1413393930555760384.000000 2.742593050 -2.432085514 -10.495976448 -0.316644400 -0.752388656 -0.221201599 0.533589363
1413393930855760384.000000 2.902034044 -2.617553473 -10.691359520 -0.317874581 -0.738203585 -0.204226330 0.558840632
1413393931305760512.000000 3.186659098 -2.845954895 -10.847681999 -0.312298596 -0.752771139 -0.186158165 0.548771679
1413393931455760384.000000 3.289370060 -2.904298544 -10.887235641 -0.318970203 -0.754124641 -0.171188086 0.547949612
1413393931605760512.000000 3.399001360 -2.949024200 -10.947560310 -0.323006719 -0.754358530 -0.160246208 0.548571885
1413393931755760384.000000 3.515100479 -2.974631310 -11.027174950 -0.320998013 -0.754754305 -0.157859594 0.549896896
1413393931905760512.000000 3.635465145 -2.977714062 -11.117796898 -0.317471832 -0.756512702 -0.158949792 0.549213231
1413393932055760384.000000 3.760859013 -2.958302021 -11.198955536 -0.311713248 -0.759391248 -0.163805172 0.547108471
1413393932205760512.000000 3.888156652 -2.919005156 -11.267872810 -0.300789088 -0.766492069 -0.177690446 0.538926661
1413393932355760384.000000 4.010432243 -2.867054462 -11.327154160 -0.287410110 -0.773096263 -0.196849123 0.530064285
1413393932505760512.000000 4.120540142 -2.811141491 -11.380245209 -0.282450974 -0.776325345 -0.207188904 0.524035573
1413393932655760384.000000 4.213711262 -2.755203485 -11.426243782 -0.280073851 -0.772376299 -0.215837613 0.527643561
1413393932805760512.000000 4.291834831 -2.704065800 -11.464404106 -0.281050831 -0.766552866 -0.220694482 0.533573985
1413393932955760384.000000 4.357682705 -2.659792662 -11.494174004 -0.278497934 -0.760751903 -0.230610788 0.538993716
1413393933105760512.000000 4.414053917 -2.629633904 -11.513849258 -0.269506603 -0.743484259 -0.239889145 0.563072443
1413393933255760384.000000 4.472267151 -2.621890068 -11.527740479 -0.273153424 -0.734314382 -0.232040033 0.576478183
1413393933405760512.000000 4.540343285 -2.635090590 -11.532679558 -0.291588366 -0.728259385 -0.204350650 0.585538507
1413393933555760384.000000 4.626117229 -2.656309366 -11.535073280 -0.316094548 -0.734175026 -0.168735638 0.576714516
1413393933705760512.000000 4.729472160 -2.666299820 -11.546774864 -0.323219210 -0.743820429 -0.161420226 0.562320292
1413393933855760384.000000 4.846297741 -2.661135912 -11.571064949 -0.308146745 -0.755965114 -0.186232597 0.546699047
1413393934005760512.000000 4.963557720 -2.648389578 -11.603382111 -0.294324756 -0.754654527 -0.206162408 0.548968732
1413393934155760384.000000 5.079514980 -2.639733791 -11.609210968 -0.278615326 -0.744386256 -0.225682199 0.563320696
1413393934305760512.000000 5.197282314 -2.648456097 -11.600027084 -0.278684348 -0.745446146 -0.220558465 0.563914061
1413393934455760384.000000 5.315621376 -2.667180300 -11.611439705 -0.293736726 -0.752813399 -0.195114657 0.555806637
1413393934605760512.000000 5.436513424 -2.685012579 -11.651904106 -0.306667864 -0.755608618 -0.174404025 0.551900148
1413393934755760384.000000 5.561923027 -2.692949057 -11.712402344 -0.319966257 -0.752699137 -0.150898978 0.555243373
1413393934905760512.000000 5.692487717 -2.683518887 -11.791587830 -0.320992827 -0.761859477 -0.113833234 0.550977111
1413393935055760384.000000 5.829441547 -2.644903421 -11.883971214 -0.269697070 -0.794875443 -0.113935009 0.531465352
1413393935455760384.000000 6.093296528 -2.460916042 -12.039842606 -0.093795046 -0.842783689 -0.068516493 0.525569975
1413393935505760512.000000 6.110199451 -2.436796427 -12.040887833 -0.071735360 -0.842815459 -0.061159883 0.529882669
1413393935555760384.000000 6.123785496 -2.413842678 -12.038826942 -0.050132643 -0.843656719 -0.053319857 0.531871200
1413393935605760512.000000 6.134249210 -2.391939402 -12.034224510 -0.027892664 -0.843832672 -0.049335346 0.533605218
1413393935655760384.000000 6.141363621 -2.371349335 -12.028636932 -0.007901377 -0.844396651 -0.046926506 0.533600867
1413393935705760512.000000 6.145539761 -2.352552891 -12.022356987 0.012366169 -0.843746066 -0.048164923 0.534434199
1413393935755760384.000000 6.147085667 -2.336324692 -12.016049385 0.031024266 -0.842565775 -0.050778151 0.535296202
