1403715893784058112.000000 -5.871792316 -0.201212570 7.539672375 -0.488292634 -0.641465425 -0.354780823 0.473521858
1403715894034057984.000000 -5.886261940 -0.229846507 7.579423904 -0.498751879 -0.654287457 -0.342647821 0.453593493
1403715894284058112.000000 -5.913671970 -0.250714123 7.635548115 -0.488126069 -0.660447598 -0.360456288 0.442281783
1403715894534057984.000000 -5.974188328 -0.271109402 7.714406490 -0.486023843 -0.662433863 -0.367640346 0.435663640
1403715894784058112.000000 -6.072605610 -0.298567474 7.760716915 -0.497483462 -0.659070790 -0.354217440 0.438937366
1403715895034057984.000000 -6.195039749 -0.318964452 7.825201035 -0.496471107 -0.649601042 -0.355132103 0.453228533
1403715896084058112.000000 -6.727772713 -0.432687312 8.079142570 -0.505791426 -0.644100785 -0.345929950 0.457866549
1403715896384058112.000000 -6.858734131 -0.459775686 8.138901711 -0.524100780 -0.623753428 -0.317852110 0.484994918
1403715896684058112.000000 -6.898007393 -0.474569798 8.201162338 -0.530410588 -0.606695414 -0.305838138 0.506999373
1403715896884058112.000000 -6.845819950 -0.480402768 8.241928101 -0.537023723 -0.606586874 -0.292763501 0.507885396
1403715896984058112.000000 -6.794544220 -0.480486453 8.261822701 -0.544076979 -0.604193091 -0.279980093 0.510433316
1403715897184058112.000000 -6.631048679 -0.466232181 8.303452492 -0.551912844 -0.600276113 -0.267077655 0.513546944
1403715897284058112.000000 -6.516899109 -0.449650019 8.324967384 -0.545183420 -0.609502494 -0.279748172 0.503013730
1403715897984058112.000000 -5.504462719 -0.231666714 8.454325676 -0.522581935 -0.626254439 -0.321233243 0.481168151
1403715898084058112.000000 -5.340105534 -0.191705629 8.471500397 -0.513942540 -0.624326110 -0.335278213 0.483392715
1403715898184058112.000000 -5.171089649 -0.153466225 8.488116264 -0.508374989 -0.619057715 -0.351165235 0.484773666
1403715898234057984.000000 -5.085318565 -0.135869652 8.495866776 -0.507941961 -0.616531849 -0.358691633 0.482932568
1403715898284058112.000000 -4.998965263 -0.119648963 8.502193451 -0.509938776 -0.614501119 -0.364705294 0.478895545
1403715898384058112.000000 -4.825019836 -0.093196407 8.510907173 -0.519365370 -0.610368133 -0.373553604 0.467084616
1403715898484058112.000000 -4.666594028 -0.065305710 8.536357880 -0.538047671 -0.605337501 -0.377321512 0.449109942
1403715898584058112.000000 -4.481389523 -0.053491659 8.515122414 -0.551677048 -0.601241052 -0.382113665 0.433763504
1403715898684058112.000000 -4.324655056 -0.029184356 8.489385605 -0.565727711 -0.590058446 -0.393907368 0.420262158
1403715898734057984.000000 -4.243840218 -0.020843877 8.487565994 -0.572304010 -0.582815647 -0.399319112 0.416339189
1403715898984058112.000000 -3.845949411 0.014588958 8.427985191 -0.597631335 -0.563784719 -0.411614776 0.394407123
1403715899084058112.000000 -3.702878237 0.032187752 8.381872177 -0.603841841 -0.559639812 -0.413513482 0.388825059
1403715899184058112.000000 -3.556473255 0.049806621 8.332028389 -0.611038506 -0.561440170 -0.409123361 0.379519373
1403715899334057984.000000 -3.349295616 0.085065067 8.271461487 -0.617120862 -0.573133945 -0.403395861 0.357702643
1403715899484058112.000000 -3.124940157 0.140353978 8.217274666 -0.613842428 -0.583747923 -0.402956694 0.346499264
1403715899584058112.000000 -3.030064583 0.178103119 8.215658188 -0.614085495 -0.583596408 -0.401570082 0.347930849
1403715899984058112.000000 -2.598349810 0.481809735 8.164112091 -0.583695769 -0.594377160 -0.429971576 0.348050863
1403715900084058112.000000 -2.524259806 0.570591509 8.156629562 -0.576355159 -0.597504973 -0.437478602 0.345564902
1403715900234057984.000000 -2.448766947 0.687948167 8.161816597 -0.570015490 -0.600862622 -0.442007005 0.344494164
1403715900334057984.000000 -2.428860903 0.786889732 8.161567688 -0.570796311 -0.601502180 -0.443449885 0.340204418
1403715900384058112.000000 -2.393646002 0.857032478 8.138902664 -0.568060100 -0.602708519 -0.445878029 0.339474648
1403715900484058112.000000 -2.383677244 0.958073974 8.134528160 -0.574914813 -0.597450376 -0.437662154 0.347818762
1403715900634057984.000000 -2.393850565 1.113582134 8.134778023 -0.582119763 -0.576474309 -0.430008501 0.379350394
1403715900784058112.000000 -2.418363571 1.266142249 8.138746262 -0.579852939 -0.551862240 -0.433726728 0.413641989
1403715900884058112.000000 -2.437391043 1.358805776 8.143747330 -0.569792151 -0.543617010 -0.447715968 0.423518538
1403715901034057984.000000 -2.470088959 1.473443270 8.154188156 -0.558474362 -0.535592020 -0.463513613 0.431743920
1403715901234057984.000000 -2.525223255 1.565739512 8.178611755 -0.548119903 -0.523272753 -0.477626175 0.444548637
1403715901634057984.000000 -2.660848618 1.517994523 8.238173485 -0.575213194 -0.535357773 -0.451494157 0.422699660
1403715901734057984.000000 -2.696404219 1.472408295 8.254404068 -0.578483343 -0.538025379 -0.448179752 0.418354809
1403715901834057984.000000 -2.733145475 1.418217659 8.268345833 -0.583837986 -0.543232143 -0.441667885 0.411049396
1403715901984058112.000000 -2.790116549 1.325470209 8.286491394 -0.588092685 -0.548392653 -0.435271770 0.404908448
1403715902084058112.000000 -2.829207182 1.257076502 8.297646523 -0.586689472 -0.547771692 -0.436564654 0.406390280
1403715902284058112.000000 -2.912806511 1.108861208 8.312374115 -0.581319451 -0.557026446 -0.441898018 0.395620137
1403715902384058112.000000 -2.959522963 1.029789805 8.317495346 -0.582276642 -0.563604116 -0.439784527 0.387161344
1403715902434057984.000000 -2.984715700 0.989510715 8.320621490 -0.582955420 -0.565465212 -0.438403755 0.384986103
1403715902584058112.000000 -3.067613602 0.867760181 8.328794479 -0.594257593 -0.565195382 -0.420583725 0.387971014
1403715902734057984.000000 -3.156092882 0.749390125 8.335444450 -0.597674489 -0.573289096 -0.400449157 0.392129391
1403715902884058112.000000 -3.244061470 0.642440140 8.321641922 -0.589979112 -0.593339205 -0.379578471 0.394706786
1403715902984058112.000000 -3.302163839 0.580607951 8.303158760 -0.577251017 -0.609152734 -0.371595114 0.397028238
1403715903384058112.000000 -3.546859264 0.408983856 8.245364189 -0.526494086 -0.660678029 -0.339492321 0.413586110
1403715903534057984.000000 -3.652614117 0.380338103 8.246420860 -0.515019715 -0.675153255 -0.319150150 0.420792103
1403715903634057984.000000 -3.728115320 0.376181692 8.265510559 -0.500056446 -0.686184645 -0.307807237 0.429358691
1403715903734057984.000000 -3.806876898 0.382900476 8.299247742 -0.479390472 -0.696549654 -0.298873067 0.442355365
1403715903834057984.000000 -3.889274359 0.399528474 8.346106529 -0.458229244 -0.702471673 -0.284986466 0.464049876
1403715903984058112.000000 -4.014901638 0.438422322 8.432804108 -0.415598750 -0.714604020 -0.263660133 0.497093737
1403715904134057984.000000 -4.136131287 0.483666718 8.518765450 -0.370169729 -0.730546057 -0.233273253 0.524271488
1403715904184058112.000000 -4.173784733 0.499325871 8.545810699 -0.352831274 -0.738122880 -0.224365771 0.529475868
1403715904284058112.000000 -4.245022297 0.530920386 8.598505974 -0.315435499 -0.753637612 -0.209263861 0.537344933
1403715904434057984.000000 -4.347198009 0.578605711 8.666761398 -0.258399338 -0.769344151 -0.191831678 0.551851511
1403715904584058112.000000 -4.444742203 0.621169090 8.708758354 -0.206404313 -0.780226469 -0.178836986 0.562726676
1403715904834057984.000000 -4.597461700 0.657409430 8.716115952 -0.135333717 -0.791398764 -0.122061469 0.583501279
1403715904984058112.000000 -4.679077148 0.657769859 8.684238434 -0.088655226 -0.793892026 -0.073376320 0.597069263
1403715905084058112.000000 -4.726541519 0.652563334 8.650014877 -0.051220264 -0.790975511 -0.046938576 0.607890725
1403715905184058112.000000 -4.766030312 0.644920170 8.605416298 -0.014344697 -0.784689188 -0.025629779 0.619193256
1403715905334057984.000000 -4.804530621 0.628504932 8.532563210 0.035766393 -0.788417459 -0.002881874 0.614093184
1403715905434057984.000000 -4.815073967 0.612001598 8.485869408 0.065230854 -0.795056283 0.011963222 0.602899134
1403715905534057984.000000 -4.816847324 0.589206994 8.441587448 0.092301346 -0.800809801 0.028930319 0.591056049
1403715905634057984.000000 -4.812901497 0.559864342 8.399225235 0.112736389 -0.804664135 0.057654057 0.580070853
1403715905784058112.000000 -4.800146580 0.508704007 8.339950562 0.143727750 -0.805306137 0.109877728 0.564580679
1403715905884058112.000000 -4.789615631 0.473795772 8.301160812 0.175696835 -0.804852843 0.140106857 0.549283803
1403715906084058112.000000 -4.777237892 0.405382961 8.227471352 0.260219872 -0.797453046 0.183731541 0.512442231
1403715906234057984.000000 -4.781423569 0.348286033 8.185072899 0.331991941 -0.762844086 0.207812279 0.514455438
1403715906334057984.000000 -4.784610748 0.304190993 8.157704353 0.375095189 -0.739899576 0.227802530 0.509860992
1403715906434057984.000000 -4.784415722 0.255031526 8.130841255 0.414397985 -0.717560232 0.249301329 0.501228929
1403715906534057984.000000 -4.779596806 0.201023221 8.106987953 0.447710991 -0.692656457 0.274919599 0.494167209
1403715906684058112.000000 -4.760360718 0.113081291 8.088754654 0.485492885 -0.661004663 0.324161589 0.471475214
1403715906934057984.000000 -4.708751678 -0.030534007 8.097290993 0.549985409 -0.601330638 0.397480905 0.421813399
1403715907034057984.000000 -4.687171459 -0.081204824 8.089938164 0.578047454 -0.569996297 0.420319259 0.405335754
1403715907284058112.000000 -4.626128197 -0.191028327 8.072510719 0.659604490 -0.476338983 0.457160622 0.359203607
1403715907584058112.000000 -4.515746117 -0.276886374 8.139881134 0.730420649 -0.360133559 0.500484884 0.293776095
1403715907634057984.000000 -4.493446827 -0.285606086 8.153016090 0.738026202 -0.344295382 0.507256627 0.281902075
1403715907734057984.000000 -4.423463821 -0.296074659 8.171273232 0.747104704 -0.317359358 0.523811936 0.258338183
1403715907834057984.000000 -4.396093369 -0.302493274 8.202898979 0.754765451 -0.285408229 0.541699469 0.235442102
1403715908084058112.000000 -4.274876595 -0.283278257 8.249826431 0.771524012 -0.214309216 0.576555967 0.162497953
1403715908184058112.000000 -4.232869148 -0.263062835 8.252125740 0.777793705 -0.180625305 0.587138295 0.132966474
1403715908384058112.000000 -4.166923523 -0.215359539 8.284198761 0.793999910 -0.102541953 0.594969392 0.071139403
1403715908484058112.000000 -4.148191452 -0.187808126 8.296116829 0.798836648 -0.061669160 0.597035706 0.040068671
1403715908584058112.000000 -4.135363102 -0.157637894 8.301628113 0.800982475 -0.017516339 0.598347843 0.010000108
1403715908734057984.000000 -4.126345158 -0.108551279 8.315952301 -0.796569169 -0.050731856 -0.601626456 0.030815950
1403715908884058112.000000 -4.133317947 -0.058641031 8.325258255 -0.789141953 -0.109123580 -0.599596143 0.076364942
1403715908984058112.000000 -4.148486137 -0.025991056 8.327538490 -0.788438797 -0.148960516 -0.588048339 0.101853892
1403715909134057984.000000 -4.182177067 0.022077397 8.327307701 -0.782682180 -0.209242329 -0.571493149 0.130467996
1403715909284058112.000000 -4.226516724 0.073100612 8.320986748 -0.773183346 -0.258320779 -0.555717051 0.163207024
1403715909384058112.000000 -4.259917736 0.109612167 8.314142227 -0.763238668 -0.288966298 -0.548544109 0.181837052
1403715909484058112.000000 -4.296843052 0.148295939 8.303737640 -0.750298202 -0.320157260 -0.543704033 0.197326437
1403715909984058112.000000 -4.578100204 0.393082052 8.206632614 -0.645393312 -0.480724961 -0.487130344 0.339227170
1403715910084058112.000000 -4.629218102 0.426325381 8.194153786 -0.610069036 -0.517604589 -0.465104312 0.378918558
1403715960134057984.000000 -3.996645927 -1.012749791 8.057296753 0.530974209 -0.536721051 0.458146691 0.469146639
1403715960234057984.000000 -3.992137671 -1.076629281 8.074627876 0.517107010 -0.514230072 0.477262974 0.490293682
1403715960484058112.000000 -3.968323231 -1.093218327 8.117843628 0.495089710 -0.484697789 0.500898600 0.518705010
1403715960784058112.000000 -3.909516335 -0.830489099 8.157019615 0.562401712 -0.560720503 0.413447440 0.445373982
1403715961034057984.000000 -3.833860636 -0.547015965 8.189628601 0.618413687 -0.630460978 0.308169603 0.353716105
1403715961284058112.000000 -3.738137007 -0.422978103 8.238163948 0.627132118 -0.670411527 0.263604373 0.296254158
1403715961534057984.000000 -3.647901058 -0.561388910 8.338656425 0.594516814 -0.640137732 0.352728218 0.335196018
1403715961784058112.000000 -3.586018562 -0.821079016 8.456395149 0.583108187 -0.540742755 0.451362818 0.404788524
1403715962034057984.000000 -3.538968325 -1.025908947 8.510034561 0.561251342 -0.451295793 0.526994169 0.451227546
1403715962284058112.000000 -3.512868166 -1.041190863 8.501317024 0.549889386 -0.399578691 0.585934341 0.441179663
1403715962484058112.000000 -3.535072327 -0.880397737 8.453976631 0.584256113 -0.417573780 0.588810027 0.370917439
1403715962534057984.000000 -3.549462557 -0.821117163 8.436351776 0.596808195 -0.427478373 0.584053040 0.346358627
1403715962634057984.000000 -3.590681553 -0.689637601 8.393076897 0.625569522 -0.448853731 0.566711485 0.293310791
1403715963084058112.000000 -3.965330601 -0.137722537 8.085275650 0.758637130 -0.434747428 0.436821580 0.211308569
1403715963134057984.000000 -4.010163784 -0.079717405 8.029998779 0.785354137 -0.420619369 0.411975741 0.191244110
1403715963184058112.000000 -4.053526878 -0.040642411 7.976819515 0.799797416 -0.413435042 0.395132303 0.182389989
1403715963234057984.000000 -4.092824459 -0.007938087 7.921147346 0.812492847 -0.405534893 0.381178051 0.173493832
1403715963284058112.000000 -4.127268791 0.018193696 7.862539768 0.823516071 -0.398765534 0.369055688 0.163111508
1403715963334057984.000000 -4.155523777 0.036237437 7.803000450 0.831879854 -0.389220774 0.363570213 0.155884206
1403715963384058112.000000 -4.175549984 0.044505104 7.745875359 0.833668768 -0.377569884 0.372732937 0.153321877
1403715964034057984.000000 -4.162755966 -0.078377247 7.268619537 0.771909952 -0.227145135 0.569553494 0.167835906
1403715964334057984.000000 -4.159495831 -0.074670844 7.276443481 0.809293628 -0.221189529 0.521183491 0.156482548
1403715964834057984.000000 -4.037792206 -0.098406404 7.481425762 0.763826728 -0.217248559 0.587505996 0.155591354
1403715966034057984.000000 -3.709583044 -0.261265308 7.815027714 0.719532192 -0.194788560 0.645388126 0.166748583
1403715966134057984.000000 -3.669673204 -0.276889682 7.835808277 0.704703033 -0.181126371 0.662378311 0.178443000
1403715966234057984.000000 -3.636621714 -0.279053748 7.877115250 -0.677702248 0.170864627 -0.690950155 -0.184696853
1403715967234057984.000000 -4.020828247 -0.027106419 8.299184799 0.732064366 -0.227464497 0.611924171 0.194654986
1403715967434057984.000000 -3.514876127 -0.072849959 8.254780769 0.685372472 -0.200574696 0.667724490 0.210186586
1403715967534057984.000000 -3.511799335 -0.028090689 8.284853935 0.690985918 -0.206678078 0.663610101 0.198605821
1403715968834057984.000000 -3.909208775 -0.158564210 8.940510750 0.786799252 -0.049709242 0.607681632 0.095911399
1403715968934057984.000000 -4.018978119 0.377560049 8.129974365 0.719527304 -0.127597839 0.672655046 0.116338015
1403715969334057984.000000 -4.436978340 0.487004548 7.921943665 0.866197288 -0.157449678 0.467001647 0.082591608
1403715969434057984.000000 -4.745241165 0.496614456 8.185037613 0.891116917 -0.156643257 0.416272581 0.089948751
1403715969534057984.000000 -4.569478989 0.508997023 7.844178200 0.899210989 -0.155616209 0.398922831 0.089799531
1403715969784058112.000000 -4.702555656 0.585499465 8.033813477 0.875949681 -0.100868545 0.437418312 0.176643655
1403715969884058112.000000 -4.413753033 0.492441595 7.789612293 0.852351904 -0.093143262 0.489659578 0.158285022
1403715970384058112.000000 -3.968747139 0.653047264 7.790647030 -0.688412666 0.116810329 -0.707129359 -0.111407004
1403715970484058112.000000 -3.949008465 0.717330515 7.784312725 0.698000729 -0.116370223 0.700536788 0.092202239
1403715970584058112.000000 -3.884665728 1.423087239 7.959155560 0.713058293 -0.176079616 0.661990762 0.149372146
1403715970684058112.000000 -3.995612860 1.374147177 8.055025101 0.761577487 -0.183501080 0.610821664 0.114995673
1403715970984058112.000000 -4.209392071 0.988311648 7.801115990 0.871859491 -0.189503551 0.451601058 0.002464249
1403715971084058112.000000 -4.243216515 0.986591935 7.820823669 0.892129838 -0.180463284 0.414070040 0.009134410
1403715971184058112.000000 -4.239993095 0.957421660 7.853337288 0.901290536 -0.152874589 0.404296696 0.029137405
1403715971284058112.000000 -4.397627354 0.985540748 8.150312424 0.895430028 -0.112761304 0.424141943 0.074790731
1403715971484058112.000000 -4.006773472 0.807571471 8.004031181 0.845221460 -0.016821813 0.526807129 0.088271797
1403715971784058112.000000 -3.685910940 0.761438906 8.145421982 0.773753107 0.069851711 0.628477573 0.037985872
1403715972084058112.000000 -3.489777088 0.825098515 8.244565964 0.758081913 0.102232374 0.641170263 -0.061328053
1403715972184058112.000000 -3.462142944 0.849069774 8.276790619 0.743315697 0.112318456 0.654869497 -0.077539198
1403715972384058112.000000 -3.479976654 0.882192016 8.344047546 0.710615218 0.120392524 0.686423838 -0.096716106
1403715972534057984.000000 -3.569038630 0.888890386 8.385300636 0.722034574 0.123233855 0.673731804 -0.097800739
1403715972634057984.000000 -3.661042452 0.885050714 8.405041695 0.754040837 0.122492246 0.637862265 -0.097723156
1403715973034057984.000000 -4.177351952 0.961910486 8.660928726 -0.830217004 -0.088962346 -0.543549359 0.085904166
1403715973234057984.000000 -4.410777569 0.778935671 8.526038170 -0.809556186 -0.085308887 -0.571650505 0.102746256
1403715973634057984.000000 -4.644013405 0.609010935 8.368266106 0.842977941 0.080108888 0.522887230 -0.097773731
1403715973734057984.000000 -4.709214687 0.554542303 8.364144325 0.851419210 0.075420022 0.508447587 -0.104298986
1403715973834057984.000000 -4.757809162 0.495479167 8.361033440 0.856212735 0.073133700 0.499746531 -0.108649112
1403715973934057984.000000 -4.788502216 0.430900604 8.359120369 0.859165132 0.074888326 0.494391888 -0.108645432
1403715974084058112.000000 -4.799791813 0.326194346 8.361916542 0.850218356 0.088543825 0.510037184 -0.095659360
1403715974534057984.000000 -4.848886490 -0.010210022 8.571466446 -0.834273398 -0.108075522 -0.534558058 0.080964938
1403715974784058112.000000 -4.712593079 -0.195465624 8.517430305 -0.823653519 -0.110462569 -0.549692273 0.085037917
1403715975184058112.000000 -4.474652290 -0.467664480 8.422762871 -0.817690194 -0.123458669 -0.555295229 0.088249356
1403715975434057984.000000 -4.322172165 -0.614689171 8.385235786 -0.809111178 -0.135833010 -0.564943254 0.087907583
1403715975534057984.000000 -4.265291214 -0.666497588 8.379755020 -0.804716706 -0.140238062 -0.570199132 0.087391168
1403715975684058112.000000 -4.188733578 -0.736729443 8.378379822 -0.808207750 -0.140882835 -0.564238191 0.092669524
1403715975834057984.000000 -4.117265701 -0.798070729 8.384593010 -0.810389459 -0.140811726 -0.560690641 0.095221214
1403715976284058112.000000 -3.915211439 -0.936684966 8.404094696 0.812299311 0.139138475 0.558734357 -0.092877671
