1413393304255760384.000000 0.062360428 0.819894791 -0.784534335 -0.618051708 -0.540451527 -0.418864876 0.387912959
1413393304405760512.000000 0.039883293 0.836662948 -0.796754301 -0.615514100 -0.548972547 -0.420073956 0.378562331
1413393304705760512.000000 -0.002701178 0.891710579 -0.818268895 -0.601833701 -0.554518044 -0.431164980 0.380003780
1413393304955760384.000000 -0.047949582 0.952107906 -0.825330079 -0.599876404 -0.556272924 -0.425155312 0.387235969
1413393305205760512.000000 -0.096992612 1.020948529 -0.821628630 -0.601145506 -0.558341265 -0.422505528 0.385185987
1413393305455760384.000000 -0.151256993 1.098906994 -0.801894784 -0.605578601 -0.553193986 -0.429888666 0.377421290
1413393305705760512.000000 -0.219220296 1.185099244 -0.775408447 -0.615446270 -0.541988194 -0.433774561 0.373248398
1413393305955760384.000000 -0.298333853 1.281187534 -0.737122953 -0.616914034 -0.533907652 -0.459144443 0.351491392
1413393306205760512.000000 -0.411379635 1.386026978 -0.696802676 -0.627104104 -0.519959271 -0.455837250 0.358601898
1413393306455760384.000000 -0.540278912 1.493396521 -0.663706899 -0.644591093 -0.508119166 -0.446553886 0.356239945
1413393306555760384.000000 -0.589543819 1.537433267 -0.661697149 -0.656252980 -0.494343728 -0.449689060 0.350337118
1413393306655760384.000000 -0.635947049 1.582048059 -0.668220878 -0.666646302 -0.476197571 -0.459318399 0.343285948
1413393306705760512.000000 -0.658492804 1.604616284 -0.673830628 -0.673609197 -0.464080095 -0.461203158 0.343761444
1413393307005760512.000000 -0.770380795 1.734982371 -0.693092525 -0.703778446 -0.413758874 -0.469706714 0.335968971
1413393307405760512.000000 -0.831040025 1.878809929 -0.689872026 -0.733347416 -0.363834739 -0.505788505 0.272036523
1413393307555760384.000000 -0.837838829 1.928590059 -0.680676877 -0.749852002 -0.335375994 -0.514983058 0.245025262
1413393307655760384.000000 -0.839682639 1.962658048 -0.672591031 -0.763262808 -0.313194573 -0.516554117 0.229152724
1413393308055760384.000000 -0.820969343 2.118345022 -0.627632499 -0.783052325 -0.234915286 -0.553379297 0.159421980
1413393308355760384.000000 -0.805930912 2.260227203 -0.592121840 -0.796377182 -0.170734942 -0.568797708 0.114465125
1413393308455760384.000000 -0.803392172 2.311611891 -0.581586361 -0.801584780 -0.145168632 -0.570572972 0.104087874
1413393308555760384.000000 -0.801414490 2.363221884 -0.577331841 -0.808575630 -0.119084448 -0.568373859 0.094739653
1413393308855760384.000000 -0.790504694 2.504917860 -0.614227712 -0.816224694 -0.038295936 -0.573273718 0.060563996
1413393309255760384.000000 -0.767518342 2.638948202 -0.708902776 0.808094084 -0.038007174 0.587820351 0.002605224
1413393309605760512.000000 -0.763029993 2.731472015 -0.757432103 0.816045642 -0.039393984 0.575862467 0.030001210
1413393309705760512.000000 -0.761545300 2.760012865 -0.764753580 0.821607709 -0.036518604 0.568196177 0.027934860
1413393309855760384.000000 -0.752723157 2.802645922 -0.771943748 0.823638499 -0.041243583 0.565457165 0.013296095
1413393310305760512.000000 -0.681272447 2.877204418 -0.776689529 0.816359103 -0.030667471 0.576542377 0.014706699
1413393310655760384.000000 -0.606417596 2.906806231 -0.779649496 0.814301431 -0.032860864 0.579391122 0.011805717
1413393310805760512.000000 -0.574860990 2.917307377 -0.782459259 0.814996541 -0.043101430 0.577859282 -0.001281755
1413393311255760384.000000 -0.464232236 2.898391485 -0.817678154 0.820901990 -0.043563604 0.568957806 0.022568144
1413393311405760512.000000 -0.417471141 2.887110472 -0.854061127 0.821795642 -0.043346785 0.567506373 0.026638761
1413393311705760512.000000 -0.299638569 2.862844944 -0.905982971 0.820192039 -0.037910324 0.569714963 0.035676688
1413393312005760512.000000 -0.158662736 2.855379581 -0.920862615 0.809439957 -0.025359821 0.585972428 0.028288210
1413393312155760384.000000 -0.091781765 2.860349178 -0.923925400 0.802886963 -0.013499144 0.595392764 0.026416345
1413393312905760512.000000 0.169656411 2.897079945 -0.925217569 0.808894336 -0.014663950 0.587745786 0.005473129
1413393313355760384.000000 0.279794306 2.899631977 -0.896988571 -0.815878987 -0.011331169 -0.578073323 0.006670914
1413393313655760384.000000 0.343064159 2.895996809 -0.881985486 0.802153230 -0.003876960 0.596515477 -0.026542563
1413393313855760384.000000 0.368816167 2.870112181 -0.886533082 0.792962134 -0.013823278 0.609070778 -0.007266893
1413393314305760512.000000 0.364738941 2.776517868 -0.887211144 0.816678941 -0.027684055 0.576155663 0.017715791
1413393314455760384.000000 0.369083822 2.748978615 -0.884112775 0.819224536 -0.004271942 0.573377430 0.009556548
1413393314605760512.000000 0.378442883 2.728687763 -0.883467436 -0.820642591 -0.030070204 -0.570570588 0.009531807
1413393314905760512.000000 0.414475709 2.712411880 -0.888707042 -0.822704017 -0.092551328 -0.558341205 0.053363305
1413393315355760384.000000 0.540073574 2.739993572 -0.921808183 -0.811821878 -0.140841812 -0.561232507 0.078274630
1413393315805760512.000000 0.686833501 2.856167555 -0.927204490 -0.798551798 -0.127560779 -0.582661271 0.080927603
1413393316055760384.000000 0.741247177 2.949560642 -0.857250452 -0.800711691 -0.118108273 -0.579762936 0.093734801
1413393316355760384.000000 0.793560147 3.059673309 -0.752866983 -0.797803521 -0.127175540 -0.582805753 0.087598212
1413393316655760384.000000 0.826215208 3.176975250 -0.644154072 -0.802208126 -0.130251646 -0.574773550 0.095562264
1413393316755760384.000000 0.835802436 3.217321157 -0.616019130 -0.804421186 -0.133317903 -0.570838809 0.096312366
1413393317105760512.000000 0.873862803 3.364898205 -0.601416647 -0.800040424 -0.143723533 -0.573588848 0.101363763
1413393317355760384.000000 0.895029068 3.476626873 -0.620631993 -0.789815009 -0.143664271 -0.587312818 0.103036515
1413393317605760512.000000 0.892618656 3.590339422 -0.641824305 -0.788977802 -0.140877113 -0.589472353 0.100946069
1413393317705760512.000000 0.883870780 3.635995626 -0.665096343 -0.789739728 -0.137477651 -0.589078546 0.101968683
1413393318105760512.000000 0.813972533 3.812902212 -0.756318986 -0.799746454 -0.127674669 -0.579431772 0.091452755
1413393318405760512.000000 0.744663596 3.946974754 -0.831063807 -0.806071222 -0.105389200 -0.573106766 0.103397444
1413393318805760512.000000 0.663870931 4.087046623 -0.938953638 -0.804911613 -0.099186905 -0.575346112 0.106095448
1413393318955760384.000000 0.635876179 4.123158932 -0.960685909 -0.796161354 -0.101713046 -0.587216318 0.104683720
1413393319255760384.000000 0.561296821 4.169363976 -0.979543269 -0.804080963 -0.105095156 -0.575370669 0.106571592
1413393319405760512.000000 0.519497573 4.181134224 -0.985945880 -0.811983824 -0.106613435 -0.563848317 0.106728427
1413393319555760384.000000 0.484733492 4.188731670 -1.007857203 -0.820266783 -0.106315538 -0.551237643 0.109528951
1413393319705760512.000000 0.460775942 4.190902710 -1.039188981 -0.827795506 -0.103656568 -0.539019465 0.116052061
1413393319805760512.000000 0.454649001 4.188551903 -1.060543895 -0.824637413 -0.111864649 -0.544047058 0.107108615
1413393319955760384.000000 0.457993716 4.184478283 -1.099557400 -0.815151870 -0.124580361 -0.557837605 0.093938820
1413393320405760512.000000 0.466644138 4.196077347 -1.220414877 0.804006755 0.122643113 0.574656188 -0.091116123
1413393320455760384.000000 0.465273499 4.200213432 -1.221525550 0.807714045 0.121601723 0.569759727 -0.090471089
1413393320505760512.000000 0.463951379 4.204833031 -1.219746828 0.810388565 0.121397823 0.566273570 -0.088697545
1413393320555760384.000000 0.462727726 4.209937572 -1.217523694 0.811598361 0.121435016 0.564772367 -0.087142885
