1403715397462142976.000000 2.755126476 -16.484783173 -8.425418854 -0.621657014 -0.558867395 -0.379131317 0.396824002
1403715397612143104.000000 2.767559052 -16.404087067 -8.446991920 -0.621081948 -0.556777298 -0.378797233 0.400960177
1403715397862142976.000000 2.822535038 -16.253313065 -8.462887764 -0.609432101 -0.552036047 -0.396908760 0.407813936
1403715398112143104.000000 2.902563572 -16.102380753 -8.467699051 -0.593393505 -0.546778858 -0.424857765 0.410381496
1403715398862142976.000000 3.106416464 -15.830393791 -8.531141281 -0.584524453 -0.544221997 -0.461831838 0.385830224
1403715399112143104.000000 3.113191128 -15.808571815 -8.543133736 -0.583912671 -0.545161486 -0.461351544 0.386004984
1403715399362142976.000000 3.074544191 -15.825958252 -8.550647736 -0.587494850 -0.547594786 -0.450429887 0.390003353
1403715399712143104.000000 2.968053341 -15.896043777 -8.559384346 -0.607405424 -0.560364068 -0.423629910 0.370929331
1403715400162142976.000000 2.779975653 -15.945685387 -8.535985947 -0.626373768 -0.548585951 -0.428988010 0.350255311
1403715401012143104.000000 2.276388407 -15.747940063 -8.511950493 -0.746028066 -0.382325083 -0.476207107 0.265511841
1403715401162142976.000000 2.193997383 -15.679239273 -8.513967514 -0.757809579 -0.366289020 -0.477505684 0.252082050
1403715401312143104.000000 2.127251625 -15.599842072 -8.509604454 -0.760957360 -0.363508672 -0.482586443 0.236465096
1403715401412143104.000000 2.089763641 -15.537464142 -8.502944946 -0.760022104 -0.360223681 -0.487372071 0.234678119
1403715401512143104.000000 2.058388948 -15.468824387 -8.493977547 -0.757632434 -0.357218087 -0.492527217 0.236231491
1403715401662142976.000000 2.021447182 -15.361089706 -8.475922585 -0.753525436 -0.348615557 -0.500121891 0.246058494
1403715401862142976.000000 1.991227031 -15.215092659 -8.450577736 -0.754208922 -0.321982443 -0.510495603 0.258632094
1403715401962142976.000000 1.983082294 -15.146798134 -8.439306259 -0.753472447 -0.321632683 -0.515980184 0.250192434
1403715402062142976.000000 1.977605820 -15.081569672 -8.429951668 -0.751534283 -0.325724274 -0.520543098 0.241111711
1403715402162142976.000000 1.973999381 -15.017517090 -8.420772552 -0.743476093 -0.326035649 -0.531940103 0.240798235
1403715402262142976.000000 1.969820619 -14.957448959 -8.413952827 -0.738102853 -0.321885675 -0.541734874 0.241075069
1403715402412143104.000000 1.960456371 -14.878013611 -8.410736084 -0.743584096 -0.318698645 -0.544406772 0.221664861
1403715402512143104.000000 1.951444507 -14.829245567 -8.409429550 -0.745233893 -0.312462091 -0.552672029 0.203832135
1403715402812143104.000000 1.892746568 -14.677906990 -8.408275604 -0.754375756 -0.286640346 -0.558931768 0.190656587
1403715403162142976.000000 1.783526421 -14.506450653 -8.411072731 -0.788685858 -0.261917710 -0.518265903 0.201926276
1403715403312143104.000000 1.754553676 -14.437339783 -8.403875351 -0.793228030 -0.263920784 -0.512071013 0.197277367
1403715403412143104.000000 1.744502544 -14.391741753 -8.397538185 -0.791924655 -0.264982641 -0.515681326 0.191604808
1403715403562142976.000000 1.743467808 -14.322855949 -8.387575150 -0.792568624 -0.254142672 -0.523585677 0.181946740
1403715403712143104.000000 1.754243612 -14.253663063 -8.382741928 -0.801873803 -0.232556596 -0.524581671 0.166523412
1403715403812143104.000000 1.768405914 -14.207306862 -8.380854607 -0.810315132 -0.212129086 -0.523029447 0.157578304
1403715404062142976.000000 1.837136388 -14.092982292 -8.368782043 -0.820456326 -0.161712036 -0.533391654 0.127255961
1403715404212143104.000000 1.897257566 -14.027374268 -8.356915474 -0.817856371 -0.140179604 -0.549422562 0.097956665
1403715404312143104.000000 1.941170216 -13.981931686 -8.351149559 -0.815917313 -0.131307498 -0.557591915 0.078285269
1403715404462142976.000000 2.007886887 -13.906929970 -8.346419334 -0.814921916 -0.120878346 -0.563397467 0.062242199
1403715404612143104.000000 2.072991371 -13.822476387 -8.346026421 -0.812619746 -0.115266986 -0.568597972 0.055309195
1403715404912143104.000000 2.192934513 -13.633247375 -8.360201836 -0.811659992 -0.091019742 -0.573002696 0.067759976
1403715405162142976.000000 2.282884359 -13.482826233 -8.377537727 -0.812093258 -0.040073376 -0.579278886 0.057747588
1403715405362142976.000000 2.342102051 -13.385150909 -8.394175529 0.817234516 -0.015714394 0.575461745 -0.026920132
1403715405462142976.000000 2.369377613 -13.344845772 -8.402658463 0.819446623 -0.041855149 0.571590841 -0.006272631
1403715405562142976.000000 2.395589352 -13.309489250 -8.410658836 0.819833696 -0.068705015 0.568296969 0.013820645
1403715405712143104.000000 2.434490204 -13.264282227 -8.422721863 0.821080029 -0.101078913 0.559419572 0.051579952
1403715405862142976.000000 2.477385998 -13.223466873 -8.435496330 0.820943654 -0.133728504 0.548829556 0.083393052
1403715405962142976.000000 2.509369850 -13.197675705 -8.445004463 0.815174699 -0.159307063 0.547770500 0.100294933
1403715406062142976.000000 2.544908524 -13.173521996 -8.454833031 0.804986119 -0.184928447 0.551127017 0.118566357
1403715406212143104.000000 2.600303411 -13.139881134 -8.475249290 0.791163027 -0.223397553 0.550826848 0.144029096
1403715406412143104.000000 2.674120426 -13.098962784 -8.509843826 0.777077436 -0.274661005 0.540034592 0.170513049
1403715406562142976.000000 2.728978395 -13.074523926 -8.539545059 0.766216278 -0.313668489 0.529607534 0.184500933
1403715406712143104.000000 2.780686140 -13.058979988 -8.569339752 0.752759039 -0.346438438 0.521559894 0.203247294
1403715406812143104.000000 2.813250065 -13.055193901 -8.589585304 0.742743433 -0.364594907 0.516595423 0.220299676
1403715406962142976.000000 2.859211683 -13.056519508 -8.617146492 0.727847040 -0.390686959 0.506955981 0.246166766
1403715407112143104.000000 2.903106451 -13.064886093 -8.640859604 0.713796198 -0.419085741 0.494769186 0.264699101
1403715407212143104.000000 2.930712938 -13.073402405 -8.656268120 0.708450317 -0.436829805 0.482779086 0.272401124
1403715407312143104.000000 2.958637238 -13.085765839 -8.669808388 0.707996368 -0.450118840 0.468900383 0.276164234
1403715407462142976.000000 3.004593611 -13.117138863 -8.683113098 0.705212057 -0.459024996 0.460531801 0.282635093
1403715407612143104.000000 3.055815458 -13.165241241 -8.688998222 0.700499952 -0.459597796 0.462290138 0.290443689
1403715407712143104.000000 3.092789888 -13.203862190 -8.687970161 0.699261129 -0.452529639 0.464168996 0.301326960
1403715407862142976.000000 3.153674364 -13.267868042 -8.682748795 0.700013041 -0.442609698 0.465704411 0.311765701
1403715408012143104.000000 3.222175360 -13.334982872 -8.673710823 0.697704315 -0.442429990 0.471433818 0.308568478
1403715408112143104.000000 3.270663023 -13.379989624 -8.656086922 0.696617603 -0.443147749 0.474141747 0.305832714
1403715408212143104.000000 3.320445061 -13.426167488 -8.625515938 0.694901824 -0.443042815 0.478258252 0.303469360
1403715408312143104.000000 3.370683432 -13.473280907 -8.591759682 0.694327056 -0.442748070 0.480372995 0.301870644
1403715408412143104.000000 3.421853304 -13.521142960 -8.565096855 0.692751050 -0.440932065 0.484696060 0.301238596
1403715408512143104.000000 3.473543167 -13.568199158 -8.551264763 0.691459894 -0.433407933 0.493501484 0.300827503
1403715408612143104.000000 3.524898291 -13.613141060 -8.550710678 0.692466080 -0.420703501 0.504542887 0.298221111
1403715408762142976.000000 3.598656654 -13.673064232 -8.560144424 0.700182021 -0.393964559 0.520405054 0.289336741
1403715408962142976.000000 3.687930107 -13.732785225 -8.566026688 0.720490932 -0.353318006 0.536573887 0.261051238
1403715409062142976.000000 3.727847338 -13.753917694 -8.564376831 0.731518567 -0.330530912 0.544172168 0.243939891
1403715409162142976.000000 3.762918711 -13.769920349 -8.558859825 0.740491152 -0.311444223 0.552130401 0.223220751
1403715409312143104.000000 3.804421425 -13.788218498 -8.545494080 0.752603889 -0.292387158 0.555536747 0.198685661
1403715409412143104.000000 3.825402498 -13.798662186 -8.531829834 0.757017493 -0.283252388 0.557089806 0.190640017
1403715409962142976.000000 3.881198645 -13.839769363 -8.426935196 0.777914703 -0.296757400 0.519122541 0.193120316
1403715410262142976.000000 3.930668592 -13.881325722 -8.365226746 0.767726004 -0.303715438 0.525571823 0.205251038
1403715410512143104.000000 3.986746311 -13.922136307 -8.369844437 0.764167666 -0.298674852 0.529260337 0.216159061
1403715410762142976.000000 4.054488182 -13.953266144 -8.382377625 0.763187528 -0.291783184 0.533499300 0.218599990
1403715411162142976.000000 4.158872128 -13.965094566 -8.406638145 0.763418317 -0.285416842 0.543732405 0.200211540
1403715411462142976.000000 4.214457512 -13.954264641 -8.419722557 0.756322563 -0.285879225 0.558932126 0.183967948
1403715411662142976.000000 4.231079102 -13.945576668 -8.430307388 0.761302948 -0.279608756 0.554853141 0.185404643
1403715412112143104.000000 4.226074696 -13.915333748 -8.453970909 0.766993463 -0.275405437 0.549711645 0.183548942
1403715412512143104.000000 4.197197437 -13.879840851 -8.475889206 0.772287250 -0.278279066 0.541138053 0.182490781
1403715412912143104.000000 4.172441959 -13.853798866 -8.491729736 0.777484298 -0.278345078 0.533244193 0.183556482
1403715413362142976.000000 4.168829918 -13.835274696 -8.564767838 0.769454360 -0.279880881 0.543821812 0.184023172
1403715413762142976.000000 4.152031898 -13.820851326 -8.655065536 0.767288506 -0.278655201 0.546305895 0.187535495
1403715414112143104.000000 4.122797012 -13.805192947 -8.724803925 0.770704627 -0.275755137 0.541176677 0.192617267
1403715414262142976.000000 4.111802101 -13.791276932 -8.724685669 0.779223800 -0.280199677 0.528164983 0.187989801
1403715414462142976.000000 4.112351418 -13.777382851 -8.709769249 0.784854591 -0.281212419 0.519229412 0.187946200
1403715414612143104.000000 4.126075745 -13.771369934 -8.711772919 0.779601574 -0.277991802 0.527047634 0.192776158
1403715414762142976.000000 4.147515297 -13.763838768 -8.725520134 0.772145033 -0.280955404 0.537264109 0.190272033
1403715414862142976.000000 4.162790298 -13.757943153 -8.739625931 0.768037677 -0.288000256 0.541990995 0.182810858
1403715415012143104.000000 4.182828903 -13.751844406 -8.767863274 0.761451185 -0.299950093 0.548676074 0.170812085
1403715415162142976.000000 4.195457935 -13.751789093 -8.798672676 0.757665813 -0.307283044 0.550926149 0.167332590
1403715415312143104.000000 4.197503090 -13.759072304 -8.825264931 0.757209063 -0.305169493 0.549395978 0.177961171
1403715415462142976.000000 4.192500591 -13.771312714 -8.842872620 0.761856735 -0.294945389 0.540450335 0.201233774
1403715415612143104.000000 4.187800407 -13.780093193 -8.852272987 0.762268484 -0.289629787 0.537858427 0.213938743
1403715415662142976.000000 4.186472416 -13.781245232 -8.858492851 0.762008309 -0.289322883 0.537413359 0.216385201
1403715415712143104.000000 4.186457634 -13.783169746 -8.864790916 0.762021840 -0.289728761 0.536882102 0.217112198
1403715415762142976.000000 4.186313152 -13.783777237 -8.868036270 0.762634516 -0.290948868 0.535949469 0.215628430
1403715415812143104.000000 4.187133312 -13.783378601 -8.864418983 0.762662709 -0.290068477 0.535879552 0.216884747
1403715415862142976.000000 4.188069820 -13.782096863 -8.862133026 0.761502326 -0.289443254 0.537469745 0.217860475
1403715415912143104.000000 4.189272404 -13.779603958 -8.862203598 0.759888887 -0.290039986 0.539448380 0.217809483
1403715415962142976.000000 4.190641403 -13.776708603 -8.864480019 0.760080874 -0.289632410 0.539335907 0.217961222
1403715416012143104.000000 4.190704823 -13.775472641 -8.864982605 0.762256086 -0.288859040 0.536695719 0.217907861
1403715416062142976.000000 4.189943790 -13.775596619 -8.863343239 0.762231171 -0.288531452 0.536316991 0.219356880
1403715416112143104.000000 4.190216064 -13.775152206 -8.862978935 0.761718392 -0.288925648 0.536672592 0.219748765
1403715416162142976.000000 4.190360546 -13.774553299 -8.863430023 0.761382520 -0.289231032 0.537087142 0.219498098
1403715416212143104.000000 4.190080166 -13.774342537 -8.863651276 0.761947513 -0.290206462 0.536207497 0.218397990
1403715416262142976.000000 4.189949036 -13.773861885 -8.864641190 0.762553573 -0.290741056 0.535458207 0.217407987
1403715416312143104.000000 4.189793110 -13.773468018 -8.865089417 0.762597561 -0.291040808 0.535371065 0.217067182
1403715416362142976.000000 4.189471722 -13.773694038 -8.865262032 0.762982726 -0.291122288 0.534836590 0.216921985
1403715416412143104.000000 4.189289093 -13.773698807 -8.865189552 0.763067186 -0.291283578 0.534718633 0.216699004
1403715416462142976.000000 4.188836098 -13.773335457 -8.865288734 0.763395190 -0.291419655 0.534277797 0.216448054
