1403636658863555584.000000 -23.152688980 -4.931492805 39.103748322 -0.557296216 -0.601982713 -0.406916946 0.401816368
1403636659013555456.000000 -23.054538727 -4.932236195 39.071548462 -0.557869375 -0.593967855 -0.406481385 0.413227499
1403636659263555584.000000 -22.909511566 -4.940988541 39.001277924 -0.556545317 -0.586665809 -0.407769591 0.424033731
1403636659513555456.000000 -22.782236099 -4.962611675 38.949085236 -0.561715305 -0.595382631 -0.400318742 0.411995709
1403636659763555584.000000 -22.671493530 -4.983472347 38.910545349 -0.560509980 -0.591365874 -0.405407250 0.414439440
1403636660013555456.000000 -22.581562042 -5.009288788 38.837257385 -0.566355467 -0.593304873 -0.402031541 0.406941742
1403636660263555584.000000 -22.510522842 -5.032408714 38.740802765 -0.574025035 -0.598818421 -0.394422889 0.395401686
1403636660513555456.000000 -22.460884094 -5.028880119 38.662326813 -0.581833541 -0.607680142 -0.383579880 0.380868882
1403636660763555584.000000 -22.437416077 -4.984818459 38.594001770 -0.562691510 -0.597535312 -0.409754544 0.398033977
1403636661013555456.000000 -22.446645737 -4.937379360 38.493335724 -0.552850068 -0.594341993 -0.421989292 0.403781593
1403636661063555584.000000 -22.453214645 -4.929457188 38.470039368 -0.553990006 -0.592359066 -0.420444936 0.406733155
1403636661113555456.000000 -22.461086273 -4.922187805 38.445827484 -0.555044889 -0.590538383 -0.418886840 0.409540594
1403636661563555584.000000 -22.567253113 -4.898696899 38.282680511 -0.560106516 -0.585533977 -0.411080867 0.417663932
1403636661913555456.000000 -22.670162201 -4.926219463 38.259353638 -0.564752162 -0.577328086 -0.401603788 0.431812137
1403636662213555456.000000 -22.740472794 -4.978917599 38.299362183 -0.560842991 -0.581973493 -0.406257182 0.426283002
1403636662313555456.000000 -22.760898590 -5.003341675 38.306831360 -0.558674812 -0.586495042 -0.410571367 0.418732762
1403636662413555456.000000 -22.782524109 -5.029553413 38.308330536 -0.559542239 -0.590117037 -0.410966486 0.412044883
1403636662513555456.000000 -22.806653976 -5.057000160 38.303043365 -0.563980281 -0.594213903 -0.406103283 0.404865742
1403636663113555456.000000 -22.941387177 -5.184762955 38.201244354 -0.595515192 -0.579624534 -0.367103785 0.417889774
1403636663413555456.000000 -22.947069168 -5.196901798 38.155887604 -0.583512723 -0.600471199 -0.386428446 0.386807919
1403636663813555456.000000 -22.975557327 -5.120904446 38.041332245 -0.572127104 -0.616008282 -0.399271995 0.365768194
1403636663913555456.000000 -22.998279572 -5.080895424 38.022159576 -0.563179016 -0.617215157 -0.409213573 0.366632134
1403636664013555456.000000 -23.031459808 -5.035073280 38.011398315 -0.552291334 -0.616160393 -0.421392739 0.371145308
1403636664213555456.000000 -23.132064819 -4.938505173 38.006927490 -0.548502088 -0.606797934 -0.420668334 0.392402828
1403636664313555456.000000 -23.195075989 -4.890574455 38.004333496 -0.547743738 -0.601641536 -0.417949945 0.404131472
1403636664563555584.000000 -23.370134354 -4.785625458 37.938724518 -0.544481099 -0.598876595 -0.410632104 0.419843435
1403636664663555584.000000 -23.445632935 -4.750746250 37.909801483 -0.545326710 -0.596618652 -0.403743833 0.428551048
1403636664863555584.000000 -23.597642899 -4.692599297 37.874492645 -0.542007506 -0.604345620 -0.398880839 0.426483721
1403636664963555584.000000 -23.675170898 -4.667160988 37.867301941 -0.542180479 -0.606966436 -0.394838750 0.426303357
1403636665063555584.000000 -23.753673553 -4.644147873 37.867202759 -0.545369267 -0.611340642 -0.387461245 0.422739595
1403636666113555456.000000 -24.563512802 -4.420715809 38.003044128 -0.553490460 -0.594355285 -0.384493709 0.438810647
1403636666413555456.000000 -24.780017853 -4.380433559 37.993919373 -0.551382959 -0.592107236 -0.386618644 0.442619294
1403636666713555456.000000 -24.965417862 -4.370512009 38.003822327 -0.551095068 -0.606826901 -0.381015450 0.427647859
1403636667363555584.000000 -25.007591248 -4.549809933 38.211105347 -0.535578966 -0.610109866 -0.393001109 0.431823373
1403636668013555456.000000 -25.607751846 -4.217910290 37.990306854 -0.555935800 -0.610832453 -0.366379499 0.428468496
1403636668463555584.000000 -25.796966553 -4.113349915 37.923866272 -0.554264128 -0.611376882 -0.383888543 0.414293736
1403636668763555584.000000 -25.937805176 -4.025272369 37.855148315 -0.551673532 -0.610493779 -0.395590752 0.407997251
1403636669163555584.000000 -26.184040070 -3.919976711 37.815738678 -0.547374010 -0.598206282 -0.404758602 0.422730953
1403636669313555456.000000 -26.290218353 -3.897303820 37.806758881 -0.548050404 -0.596143663 -0.405318469 0.424229234
1403636669413555456.000000 -26.362403870 -3.886619091 37.793418884 -0.548682332 -0.595225632 -0.404970288 0.425033271
1403636669563555584.000000 -26.472799301 -3.877259254 37.766868591 -0.544875264 -0.591221094 -0.409309179 0.431317300
1403636669863555584.000000 -26.699169159 -3.896846533 37.728542328 -0.545942903 -0.575373471 -0.401581109 0.457847595
1403636670163555584.000000 -26.890411377 -3.996462107 37.776123047 -0.571042359 -0.568973005 -0.359377503 0.470136434
1403636670313555456.000000 -26.937208176 -4.037949085 37.777961731 -0.566961229 -0.559648752 -0.347114980 0.494832784
1403636670763555584.000000 -26.848922729 -4.232923508 37.821712494 -0.530165136 -0.596758723 -0.293926209 0.525748491
1403636671513555456.000000 -25.783157349 -4.551198959 38.077102661 -0.363646418 -0.736954570 -0.234967843 0.519085169
1403636671813555456.000000 -25.206415176 -4.638564587 38.139625549 -0.342349023 -0.774741650 -0.214518636 0.486368567
1403636672263555584.000000 -24.563421249 -4.635435104 38.305938721 -0.331283063 -0.793608248 -0.238783389 0.451021165
1403636672713555456.000000 -24.305297852 -4.505611420 38.413398743 -0.322131664 -0.751462936 -0.255072534 0.516209960
1403636672863555584.000000 -24.247495651 -4.485216141 38.371540070 -0.327420712 -0.757764101 -0.238734156 0.511464000
1403636673263555584.000000 -24.161882401 -4.448182583 38.325195312 -0.285062224 -0.792778254 -0.205285862 0.498096377
1403636673613555456.000000 -24.177917480 -4.442330360 38.318176270 -0.270963788 -0.796742439 -0.197791532 0.502651632
1403636674063555584.000000 -24.398065567 -4.341820717 38.336227417 -0.258301288 -0.783136070 -0.203442723 0.527815819
1403636674413555456.000000 -24.605031967 -4.341892719 38.287521362 -0.271879941 -0.774069190 -0.179318279 0.542902648
1403636674713555456.000000 -24.780696869 -4.349409580 38.185417175 -0.252809733 -0.777386844 -0.154174134 0.554965913
1403636675063555584.000000 -24.962005615 -4.322769642 38.063602448 -0.248256907 -0.805728137 -0.133749902 0.520847142
1403636675363555584.000000 -25.162700653 -4.238132000 38.049804688 -0.224804938 -0.810680985 -0.165013731 0.514810264
1403636675563555584.000000 -25.340847015 -4.178982735 38.057411194 -0.201626301 -0.799711823 -0.170664907 0.539148688
1403636675863555584.000000 -25.632143021 -4.131994724 38.024814606 -0.175330430 -0.791303754 -0.134448081 0.570106387
1403636676163555584.000000 -25.903989792 -4.115492821 37.943271637 -0.135147914 -0.807861388 -0.080243766 0.568028152
1403636676463555584.000000 -26.161491394 -4.102144241 37.855129242 -0.047083933 -0.824148118 -0.075074196 0.559398770
1403636676763555584.000000 -26.433397293 -4.142434597 37.826503754 -0.019833477 -0.823257685 -0.018511716 0.567019165
1403636676913555456.000000 -26.571624756 -4.168939114 37.835365295 -0.016708415 -0.822696567 0.000680122 0.568234861
1403636677063555584.000000 -26.705821991 -4.191133976 37.830566406 -0.009736547 -0.821720064 0.000348883 0.569808006
1403636677213555456.000000 -26.837976456 -4.211289406 37.794876099 -0.001146220 -0.820244312 -0.011287096 0.571900904
1403636677363555584.000000 -26.965618134 -4.237841606 37.754024506 0.008170941 -0.812426388 -0.011648222 0.582890272
1403636677863555584.000000 -27.300128937 -4.375870705 37.728332520 0.062452227 -0.807663500 0.069945090 0.582140207
1403636677913555456.000000 -27.324331284 -4.389012814 37.731781006 0.070149340 -0.810640335 0.081788599 0.575544953
1403636696813555456.000000 -23.568830490 -5.221824169 38.965255737 0.416989684 -0.694464505 0.303787619 0.501549482
1403636697363555584.000000 -23.510778427 -5.206157207 38.959976196 0.432788253 -0.688946187 0.277567774 0.510885119
1403636697663555584.000000 -23.401153564 -5.222319126 39.033111572 0.417221040 -0.704339266 0.280978680 0.500882983
1403636697963555584.000000 -23.278785706 -5.247398376 39.080371857 0.372830123 -0.729261041 0.251838386 0.515512884
1403636698213555456.000000 -23.164718628 -5.282927036 39.083103180 0.350030541 -0.739828110 0.241164774 0.521509945
1403636698463555584.000000 -23.049613953 -5.323974133 39.057880402 0.321200788 -0.753770351 0.219407350 0.529642165
1403636698963555584.000000 -22.828039169 -5.426061153 38.951248169 0.213382661 -0.793339372 0.152042463 0.549512208
1403636699213555456.000000 -22.726652145 -5.487013340 38.920318604 0.147180676 -0.807797551 0.122584358 0.557471156
1403636699513555456.000000 -22.629222870 -5.544607162 38.928878784 0.065324321 -0.822768867 0.084509738 0.558249354
1403636700263555584.000000 -22.507324219 -5.543739319 38.847831726 -0.018548908 -0.819274724 0.019951237 0.572753787
1403636700363555584.000000 -22.494895935 -5.530132294 38.818595886 -0.024981610 -0.821223438 0.019330412 0.569731772
1403636700763555584.000000 -22.453626633 -5.435719013 38.664131165 -0.054523438 -0.811737359 -0.017101606 0.581220508
1403636700963555584.000000 -22.429040909 -5.379338741 38.603847504 -0.063954175 -0.816396773 -0.027751194 0.573267877
1403636701363555584.000000 -22.398311615 -5.264535904 38.580184937 -0.059820533 -0.827518642 -0.027034966 0.557587385
1403636701563555584.000000 -22.404815674 -5.205607891 38.599235535 -0.052146643 -0.820044458 -0.025618253 0.569343209
1403636701863555584.000000 -22.422594070 -5.117574215 38.611927032 -0.057182629 -0.816032171 -0.029746113 0.574401259
1403636702163555584.000000 -22.432987213 -5.023465157 38.575729370 -0.108487613 -0.810957253 -0.058374871 0.571988821
1403636702413555456.000000 -22.438541412 -4.942561626 38.511615753 -0.139320076 -0.810869634 -0.085363075 0.561955094
1403636703013555456.000000 -22.517665863 -4.769151688 38.266601562 -0.149776593 -0.816875577 -0.100088403 0.547963202
1403636703113555456.000000 -22.545904160 -4.743285179 38.233459473 -0.151798740 -0.813137114 -0.095708847 0.553719282
1403636703513555456.000000 -22.662662506 -4.624519348 38.177917480 -0.151904076 -0.802897871 -0.090567440 0.569278300
1403636704013555456.000000 -22.783561707 -4.457837582 38.174697876 -0.147974968 -0.803155184 -0.085549757 0.570724428
1403636704363555584.000000 -22.856365204 -4.341560841 38.118068695 -0.141089603 -0.813292146 -0.086923659 0.557758033
1403636704963555584.000000 -23.057973862 -4.136560440 38.080505371 -0.134568706 -0.832595289 -0.087168008 0.530168056
1403636705113555456.000000 -23.143638611 -4.084935188 38.051063538 -0.131194785 -0.831601918 -0.089131981 0.532242239
1403636705263555584.000000 -23.247070312 -4.034195423 38.026515961 -0.126037166 -0.818106115 -0.094018348 0.553152382
1403636705563555584.000000 -23.473806381 -3.948143721 38.000980377 -0.126961395 -0.820179701 -0.092911080 0.550048709
1403636705713555456.000000 -23.596351624 -3.911131859 37.976612091 -0.128329620 -0.820494175 -0.092438027 0.549341381
1403636706013555456.000000 -23.861438751 -3.841220617 37.932853699 -0.138909772 -0.806560576 -0.075179555 0.569659770
1403636706163555584.000000 -23.990041733 -3.802195787 37.930633545 -0.142730251 -0.801929772 -0.066111989 0.576338410
1403636706313555456.000000 -24.110799789 -3.755886555 37.916862488 -0.129532903 -0.804910004 -0.081248894 0.573358357
1403636706463555584.000000 -24.225486755 -3.710559607 37.887718201 -0.120768443 -0.810431898 -0.090722106 0.566025436
1403636706613555456.000000 -24.339279175 -3.670091152 37.865894318 -0.118479036 -0.813306749 -0.093513668 0.561916471
1403636707063555584.000000 -24.709337234 -3.576876402 37.875988007 -0.125536799 -0.815898716 -0.096642159 0.556066632
1403636707363555584.000000 -24.978706360 -3.534977674 37.909358978 -0.132012710 -0.814690948 -0.103641152 0.555076420
1403636707513555456.000000 -25.120372772 -3.522347212 37.948287964 -0.134565219 -0.815478742 -0.104009509 0.553234696
1403636707663555584.000000 -25.266757965 -3.514970541 37.993721008 -0.141991973 -0.816204965 -0.095028378 0.551921546
1403636707813555456.000000 -25.417179108 -3.506687880 38.016941071 -0.147396550 -0.815863013 -0.086428873 0.552423716
1403636707963555584.000000 -25.570232391 -3.494283915 38.015243530 -0.145214513 -0.813201070 -0.084751993 0.557166040
1403636708113555456.000000 -25.725559235 -3.478268385 37.993984222 -0.137862474 -0.811335742 -0.087953329 0.561241984
1403636708263555584.000000 -25.880552292 -3.462053299 37.961185455 -0.135898441 -0.808645725 -0.084792368 0.566068947
1403636708713555456.000000 -26.316755295 -3.372939348 37.883583069 -0.138060316 -0.800183952 -0.081127547 0.577982187
1403636708863555584.000000 -26.446302414 -3.330251932 37.859405518 -0.128894597 -0.800115108 -0.099340908 0.577350438
1403636709013555456.000000 -26.568723679 -3.295099735 37.837078094 -0.129941612 -0.796218932 -0.107070878 0.581107974
1403636709313555456.000000 -26.786605835 -3.261266708 37.835456848 -0.135658905 -0.800240159 -0.114229329 0.572856009
1403636709463555584.000000 -26.886972427 -3.261578798 37.840763092 -0.136393800 -0.803650200 -0.114663005 0.567798913
1403636709613555456.000000 -26.985567093 -3.271782398 37.829505920 -0.135785058 -0.806153059 -0.115266494 0.564263642
1403636709763555584.000000 -27.084669113 -3.291345835 37.809204102 -0.134534970 -0.807598650 -0.113478087 0.562856615
1403636710213555456.000000 -27.382266998 -3.407240868 37.787101746 -0.126177758 -0.806071937 -0.109451309 0.567756772
1403636710363555584.000000 -27.479379654 -3.463738441 37.762882233 -0.131093979 -0.804193139 -0.092682123 0.572274327
1403636710663555584.000000 -27.662569046 -3.581989765 37.682434082 -0.117393874 -0.805666566 -0.050725482 0.578400314
1403636711113555456.000000 -27.893981934 -3.719154596 37.595390320 -0.031665783 -0.812419832 -0.037831865 0.580982089
1403636711563555584.000000 -28.067968369 -3.881819487 37.571594238 -0.036007997 -0.801778853 -0.030279649 0.595766187
1403636711713555456.000000 -28.094762802 -3.952823639 37.583564758 -0.034463879 -0.798468292 -0.037971392 0.599848986
1403636711863555584.000000 -28.108434677 -4.030144691 37.597553253 -0.040254980 -0.801592767 -0.034732666 0.595501661
1403636712013555456.000000 -28.110876083 -4.110895634 37.617546082 -0.052546252 -0.806944907 -0.020808507 0.587916613
1403636712163555584.000000 -28.105976105 -4.186548710 37.648853302 -0.058920838 -0.806507111 -0.011982291 0.588159144
1403636712313555456.000000 -28.095430374 -4.255291462 37.690853119 -0.037256397 -0.805363059 -0.018208688 0.591329694
1403636712463555584.000000 -28.076686859 -4.323822021 37.742359161 -0.011923351 -0.802873373 -0.017501358 0.595773399
1403636713013555456.000000 -27.895799637 -4.594626427 37.897315979 0.018936792 -0.797435403 0.007999084 0.603054047
