1413394912205760512.000000 0.562640488 0.613441765 -0.401338309 -0.517748237 -0.661291480 -0.351948738 0.413234055
1413394912655760384.000000 0.588834703 0.626919925 -0.340449899 -0.596212268 -0.587852061 -0.382545352 0.390666038
1413394912905760512.000000 0.587881744 0.731813014 -0.287478387 -0.619487703 -0.530477107 -0.414211482 0.404051960
1413394913205760512.000000 0.599362612 0.868982375 -0.222853810 -0.608311653 -0.539547443 -0.446004510 0.374066263
1413394913455760384.000000 0.572225273 0.983286262 -0.165538996 -0.560415149 -0.574023843 -0.436806500 0.406978756
1413394913705760512.000000 0.499612540 1.072186947 -0.160402238 -0.474390924 -0.648880601 -0.412248939 0.428903252
1413394913955760384.000000 0.367054671 1.127352476 -0.234725147 -0.419838309 -0.708528161 -0.324242949 0.465392560
1413394914205760512.000000 0.194378793 1.174691081 -0.338195115 -0.345344573 -0.743837178 -0.267259955 0.505979776
1413394914455760384.000000 -0.013839923 1.206795573 -0.361888409 -0.251631945 -0.777285278 -0.233340323 0.527315199
1413394914705760512.000000 -0.262336165 1.200988054 -0.330840588 -0.207080722 -0.789037704 -0.177831024 0.550375521
1413394914755760384.000000 -0.314522862 1.195952296 -0.330658823 -0.202554286 -0.789927006 -0.165112048 0.554729700
1413394914805760512.000000 -0.366824120 1.189926028 -0.332655907 -0.196004525 -0.790906787 -0.155155763 0.558547676
1413394914855760384.000000 -0.419679612 1.183586478 -0.337077200 -0.188537300 -0.792766154 -0.147331387 0.560597062
1413394914905760512.000000 -0.472495735 1.176730156 -0.343736976 -0.178032488 -0.794032216 -0.143969417 0.563107610
1413394915005760512.000000 -0.577355921 1.159989119 -0.367044300 -0.153436556 -0.795913219 -0.140613914 0.568513036
1413394915205760512.000000 -0.785889328 1.098357558 -0.424355716 -0.081953585 -0.801336586 -0.138664439 0.576121151
1413394915355760384.000000 -0.942291379 1.015029073 -0.458366513 -0.025117068 -0.805202782 -0.125023291 0.579126000
1413394915455760384.000000 -1.043599844 0.936806619 -0.476079941 0.010062665 -0.803527772 -0.110055014 0.584918618
1413394915555760384.000000 -1.141069055 0.838205040 -0.490143776 0.040441882 -0.798416972 -0.085074261 0.594690859
1413394915655760384.000000 -1.232558250 0.720036507 -0.502359927 0.058280163 -0.790474296 -0.032688305 0.608839333
1413394915705760512.000000 -1.274461985 0.655815721 -0.508156300 0.067674547 -0.786009490 -0.003539883 0.614489079
1413394915755760384.000000 -1.313331127 0.589768350 -0.513797045 0.079322584 -0.781642139 0.023429716 0.618218958
1413394915855760384.000000 -1.379965067 0.455798060 -0.520134687 0.110204421 -0.765093684 0.065274253 0.631051421
1413394915955760384.000000 -1.430982113 0.323587000 -0.523437142 0.143926963 -0.749860704 0.097360454 0.638368905
1413394916055760384.000000 -1.465322375 0.196481869 -0.525875747 0.173656315 -0.740370572 0.126160115 0.637007594
1413394916105760512.000000 -1.475754499 0.135525420 -0.525954723 0.185284063 -0.735702872 0.140439242 0.636150837
1413394916155760384.000000 -1.481555223 0.076777846 -0.525933027 0.198097080 -0.735385418 0.150452033 0.630341291
1413394916205760512.000000 -1.483440518 0.019829556 -0.526934803 0.211093038 -0.740410388 0.158792138 0.618075430
1413394916305760512.000000 -1.477631092 -0.089478672 -0.527141154 0.237587035 -0.751910806 0.171974823 0.590429723
1413394916405760512.000000 -1.463679552 -0.194526523 -0.527326405 0.254008114 -0.760597885 0.199767470 0.563084006
1413394916505760512.000000 -1.447419167 -0.294541657 -0.535479248 0.260966569 -0.766253948 0.241475016 0.535202146
1413394916555760384.000000 -1.440854192 -0.341961741 -0.542388141 0.261903852 -0.764544070 0.265948981 0.525499701
1413394916605760512.000000 -1.436186314 -0.387217999 -0.551596045 0.261190355 -0.760361016 0.294036299 0.516888082
1413394916705760512.000000 -1.434555054 -0.467468023 -0.578439653 0.273559809 -0.749276757 0.338626295 0.499080747
1413394916855760384.000000 -1.457343340 -0.555262983 -0.636919200 0.336632639 -0.730852187 0.357630551 0.473955721
1413394916955760384.000000 -1.489454746 -0.595617950 -0.689750493 0.386787862 -0.717594266 0.357208997 0.455911577
1413394917055760384.000000 -1.534492135 -0.628671706 -0.745151579 0.443837494 -0.692494392 0.346608758 0.450912625
1413394917155760384.000000 -1.586591125 -0.660957754 -0.799565256 0.495193213 -0.667617500 0.343048215 0.437479824
1413394917255760384.000000 -1.641619563 -0.697413802 -0.851073384 0.541236103 -0.641638458 0.339517415 0.424371958
1413394917355760384.000000 -1.695549726 -0.742033780 -0.898712933 0.573623061 -0.619583130 0.343485475 0.411207020
1413394917655760384.000000 -1.835785031 -0.941303909 -1.015651584 0.611848533 -0.568035126 0.357609838 0.418440789
1413394917755760384.000000 -1.865990758 -1.030779719 -1.039157629 0.614187062 -0.558022857 0.357280016 0.428644150
1413394917855760384.000000 -1.880792499 -1.126106977 -1.049524188 0.620155632 -0.542387605 0.350142121 0.445671648
1413394917955760384.000000 -1.875256419 -1.227755189 -1.052079916 0.630524039 -0.528221726 0.343931496 0.452915460
1413394918055760384.000000 -1.849486947 -1.331521153 -1.060714245 0.637744129 -0.521058857 0.349822611 0.446547121
1413394918155760384.000000 -1.803775191 -1.437856555 -1.078248620 0.636529267 -0.526171148 0.375828266 0.420389712
1413394918255760384.000000 -1.744107246 -1.546024084 -1.096306801 0.635088921 -0.529132903 0.405033588 0.390676737
1413394918355760384.000000 -1.677904248 -1.656591296 -1.114014030 0.633397281 -0.538489580 0.431672961 0.349993408
1413394918455760384.000000 -1.613446593 -1.771858811 -1.128167987 0.632791460 -0.539706647 0.455280632 0.317822695
1413394918555760384.000000 -1.557574749 -1.894425273 -1.137502074 0.639775157 -0.526386440 0.471239030 0.302553743
1413394918655760384.000000 -1.511779308 -2.023833513 -1.143485665 0.656700015 -0.501855016 0.476714402 0.299382865
1413394918755760384.000000 -1.474194765 -2.157593250 -1.147390246 0.676772475 -0.470384717 0.476997405 0.305271447
1413394918855760384.000000 -1.440645456 -2.293088675 -1.146766663 0.691173136 -0.436447948 0.480078787 0.318303734
1413394918955760384.000000 -1.405974627 -2.426603317 -1.135542274 0.695765197 -0.403954387 0.492594838 0.331786215
1413394919055760384.000000 -1.367239356 -2.551353216 -1.109868765 0.694567561 -0.383484066 0.513713896 0.326517820
1413394919155760384.000000 -1.327467918 -2.661911488 -1.068351865 0.693920374 -0.365712285 0.535609186 0.312812954
1413394919255760384.000000 -1.290485740 -2.756433487 -1.010436296 0.696105719 -0.343575627 0.555749118 0.297549218
1413394919355760384.000000 -1.258629680 -2.835025311 -0.943668783 0.701653540 -0.311662763 0.570977867 0.290745556
1413394919455760384.000000 -1.232595921 -2.896382332 -0.873112261 0.712173522 -0.273432672 0.576573253 0.292586327
1413394919555760384.000000 -1.210190773 -2.937711954 -0.805553019 0.735595465 -0.243341267 0.564565301 0.284517765
1413394919655760384.000000 -1.189015508 -2.959500313 -0.748270988 0.761913598 -0.230106741 0.549835980 0.253414869
1413394919755760384.000000 -1.164817929 -2.967977524 -0.701464713 0.782816112 -0.225481600 0.540841818 0.209397241
1413394919855760384.000000 -1.135313272 -2.970652580 -0.663980305 0.800098836 -0.221392542 0.532901287 0.163839504
1413394919955760384.000000 -1.098957062 -2.973700762 -0.635069430 0.814494014 -0.203474760 0.527770936 0.129055858
1413394920055760384.000000 -1.055470705 -2.980380774 -0.615599513 0.826869190 -0.174263105 0.525346279 0.099654056
1413394920155760384.000000 -1.004151702 -2.991697311 -0.608031929 0.837339103 -0.140586153 0.523291111 0.072561808
1413394920255760384.000000 -0.943876624 -3.008179665 -0.612545013 0.846051335 -0.101916052 0.520678937 0.051997550
1413394920355760384.000000 -0.873492002 -3.028857946 -0.625067234 0.846549094 -0.058072131 0.527378738 0.043059133
1413394920455760384.000000 -0.793036580 -3.049539328 -0.639119804 0.841921389 -0.017317459 0.537937105 0.038629800
1413394920555760384.000000 -0.703902125 -3.066040993 -0.650666595 -0.835000396 -0.020468893 -0.548434615 -0.039683703
1413394920655760384.000000 -0.609096766 -3.074549913 -0.659193695 -0.829289138 -0.050925344 -0.554438293 -0.047795583
1413394920755760384.000000 -0.510538340 -3.069592714 -0.665329576 -0.827227056 -0.069328256 -0.554996252 -0.053556107
1413394920855760384.000000 -0.410195202 -3.048781395 -0.672764063 -0.830162108 -0.069915444 -0.551228702 -0.045713190
1413394920955760384.000000 -0.306574285 -3.013694286 -0.685770333 -0.832102478 -0.064577684 -0.549520135 -0.038247216
1413394921055760384.000000 -0.197308213 -2.966220617 -0.706892967 -0.835459709 -0.049080782 -0.546773553 -0.025237735
1413394921155760384.000000 -0.084651142 -2.910109758 -0.734092116 -0.831352830 -0.027894104 -0.554990470 -0.007743311
1413394921255760384.000000 0.031628426 -2.850688457 -0.770666063 -0.827210605 -0.003658246 -0.561765552 0.011347405
1413394921355760384.000000 0.150004596 -2.793444157 -0.820136309 0.828577816 -0.033322264 0.557056904 -0.045124318
1413394921455760384.000000 0.272676110 -2.747136116 -0.878066361 0.829789162 -0.066442966 0.549214900 -0.073474161
1413394921555760384.000000 0.399995595 -2.720071793 -0.943672657 0.834231019 -0.072830446 0.542396724 -0.067529492
1413394921855760384.000000 0.809174657 -2.721222878 -1.128335357 0.810592473 -0.004964444 0.584503353 0.035652388
1413394921955760384.000000 0.945395410 -2.717546940 -1.180589795 -0.792103767 -0.005396105 -0.610075712 -0.018714748
1413394922055760384.000000 1.072398424 -2.709712982 -1.221486092 -0.780099988 -0.015770651 -0.625294387 0.014223147
1413394922155760384.000000 1.185824275 -2.702694654 -1.245121717 -0.777098000 -0.040078614 -0.626932383 0.038319059
1413394922255760384.000000 1.283328652 -2.699357033 -1.255984187 -0.788008571 -0.074396439 -0.609067619 0.050441697
1413394922355760384.000000 1.371143222 -2.698383570 -1.249182582 -0.799304307 -0.114436306 -0.588132799 0.046009187
1413394922455760384.000000 1.454484344 -2.693356514 -1.221988201 -0.802858174 -0.144981176 -0.576760828 0.041788399
1413394922555760384.000000 1.535334587 -2.678614616 -1.175070882 -0.805040896 -0.156095758 -0.569734097 0.054281771
1413394922655760384.000000 1.614456773 -2.656265497 -1.120557070 -0.807305098 -0.152260065 -0.564734221 0.078425243
1413394922755760384.000000 1.693896294 -2.630494356 -1.066706657 -0.812252760 -0.149259523 -0.556060374 0.093616202
1413394922855760384.000000 1.775946021 -2.603974342 -1.012202740 -0.818600059 -0.148963705 -0.545666456 0.099759407
1413394922955760384.000000 1.862823367 -2.577006578 -0.956917524 -0.822367132 -0.150021806 -0.539678335 0.099765532
1413394923055760384.000000 1.956524491 -2.548531532 -0.907864690 -0.826624691 -0.150688618 -0.533147454 0.098683052
1413394923155760384.000000 2.057489395 -2.518334389 -0.869132817 -0.826475680 -0.152866393 -0.533678889 0.093577415
1413394923255760384.000000 2.166721344 -2.484979391 -0.829138875 -0.814850390 -0.162634492 -0.550837040 0.078406185
1413394923355760384.000000 2.278350115 -2.445629835 -0.788762093 -0.807449937 -0.165396035 -0.561460376 0.073695309
1413394923455760384.000000 2.388862371 -2.398705721 -0.751336396 -0.812172055 -0.165155426 -0.553046167 0.085089751
1413394923555760384.000000 2.500915527 -2.344876051 -0.713641226 -0.817908764 -0.173918992 -0.539550424 0.098300144
1413394923655760384.000000 2.618078470 -2.285147190 -0.676831782 -0.813442767 -0.194352046 -0.537292004 0.108883165
1413394923755760384.000000 2.739670753 -2.219807386 -0.647772729 -0.800147355 -0.223207101 -0.544435561 0.116330631
1413394923855760384.000000 2.861650944 -2.147914410 -0.629669487 -0.785966814 -0.251323342 -0.549908578 0.129202738
1413394923955760384.000000 2.981498003 -2.070216417 -0.622302473 -0.772142351 -0.277923018 -0.552520752 0.145862237
1413394924055760384.000000 3.096494675 -1.987364173 -0.625542819 -0.759288728 -0.303316802 -0.551487029 0.165353179
1413394924155760384.000000 3.205635309 -1.899177432 -0.631417334 -0.748727858 -0.324310124 -0.545159876 0.192432776
1413394924255760384.000000 3.308655500 -1.807258725 -0.634793878 -0.741305411 -0.342400461 -0.531316936 0.225678280
1413394924355760384.000000 3.407717466 -1.714537501 -0.635799825 -0.734120011 -0.360781193 -0.513788700 0.258700609
1413394924455760384.000000 3.506618023 -1.623340726 -0.633726537 -0.719590664 -0.385535568 -0.504811466 0.280565441
1413394924555760384.000000 3.605375290 -1.534000993 -0.629685879 -0.703159630 -0.411111623 -0.497321725 0.298705399
1413394924655760384.000000 3.703040361 -1.445948362 -0.623526692 -0.683930755 -0.443370461 -0.489966154 0.309183568
1413394924755760384.000000 3.798293114 -1.358472943 -0.614423275 -0.660522401 -0.474864930 -0.485656321 0.319924235
1413394924855760384.000000 3.888871908 -1.270974159 -0.601108193 -0.630208731 -0.503739178 -0.490488231 0.329401165
1413394924955760384.000000 3.970458508 -1.185917854 -0.585259438 -0.599609971 -0.528265655 -0.498642951 0.335795343
1413394925055760384.000000 4.039813995 -1.105132937 -0.567284286 -0.574009180 -0.546603024 -0.508426070 0.336513758
1413394925155760384.000000 4.091322899 -1.030077934 -0.551768363 -0.565805733 -0.564499080 -0.499484658 0.334244937
1413394925355760384.000000 4.133880138 -0.886761963 -0.517575204 -0.548830807 -0.599278271 -0.483659595 0.325151980
1413394925555760384.000000 4.103164196 -0.739051223 -0.515619159 -0.551792204 -0.600401580 -0.465997159 0.343351215
1413394925755760384.000000 4.012177944 -0.586934984 -0.549539328 -0.566906393 -0.588163912 -0.439173996 0.373907298
1413394925855760384.000000 3.952257156 -0.509792984 -0.567518413 -0.577536643 -0.578570127 -0.425146997 0.388533384
1413394925955760384.000000 3.888948441 -0.431864679 -0.583487570 -0.581405878 -0.575588048 -0.416452914 0.396525532
1413394926055760384.000000 3.824584961 -0.352331489 -0.597544909 -0.576102614 -0.582708657 -0.415048152 0.395337075
1413394926155760384.000000 3.758928061 -0.272010326 -0.611063421 -0.567590058 -0.593397439 -0.418384582 0.388169378
1413394926255760384.000000 3.689268827 -0.190264538 -0.624003351 -0.560634017 -0.602445722 -0.421003461 0.381450981
1413394926355760384.000000 3.613770247 -0.106471598 -0.637172937 -0.564446926 -0.604381263 -0.411535621 0.383094460
1413394926555760384.000000 3.448470116 0.074943662 -0.660205424 -0.565890193 -0.608787775 -0.390811056 0.395490259
1413394926655760384.000000 3.359758139 0.174335778 -0.669226825 -0.556599200 -0.614213943 -0.373629272 0.416340828
1413394926755760384.000000 3.271227360 0.275388032 -0.677347779 -0.546145976 -0.618971765 -0.343994737 0.447511107
1413394926855760384.000000 3.190519571 0.376100421 -0.686608911 -0.535443544 -0.623248100 -0.306977868 0.480236113
1413394926955760384.000000 3.121142864 0.478508294 -0.696373224 -0.519717813 -0.632324636 -0.276839465 0.503407240
1413394927055760384.000000 3.069373846 0.587294221 -0.713269591 -0.499514610 -0.645180643 -0.265246272 0.513684273
1413394927155760384.000000 3.033777237 0.702639520 -0.738216698 -0.468143523 -0.666572094 -0.282595575 0.506619215
1413394927255760384.000000 3.008565426 0.820372462 -0.762378514 -0.439772367 -0.683271945 -0.303664237 0.497521669
1413394927355760384.000000 2.987574577 0.936390877 -0.774533689 -0.424861670 -0.694351673 -0.313797951 0.488773108
1413394927805760512.000000 2.872588158 1.432542801 -0.687551379 -0.421390444 -0.700998306 -0.300576121 0.490597010
1413394927855760384.000000 2.858757734 1.486259937 -0.675736308 -0.418293685 -0.701045632 -0.302147537 0.492211640
1413394927905760512.000000 2.845130444 1.539548993 -0.666952789 -0.416992784 -0.701513231 -0.302018315 0.492728323
1413394931605760512.000000 4.985748291 0.682499170 -1.331243277 -0.419062674 -0.651630044 -0.344854057 0.529943943
