1403638148445096960.000000 -34.002258301 -7.629919529 -5.858009338 -0.585156560 -0.570491016 -0.410615981 0.404384047
1403638149095097088.000000 -34.023723602 -7.529028416 -5.771757126 -0.582097232 -0.584707677 -0.398884386 0.400213659
1403638149345096960.000000 -34.045185089 -7.465420723 -5.681124210 -0.580021977 -0.580910921 -0.400453597 0.407128870
1403638149595097088.000000 -34.070198059 -7.404404640 -5.617248058 -0.577240109 -0.581458032 -0.402877748 0.407909423
1403638149845096960.000000 -34.100654602 -7.346978188 -5.590425491 -0.568484664 -0.590453923 -0.397119820 0.412898630
1403638150345096960.000000 -34.187580109 -7.242938995 -5.630765438 -0.554631650 -0.607336760 -0.403759599 0.400629669
1403638150845096960.000000 -34.385608673 -7.114758015 -5.643014908 -0.546205282 -0.627768338 -0.368244559 0.414683968
1403638151095097088.000000 -34.504531860 -7.020409107 -5.621437073 -0.521845877 -0.638472140 -0.366541505 0.430903256
1403638151145096960.000000 -34.526672363 -7.006050110 -5.622937679 -0.514210820 -0.642827272 -0.364850968 0.435021996
1403638151495097088.000000 -34.741252899 -6.864885807 -5.640358448 -0.460100144 -0.683833778 -0.322902262 0.465202600
1403638151945096960.000000 -35.031906128 -6.730809212 -5.567144871 -0.422444254 -0.708932579 -0.297040850 0.480335444
1403638152145096960.000000 -35.171936035 -6.651595592 -5.512495041 -0.419963181 -0.711190104 -0.295903444 0.479875743
1403638152445096960.000000 -35.397235870 -6.557348251 -5.479429722 -0.418509990 -0.712466657 -0.302586615 0.475060165
1403638152645096960.000000 -35.546009064 -6.501971245 -5.493391514 -0.420660168 -0.712839484 -0.301664740 0.473184317
1403638152895097088.000000 -35.784397125 -6.426132202 -5.482811451 -0.411900610 -0.714362979 -0.286289185 0.487915844
1403638153095097088.000000 -35.993110657 -6.366001606 -5.435056686 -0.392120481 -0.726805210 -0.268614143 0.495824814
1403638153195097088.000000 -36.090244293 -6.335388184 -5.411571026 -0.385459751 -0.733562171 -0.261256814 0.495027602
1403638153245096960.000000 -36.113574982 -6.315199852 -5.423118114 -0.382030398 -0.736200929 -0.259302318 0.494796216
1403638153695097088.000000 -36.601352692 -6.165950298 -5.323721886 -0.322213918 -0.768263876 -0.235785320 0.500354052
1403638153945096960.000000 -36.892280579 -6.082594395 -5.281716347 -0.293611526 -0.772789836 -0.214692473 0.520091593
1403638154045096960.000000 -37.011829376 -6.051385403 -5.276518345 -0.289139748 -0.772085667 -0.209315911 0.525802910
1403638154245096960.000000 -37.251663208 -5.994634628 -5.280459404 -0.279810667 -0.767608702 -0.212556884 0.536006093
1403638154395097088.000000 -37.430511475 -5.959797382 -5.292484283 -0.276976287 -0.760913670 -0.216801926 0.545244455
1403638154795097088.000000 -37.882507324 -5.926429749 -5.314616203 -0.269625157 -0.769323647 -0.204649255 0.541813791
1403638154895097088.000000 -37.990718842 -5.929974556 -5.304289818 -0.261847198 -0.774418294 -0.203129604 0.538934946
1403638155345096960.000000 -38.480529785 -6.005838394 -5.210643291 -0.220155865 -0.779793620 -0.184526160 0.556240499
1403638155445096960.000000 -38.587600708 -6.036305904 -5.201603889 -0.208904773 -0.779887915 -0.182152584 0.561207771
1403638155495097088.000000 -38.640583038 -6.053855419 -5.199789047 -0.203305170 -0.781032383 -0.179566637 0.562504470
1403638155695097088.000000 -38.846179962 -6.141374588 -5.205357075 -0.182951123 -0.780649364 -0.150290012 0.578384399
1403638155795097088.000000 -38.942707062 -6.193263531 -5.214966297 -0.168105334 -0.783183455 -0.134671807 0.583290577
1403638155845096960.000000 -38.988914490 -6.220939159 -5.221181393 -0.160467118 -0.785279155 -0.125823766 0.584598482
1403638156095097088.000000 -39.198543549 -6.371871471 -5.243379116 -0.113138668 -0.811045408 -0.078160137 0.568591297
1403638156295097088.000000 -39.354557037 -6.493600368 -5.226407051 -0.079591736 -0.821720362 -0.045896634 0.562436104
1403638156645096960.000000 -39.634147644 -6.679131985 -5.215618610 -0.053853288 -0.829851449 -0.021070573 0.554979563
1403638156845096960.000000 -39.810104370 -6.767417431 -5.239676952 -0.052739497 -0.830625653 -0.020933924 0.553932726
1403638157145096960.000000 -40.097576141 -6.876809120 -5.266009808 -0.059141021 -0.833981693 -0.024967317 0.548045278
1403638157245096960.000000 -40.202068329 -6.907299995 -5.262469292 -0.061712481 -0.835308790 -0.025697121 0.545701921
1403638157345096960.000000 -40.310485840 -6.936206341 -5.251227856 -0.058741853 -0.834214211 -0.026879394 0.547643602
1403638157545096960.000000 -40.540737152 -6.990915775 -5.233576298 -0.046320468 -0.829780698 -0.029244656 0.555394709
1403638157995097088.000000 -41.082210541 -7.133983612 -5.194518566 0.027772889 -0.819799423 0.011478877 0.571861863
1403638158095097088.000000 -41.199687958 -7.170496941 -5.177987576 0.037191261 -0.821415484 0.027156295 0.568468153
1403638158395097088.000000 -41.547004700 -7.268835545 -5.159505367 0.053730007 -0.820790887 0.043643139 0.567019165
1403638158545096960.000000 -41.715843201 -7.312431812 -5.164776325 0.060973436 -0.818721116 0.036923621 0.569749773
1403638158845096960.000000 -42.042877197 -7.408898354 -5.185412407 0.053024426 -0.821468532 0.041647803 0.566253722
1403638158945096960.000000 -42.149818420 -7.442479610 -5.183131695 0.048644260 -0.824845254 0.044948827 0.561465681
1403638159195097088.000000 -42.421119690 -7.520841122 -5.150506020 0.044593420 -0.842401564 0.043780152 0.535214305
1403638159295097088.000000 -42.538925171 -7.549936771 -5.139369965 0.043265048 -0.841325521 0.043260869 0.537055075
1403638159645096960.000000 -42.971790314 -7.631292343 -5.096511841 0.022449015 -0.798744142 0.070233338 0.597135782
1403638159895097088.000000 -43.241668701 -7.632466316 -5.017199993 0.026860723 -0.792914569 0.065761618 0.605177879
1403638159995097088.000000 -43.331851959 -7.617052078 -4.970772743 0.036272913 -0.794087887 0.053147029 0.604387283
1403638160095097088.000000 -43.410251617 -7.597356796 -4.917026997 0.041502099 -0.797120750 0.047135040 0.600545049
1403638160295097088.000000 -43.550891876 -7.552428722 -4.786016464 0.047224492 -0.817003131 0.043077376 0.573079467
1403638160445096960.000000 -43.651340485 -7.516968250 -4.671247005 0.049339242 -0.825857103 0.041227698 0.560201824
1403638160595097088.000000 -43.755908966 -7.481670856 -4.564357758 0.049398854 -0.827958286 0.041075718 0.557097614
1403638160795097088.000000 -43.905437469 -7.436771393 -4.437725067 0.043775529 -0.823476493 0.046480071 0.563746333
1403638161095097088.000000 -44.125328064 -7.345577240 -4.273027420 0.002527544 -0.805693448 0.033747938 0.591365218
1403638161195097088.000000 -44.187015533 -7.305830002 -4.226609230 -0.013923670 -0.807226419 0.017813113 0.589808822
1403638161345096960.000000 -44.274154663 -7.239693642 -4.160587311 -0.045147251 -0.811059058 -0.008256669 0.583161056
1403638161595097088.000000 -44.404739380 -7.123765945 -4.064181328 -0.079724237 -0.822058141 -0.035920717 0.562649369
1403638161995097088.000000 -44.617298126 -6.915799141 -3.972830296 -0.111937992 -0.812992334 -0.051490933 0.569088817
1403638162145096960.000000 -44.695606232 -6.827549458 -3.939745426 -0.120967977 -0.812709868 -0.055647895 0.567250192
1403638162295097088.000000 -44.771739960 -6.733638763 -3.895744324 -0.129029006 -0.815009177 -0.053888686 0.562323511
1403638162645096960.000000 -44.946128845 -6.475489140 -3.813399792 -0.128093615 -0.812838376 -0.058929574 0.565166473
1403638162795097088.000000 -45.016178131 -6.351644993 -3.763152599 -0.125844970 -0.815417826 -0.061488770 0.561672509
1403638162895097088.000000 -45.061347961 -6.265524864 -3.720770597 -0.132508174 -0.813825369 -0.060745902 0.562529922
1403638163095097088.000000 -45.148056030 -6.081732273 -3.629787207 -0.144678399 -0.799731910 -0.063515320 0.579191685
1403638163245096960.000000 -45.203800201 -5.934570789 -3.600268841 -0.155263364 -0.798368216 -0.077522188 0.576621115
1403638163345096960.000000 -45.236660004 -5.832624912 -3.594624758 -0.164288357 -0.797565460 -0.091749214 0.573132575
1403638163495097088.000000 -45.280143738 -5.677251339 -3.592103004 -0.182020783 -0.794180036 -0.111187764 0.569020152
1403638163995097088.000000 -45.382747650 -5.172719002 -3.470781088 -0.207710326 -0.788468719 -0.122566149 0.565818906
1403638164145096960.000000 -45.400772095 -5.022975922 -3.400091171 -0.210402876 -0.788011253 -0.115631588 0.566919982
1403638203245096960.000000 -39.980072021 -0.219290808 -3.608319283 -0.630399823 -0.515928984 -0.451214254 0.364443392
1403638203345096960.000000 -40.172149658 -0.216600776 -3.617346525 -0.629744470 -0.514132619 -0.451749742 0.367439508
1403638203595097088.000000 -40.635780334 -0.221448362 -3.656517029 -0.631262779 -0.511326551 -0.448509544 0.372681856
1403638203845096960.000000 -41.071899414 -0.241871044 -3.680119514 -0.630653560 -0.513098657 -0.447951794 0.371947676
1403638204095097088.000000 -41.480411530 -0.280380934 -3.662767887 -0.631322742 -0.516210198 -0.443406850 0.371952981
1403638204345096960.000000 -41.860763550 -0.327578723 -3.604100227 -0.646431804 -0.512258351 -0.419625103 0.378988117
1403638204595097088.000000 -42.187705994 -0.365137726 -3.540048599 -0.653365016 -0.507662654 -0.409435064 0.384390146
1403638204845096960.000000 -42.457557678 -0.389983445 -3.513267756 -0.627705455 -0.535365999 -0.414748996 0.383865178
1403638205095097088.000000 -42.704517365 -0.405362278 -3.525772810 -0.570873678 -0.590721667 -0.404222518 0.402188301
1403638205345096960.000000 -42.960811615 -0.417974114 -3.531091452 -0.494205505 -0.651929915 -0.356968194 0.450912595
1403638205395097088.000000 -43.013057709 -0.420529991 -3.525941849 -0.476081312 -0.663271427 -0.348132610 0.460674942
1403638205495097088.000000 -43.116588593 -0.426611543 -3.509729385 -0.441088587 -0.683053315 -0.336348325 0.475130260
1403638205595097088.000000 -43.219081879 -0.437272936 -3.486835241 -0.410994291 -0.698265016 -0.332957596 0.482336998
1403638205645096960.000000 -43.270511627 -0.445001662 -3.473133087 -0.397797763 -0.702760160 -0.334491104 0.485799253
1403638205745096960.000000 -43.377067566 -0.465327263 -3.440208912 -0.376681775 -0.709493637 -0.335819989 0.491888881
1403638205895097088.000000 -43.547241211 -0.515780032 -3.384565353 -0.354001671 -0.721969008 -0.321574420 0.500033557
1403638205995097088.000000 -43.669357300 -0.561611891 -3.341706991 -0.340081781 -0.730453670 -0.303865075 0.508377612
1403638206095097088.000000 -43.795108795 -0.617599666 -3.292522669 -0.323760062 -0.738948166 -0.287443101 0.516247630
1403638206195097088.000000 -43.922927856 -0.682540953 -3.240484238 -0.306303829 -0.745686948 -0.272886544 0.525035143
1403638206295097088.000000 -44.052299500 -0.754781067 -3.192027092 -0.290676892 -0.750564158 -0.257888526 0.534466028
1403638206395097088.000000 -44.181037903 -0.833540499 -3.150393009 -0.283412606 -0.752264500 -0.239201665 0.544571459
1403638206595097088.000000 -44.427307129 -1.005328774 -3.086183548 -0.275158137 -0.751165867 -0.220712170 0.557964206
1403638206695097088.000000 -44.543407440 -1.097953677 -3.064496279 -0.271194041 -0.750906110 -0.214440316 0.562680423
1403638206795097088.000000 -44.654109955 -1.195064306 -3.050274849 -0.264378875 -0.754207551 -0.206983924 0.564298272
1403638206895097088.000000 -44.758876801 -1.294676542 -3.041634560 -0.257881135 -0.755877495 -0.202671796 0.566631079
1403638206995097088.000000 -44.858589172 -1.396811604 -3.038656473 -0.254104018 -0.754462659 -0.198520586 0.571670234
1403638207095097088.000000 -44.951442719 -1.501907349 -3.042164564 -0.250479341 -0.753101349 -0.197676793 0.575345516
1403638207195097088.000000 -45.037227631 -1.610303879 -3.054131031 -0.249000952 -0.752430737 -0.194312349 0.578004599
1403638207295097088.000000 -45.116008759 -1.723020077 -3.073648930 -0.242033109 -0.753400147 -0.190713987 0.580892742
1403638207395097088.000000 -45.187561035 -1.840258241 -3.098910332 -0.231088683 -0.754096210 -0.183276355 0.586810708
1403638207495097088.000000 -45.250686646 -1.962596893 -3.121838093 -0.214748666 -0.757288277 -0.172700956 0.592091203
1403638207595097088.000000 -45.303527832 -2.089865923 -3.138821602 -0.199793905 -0.765167296 -0.159580469 0.590876818
1403638207695097088.000000 -45.345233917 -2.220319510 -3.150618076 -0.191901848 -0.775199056 -0.143391952 0.584532976
1403638207795097088.000000 -45.378952026 -2.350337744 -3.153567314 -0.186915487 -0.781680226 -0.130949676 0.580423057
1403638207895097088.000000 -45.406696320 -2.477812290 -3.147967815 -0.185065210 -0.788887084 -0.121599525 0.573255360
1403638207995097088.000000 -45.430850983 -2.601383924 -3.135662556 -0.183353439 -0.792711020 -0.118200608 0.569227040
1403638208095097088.000000 -45.450355530 -2.721855164 -3.123713970 -0.182159677 -0.792089760 -0.117957674 0.570524037
1403638208195097088.000000 -45.466117859 -2.839396715 -3.117474794 -0.182673052 -0.787292004 -0.117440045 0.577070057
1403638208345096960.000000 -45.482238770 -3.010572433 -3.122919559 -0.183364585 -0.787008047 -0.120200418 0.576669514
1403638208845096960.000000 -45.482089996 -3.551581144 -3.138218641 -0.154271394 -0.798021615 -0.093913496 0.574927986
1403638208945096960.000000 -45.473751068 -3.650907516 -3.132743597 -0.146413431 -0.798531353 -0.091702014 0.576629519
1403638209195097088.000000 -45.437595367 -3.888279676 -3.150107861 -0.138483316 -0.799937129 -0.085626006 0.577573538
1403638209295097088.000000 -45.417713165 -3.978780508 -3.168705940 -0.138423622 -0.799879670 -0.082959160 0.578056455
1403638209395097088.000000 -45.395896912 -4.066487312 -3.193434477 -0.138758257 -0.800040364 -0.080922365 0.578042507
1403638209495097088.000000 -45.372329712 -4.150911331 -3.224235773 -0.138927460 -0.798803329 -0.079852894 0.579858661
1403638209695097088.000000 -45.319377899 -4.310212135 -3.329021215 -0.140445024 -0.797309339 -0.079401270 0.581608534
1403638209995097088.000000 -45.220581055 -4.530451775 -3.604093552 -0.134612367 -0.792724013 -0.089172319 0.587806582
1403638210245096960.000000 -45.107677460 -4.708512783 -3.841775656 -0.133622646 -0.782998562 -0.089706734 0.600841999
1403638210345096960.000000 -45.046936035 -4.780634403 -3.927579403 -0.132542923 -0.783343673 -0.091035873 0.600431144
1403638210545096960.000000 -44.902664185 -4.925434113 -4.104916573 -0.133795261 -0.783209026 -0.089228645 0.600600421
1403638210745096960.000000 -44.730697632 -5.070052147 -4.298193455 -0.135320991 -0.781253338 -0.087756909 0.603017628
1403638210845096960.000000 -44.631107330 -5.143061161 -4.389737129 -0.136034518 -0.782244623 -0.086760677 0.601714611
1403638210995097088.000000 -44.469459534 -5.250520706 -4.514277458 -0.138003603 -0.787677348 -0.082578614 0.594726980
1403638211145096960.000000 -44.294471741 -5.355303764 -4.619850636 -0.139067039 -0.792295814 -0.079361498 0.588752508
1403638211245096960.000000 -44.175449371 -5.421295643 -4.680717468 -0.139820486 -0.794236124 -0.077297024 0.586228907
1403638211345096960.000000 -44.055484772 -5.482974529 -4.734038353 -0.142058045 -0.794839323 -0.078573532 0.584701836
1403638211545096960.000000 -43.803638458 -5.596722126 -4.848389626 -0.162118569 -0.791919053 -0.090935133 0.581646562
1403638211695097088.000000 -43.604797363 -5.674111843 -4.948496342 -0.190329373 -0.784368455 -0.103913710 0.581156433
1403638211795097088.000000 -43.467880249 -5.720809460 -5.020472050 -0.214553297 -0.779315412 -0.114877522 0.577440560
1403638211945096960.000000 -43.256050110 -5.781881332 -5.121903419 -0.252750874 -0.769371152 -0.132534564 0.571506500
1403638212095097088.000000 -43.034934998 -5.830337524 -5.206166744 -0.285226792 -0.759107053 -0.155455291 0.564123929
1403638212395097088.000000 -42.566951752 -5.899749279 -5.315748215 -0.340385497 -0.736423731 -0.207863212 0.546452940
1403638212545096960.000000 -42.320629120 -5.927515507 -5.341667652 -0.370135725 -0.722014546 -0.227924719 0.538279653
1403638212695097088.000000 -42.065963745 -5.953633785 -5.352652550 -0.399754792 -0.707724392 -0.247829109 0.527165234
1403638212845096960.000000 -41.803405762 -5.979079247 -5.346702099 -0.428955138 -0.691698432 -0.270219982 0.514326692
1403638212945096960.000000 -41.624622345 -5.995675564 -5.337537289 -0.450498372 -0.678879738 -0.283726603 0.505641043
1403638213045096960.000000 -41.443260193 -6.010686874 -5.322402000 -0.472338378 -0.665420234 -0.298145503 0.495198667
1403638213145096960.000000 -41.259876251 -6.024806499 -5.304885387 -0.496014893 -0.650457025 -0.309408963 0.484913349
1403638213245096960.000000 -41.074184418 -6.037781715 -5.292730808 -0.522870660 -0.636537254 -0.314798146 0.471517563
1403638213345096960.000000 -40.886013031 -6.047665119 -5.287577629 -0.551393688 -0.621311307 -0.316329479 0.458119005
1403638213445096960.000000 -40.421627045 -6.130606174 -5.254355907 -0.569747508 -0.612297952 -0.313607633 0.449587792
1403638213545096960.000000 -40.495670319 -6.050558090 -5.293060780 -0.599484324 -0.585204303 -0.325658262 0.438293636
1403638213645096960.000000 -40.110984802 -6.121669292 -5.238605022 -0.597160101 -0.578024924 -0.347881138 0.433896065
1403638213745096960.000000 -40.080589294 -6.027997971 -5.300560474 -0.599245012 -0.564215958 -0.375728250 0.425903827
1403638213845096960.000000 -39.869686127 -6.012518883 -5.296405792 -0.595876336 -0.560909867 -0.392215520 0.420093447
1403638213945096960.000000 -39.517089844 -6.067173958 -5.206043243 -0.589537561 -0.566777229 -0.396045297 0.417561054
1403638214045096960.000000 -39.450523376 -5.981232166 -5.273059368 -0.596504807 -0.562971234 -0.397253722 0.411624670
1403638214145096960.000000 -39.131958008 -6.035059452 -5.151482582 -0.594632447 -0.575840771 -0.388067842 0.405244529
1403638214245096960.000000 -38.937492371 -6.008469105 -5.139973164 -0.596450806 -0.583469510 -0.381137818 0.398175597
1403638214345096960.000000 -38.838764191 -5.925674438 -5.218757629 -0.602436543 -0.581878781 -0.376918495 0.395499408
1403638214445096960.000000 -38.571285248 -5.972949982 -5.087449551 -0.595816493 -0.593504667 -0.371998042 0.392902613
1403638214545096960.000000 -38.442241669 -5.862703323 -5.204542637 -0.593555629 -0.585393965 -0.379029512 0.401674449
1403638214645096960.000000 -38.177932739 -5.875514030 -5.099886894 -0.581968904 -0.590574443 -0.382780164 0.407447487
1403638214945096960.000000 -37.678470612 -5.710833549 -5.239963055 -0.570783138 -0.580713153 -0.394670784 0.425692171
1403638215045096960.000000 -37.494400024 -5.676811695 -5.262776375 -0.569229782 -0.581116557 -0.394462943 0.427410960
1403638215145096960.000000 -37.267314911 -5.663598537 -5.220979214 -0.564039171 -0.587254167 -0.394224018 0.426121861
1403638215595097088.000000 -36.526821136 -5.521321774 -5.345129490 -0.558865249 -0.594711423 -0.401847184 0.415339410
1403638215745096960.000000 -36.307849884 -5.489290714 -5.360443115 -0.560684144 -0.591176271 -0.399363190 0.420301169
1403638215845096960.000000 -36.165321350 -5.470125675 -5.440271378 -0.568090916 -0.583862364 -0.397645831 0.422202945
1403638216195097088.000000 -35.670345306 -5.422824383 -5.507592678 -0.574885905 -0.576674938 -0.404077411 0.416741878
1403638216445096960.000000 -35.345733643 -5.407484055 -5.525223732 -0.573711991 -0.573533237 -0.410270393 0.416644394
1403638216595097088.000000 -35.164817810 -5.407167912 -5.529607773 -0.573776484 -0.574502110 -0.410937071 0.414558440
1403638216895097088.000000 -34.875556946 -5.405813217 -5.500516415 -0.570474446 -0.574026346 -0.422218144 0.408392668
1403638217345096960.000000 -34.465049744 -5.483041763 -5.624820232 -0.610983431 -0.541092038 -0.431983948 0.383808076
1403638217495097088.000000 -34.341392517 -5.509246826 -5.652087688 -0.616266489 -0.537505507 -0.434883326 0.377067566
1403638217645096960.000000 -34.225231171 -5.539368153 -5.653761864 -0.615054309 -0.540421903 -0.440931201 0.367739230
1403638217795097088.000000 -34.130268097 -5.565231800 -5.635301590 -0.611486614 -0.546252728 -0.446407884 0.358346462
1403638217945096960.000000 -34.048801422 -5.591482162 -5.611771107 -0.607531369 -0.549036145 -0.450314909 0.355923325
1403638218095097088.000000 -33.986148834 -5.614150047 -5.599379539 -0.603886068 -0.548931003 -0.452476531 0.359529346
1403638218295097088.000000 -33.931259155 -5.643948555 -5.602369308 -0.598919153 -0.546090603 -0.454966038 0.368899435
1403638218445096960.000000 -33.911388397 -5.670330048 -5.605566502 -0.599339724 -0.542498767 -0.450796098 0.378510028
1403638218945096960.000000 -33.930160522 -5.795800686 -5.561568737 -0.624237955 -0.534113467 -0.434825957 0.368749529
1403638219245096960.000000 -33.965267181 -5.869010448 -5.577586651 -0.632699430 -0.514261305 -0.438540578 0.378032893
1403638219745096960.000000 -34.027908325 -6.033040047 -5.600327015 0.625791907 0.505455375 0.451747179 -0.385776788
