1403638608427829504.000000 0.102612287 -0.459138185 0.955192447 -0.548155129 -0.594594359 -0.391921341 0.438612878
1403638608527829504.000000 0.025127240 -0.433764428 0.890083611 -0.549787700 -0.595700204 -0.390328407 0.436484218
1403638608777829376.000000 -0.157007396 -0.389313161 0.732027352 -0.548593879 -0.590988338 -0.392324775 0.442559510
1403638609027829504.000000 -0.320427746 -0.376198143 0.610990822 -0.556723595 -0.595503569 -0.380091727 0.436995149
1403638609277829376.000000 -0.459900469 -0.376050591 0.525325119 -0.560172975 -0.589329243 -0.375149071 0.445152074
1403638609777829376.000000 -0.653437972 -0.406802982 0.257782727 -0.557602286 -0.595500350 -0.381045222 0.435044438
1403638610027829504.000000 -0.721452057 -0.427181035 0.135441020 -0.557359934 -0.592972338 -0.381568998 0.438336492
1403638610277829376.000000 -0.769186199 -0.458218426 0.043516010 -0.552764833 -0.587072909 -0.388713241 0.445756108
1403638610527829504.000000 -0.796809256 -0.508591354 -0.079727910 -0.549435675 -0.584499300 -0.394129038 0.448490173
1403638610727829504.000000 -0.805323005 -0.574863255 -0.188844621 -0.544175923 -0.579096019 -0.400434136 0.456259698
1403638610927829504.000000 -0.801177502 -0.668049932 -0.279336154 -0.552451551 -0.587421238 -0.386479765 0.447623610
1403638611377829376.000000 -0.739460647 -0.924892604 -0.462283701 -0.544982970 -0.588812530 -0.394339681 0.448095500
1403638611527829504.000000 -0.707223296 -1.031265855 -0.509239316 -0.536611557 -0.598112464 -0.407474935 0.433905095
1403638611877829376.000000 -0.657646835 -1.312286377 -0.598275423 -0.552371681 -0.595811188 -0.388710350 0.434509993
1403638612277829376.000000 -0.599409878 -1.637158275 -0.707685769 -0.560080349 -0.592467010 -0.380539626 0.436442941
1403638612677829376.000000 -0.509167016 -1.946647167 -0.779624701 -0.553887010 -0.593602002 -0.395695060 0.429268450
1403638612927829504.000000 -0.455068082 -2.145014286 -0.860111713 -0.553101003 -0.589400351 -0.402951241 0.429321468
1403638613127829504.000000 -0.421745598 -2.311062098 -0.902831376 -0.557452023 -0.588553965 -0.399148762 0.428405941
1403638613327829504.000000 -0.393927246 -2.480473757 -0.915868878 -0.559680700 -0.589283168 -0.396814108 0.426663041
1403638613527829504.000000 -0.369769484 -2.650083303 -0.919068336 -0.559783101 -0.586118698 -0.400037050 0.427876383
1403638613977829376.000000 -0.315477431 -3.050436735 -1.015830517 -0.577623963 -0.554903328 -0.418143272 0.428472847
1403638614177829376.000000 -0.281504154 -3.252856016 -1.089958191 -0.602076590 -0.535777152 -0.432138562 0.404602021
1403638614377829376.000000 -0.247492254 -3.465455294 -1.148555279 -0.623402059 -0.517647266 -0.440501124 0.386483967
1403638614527829504.000000 -0.223203987 -3.627166271 -1.171965957 -0.633706212 -0.506734550 -0.442338169 0.382064849
1403638614777829376.000000 -0.173561633 -3.898824930 -1.173143864 -0.659192026 -0.479679525 -0.442060739 0.374106586
1403638614977829376.000000 -0.114791602 -4.121356964 -1.138671041 -0.688633621 -0.449716628 -0.445548773 0.353588820
1403638615227829504.000000 -0.004063878 -4.400203705 -1.068530202 -0.714378655 -0.402110815 -0.482315063 0.308775425
1403638615577829376.000000 0.174776405 -4.787998199 -0.979183674 -0.748395920 -0.320893645 -0.525000691 0.247598797
1403638615727829504.000000 0.246907815 -4.950698376 -0.954504073 -0.757494450 -0.298390538 -0.532532930 0.231460512
1403638615927829504.000000 0.336863011 -5.167513371 -0.901704371 -0.765742302 -0.276219577 -0.537401855 0.220319614
1403638616077829376.000000 0.401745141 -5.332751751 -0.869095027 -0.772400439 -0.259235322 -0.541240633 0.207974225
1403638616227829504.000000 0.464868873 -5.500471592 -0.862462640 -0.780172944 -0.237694725 -0.545241833 0.193759844
1403638616427829504.000000 0.548343360 -5.728047371 -0.908242106 -0.791553020 -0.201482341 -0.551548362 0.169242963
1403638616577829376.000000 0.608992755 -5.898473740 -0.960152149 -0.798952162 -0.181363761 -0.552018225 0.155108362
1403638616827829504.000000 0.713266134 -6.179930210 -1.064377904 -0.821059048 -0.162437871 -0.526912034 0.147782370
1403638617027829504.000000 0.824960232 -6.401435852 -1.134255648 -0.819344044 -0.164149806 -0.530698299 0.141737998
1403638617177829376.000000 0.926909387 -6.564825535 -1.160319328 -0.812187552 -0.172227368 -0.540716588 0.135332346
1403638617377829376.000000 1.074723959 -6.772250175 -1.172108412 -0.816392958 -0.181206509 -0.532335937 0.131473124
1403638617677829376.000000 1.323127151 -7.048775196 -1.133100033 -0.815855384 -0.191362306 -0.530017078 0.129778594
1403638618127829504.000000 1.756825805 -7.369693279 -0.978927493 -0.811536431 -0.197780877 -0.533322394 0.133635879
1403638618327829504.000000 1.963335633 -7.483064175 -0.932766855 -0.809927225 -0.200074077 -0.534764767 0.134219378
1403638618527829504.000000 2.174558640 -7.579719067 -0.900012732 -0.808648527 -0.202019095 -0.535700977 0.135279104
1403638618777829376.000000 2.447312355 -7.677743435 -0.862401783 -0.809058785 -0.195790008 -0.539114773 0.128239900
1403638618977829376.000000 2.670648575 -7.736368179 -0.814791203 -0.806508780 -0.182373166 -0.549080908 0.121629700
1403638619177829376.000000 2.892982006 -7.784537315 -0.788274467 -0.808111012 -0.149003357 -0.561280549 0.098583095
1403638619377829376.000000 3.107867241 -7.822930813 -0.794768572 -0.812743783 -0.099851124 -0.569755793 0.069682933
1403638619827829504.000000 3.556929588 -7.877845764 -0.872835219 -0.816140115 -0.029417252 -0.573832214 0.061371952
1403638620027829504.000000 3.743286848 -7.916402817 -0.920308769 -0.815176666 -0.021856250 -0.575836301 0.058497131
1403638620427829504.000000 4.075518131 -8.055077553 -0.954285443 -0.811721981 -0.025670724 -0.581514597 0.047846053
1403638620627829504.000000 4.218543053 -8.145828247 -0.946211219 -0.814261913 -0.029364886 -0.577757418 0.048079874
1403638621027829504.000000 4.483063698 -8.351529121 -0.984603226 -0.818055093 -0.043495551 -0.571973383 0.041719906
1403638621227829504.000000 4.607846260 -8.455721855 -1.003977418 -0.814041793 -0.047906257 -0.577248693 0.042719137
1403638621627829504.000000 4.835839272 -8.645351410 -1.019537568 -0.807479680 -0.055177342 -0.585769415 0.042500947
1403638622027829504.000000 4.996811867 -8.812052727 -1.101189971 -0.798477650 -0.056961440 -0.597760856 0.043253459
1403638622427829504.000000 5.061621666 -8.962512970 -1.198750377 -0.801445305 -0.052153483 -0.593919337 0.047173932
1403638622677829376.000000 5.047886372 -9.058159828 -1.206438899 -0.796452761 -0.055055078 -0.600896955 0.039432183
1403638622877829376.000000 5.006571770 -9.128623009 -1.171805143 -0.780432940 -0.052508693 -0.621704817 0.040626425
1403638623127829504.000000 4.898726463 -9.210979462 -1.138995767 -0.794708252 -0.048081134 -0.603501856 0.043733552
1403638623277829376.000000 4.808769226 -9.261003494 -1.135421753 -0.800487220 -0.045392994 -0.595739663 0.047477417
1403638623527829504.000000 4.636535168 -9.347740173 -1.148773193 -0.805461049 -0.044914544 -0.589016259 0.047697980
1403638624027829504.000000 4.211878777 -9.532332420 -1.108816743 0.808378100 0.045350112 0.585683823 -0.037983410
