1413393273805760512.000000 0.339417756 -0.419634104 -0.215477541 -0.486421555 -0.646101356 -0.353973627 0.469733864
1413393274055760384.000000 0.295133621 -0.492219061 -0.172518790 -0.533253193 -0.616119206 -0.369243950 0.446874827
1413393274305760512.000000 0.261639088 -0.554689050 -0.119125456 -0.571861684 -0.581960440 -0.389737725 0.427084178
1413393274605760512.000000 0.242654026 -0.616189897 -0.073806234 -0.610664368 -0.540361822 -0.418475538 0.399970472
1413393274905760512.000000 0.245724350 -0.666750133 -0.095371202 -0.636924624 -0.498049945 -0.458893001 0.368361861
1413393275705760512.000000 0.250987083 -0.859539986 -0.097851321 -0.720052838 -0.364038110 -0.515814006 0.287986308
1413393275955760384.000000 0.263344407 -0.938425303 -0.077650957 -0.755405605 -0.336697876 -0.499067485 0.258705735
1413393276405760512.000000 0.344125241 -1.032495856 -0.018838093 -0.731526375 -0.347903907 -0.537650168 0.234017894
1413393276705760512.000000 0.380201459 -1.063006401 -0.043896422 -0.742395163 -0.345833838 -0.515645921 0.251709670
1413393277405760512.000000 0.522668719 -1.059541941 -0.067545034 -0.735658586 -0.347005725 -0.524540007 0.251498044
1413393278155760384.000000 0.700542569 -1.044210196 -0.103504643 -0.756748796 -0.270262748 -0.550118089 0.227287173
1413393278455760384.000000 0.774080217 -1.098954797 -0.117147043 -0.791312039 -0.211792439 -0.536380053 0.203139246
1413393278655760384.000000 0.845290244 -1.153920531 -0.115173832 -0.802246273 -0.194496289 -0.528299510 0.198675066
1413393279005760512.000000 1.023813367 -1.282117605 -0.084475726 -0.780738115 -0.225140825 -0.562071502 0.154386505
1413393279505760512.000000 1.257628798 -1.416154981 -0.091830716 -0.789008141 -0.244893178 -0.542481303 0.152340442
1413393279855760384.000000 1.415133953 -1.439750433 -0.099908531 -0.772863925 -0.249841437 -0.559609592 0.164614305
1413393280205760512.000000 1.541044474 -1.431932569 -0.106901318 -0.769084394 -0.244409710 -0.559097052 0.190219998
1413393280555760384.000000 1.639232039 -1.444759369 -0.086176835 -0.769697011 -0.235949710 -0.551126361 0.219440311
1413393280755760384.000000 1.698346257 -1.483858109 -0.097908974 -0.777173519 -0.234250471 -0.537696600 0.228058085
1413393281155760384.000000 1.871580124 -1.630500078 -0.144764706 -0.776254296 -0.256870478 -0.539598823 0.200699016
1413393281505760512.000000 2.060877562 -1.764684200 -0.116311818 -0.772190273 -0.265357137 -0.548829913 0.179146945
1413393281955760384.000000 2.270893097 -1.874163151 -0.056667287 -0.763988137 -0.242566153 -0.569113076 0.183286622
1413393282355760384.000000 2.411021233 -1.959658861 0.013516393 -0.782600284 -0.229881689 -0.546741605 0.189116240
1413393282705760512.000000 2.541794062 -2.034907818 0.061484560 -0.766794145 -0.248484954 -0.567029595 0.169585943
1413393283205760512.000000 2.651024103 -2.098658323 0.066412210 -0.755028546 -0.316612810 -0.532212675 0.215494365
1413393283605760512.000000 2.702389479 -2.087155819 0.071058542 -0.718237281 -0.399177134 -0.502372324 0.269100130
1413393284005760512.000000 2.727967501 -2.020496130 -0.016879329 -0.663252831 -0.474382848 -0.476403445 0.328780264
1413393284355760384.000000 2.710203171 -1.943104744 -0.064314678 -0.607552528 -0.543896794 -0.438490868 0.377864957
1413393284705760512.000000 2.648844242 -1.856199265 -0.086474396 -0.543224216 -0.607389569 -0.384343594 0.433895558
1413393285005760512.000000 2.581387997 -1.782107711 -0.098800808 -0.485121101 -0.659732401 -0.318449676 0.477493912
1413393285405760512.000000 2.520820141 -1.654971957 -0.097404659 -0.388644576 -0.717823505 -0.248971313 0.521246672
1413393285705760512.000000 2.499694586 -1.539447904 -0.088746957 -0.306330502 -0.751734555 -0.209956110 0.544954479
1413393286155760384.000000 2.486734629 -1.380285025 -0.055654719 -0.243943855 -0.775726855 -0.161249816 0.559229612
1413393286505760512.000000 2.492268085 -1.258578539 -0.064567208 -0.247811899 -0.772736967 -0.169844255 0.559123993
1413393287005760512.000000 2.516186714 -1.107508659 -0.103470862 -0.234829485 -0.781437278 -0.199807525 0.542483151
1413393287355760384.000000 2.471019745 -1.069803953 -0.081406616 -0.195350960 -0.792797387 -0.143660694 0.559170842
1413393287855760384.000000 2.366488934 -1.068376064 -0.020837564 -0.082133450 -0.810968101 -0.036481962 0.578147054
1413393288255760384.000000 2.287971258 -1.031345725 -0.000632353 -0.006086064 -0.818923473 0.013648645 0.573708177
1413393288555760384.000000 2.213797092 -0.975673020 -0.002456833 -0.001301599 -0.818149626 0.013496898 0.574845612
1413393288905760512.000000 2.122663975 -0.905562580 -0.013985049 0.014395299 -0.808448255 0.019887971 0.588055074
1413393289405760512.000000 2.026100636 -0.803156078 -0.097441047 0.029164717 -0.809657276 0.027407471 0.585536957
1413393289905760512.000000 1.950576425 -0.714705884 -0.093608543 0.027498549 -0.811946511 0.022290464 0.582657695
1413393290155760384.000000 1.911786556 -0.683046281 -0.089522332 0.019769728 -0.810617745 0.020936947 0.584867299
