1403637171088318976.000000 -5.076915264 4.314818382 0.937049031 -0.556452870 -0.549898446 -0.445256740 0.435566664
1403637171188318976.000000 -5.253265381 4.380912781 0.920259058 -0.542976022 -0.569094241 -0.427773595 0.445329845
1403637171438319104.000000 -5.671350002 4.492856979 0.923092961 -0.511123598 -0.591800869 -0.420144171 0.460438162
1403637171738319104.000000 -6.154490948 4.516805649 0.962647617 -0.499451250 -0.601964772 -0.428597927 0.452206343
1403637172038319104.000000 -6.651622295 4.421518326 0.959066153 -0.500841498 -0.594620049 -0.443197340 0.446274459
1403637172338319104.000000 -7.173027515 4.209301949 0.925718606 -0.536823809 -0.584492981 -0.407057434 0.452208400
1403637172588318976.000000 -7.578831673 3.969852448 0.946003020 -0.563756227 -0.573179364 -0.378187388 0.458932161
1403637172838319104.000000 -7.910462856 3.702379465 1.006651759 -0.584577620 -0.569225192 -0.364056468 0.449126452
1403637173088318976.000000 -8.161151886 3.444740534 1.039121747 -0.627118826 -0.571640611 -0.340945244 0.404605180
1403637173338319104.000000 -8.335000038 3.259091139 1.002858758 -0.660098433 -0.533939183 -0.360773712 0.386032850
1403637173438319104.000000 -8.378858566 3.207729816 0.985541999 -0.670477033 -0.512555420 -0.377060205 0.381540418
1403637173588318976.000000 -8.418929100 3.144978523 0.953542233 -0.688438416 -0.480605215 -0.394934505 0.372958481
1403637173738319104.000000 -8.428189278 3.095247507 0.908378601 -0.713005364 -0.447128266 -0.396227270 0.367020071
1403637173838319104.000000 -8.413615227 3.067943335 0.870822787 -0.731227636 -0.429836571 -0.391206324 0.357077360
1403637173888318976.000000 -8.398466110 3.057412863 0.851926088 -0.739908576 -0.424056739 -0.388024539 0.349497110
1403637173988318976.000000 -8.350810051 3.041444063 0.823038042 -0.746073186 -0.424129933 -0.395051122 0.327754974
1403637174088318976.000000 -8.281765938 3.035838842 0.814049363 -0.734020889 -0.427390456 -0.425674200 0.312013209
1403637174188318976.000000 -8.200737000 3.039501190 0.822696388 -0.714811146 -0.422353029 -0.460945964 0.313355654
1403637174288318976.000000 -8.114800453 3.045895338 0.840657294 -0.701238453 -0.412515461 -0.482750654 0.324110150
1403637174538319104.000000 -7.890345573 3.039921045 0.903632879 -0.705636144 -0.386893839 -0.479050279 0.350573242
1403637174738319104.000000 -7.680022717 2.994124889 0.969722629 -0.711433768 -0.366540939 -0.501779735 0.328217894
1403637174888318976.000000 -7.512597561 2.936523676 1.003504157 -0.725387573 -0.343634069 -0.516690075 0.297926039
1403637175088318976.000000 -7.289920330 2.837831020 1.029077888 -0.749345660 -0.306297332 -0.522999346 0.266710907
1403637175288318976.000000 -7.066164017 2.720325947 1.042204976 -0.744334638 -0.271065325 -0.549614847 0.265354633
1403637175488318976.000000 -6.852829456 2.565644264 1.037913084 -0.742826283 -0.255784869 -0.559156060 0.264816642
1403637175788318976.000000 -6.549463272 2.248770475 1.016598940 -0.764777303 -0.259861678 -0.528167129 0.261967599
1403637176038319104.000000 -6.279804230 1.922176123 1.059028745 -0.751709521 -0.274967432 -0.545222759 0.249114409
1403637176388318976.000000 -5.922354698 1.398411989 1.138599038 -0.736884892 -0.275620490 -0.564636707 0.249438316
1403637176838319104.000000 -5.541173458 0.622905254 1.152727962 -0.769850135 -0.250812024 -0.546347499 0.214309677
1403637177088318976.000000 -5.341655731 0.181899607 1.124060631 -0.793993711 -0.251427352 -0.518363476 0.194055334
1403637177388318976.000000 -5.061630726 -0.309370935 1.053114295 -0.816814482 -0.256157935 -0.485018671 0.178757161
1403637177638319104.000000 -4.758116245 -0.653819084 0.980735540 -0.811011314 -0.273002893 -0.496905327 0.144274816
1403637177888318976.000000 -4.411450386 -0.900622368 0.950872898 -0.802314520 -0.263360232 -0.519341946 0.131212786
1403637178138319104.000000 -4.059324741 -1.070401192 0.905689001 -0.804785907 -0.237408146 -0.537792504 0.082075834
1403637178438319104.000000 -3.665750265 -1.132127047 0.869431734 -0.792348802 -0.223961145 -0.566458344 0.033905953
1403637178688318976.000000 -3.393953323 -1.033171415 0.875297666 -0.793122172 -0.205459535 -0.571521640 0.045898765
1403637178888318976.000000 -3.213185787 -0.881505966 0.867412686 -0.786517739 -0.180658847 -0.584688187 0.083017319
1403637179288318976.000000 -2.948608160 -0.524050415 0.805242538 -0.791556060 -0.174775839 -0.576689184 0.101597607
1403637179538319104.000000 -2.843864441 -0.284580946 0.844206452 -0.793365657 -0.180336863 -0.573005617 0.098560490
1403637179738319104.000000 -2.781973362 -0.080478892 0.856575310 -0.790607631 -0.180673197 -0.577271342 0.095156156
1403637179938319104.000000 -2.732466698 0.134295404 0.768966436 -0.780984998 -0.195488036 -0.589130521 0.069081150
1403637180138319104.000000 -2.724584103 0.380422860 0.653108358 -0.785726368 -0.185921311 -0.583890855 0.084492207
1403637180438319104.000000 -2.775954247 0.780541182 0.528559029 -0.802526295 -0.172747836 -0.560564160 0.108984806
1403637180688318976.000000 -2.823656082 1.123650193 0.486954302 -0.806771457 -0.180289134 -0.554610312 0.094990514
1403637181088318976.000000 -2.898447752 1.732694626 0.531867027 -0.790038288 -0.188169479 -0.580186725 0.061766706
1403637181488318976.000000 -3.064769983 2.434475660 0.686421990 -0.787166655 -0.158462718 -0.589538932 0.087761529
1403637181788318976.000000 -3.254575491 2.966280937 0.863331020 -0.796504140 -0.147598982 -0.579823673 0.087179437
1403637182188318976.000000 -3.547852993 3.665861130 1.061278820 -0.788194895 -0.135519132 -0.591386437 0.103177279
1403637182338319104.000000 -3.672919750 3.913888454 1.118033886 -0.782415450 -0.128692269 -0.597309828 0.120355316
1403637182588318976.000000 -3.909662247 4.285285473 1.211376905 -0.768955827 -0.135315433 -0.613010466 0.120891958
1403637182838319104.000000 -4.204480648 4.603406429 1.326894879 -0.770815194 -0.132210255 -0.609941065 0.127813220
1403637183138319104.000000 -4.623962879 4.909910202 1.398236632 -0.772678673 -0.111853130 -0.606097281 0.151995793
1403637183388318976.000000 -5.013032436 5.077578545 1.366939545 -0.776318192 -0.103347704 -0.599989712 0.163284481
1403637183738319104.000000 -5.598018646 5.144217491 1.281045794 -0.778862894 -0.094450764 -0.595303655 0.173393115
1403637184038319104.000000 -6.106077671 5.025696278 1.215171814 -0.796139181 -0.081089951 -0.568429708 0.190983340
1403637184238319104.000000 -6.422541142 4.839761734 1.215472102 -0.799776137 -0.086414479 -0.566346407 0.179283157
1403637184488318976.000000 -6.785998344 4.529831886 1.179030657 -0.808613122 -0.117722139 -0.560571671 0.134334266
1403637184888318976.000000 -7.295885086 3.988043308 1.065333247 -0.830944002 -0.131760642 -0.527433157 0.118260719
1403637185138319104.000000 -7.522496223 3.656467199 1.055095077 -0.835812211 -0.134435952 -0.519837260 0.114517152
1403637185388318976.000000 -7.662453651 3.341968536 1.096644640 -0.842010319 -0.141231790 -0.510380208 0.102879748
1403637185638319104.000000 -7.721976757 3.057221651 1.188545823 -0.837483764 -0.143785208 -0.518371165 0.096115738
1403637186038319104.000000 -7.694840908 2.669890404 1.318902731 -0.811019301 -0.141992211 -0.559340060 0.096045293
1403637186388318976.000000 -7.644025326 2.381912947 1.435677290 -0.805624902 -0.140878782 -0.566958606 0.098385960
1403637186888318976.000000 -7.576117516 2.011651278 1.663290620 -0.814986408 -0.115093142 -0.553364396 0.127822459
1403637187288318976.000000 -7.485309124 1.647228599 1.720867991 -0.817461014 -0.105442822 -0.551961541 0.126403823
