1403636658963555584.000000 1.868278265 -23.979907990 48.636501312 -0.537840366 -0.614009321 -0.397785187 0.418911964
1403636659063555584.000000 1.931095123 -23.977571487 48.612525940 -0.537999749 -0.608477056 -0.397480696 0.426990718
1403636659313555456.000000 2.075249434 -23.982227325 48.541572571 -0.538097203 -0.605376065 -0.396403491 0.432244658
1403636659563555584.000000 2.202385426 -23.997434616 48.497127533 -0.543333292 -0.612677634 -0.389137298 0.421885490
1403636659813555456.000000 2.312030554 -24.012483597 48.453006744 -0.541006267 -0.608622789 -0.396380454 0.423996568
1403636660063555584.000000 2.401306152 -24.034473419 48.373630524 -0.549162805 -0.612642467 -0.389960289 0.413546234
1403636660313555456.000000 2.471428394 -24.050050735 48.276332855 -0.555564165 -0.618625998 -0.383257061 0.402199537
1403636660563555584.000000 2.516815662 -24.035604477 48.205108643 -0.559797466 -0.624660134 -0.377239138 0.392577559
1403636660813555456.000000 2.533437014 -23.986227036 48.130954742 -0.538281977 -0.614880145 -0.405641139 0.409426838
1403636661263555584.000000 2.477460384 -23.921148300 47.928943634 -0.538018763 -0.604549825 -0.404649168 0.425810456
1403636661613555456.000000 2.388470173 -23.923326492 47.826808929 -0.541721940 -0.603787661 -0.398003727 0.428451866
1403636662013555456.000000 2.277879715 -23.972301483 47.821800232 -0.544450760 -0.595439076 -0.389997154 0.443765670
1403636662463555584.000000 2.187234879 -24.082895279 47.857315063 -0.541288912 -0.610525966 -0.398097187 0.419264913
1403636662763555584.000000 2.111997604 -24.165399551 47.823318481 -0.560387313 -0.600324392 -0.374724925 0.430299789
1403636663063555584.000000 2.057283163 -24.225568771 47.757762909 -0.572584927 -0.599999428 -0.360067070 0.427199066
1403636663213555456.000000 2.046655655 -24.241477966 47.735839844 -0.575839221 -0.601345062 -0.356639713 0.423794270
1403636663663555584.000000 2.038034678 -24.211091995 47.627517700 -0.560967922 -0.629805982 -0.377734512 0.382068247
1403636664013555456.000000 1.956280351 -24.084280014 47.554119110 -0.530406296 -0.634178579 -0.411865801 0.383214504
1403636664313555456.000000 1.784106016 -23.949832916 47.545585632 -0.526176989 -0.619669795 -0.407270193 0.416266859
1403636664363555584.000000 1.749610543 -23.929334641 47.537994385 -0.525748730 -0.618620217 -0.405689150 0.419897169
1403636664763555584.000000 1.448477864 -23.799722672 47.426837921 -0.523447931 -0.617708027 -0.387755841 0.440550148
1403636664963555584.000000 1.291853666 -23.757286072 47.404888153 -0.520306170 -0.624990165 -0.383293122 0.437898755
1403636665363555584.000000 0.972757280 -23.689510345 47.436595917 -0.528211236 -0.624493062 -0.363916278 0.445607781
1403636665663555584.000000 0.748428464 -23.635841370 47.476699829 -0.519439042 -0.634571671 -0.380769014 0.427220076
1403636665963555584.000000 0.506860793 -23.590511322 47.523185730 -0.527595758 -0.616633594 -0.376175463 0.447099447
1403636666463555584.000000 0.134414256 -23.546400070 47.524051666 -0.531028509 -0.610890269 -0.371156335 0.455043674
1403636666663555584.000000 0.011394933 -23.548883438 47.531330109 -0.529213071 -0.621423960 -0.369529963 0.444087267
1403636667513555456.000000 -0.426528513 -23.498266220 47.533626556 -0.517176926 -0.631685555 -0.375039488 0.439143330
1403636668013555456.000000 -0.662918627 -23.441385269 47.513111115 -0.533444703 -0.629256427 -0.353758305 0.440826744
1403636668463555584.000000 -0.858811021 -23.353075027 47.444564819 -0.531316996 -0.629844546 -0.371929079 0.427395523
1403636668713555456.000000 -0.980001569 -23.289863586 47.385215759 -0.531548679 -0.628169835 -0.378810763 0.423510492
1403636669013555456.000000 -1.155676365 -23.211969376 47.335628510 -0.519841254 -0.624273539 -0.397686958 0.426488876
1403636669263555584.000000 -1.333101034 -23.173383713 47.327735901 -0.525514185 -0.614250958 -0.392260313 0.438933313
1403636669563555584.000000 -1.555623651 -23.157999039 47.283885956 -0.522328913 -0.609024346 -0.396683067 0.445987165
1403636669863555584.000000 -1.782938361 -23.191272736 47.245079041 -0.523885071 -0.593102932 -0.387959510 0.472504765
1403636670163555584.000000 -1.962171197 -23.286367416 47.261985779 -0.547503889 -0.587968349 -0.344458163 0.485676199
1403636670413555456.000000 -2.021682501 -23.384859085 47.285949707 -0.544082165 -0.579983413 -0.320247293 0.514816105
1403636670713555456.000000 -1.937945724 -23.519140244 47.321075439 -0.514978528 -0.608540773 -0.283365160 0.533084989
1403636670913555456.000000 -1.780528545 -23.603584290 47.363067627 -0.484462231 -0.628128231 -0.249680415 0.555347681
1403636671213555456.000000 -1.375455022 -23.710489273 47.458042145 -0.410362661 -0.672225773 -0.207919717 0.580072761
1403636671513555456.000000 -0.800443113 -23.779924393 47.585746765 -0.335399747 -0.749132037 -0.218740866 0.527693689
1403636671913555456.000000 -0.063180998 -23.816869736 47.692653656 -0.313223690 -0.794155240 -0.195662454 0.482622713
1403636672213555456.000000 0.350748539 -23.763851166 47.808212280 -0.300938815 -0.806093812 -0.220319465 0.459464937
1403636672463555584.000000 0.565069258 -23.685474396 47.907787323 -0.283074290 -0.796168149 -0.250214577 0.472628772
1403636672763555584.000000 0.706317127 -23.610343933 47.904148102 -0.296887815 -0.762943745 -0.232354999 0.525153041
1403636673063555584.000000 0.794965327 -23.568401337 47.836212158 -0.272447437 -0.780595124 -0.208588421 0.522431374
1403636673363555584.000000 0.822700739 -23.537704468 47.833545685 -0.249530166 -0.810172617 -0.182090297 0.498194873
1403636673663555584.000000 0.758690000 -23.493852615 47.842746735 -0.235876843 -0.803325653 -0.181421429 0.515864670
1403636673913555456.000000 0.654356122 -23.464141846 47.838703156 -0.226529509 -0.790778875 -0.187985197 0.536670029
1403636674213555456.000000 0.492281348 -23.457645416 47.831977844 -0.230043665 -0.789167404 -0.183180392 0.539202869
1403636674513555456.000000 0.311228126 -23.478477478 47.764614105 -0.238457173 -0.782319188 -0.147630885 0.556165457
1403636675013555456.000000 0.043898322 -23.478675842 47.581935883 -0.217561930 -0.810986936 -0.116005845 0.530574799
1403636675363555584.000000 -0.189590558 -23.398252487 47.559867859 -0.192983255 -0.818368495 -0.147179514 0.520930588
