1413393919605760512.000000 1.712884903 -0.367523760 -1.181929111 -0.562978566 -0.526575148 -0.365678400 0.521587133
1413393919755760384.000000 1.828998327 -0.308453739 -1.219018579 -0.579803765 -0.506288111 -0.395584196 0.501012146
1413393920005760512.000000 2.071066141 -0.277920485 -1.316662669 -0.560593188 -0.518174112 -0.455499798 0.457985610
1413393920255760384.000000 2.313367605 -0.336841971 -1.472285509 -0.560172498 -0.537961841 -0.452005267 0.438742757
1413393920505760512.000000 2.535176992 -0.465886354 -1.635481954 -0.568724334 -0.560867786 -0.431013644 0.419770449
1413393920755760384.000000 2.733224154 -0.620181501 -1.774138689 -0.569028556 -0.577508211 -0.419999540 0.407788187
1413393921005760512.000000 2.901518822 -0.769631207 -1.903755665 -0.572414696 -0.594230056 -0.409615904 0.389161885
1413393921255760384.000000 3.031879425 -0.884842217 -2.022362947 -0.581977963 -0.614293456 -0.391880900 0.361074179
1413393921505760512.000000 3.112941980 -0.921161175 -2.108772516 -0.579079628 -0.604851007 -0.396916807 0.375871241
1413393921755760384.000000 3.155022383 -0.902832329 -2.189354420 -0.567145765 -0.585564852 -0.417852908 0.401071757
1413393922005760512.000000 3.169257164 -0.882830620 -2.319216013 -0.555216491 -0.568910122 -0.438283414 0.419504106
1413393922255760384.000000 3.158241510 -0.885941863 -2.462128162 -0.579716623 -0.587172329 -0.411895692 0.386651397
1413393922605760512.000000 3.106530428 -0.829460323 -2.639448404 -0.615098178 -0.578238010 -0.370827824 0.387016445
1413393922905760512.000000 3.093597412 -0.662676036 -2.747690201 -0.613006890 -0.571136236 -0.373120457 0.398506075
1413393923105760512.000000 3.116378307 -0.507731915 -2.775033712 -0.605452478 -0.595586538 -0.384597927 0.361647010
1413393923305760512.000000 3.130949736 -0.298414975 -2.757708311 -0.604707241 -0.595214725 -0.388987929 0.358799398
1413393923555760384.000000 3.136299133 0.028658815 -2.721243858 -0.596371472 -0.573253155 -0.357918918 0.433146566
1413393923755760384.000000 3.168452501 0.309135318 -2.684681177 -0.532168806 -0.624116361 -0.339648128 0.460341662
1413393923955760384.000000 3.221034288 0.591617644 -2.651104212 -0.459423035 -0.688709676 -0.304741204 0.470895231
1413393924155760384.000000 3.273118258 0.878793836 -2.618630886 -0.391107529 -0.738743305 -0.271458000 0.477078527
1413393924405760512.000000 3.295566559 1.238012433 -2.570118427 -0.279765755 -0.782105088 -0.292873800 0.473569125
1413393924655760384.000000 3.208199024 1.524803519 -2.503872633 -0.212825179 -0.788254142 -0.326435208 0.476236254
1413393924855760384.000000 3.031086206 1.635378242 -2.408519983 -0.202114761 -0.773353338 -0.340466022 0.495133549
1413393924905760512.000000 2.971732616 1.642457128 -2.375658751 -0.215921283 -0.772072315 -0.328720987 0.499224335
1413393924955760384.000000 2.906401873 1.642328382 -2.338794947 -0.235542998 -0.772328198 -0.308449119 0.502879500
1413393925205760512.000000 2.531909466 1.573655248 -2.106410027 -0.295570433 -0.775983334 -0.202293739 0.519196808
1413393925405760512.000000 2.206210136 1.519796014 -1.905123591 -0.284875095 -0.790761173 -0.141203195 0.523072362
1413393925755760384.000000 1.635629773 1.527866364 -1.589194536 -0.241826743 -0.793038547 -0.135791093 0.542374969
1413393926005760512.000000 1.230378747 1.576070070 -1.534823060 -0.228020728 -0.779185057 -0.145270213 0.565485418
1413393926505760512.000000 0.548249304 1.685423374 -1.540616035 -0.229504183 -0.768427789 -0.134353980 0.582061529
1413393926855760384.000000 0.194154516 1.760995746 -1.576935649 -0.169298843 -0.778369009 -0.114958152 0.593518615
1413393927205760512.000000 -0.075306460 1.825583696 -1.485342979 -0.135474905 -0.815420210 -0.046835367 0.560841203
1413393927505760512.000000 -0.313102543 1.944273353 -1.362098575 -0.092382006 -0.833536029 -0.046569873 0.542692006
1413393927805760512.000000 -0.607575655 2.074421644 -1.208758235 -0.000519249 -0.814640641 -0.094222344 0.572260976
1413393928005760512.000000 -0.814824760 2.091133118 -1.093436480 0.021233264 -0.800814152 -0.098312855 0.590407133
1413393928255760384.000000 -1.050830126 2.010405302 -0.985451579 0.022072876 -0.797467589 -0.097677946 0.594993532
1413393928455760384.000000 -1.217543602 1.873169661 -0.938277721 -0.019851355 -0.799749672 -0.043984849 0.598391056
1413393928655760384.000000 -1.360127687 1.715519071 -0.922270536 -0.044656251 -0.783106089 -0.016958963 0.620050907
1413393928805760512.000000 -1.440781474 1.601087332 -0.911030233 -0.044849537 -0.779674888 -0.026718374 0.624004722
1413393929005760512.000000 -1.506545186 1.450861096 -0.888787389 -0.039628483 -0.780953765 -0.067162424 0.619701624
1413393929405760512.000000 -1.521158695 1.088960052 -0.820960581 -0.136855796 -0.785827994 -0.128806099 0.589197636
1413393929705760512.000000 -1.483484387 0.765539527 -0.749235690 -0.240704849 -0.772934318 -0.185248628 0.557060719
1413393929905760512.000000 -1.455822229 0.542559505 -0.695433378 -0.318424016 -0.747612894 -0.205695212 0.545317054
1413393930105760512.000000 -1.420208812 0.332214385 -0.646331072 -0.391336530 -0.715321004 -0.212608203 0.538488030
1413393930355760384.000000 -1.345892429 0.110525355 -0.628613591 -0.416397572 -0.701773047 -0.246420443 0.522881091
1413393930555760384.000000 -1.268637180 -0.042687044 -0.669942737 -0.399802178 -0.711900175 -0.279773474 0.505057633
1413393930855760384.000000 -1.154744744 -0.257927001 -0.864682615 -0.399402201 -0.697657526 -0.265756100 0.532095551
1413393931055760384.000000 -1.062574148 -0.390352041 -0.969546914 -0.393194377 -0.704483271 -0.261659861 0.529750586
1413393931255760384.000000 -0.955935240 -0.514168084 -1.011842966 -0.393866569 -0.711496294 -0.250582010 0.525215089
1413393931705760512.000000 -0.672292590 -0.727420747 -1.170169950 -0.405466676 -0.713230968 -0.219051391 0.528123975
1413393931955760384.000000 -0.477373779 -0.777740359 -1.317614794 -0.399504185 -0.716507733 -0.220514297 0.527623475
1413393932205760512.000000 -0.258899510 -0.772066534 -1.439453602 -0.385505766 -0.727729082 -0.237030864 0.515375793
1413393932455760384.000000 -0.046464283 -0.729714990 -1.535294771 -0.369262874 -0.738865018 -0.261764944 0.499202013
1413393932705760512.000000 0.125989079 -0.674393117 -1.613185406 -0.365483522 -0.734082460 -0.275383681 0.501705647
1413393932955760384.000000 0.256964713 -0.624508977 -1.668674946 -0.362687916 -0.724558473 -0.289583772 0.509523213
1413393933205760512.000000 0.357608497 -0.608199656 -1.699724913 -0.351140231 -0.701280177 -0.300785333 0.542618573
1413393933505760512.000000 0.491072804 -0.666875541 -1.710828185 -0.389060140 -0.691970468 -0.244005606 0.557019114
1413393933755760384.000000 0.654965341 -0.720677316 -1.730456114 -0.400922060 -0.707539797 -0.231196418 0.534038723
1413393934055760384.000000 0.888478279 -0.751837730 -1.786498904 -0.371051788 -0.713158429 -0.275692582 0.526990771
1413393934455760384.000000 1.188456178 -0.844689846 -1.788823843 -0.376781791 -0.714911461 -0.256325811 0.530315161
1413393934705760512.000000 1.381597519 -0.915744960 -1.866411448 -0.398096532 -0.713169873 -0.222751901 0.532249570
1413393935105760512.000000 1.741981387 -0.936055243 -2.092483759 -0.334046125 -0.773497939 -0.176229671 0.508976758
1413393935255760384.000000 1.882642031 -0.895904660 -2.168520212 0.266823858 0.805200815 0.165052846 -0.503204107
1413393935305760512.000000 1.798510671 -0.925102770 -2.121757030 -0.314391255 -0.782100677 -0.167317227 0.511352777
1413393935355760384.000000 1.843320131 -0.910858512 -2.146339178 -0.296781838 -0.788489640 -0.156315580 0.515528977
1413393935405760512.000000 1.886347651 -0.893904984 -2.166285992 -0.276681781 -0.794289231 -0.148123980 0.520203054
1413393935455760384.000000 1.928093553 -0.875066280 -2.182119370 -0.255978733 -0.799103677 -0.140910998 0.525406897
1413393935505760512.000000 1.968019009 -0.853916228 -2.195137501 -0.233206943 -0.793920219 -0.136215940 0.544748187
1413393935555760384.000000 2.005446911 -0.832007468 -2.206071854 -0.212105125 -0.798440337 -0.130150244 0.548238397
1413393935605760512.000000 2.041842461 -0.809483409 -2.214259148 -0.190383613 -0.802647412 -0.127530769 0.550678909
1413393935655760384.000000 2.076733828 -0.786555946 -2.221166372 -0.171262234 -0.806724191 -0.126236618 0.551298320
1413393935705760512.000000 2.110265732 -0.763896465 -2.227119446 -0.151474014 -0.809648395 -0.128577277 0.552261770
1413393935755760384.000000 2.142374277 -0.742403507 -2.232795238 -0.133294001 -0.811695158 -0.132096127 0.553113341
1413393935805760512.000000 2.172645569 -0.722867608 -2.237865448 -0.114324011 -0.812879860 -0.137324184 0.554345012
1413393935855760384.000000 2.201036692 -0.706173658 -2.242298841 -0.095417105 -0.813194036 -0.141720086 0.556351066
1413393935905760512.000000 2.227640867 -0.693109155 -2.246710777 -0.080502383 -0.813286901 -0.140821949 0.558795929
1413393935955760384.000000 2.252641916 -0.684425831 -2.251355171 -0.073187418 -0.813399673 -0.126280054 0.563096821
