1413394980005760512.000000 24.197652817 -20.920814514 -32.795429230 -0.517906547 -0.598180771 -0.434110314 0.430698186
1413394980205760512.000000 24.210889816 -21.070156097 -32.743362427 -0.520441115 -0.598002732 -0.441083103 0.420689493
1413394980455760384.000000 24.179670334 -21.293678284 -32.729724884 -0.527524829 -0.582410812 -0.438135952 0.436522841
1413394980705760512.000000 24.115749359 -21.561023712 -32.729572296 -0.558959544 -0.584133923 -0.399621904 0.432034940
1413394980955760384.000000 24.052804947 -21.828853607 -32.706573486 -0.565859914 -0.585772097 -0.388228714 0.431221724
1413394981205760512.000000 24.005083084 -22.074321747 -32.721752167 -0.575685680 -0.581686258 -0.372862607 0.437264860
1413394981455760384.000000 23.990093231 -22.292583466 -32.780433655 -0.573973417 -0.586638331 -0.382402480 0.424474239
1413394981705760512.000000 23.994047165 -22.480686188 -32.825813293 -0.580919385 -0.589809418 -0.386947721 0.406114489
1413394981955760384.000000 24.006910324 -22.631488800 -32.868068695 -0.613503635 -0.566230655 -0.381768644 0.396546274
1413394982205760512.000000 24.053249359 -22.733226776 -32.893508911 -0.652299404 -0.511016369 -0.392734677 0.398907661
1413394982255760384.000000 24.069883347 -22.748640060 -32.896289825 -0.661463916 -0.496592313 -0.395239681 0.399558812
1413394982355760384.000000 24.113498688 -22.777069092 -32.899307251 -0.678259492 -0.471140981 -0.403555334 0.393869609
1413394982405760512.000000 24.141216278 -22.790380478 -32.898891449 -0.686070561 -0.458559424 -0.409577042 0.388943553
1413394982455760384.000000 24.172725677 -22.803594589 -32.897064209 -0.694053054 -0.445063233 -0.415325791 0.384335339
1413394982505760512.000000 24.208312988 -22.816989899 -32.893928528 -0.702168345 -0.431123585 -0.420874804 0.379416078
1413394982555760384.000000 24.247943878 -22.830873489 -32.889484406 -0.709886849 -0.418962032 -0.426908523 0.371861041
1413394982655760384.000000 24.338302612 -22.860702515 -32.876823425 -0.723942697 -0.392199636 -0.439681977 0.358840048
1413394982755760384.000000 24.443590164 -22.893566132 -32.860988617 -0.735604167 -0.369191408 -0.453375489 0.342103720
1413394982855760384.000000 24.562795639 -22.929851532 -32.843204498 -0.744998634 -0.347696215 -0.469314843 0.322223634
1413394983005760512.000000 24.761882782 -22.990266800 -32.813838959 -0.755229831 -0.322008073 -0.491756201 0.290025085
1413394983105760512.000000 24.903665543 -23.033239365 -32.792739868 -0.757564366 -0.313447803 -0.504698694 0.270418286
1413394983205760512.000000 25.049364090 -23.076683044 -32.770141602 -0.757032275 -0.309495777 -0.515034020 0.256621420
1413394983305760512.000000 25.196741104 -23.119928360 -32.747402191 -0.755736113 -0.307380050 -0.521637976 0.249548167
1413394983405760512.000000 25.344663620 -23.163051605 -32.724483490 -0.752496302 -0.312316507 -0.527556241 0.240607619
1413394983505760512.000000 25.490915298 -23.205778122 -32.701206207 -0.747183502 -0.326379299 -0.533578098 0.224694923
1413394983605760512.000000 25.632074356 -23.245779037 -32.684436798 -0.742255211 -0.337631315 -0.537506580 0.214823306
1413394983705760512.000000 25.767244339 -23.280691147 -32.678909302 -0.736690819 -0.346563458 -0.541886508 0.208661303
1413394983805760512.000000 25.894548416 -23.310791016 -32.685009003 -0.731964350 -0.353059322 -0.545821965 0.204097569
1413394983905760512.000000 26.013357162 -23.334341049 -32.702911377 -0.730663836 -0.354750961 -0.546319783 0.204491630
1413394984005760512.000000 26.122722626 -23.351629257 -32.731445312 -0.730198264 -0.355417103 -0.545677543 0.206700817
1413394984205760512.000000 26.310277939 -23.365219116 -32.798416138 -0.724619985 -0.368397832 -0.540487528 0.216984376
1413394984405760512.000000 26.460670471 -23.354089737 -32.859657288 -0.726139843 -0.383381605 -0.526047289 0.221390769
1413394984605760512.000000 26.579120636 -23.311759949 -32.909030914 -0.723038316 -0.404024601 -0.511404157 0.229010150
1413394984805760512.000000 26.667385101 -23.232870102 -32.944229126 -0.708903134 -0.435128361 -0.496577948 0.248052657
1413394984905760512.000000 26.702459335 -23.177827835 -32.957366943 -0.699949443 -0.448981762 -0.487802893 0.265583456
1413394985005760512.000000 26.731948853 -23.114303589 -32.965774536 -0.685586572 -0.465177923 -0.483278126 0.282883227
1413394985105760512.000000 26.756517410 -23.043838501 -32.969627380 -0.672008216 -0.481484890 -0.479478210 0.294411182
1413394985405760512.000000 26.793550491 -22.801818848 -32.940238953 -0.670713842 -0.489835858 -0.447266370 0.331898481
1413394985505760512.000000 26.801254272 -22.710128784 -32.905151367 -0.681014359 -0.480708063 -0.427007437 0.350433916
1413394985605760512.000000 26.817852020 -22.612924576 -32.851444244 -0.677093923 -0.482826769 -0.429655373 0.351878524
1413394985705760512.000000 26.841012955 -22.512601852 -32.794090271 -0.666349292 -0.495640159 -0.443072677 0.337647855
1413394985905760512.000000 26.886047363 -22.304296494 -32.716556549 -0.650348544 -0.512767553 -0.463309795 0.315373093
1413394986005760512.000000 26.901685715 -22.194845200 -32.698677063 -0.648781657 -0.513673306 -0.466377765 0.312592268
1413394986105760512.000000 26.910795212 -22.081615448 -32.685169220 -0.648604751 -0.512196779 -0.468466818 0.312258154
1413394986205760512.000000 26.912767410 -21.963964462 -32.670417786 -0.656419873 -0.501805544 -0.460683167 0.324153244
1413394986305760512.000000 26.910865784 -21.842472076 -32.651115417 -0.667065024 -0.488068283 -0.448131710 0.340575546
1413394986505760512.000000 26.914627075 -21.594795227 -32.596439362 -0.673434675 -0.478717685 -0.441886842 0.349358261
1413394986805760512.000000 26.935808182 -21.209352493 -32.492267609 -0.652822316 -0.504697859 -0.471238166 0.311508894
1413394986905760512.000000 26.933589935 -21.072975159 -32.457538605 -0.652394056 -0.499628991 -0.473246455 0.317475557
1413394987005760512.000000 26.925603867 -20.935644150 -32.427497864 -0.656295598 -0.487713367 -0.469825506 0.332679689
1413394987105760512.000000 26.913955688 -20.801185608 -32.410945892 -0.663431108 -0.475016892 -0.461135775 0.348671675
1413394987205760512.000000 26.903314590 -20.669143677 -32.406433105 -0.667281985 -0.466638446 -0.456460327 0.358646512
1413394987305760512.000000 26.896118164 -20.540744781 -32.407749176 -0.661534965 -0.467493325 -0.466124177 0.355738342
1413394987505760512.000000 26.878498077 -20.297643661 -32.414108276 -0.635278940 -0.484668404 -0.503269613 0.328993797
1413394987905760512.000000 26.717714310 -19.875125885 -32.381523132 -0.610587358 -0.477276653 -0.535496891 0.335608512
1413394988005760512.000000 26.642547607 -19.792192459 -32.361103058 -0.607392192 -0.472555488 -0.540350556 0.340275466
1413394988105760512.000000 26.553640366 -19.721597672 -32.337657928 -0.607330203 -0.464719206 -0.541143179 0.349786013
1413394988205760512.000000 26.452594757 -19.664417267 -32.313308716 -0.615371346 -0.455598921 -0.531216085 0.362708092
1413394988305760512.000000 26.344430923 -19.621898651 -32.288463593 -0.630153596 -0.439203918 -0.516582251 0.378350705
1413394988405760512.000000 26.235952377 -19.594915390 -32.269237518 -0.651468217 -0.416454107 -0.501484632 0.388160318
1413394988505760512.000000 26.133045197 -19.584236145 -32.258277893 -0.675632000 -0.389432043 -0.492340416 0.386607170
1413394988705760512.000000 25.955698013 -19.610193253 -32.254104614 -0.715622067 -0.340092868 -0.507188559 0.339089662
1413394988805760512.000000 25.877929688 -19.642501831 -32.260177612 -0.724376678 -0.324378133 -0.524436414 0.308259070
1413394989005760512.000000 25.725564957 -19.732162476 -32.289371490 -0.727190673 -0.308589071 -0.553411782 0.264011472
1413394989105760512.000000 25.645364761 -19.787494659 -32.305515289 -0.730414152 -0.309992611 -0.556478083 0.246438548
1413394989205760512.000000 25.561115265 -19.845958710 -32.319438934 -0.734742343 -0.312122583 -0.554055750 0.236125737
1413394989405760512.000000 25.382551193 -19.964859009 -32.338378906 -0.742873549 -0.310581893 -0.541926563 0.240818322
1413394989505760512.000000 25.290498734 -20.026308060 -32.347560883 -0.745355904 -0.309533983 -0.536211610 0.247205555
1413394989605760512.000000 25.198638916 -20.089883804 -32.363681793 -0.748057067 -0.309063792 -0.529661238 0.253671587
1413394989705760512.000000 25.108392715 -20.154649734 -32.389553070 -0.749419987 -0.312752694 -0.520805120 0.263282418
1413394989805760512.000000 25.021114349 -20.220136642 -32.424804688 -0.748265922 -0.324204504 -0.506619036 0.279869020
1413394990455760384.000000 24.596200943 -20.612554550 -32.784572601 -0.611958385 -0.563752174 -0.417789578 0.364886671
1413394990555760384.000000 24.538570404 -20.656131744 -32.841571808 -0.597378016 -0.581886649 -0.402586102 0.377454549
1413394990655760384.000000 24.480464935 -20.692667007 -32.895095825 -0.590388596 -0.591804385 -0.389871746 0.386275709
1413394991055760384.000000 24.248588562 -20.745552063 -33.068389893 -0.587456703 -0.594158709 -0.386594474 0.390403479
1413394991155760384.000000 24.190000534 -20.737663269 -33.100532532 -0.592407048 -0.586559892 -0.386662394 0.394326627
1413394991255760384.000000 24.132478714 -20.722303391 -33.129302979 -0.599144220 -0.578213513 -0.387503266 0.395647109
1413394991355760384.000000 24.078168869 -20.700839996 -33.155738831 -0.610327721 -0.566173971 -0.390914828 0.392597288
1413394991505760512.000000 24.004518509 -20.657844543 -33.189044952 -0.632041454 -0.540745854 -0.403345853 0.381352514
1413394991605760512.000000 23.961906433 -20.623542786 -33.208610535 -0.646538913 -0.521373510 -0.416066110 0.370197415
1413394992005760512.000000 23.822740555 -20.461042404 -33.258682251 -0.664727747 -0.447412372 -0.477851629 0.360023618
1413394992305760512.000000 23.752681732 -20.380178452 -33.287906647 -0.705751181 -0.405914456 -0.468013465 0.343674451
1413394992605760512.000000 23.747711182 -20.337121964 -33.284614563 -0.715054989 -0.392727226 -0.508935988 0.274674267
1413394993055760384.000000 23.741622925 -20.279613495 -33.279029846 -0.736921191 -0.341766626 -0.511967421 0.279342145
1413394993205760512.000000 23.746614456 -20.269718170 -33.307971954 -0.737292290 -0.345831841 -0.515892446 0.265810817
1413394993555760384.000000 23.755031586 -20.246829987 -33.417831421 -0.727408350 -0.366145879 -0.528277695 0.240285352
1413394994005760512.000000 23.727296829 -20.190549850 -33.586303711 -0.761542380 -0.292925417 -0.525479615 0.241079181
1413394994155760384.000000 23.726125717 -20.183143616 -33.647399902 -0.776396513 -0.249968335 -0.534192324 0.222177818
1413394994305760512.000000 23.733509064 -20.189907074 -33.682403564 -0.785637498 -0.213179141 -0.550151646 0.186175913
1413394994505760512.000000 23.744630814 -20.210805893 -33.699546814 -0.793405056 -0.184959948 -0.566438437 0.124280907
1413394994905760512.000000 23.736213684 -20.194726944 -33.639602661 -0.789469063 -0.158918455 -0.585454524 0.093416192
1413394995105760512.000000 23.704805374 -20.157220840 -33.637630463 -0.789912581 -0.146812320 -0.584084570 0.115453690
1413394995305760512.000000 23.661073685 -20.122409821 -33.707473755 -0.807500541 -0.140754893 -0.557195961 0.132904902
1413394995505760512.000000 23.632736206 -20.100093842 -33.788429260 -0.820025861 -0.150439173 -0.538368940 0.122819476
1413394995605760512.000000 23.629997253 -20.089422226 -33.826515198 -0.819834590 -0.152872443 -0.538798034 0.119155571
1413394995805760512.000000 23.630031586 -20.073677063 -33.875938416 0.804656863 0.150359347 0.560846448 -0.123978347
1413394995905760512.000000 23.637399673 -20.071245193 -33.885227203 0.800408781 0.149327248 0.566521585 -0.126887649
1413394996005760512.000000 23.643156052 -20.062170029 -33.920444489 0.799020231 0.150990978 0.569709718 -0.119160548
1413394996105760512.000000 23.636489868 -20.059728622 -33.896617889 0.791564643 0.149097830 0.580134094 -0.120995156
1413394996205760512.000000 23.630023956 -20.063339233 -33.898616791 0.802915871 0.146054015 0.562747538 -0.131566286
1413394996305760512.000000 23.624830246 -20.056552887 -33.890277863 0.789045870 0.157628164 0.581433833 -0.120393828
1413394996405760512.000000 23.626380920 -20.055744171 -33.887004852 0.791316152 0.157509506 0.578300476 -0.120740280
1413394996505760512.000000 23.627229691 -20.051111221 -33.878417969 0.792787313 0.160667598 0.576256156 -0.116632201
1413394996605760512.000000 23.627704620 -20.048078537 -33.870372772 0.790535033 0.159341082 0.579289079 -0.118696854
1413394996705760512.000000 23.628973007 -20.043365479 -33.863315582 0.792121410 0.159572199 0.577116728 -0.118391983
1413394996805760512.000000 23.630208969 -20.038599014 -33.855064392 0.791410685 0.159349933 0.578098357 -0.118655346
