1403715388662142976.000000 1.029892206 -1.386200666 -1.489987850 -0.561093569 -0.600220561 -0.379533321 0.425280750
1403715388812143104.000000 1.143494010 -1.345197916 -1.523244977 -0.559554994 -0.600182354 -0.380504429 0.426492453
1403715389062142976.000000 1.329268813 -1.274917126 -1.548995733 -0.554028928 -0.602609992 -0.383651316 0.427463204
1403715389312143104.000000 1.506156087 -1.201767206 -1.520832539 -0.547278881 -0.608014345 -0.387631088 0.424907833
1403715389562142976.000000 1.667607546 -1.132603645 -1.498896956 -0.544402122 -0.610933304 -0.386731893 0.425235510
1403715390312143104.000000 2.070322990 -0.908644557 -1.509044290 -0.478806645 -0.682559967 -0.321175218 0.449113041
1403715390562142976.000000 2.165642023 -0.796608806 -1.527412534 -0.430765718 -0.711348772 -0.307853490 0.462222993
1403715390812143104.000000 2.221652031 -0.676620722 -1.545605421 -0.395565033 -0.729735851 -0.278334886 0.483263552
1403715391012143104.000000 2.243057013 -0.574629843 -1.560919285 -0.385997117 -0.738306642 -0.256552577 0.489990175
1403715391312143104.000000 2.249588966 -0.398068756 -1.580968142 -0.371094644 -0.743703127 -0.226503730 0.507829249
1403715391562142976.000000 2.247983217 -0.219110832 -1.593755722 -0.363778889 -0.745436251 -0.221228242 0.512881994
1403715391912143104.000000 2.242049932 0.077122539 -1.563358307 -0.334568083 -0.755215168 -0.210479081 0.522888899
1403715392112143104.000000 2.236418009 0.263413548 -1.511848688 -0.319317073 -0.767950714 -0.204307169 0.516281903
1403715392312143104.000000 2.218168259 0.456715018 -1.464657426 -0.305123925 -0.771607220 -0.196413383 0.522440016
1403715392512143104.000000 2.186176538 0.652906179 -1.416158915 -0.268740714 -0.764447272 -0.188661397 0.554802537
1403715392712143104.000000 2.158919573 0.836720526 -1.381895900 -0.230366483 -0.772734463 -0.169587821 0.566615283
1403715392962142976.000000 2.136868238 1.040893555 -1.356265306 -0.182382196 -0.797555029 -0.135543704 0.558811843
1403715393212143104.000000 2.109960556 1.218894958 -1.335016727 -0.121818200 -0.812419295 -0.104126617 0.560618222
1403715393512143104.000000 2.065989256 1.386056662 -1.322712660 -0.036771711 -0.814103246 -0.064583451 0.575945079
1403715393762142976.000000 2.034337759 1.471189141 -1.323690653 0.023229340 -0.815270662 -0.010553332 0.578517854
1403715394162142976.000000 1.996553421 1.532331228 -1.333631277 0.113817699 -0.812849820 0.076587409 0.566087604
1403715394612143104.000000 1.971542358 1.547352910 -1.344066739 0.239179164 -0.775652349 0.156384423 0.562761545
1403715394862142976.000000 1.990432501 1.535519361 -1.353395700 0.306291431 -0.757925272 0.208394155 0.536942005
1403715395212143104.000000 2.042185545 1.500999689 -1.366147041 0.410313576 -0.714001358 0.277004868 0.495089024
1403715395662142976.000000 2.126595020 1.421107411 -1.401866078 0.497706831 -0.659665406 0.338340640 0.450172275
1403715396012143104.000000 2.194111824 1.329489350 -1.453715563 0.528216243 -0.635576189 0.368759185 0.425496519
1403715396412143104.000000 2.229967356 1.210393786 -1.499208570 0.524364829 -0.630734861 0.374328256 0.432543010
1403715396712143104.000000 2.238471031 1.123068094 -1.532340169 0.540379763 -0.613578498 0.373035014 0.438584119
1403715397162142976.000000 2.278867960 0.996586204 -1.610843658 0.566159129 -0.614247262 0.377232075 0.399825037
1403715397312143104.000000 2.290210247 0.939170897 -1.639678001 0.561562538 -0.620475054 0.387819618 0.386334330
1403715398412143104.000000 2.041981697 0.345096678 -1.737971187 0.543492854 -0.597028196 0.401224047 0.432657212
1403715398662142976.000000 1.972197056 0.261838078 -1.762693048 0.542114556 -0.596823573 0.392369926 0.442673028
1403715398962142976.000000 1.923781157 0.204092115 -1.780267835 0.542888403 -0.584790945 0.382731348 0.465626925
1403715399262142976.000000 1.945651293 0.201260760 -1.791719198 0.542507350 -0.588201880 0.390741616 0.455000520
1403715399562142976.000000 2.019300461 0.249196336 -1.798747182 0.555507600 -0.593371332 0.376176476 0.444761902
1403715400062142976.000000 2.217650175 0.329897970 -1.789217472 0.554475248 -0.623558402 0.354900211 0.421637326
1403715400312143104.000000 2.333916187 0.322332263 -1.767436743 0.533224523 -0.637948871 0.330426216 0.446666956
1403715400612143104.000000 2.508095980 0.269547641 -1.750768781 0.480007112 -0.679782867 0.299124420 0.466918707
1403715400912143104.000000 2.702327251 0.172970742 -1.752958298 0.400934547 -0.733409703 0.270431489 0.477732688
1403715401162142976.000000 2.845644236 0.062486865 -1.758793354 0.363900959 -0.759029865 0.250173032 0.478396386
1403715401412143104.000000 2.948603868 -0.079627275 -1.747233272 0.357781589 -0.761207223 0.232739791 0.488249987
1403715401662142976.000000 3.015503407 -0.256356925 -1.719786525 0.346139312 -0.754648507 0.244093910 0.501110256
1403715401912143104.000000 3.049030304 -0.437230885 -1.688293099 0.318053067 -0.755168021 0.253312111 0.514195085
1403715402212143104.000000 3.062518597 -0.631175339 -1.661006927 0.321605504 -0.740765870 0.239468187 0.538971961
1403715402462142976.000000 3.077829123 -0.764395356 -1.655256152 0.313009679 -0.746294558 0.210576102 0.548385978
1403715402712143104.000000 3.114519358 -0.891821027 -1.648189187 0.295219690 -0.746828139 0.183731928 0.566864848
1403715402962142976.000000 3.192047119 -1.020042777 -1.650626659 0.268460065 -0.769241512 0.196655676 0.545457065
1403715403262142976.000000 3.276011944 -1.162606239 -1.646197200 0.258765310 -0.794337749 0.197017580 0.513081074
1403715403462142976.000000 3.296168327 -1.254349709 -1.633911610 0.260072052 -0.792739570 0.185856998 0.519021928
1403715403712143104.000000 3.283252239 -1.370114803 -1.623270392 0.229176909 -0.802826166 0.163972139 0.525415421
1403715404012143104.000000 3.215611935 -1.509177923 -1.613839388 0.167785302 -0.821055770 0.131729901 0.529492974
1403715404262142976.000000 3.116285563 -1.617497802 -1.596211076 0.131668583 -0.816783190 0.085347705 0.555197656
1403715404762142976.000000 2.904813766 -1.884134650 -1.599258661 0.100669071 -0.810811818 0.063048705 0.573127270
1403715405062142976.000000 2.794659615 -2.065929413 -1.619762778 0.062559865 -0.810283840 0.061130710 0.579473495
1403715405112143104.000000 2.778328180 -2.094136715 -1.623708487 0.050338786 -0.810530722 0.059233043 0.580514669
