1403715529912143104.000000 1.942092657 -1.464421749 -1.772506714 -0.468650192 -0.676119983 -0.332869202 0.460897863
1403715530062142976.000000 1.896187305 -1.440625787 -1.733016372 -0.460802913 -0.673485816 -0.338764131 0.468312293
1403715530312143104.000000 1.805998921 -1.413925648 -1.636064768 -0.453282475 -0.680320024 -0.349686623 0.457623184
1403715530562142976.000000 1.681656003 -1.407760620 -1.474862576 -0.457460076 -0.682144403 -0.332166404 0.463761538
1403715531062142976.000000 1.390600920 -1.419266462 -1.253609180 -0.427236110 -0.711623907 -0.290135443 0.476321608
1403715531312143104.000000 1.234195113 -1.408378124 -1.175475955 -0.436356366 -0.717986524 -0.254301608 0.478977323
1403715531562142976.000000 1.087101460 -1.350950718 -1.112289429 -0.426532567 -0.702844262 -0.260313541 0.506277442
1403715531812143104.000000 0.971206009 -1.273789406 -1.112129927 -0.418655306 -0.703700423 -0.271565795 0.505752504
1403715532112143104.000000 0.865323365 -1.181286573 -1.111334920 -0.404950351 -0.696407437 -0.297801644 0.512197435
1403715532212143104.000000 0.835445940 -1.159027338 -1.112653732 -0.404143512 -0.695445776 -0.299353957 0.513235271
1403715532362142976.000000 0.793696642 -1.136286259 -1.117005229 -0.404156357 -0.697274089 -0.289484620 0.516396403
1403715532562142976.000000 0.749169350 -1.119388938 -1.126281738 -0.411546528 -0.696506798 -0.268297136 0.522995651
1403715532712143104.000000 0.732414782 -1.109932542 -1.134713531 -0.418974072 -0.686958075 -0.251664400 0.537786603
1403715532912143104.000000 0.752167225 -1.096848249 -1.153625131 -0.427138150 -0.677991390 -0.245594203 0.545494556
1403715533212143104.000000 0.886403501 -1.067350030 -1.238910437 -0.469861925 -0.647654295 -0.281198323 0.529812455
1403715533362142976.000000 1.001662493 -1.054793954 -1.265566230 -0.485344678 -0.630102575 -0.314109474 0.518407643
1403715533412143104.000000 1.045595407 -1.051913857 -1.266644835 -0.490374655 -0.627967715 -0.320513248 0.512309074
1403715533512143104.000000 1.140233040 -1.049842954 -1.258539557 -0.503779888 -0.625314415 -0.322514206 0.501170933
1403715533612143104.000000 1.243688583 -1.051129341 -1.236016035 -0.519836605 -0.619629800 -0.313727975 0.497396916
1403715533812143104.000000 1.487036109 -1.053657055 -1.149213672 -0.540467858 -0.614010632 -0.300133377 0.490719318
1403715534012143104.000000 1.775786042 -1.041623950 -1.058974981 -0.533466697 -0.624786615 -0.318155348 0.473109156
1403715534112143104.000000 1.929709077 -1.032073140 -1.033115864 -0.526799321 -0.630462289 -0.328659177 0.465814322
1403715534262142976.000000 2.164825439 -1.015289426 -1.019458652 -0.515434504 -0.640695632 -0.343033880 0.454052955
1403715534412143104.000000 2.397084236 -0.995427132 -1.033551335 -0.511503816 -0.644602597 -0.349631280 0.447894275
1403715534562142976.000000 2.624661922 -0.972949445 -1.071410179 -0.519203722 -0.638838828 -0.357896745 0.440706640
1403715534712143104.000000 2.845523596 -0.947135746 -1.114836693 -0.538235962 -0.625261962 -0.367790639 0.429044992
1403715534862142976.000000 3.059104443 -0.920218408 -1.161876202 -0.567897797 -0.609597504 -0.378757149 0.403021097
1403715534962142976.000000 3.196117401 -0.898601770 -1.193858266 -0.588406444 -0.596629858 -0.387748390 0.384007782
1403715535112143104.000000 3.390779257 -0.855467319 -1.240849614 -0.612811625 -0.579670310 -0.397896379 0.360725343
1403715535212143104.000000 3.512732267 -0.817660213 -1.272206426 -0.627464592 -0.572825432 -0.396467060 0.347811937
1403715535362142976.000000 3.686044931 -0.739522815 -1.313501835 -0.642864466 -0.564262033 -0.392712265 0.337802947
1403715535462142976.000000 3.798130989 -0.671684682 -1.337664962 -0.652017713 -0.550154686 -0.387795597 0.349023491
1403715535912143104.000000 4.318195820 -0.280970335 -1.432276130 -0.606959939 -0.564143658 -0.411035538 0.379988521
1403715536062142976.000000 4.485056400 -0.140602127 -1.467573524 -0.591479838 -0.591757476 -0.396686316 0.377643406
1403715536162142976.000000 4.590165615 -0.041360565 -1.488526344 -0.585170567 -0.605447233 -0.386368692 0.376468092
1403715536312143104.000000 4.736611366 0.121620506 -1.513251662 -0.572410703 -0.623551667 -0.381553411 0.371411145
1403715536462142976.000000 4.862654686 0.300315619 -1.526833773 -0.550714016 -0.635118842 -0.394772798 0.370799989
1403715536612143104.000000 4.960312366 0.489374042 -1.533471823 -0.532408476 -0.638677537 -0.410711110 0.374097019
1403715536762142976.000000 5.022600651 0.680683672 -1.534467697 -0.516827822 -0.631106615 -0.426630080 0.390615344
1403715537062142976.000000 5.039004326 1.010942578 -1.518711567 -0.470397323 -0.617777646 -0.472123533 0.417344600
1403715537212143104.000000 4.987714767 1.118196726 -1.498816967 -0.447460473 -0.599628091 -0.498205900 0.438196540
1403715537312143104.000000 4.929583549 1.156097293 -1.481832862 -0.446126044 -0.584569156 -0.498701066 0.458854765
1403715537512143104.000000 4.775747299 1.144534111 -1.448662758 -0.500328302 -0.582989931 -0.434647769 0.469974011
1403715537662142976.000000 4.653079510 1.083204269 -1.420965791 -0.539126813 -0.594757318 -0.389072955 0.451916099
1403715537812143104.000000 4.537162781 1.007720947 -1.380801320 -0.542898774 -0.582778037 -0.389676988 0.462366372
1403715537962142976.000000 4.433132172 0.916405380 -1.343045592 -0.539614618 -0.576690972 -0.397501320 0.467157841
1403715538112143104.000000 4.342067242 0.806106746 -1.314197898 -0.552261949 -0.578928292 -0.384648085 0.460320294
1403715538212143104.000000 4.291248322 0.725475907 -1.300336957 -0.564763963 -0.576184571 -0.379079938 0.453157127
1403715538362142976.000000 4.229420185 0.599447548 -1.299210668 -0.579468668 -0.563182890 -0.388050556 0.443235755
1403715538512143104.000000 4.184052944 0.465901792 -1.310639858 -0.579278350 -0.540825844 -0.426880121 0.435565591
1403715538662142976.000000 4.147009373 0.314097524 -1.320606709 -0.587992549 -0.518714368 -0.458599210 0.418194771
1403715538762142976.000000 4.123064041 0.200762168 -1.329583764 -0.606889725 -0.504835367 -0.466790140 0.398663998
1403715538962142976.000000 4.073965073 -0.046892207 -1.355833411 -0.657198131 -0.470750660 -0.476585537 0.345471561
1403715539762142976.000000 3.845423222 -1.030450463 -1.675998330 -0.777507365 -0.274030507 -0.523519337 0.215213984
1403715539962142976.000000 3.808176517 -1.239647031 -1.650699377 -0.783728540 -0.275172323 -0.514464140 0.213017195
1403715540212143104.000000 3.804582834 -1.484059572 -1.575228095 -0.806350291 -0.279630601 -0.471151263 0.222761229
1403715540362142976.000000 3.845121622 -1.615997076 -1.519325495 -0.800586045 -0.287374020 -0.477577984 0.219993934
1403715540512143104.000000 3.912725687 -1.737129092 -1.468259573 -0.797538221 -0.304686517 -0.480081737 0.201545462
1403715540662142976.000000 4.002737522 -1.840839386 -1.427384377 -0.805379987 -0.310252070 -0.468703747 0.188211545
1403715540862142976.000000 4.162620068 -1.940801978 -1.381220579 -0.810977757 -0.290127307 -0.466083229 0.202256590
1403715540962142976.000000 4.262590885 -1.978059888 -1.359875321 -0.805722415 -0.284940064 -0.476638019 0.206001908
1403715541112143104.000000 4.432588577 -2.022290230 -1.331208587 -0.798081100 -0.287101835 -0.489505291 0.202543348
1403715541262142976.000000 4.619084358 -2.056153774 -1.306932449 -0.794277906 -0.273816317 -0.494907796 0.221841440
1403715541412143104.000000 4.822400570 -2.088606834 -1.286460757 -0.785681307 -0.269044816 -0.511010587 0.221783578
1403715541562142976.000000 5.035906315 -2.122516870 -1.276930571 -0.792941451 -0.280506968 -0.502507150 0.200115621
1403715541762142976.000000 5.335534096 -2.151504755 -1.263475537 -0.792732775 -0.299095929 -0.501962304 0.173638359
1403715541912143104.000000 5.567053795 -2.147127390 -1.248726010 -0.773352087 -0.319270641 -0.526719391 0.150198504
1403715542312143104.000000 6.078886032 -1.981723547 -1.210029960 -0.714901745 -0.368060321 -0.563740730 0.188794941
1403715542462142976.000000 6.202609062 -1.879982114 -1.190055490 -0.694492698 -0.374798864 -0.562500179 0.246575236
1403715542912143104.000000 6.413516045 -1.646066189 -1.160511494 -0.688698769 -0.410111248 -0.517328143 0.299790472
1403715543212143104.000000 6.487278461 -1.560608864 -1.198481321 -0.692875981 -0.400615007 -0.507441521 0.319270581
1403715543362142976.000000 6.518939972 -1.540770769 -1.223325491 -0.692414522 -0.394099504 -0.510703325 0.323156089
1403715543562142976.000000 6.555121899 -1.543014169 -1.253437400 -0.687771678 -0.395909369 -0.521535993 0.313410521
1403715543712143104.000000 6.572853088 -1.565040827 -1.275614023 -0.675807297 -0.395751357 -0.540753424 0.307003558
1403715543812143104.000000 6.576730251 -1.592113376 -1.293244243 -0.669765711 -0.395126432 -0.557678819 0.290315837
1403715544062142976.000000 6.531494141 -1.692692161 -1.353059173 -0.688364327 -0.371048152 -0.580163360 0.227790117
1403715544212143104.000000 6.460662842 -1.763010502 -1.413774848 -0.724741697 -0.321065247 -0.574757934 0.203273192
1403715544412143104.000000 6.332514286 -1.857709646 -1.541720152 -0.770050585 -0.232032508 -0.570880830 0.165160581
1403715544562142976.000000 6.219763279 -1.927314401 -1.654189706 -0.789090157 -0.171601042 -0.574111819 0.135224178
1403715544662142976.000000 6.139288425 -1.971994758 -1.713756204 -0.795104623 -0.145139307 -0.576636493 0.119304784
1403715544862142976.000000 5.966565132 -2.057831049 -1.752093434 -0.787544191 -0.125050068 -0.594936609 0.100931525
1403715545162142976.000000 5.660860062 -2.187982082 -1.696464181 -0.801122785 -0.117034957 -0.580830932 0.084501147
1403715545362142976.000000 5.443104267 -2.273121357 -1.694295049 -0.810615003 -0.090034813 -0.574709117 0.067131624
1403715545612143104.000000 5.170385838 -2.375682354 -1.704555869 -0.815472960 -0.042174168 -0.570670605 0.086949594
1403715546112143104.000000 4.663661480 -2.683874846 -1.673656225 -0.807525814 -0.119384699 -0.568810523 0.100517817
1403715546612143104.000000 4.171450615 -3.007985830 -1.608788967 -0.759153187 -0.313365370 -0.524335325 0.224857658
1403715546712143104.000000 4.074183941 -3.071009159 -1.596560240 -0.746522486 -0.357456446 -0.505307198 0.244118273
