1403715913434057984.000000 1.341342926 -0.688143790 -0.464215606 -0.519303501 -0.607558250 -0.411789060 0.437751859
1403715913834057984.000000 1.066412091 -0.707400024 -0.499092162 -0.470751524 -0.637601852 -0.430007070 0.432378173
1403715914084058112.000000 0.812490880 -0.805842221 -0.504735947 -0.492240667 -0.639225960 -0.411427408 0.424048185
1403715914334057984.000000 0.508004010 -0.936022580 -0.498316407 -0.532875836 -0.625312507 -0.389942825 0.415899217
1403715914584058112.000000 0.187163174 -1.056599021 -0.483081758 -0.587193668 -0.607122004 -0.374492615 0.382572502
1403715914834057984.000000 -0.121200994 -1.120217204 -0.468437552 -0.656492531 -0.556211174 -0.344742119 0.375232816
1403715915084058112.000000 -0.352058887 -1.096150517 -0.454652071 -0.694303870 -0.517521441 -0.325899899 0.379345596
1403715915334057984.000000 -0.449146360 -0.975751817 -0.428015620 -0.672611713 -0.517457426 -0.369881541 0.378178447
1403715915584058112.000000 -0.467615426 -0.804288447 -0.446028292 -0.635615647 -0.534563482 -0.417739004 0.368413985
1403715915834057984.000000 -0.475964904 -0.613686442 -0.522917271 -0.628344715 -0.547309101 -0.418529242 0.361204952
1403715916134057984.000000 -0.487097919 -0.352897674 -0.609455585 -0.629496813 -0.545493364 -0.414196610 0.366895020
1403715916484058112.000000 -0.476147801 -0.025831228 -0.702841878 -0.664349020 -0.484135002 -0.452376068 0.345846325
1403715916634057984.000000 -0.463873327 0.112575904 -0.741644382 -0.692490757 -0.446147144 -0.463485062 0.326482683
1403715916734057984.000000 -0.452167124 0.203301817 -0.766856849 -0.710456133 -0.418375909 -0.467624128 0.318655491
1403715916884058112.000000 -0.425571114 0.336253732 -0.800472736 -0.731710672 -0.380454749 -0.468615651 0.316627711
1403715916984058112.000000 -0.397468209 0.420462519 -0.817372441 -0.739200592 -0.359305918 -0.472262114 0.318512589
1403715917284058112.000000 -0.251195639 0.626814783 -0.835266411 -0.713227749 -0.335984558 -0.547742784 0.279997230
1403715917434057984.000000 -0.180676788 0.694360733 -0.840497434 -0.710845709 -0.325078845 -0.567756116 0.258215278
1403715917634057984.000000 -0.114273719 0.758076310 -0.855125725 -0.736720502 -0.310592592 -0.541906476 0.259060830
1403715917784058112.000000 -0.068893380 0.790716350 -0.877413750 -0.734035015 -0.299202412 -0.545004666 0.273204148
1403715918184058112.000000 0.014198359 0.750917196 -0.912519932 -0.717494667 -0.311648995 -0.572766781 0.244978905
1403715918784058112.000000 -0.013304994 0.423845768 -1.089050412 -0.784582973 -0.234802917 -0.537354171 0.201364577
1403715918984058112.000000 -0.007261537 0.279264241 -1.114161134 -0.799526095 -0.253727823 -0.519225776 0.163660511
1403715919234057984.000000 0.031100325 0.142400280 -1.079762697 -0.798476219 -0.280242890 -0.516460180 0.131028578
1403715919484058112.000000 0.087089173 0.088758752 -1.054127932 -0.778608441 -0.283491284 -0.542403221 0.138565496
1403715919884058112.000000 0.153294817 0.109595105 -1.172307253 -0.775125980 -0.272278547 -0.549253047 0.152856976
1403715920234057984.000000 0.183481231 0.212325901 -1.258551717 -0.790051997 -0.272258103 -0.525201261 0.160801247
1403715920534057984.000000 0.220852703 0.363064677 -1.211085677 -0.773879647 -0.265180826 -0.539864063 0.198333353
1403715920984058112.000000 0.266269952 0.551026702 -1.068229198 -0.752891362 -0.283224463 -0.544912636 0.236661419
1403715921434057984.000000 0.291929632 0.628405631 -0.821181595 -0.748849690 -0.343302935 -0.514092326 0.238906771
1403715921784058112.000000 0.335993677 0.691661537 -0.590793371 -0.748629332 -0.345747083 -0.512233436 0.240062684
1403715922134057984.000000 0.392387509 0.778430343 -0.367115557 -0.747847021 -0.332577586 -0.518542826 0.247447655
1403715922584058112.000000 0.464283109 0.862206936 -0.008400850 -0.735867321 -0.329303741 -0.536083639 0.250345290
1403715922834057984.000000 0.481176108 0.873252869 0.147343397 -0.734222174 -0.332242787 -0.537036240 0.249248326
1403715923034057984.000000 0.482702732 0.869420528 0.209068671 -0.733168542 -0.339046806 -0.537821651 0.241369143
1403715923284058112.000000 0.460930973 0.857402146 0.289321870 -0.741326094 -0.344405919 -0.525914729 0.235019162
1403715923484058112.000000 0.429414988 0.850767970 0.380550027 -0.751088083 -0.333306402 -0.510899365 0.252498448
1403715923734057984.000000 0.405598402 0.836781025 0.417211384 -0.754124820 -0.317056805 -0.504287660 0.276522517
1403715923884058112.000000 0.404310644 0.816008091 0.377037108 -0.746810675 -0.313976109 -0.513963342 0.282018721
1403715924284058112.000000 0.427777350 0.685685098 0.164811283 -0.730488837 -0.326561183 -0.537499487 0.266154647
1403715924634057984.000000 0.429699153 0.501143515 -0.030960254 -0.751406014 -0.332908273 -0.511552513 0.250749290
1403715924784058112.000000 0.437983572 0.417209148 -0.110800393 -0.761155665 -0.311821371 -0.509090841 0.253448457
1403715924984058112.000000 0.469968438 0.293493807 -0.211793810 -0.769624650 -0.269715071 -0.528453767 0.235941142
1403715925134057984.000000 0.503344536 0.185897529 -0.271517724 -0.766210854 -0.234980807 -0.560857177 0.207712069
1403715925384058112.000000 0.541821361 -0.024505939 -0.310914218 -0.785094440 -0.168275043 -0.572614372 0.165599078
1403715925584058112.000000 0.556539953 -0.217920840 -0.319498688 -0.810373604 -0.111789614 -0.559472978 0.133370578
1403715925784058112.000000 0.574020028 -0.434205949 -0.325955600 -0.818405807 -0.056655105 -0.563971698 0.094542474
1403715926084058112.000000 0.605776012 -0.794983745 -0.340735793 0.810734987 -0.028895285 0.584026039 -0.028063210
1403715926234057984.000000 0.613342166 -0.987764895 -0.373136491 0.797337592 -0.080356278 0.598150194 0.003478506
1403715926534057984.000000 0.568623185 -1.391275167 -0.498601526 0.767569482 -0.166540936 0.612065554 0.092070855
1403715926684058112.000000 0.507880270 -1.588783622 -0.569569111 0.765597999 -0.207642004 0.594595432 0.131151900
1403715926984058112.000000 0.342443585 -1.952333808 -0.670684993 0.769703388 -0.273350209 0.541645110 0.198638067
1403715927134057984.000000 0.259936541 -2.115195751 -0.684273899 0.757087111 -0.297576904 0.536127031 0.225466102
1403715927384058112.000000 0.134817570 -2.346900702 -0.702130675 0.729669988 -0.310211927 0.530922055 0.299118906
1403715927584058112.000000 0.053036075 -2.465916157 -0.710076034 0.687853873 -0.344915420 0.551714003 0.321717411
1403715927784058112.000000 -0.039675165 -2.513166666 -0.722461224 0.650665104 -0.396036297 0.547560871 0.346363038
1403715927984058112.000000 -0.153282285 -2.491701603 -0.742068112 0.626784742 -0.448930115 0.499953449 0.394524068
1403715928134057984.000000 -0.240754962 -2.432667494 -0.777368188 0.598558545 -0.502361655 0.463579565 0.417677581
1403715928334057984.000000 -0.348581553 -2.314408541 -0.866252482 0.537151575 -0.569384396 0.428721845 0.451073527
1403715928534057984.000000 -0.443785548 -2.156836033 -0.974013090 0.475540012 -0.620307028 0.397218913 0.480934650
1403715928834057984.000000 -0.567765594 -1.843086600 -1.091990948 0.465214908 -0.684432387 0.329511255 0.454477429
1403715928884058112.000000 -0.587234378 -1.790066957 -1.094625592 0.473861963 -0.692037880 0.319937170 0.440657020
1403715929084058112.000000 -0.671434462 -1.610803366 -1.037379503 0.516413450 -0.698744535 0.305220336 0.389761269
1403715929184058112.000000 -0.722707927 -1.548782825 -0.986266434 0.536419570 -0.694713771 0.300916046 0.372929484
1403715929234057984.000000 -0.750498712 -1.525935531 -0.961578786 0.546382666 -0.690135956 0.298409969 0.368957847
1403715932684058112.000000 -0.620378792 -3.413779497 0.042886309 0.450591177 -0.538164973 0.453209788 0.549497068
1403715937084058112.000000 11.884262085 -7.953529835 -0.854378998 -0.479793519 0.639388263 -0.366249442 -0.476279587
