1403638175495097088.000000 -6.372766495 -15.669580460 34.278678894 -0.600679398 -0.594940305 -0.386168718 0.368922800
1403638175595097088.000000 -6.205425739 -15.733837128 34.263820648 -0.604838312 -0.601213694 -0.379353940 0.358891815
1403638175845096960.000000 -5.815756321 -15.837465286 34.240837097 -0.612447441 -0.611363411 -0.364504308 0.343918085
1403638176095097088.000000 -5.462529182 -15.845445633 34.176746368 -0.593948126 -0.613557816 -0.387738198 0.347032398
1403638176345096960.000000 -5.166205883 -15.780111313 34.128154755 -0.574733615 -0.588917911 -0.416338533 0.386677265
1403638176845096960.000000 -4.733726501 -15.627427101 34.128582001 -0.576713562 -0.586856604 -0.416560352 0.386624277
1403638177095097088.000000 -4.589817524 -15.545667648 34.158462524 -0.577718794 -0.588822186 -0.415571243 0.383184075
1403638177345096960.000000 -4.485225677 -15.455953598 34.146488190 -0.575639844 -0.590797424 -0.419188738 0.379312456
1403638177595097088.000000 -4.425408840 -15.358612061 34.101123810 -0.586320579 -0.581191301 -0.406893224 0.391002238
1403638177845096960.000000 -4.383935928 -15.252207756 34.034461975 -0.597291470 -0.561085701 -0.398831785 0.411532491
1403638178245096960.000000 -4.276042938 -15.104513168 33.974777222 -0.602057338 -0.533716679 -0.426968992 0.412760139
1403638178395097088.000000 -4.219866276 -15.071885109 33.985034943 -0.617750585 -0.512978971 -0.439982414 0.402060211
1403638178745096960.000000 -4.068046570 -15.053739548 33.979946136 -0.675896585 -0.456370801 -0.453954071 0.358908415
1403638178895097088.000000 -3.990999222 -15.060249329 33.962577820 -0.694181681 -0.437169105 -0.460977912 0.338370264
1403638179095097088.000000 -3.878342628 -15.073080063 33.926200867 -0.711281180 -0.428662658 -0.460543483 0.313411951
1403638179345096960.000000 -3.715980768 -15.078336716 33.861961365 -0.724654734 -0.420189291 -0.467053235 0.283156693
1403638179545096960.000000 -3.572076797 -15.064052582 33.804336548 -0.732169330 -0.384119183 -0.489650607 0.276808470
1403638179745096960.000000 -3.421219826 -15.049034119 33.747394562 -0.745332003 -0.344388247 -0.508862615 0.258719593
1403638179945096960.000000 -3.268273830 -15.042045593 33.715610504 -0.762024641 -0.309337825 -0.518891215 0.233196422
1403638180195097088.000000 -3.069548607 -15.031546593 33.698509216 -0.779065192 -0.285882562 -0.515689850 0.213055611
1403638180395097088.000000 -2.898674726 -15.020194054 33.679218292 -0.783082366 -0.280654460 -0.514936328 0.207016200
1403638180645096960.000000 -2.667399883 -14.999237061 33.633098602 -0.781651616 -0.288100064 -0.516446590 0.198247358
1403638181145096960.000000 -2.149621248 -14.896927834 33.600612640 -0.782069981 -0.295466602 -0.506514490 0.210972160
1403638181195097088.000000 -2.092988014 -14.882371902 33.594238281 -0.780309796 -0.294858843 -0.508388221 0.213813826
1403638181445096960.000000 -1.797519445 -14.815232277 33.546138763 -0.777772546 -0.264942735 -0.523374736 0.225730181
1403638181895097088.000000 -1.248715281 -14.805119514 33.466144562 -0.792285442 -0.189150631 -0.557360947 0.160793990
1403638182195097088.000000 -0.903436363 -14.856708527 33.488876343 -0.813507855 -0.159333065 -0.544474542 0.127927661
1403638182595097088.000000 -0.413329065 -14.934803963 33.534633636 -0.823835492 -0.159443378 -0.532015800 0.113279365
1403638182845096960.000000 -0.072042055 -14.974956512 33.603897095 -0.821766973 -0.166879281 -0.532741785 0.114177987
1403638183095097088.000000 0.288418710 -14.998047829 33.650699615 -0.809590161 -0.168723360 -0.548843682 0.121930063
1403638183345096960.000000 0.651186049 -15.012678146 33.665775299 -0.810934186 -0.177253455 -0.545681834 0.114884317
1403638183595097088.000000 1.013416052 -15.008628845 33.656398773 -0.819991410 -0.182454973 -0.531643450 0.108072400
1403638183845096960.000000 1.387246490 -14.973754883 33.660648346 -0.803698123 -0.182001129 -0.555779159 0.109792531
1403638184045096960.000000 1.672024965 -14.932081223 33.693050385 -0.801785886 -0.179883674 -0.558949709 0.111159883
1403638184345096960.000000 2.078687429 -14.846736908 33.747520447 -0.813372076 -0.179566473 -0.542831004 0.107314102
1403638184945096960.000000 2.867483139 -14.587244987 33.795986176 -0.804543078 -0.175804645 -0.556767285 0.108689822
1403638185145096960.000000 3.114562988 -14.480552673 33.819877625 -0.805709124 -0.176233977 -0.555060446 0.108085267
1403638185395097088.000000 3.413004637 -14.331519127 33.854049683 -0.801961482 -0.184086338 -0.559342921 0.100525871
1403638185695097088.000000 3.739316463 -14.112264633 33.901107788 -0.786050320 -0.213992432 -0.567927659 0.117432542
1403638185995097088.000000 4.020684242 -13.865991592 33.939178467 -0.795867682 -0.206980616 -0.543686569 0.167805105
1403638186295097088.000000 4.300001621 -13.641137123 33.947933197 -0.795316219 -0.221791580 -0.542646348 0.154322594
1403638186745096960.000000 4.710784912 -13.308466911 34.006351471 -0.792179167 -0.230688155 -0.547852635 0.138176426
1403638186995097088.000000 4.925342560 -13.096092224 34.009494781 -0.784036338 -0.259499460 -0.545377731 0.143214166
1403638187245096960.000000 5.118382454 -12.847160339 34.039596558 -0.759499669 -0.297235161 -0.542104006 0.202323422
1403638187495097088.000000 5.286717892 -12.602003098 34.112854004 -0.730722308 -0.336751968 -0.541557074 0.243636936
1403638187745096960.000000 5.425865173 -12.385910988 34.186149597 -0.731048644 -0.358797610 -0.524770498 0.247887462
1403638188045096960.000000 5.560091496 -12.140260696 34.239578247 -0.721371651 -0.367923439 -0.537361264 0.235580653
1403638188395097088.000000 5.627365589 -11.864542961 34.251903534 -0.702871442 -0.347270221 -0.566100359 0.254765689
1403638188895097088.000000 5.495207310 -11.639702797 34.252510071 -0.702271760 -0.355376810 -0.552590847 0.274162710
1403638189245096960.000000 5.283309460 -11.608916283 34.353664398 -0.696928561 -0.383524388 -0.529608965 0.294472605
1403638189545096960.000000 5.066108704 -11.639959335 34.412509918 -0.697314501 -0.430599779 -0.486222565 0.303189635
1403638189845096960.000000 4.862550259 -11.673055649 34.494815826 -0.705423474 -0.446932405 -0.458261788 0.304344058
1403638190095097088.000000 4.722903728 -11.670763969 34.530456543 -0.702755392 -0.447477281 -0.462109536 0.303897768
1403638190345096960.000000 4.602291107 -11.643633842 34.534122467 -0.676058471 -0.448520690 -0.498025268 0.306178153
1403638190645096960.000000 4.420706749 -11.616331100 34.496166229 -0.656903446 -0.469593108 -0.502067089 0.309659272
1403638190895097088.000000 4.225131989 -11.604696274 34.473716736 -0.661599159 -0.467252761 -0.486091912 0.328140557
1403638191195097088.000000 3.958465099 -11.604653358 34.503032684 -0.663758099 -0.466234863 -0.480039626 0.334084153
1403638191695097088.000000 3.515254259 -11.629034042 34.586082458 -0.675678849 -0.474088460 -0.467703193 0.316151917
1403638192195097088.000000 3.073636293 -11.582336426 34.589923859 -0.672466338 -0.475691348 -0.473292738 0.312251300
1403638192445096960.000000 2.844107151 -11.525142670 34.659404755 -0.667074978 -0.467387378 -0.479798317 0.326119125
1403638192545096960.000000 2.751233816 -11.503101349 34.698684692 -0.665177405 -0.465525568 -0.482341886 0.328894228
1403638192595097088.000000 2.704565048 -11.492902756 34.719650269 -0.663435280 -0.464236110 -0.484700888 0.330761999
1403638192645096960.000000 2.657818794 -11.482814789 34.741069794 -0.659989059 -0.461923450 -0.489539176 0.333755136
1403638192695097088.000000 2.610702991 -11.473747253 34.760848999 -0.658614635 -0.458726943 -0.491637766 0.337770164
1403638192745096960.000000 2.563418388 -11.466021538 34.779281616 -0.655996501 -0.456436634 -0.495388925 0.340476274
