1403636976401666560.000000 -0.248366371 -3.497488260 0.757870793 -0.606483519 -0.552970052 -0.378641814 0.427822769
1403636976701666560.000000 -0.188682795 -3.472656012 0.692246795 -0.631863415 -0.528199673 -0.420026004 0.381224155
1403636977001666560.000000 -0.122566491 -3.451002598 0.592541635 -0.649636805 -0.519704640 -0.415853798 0.367348313
1403636977251666432.000000 -0.056210198 -3.416939974 0.560666144 -0.652514875 -0.520992398 -0.408690035 0.368461281
1403636977501666560.000000 0.024425499 -3.370294333 0.539564729 -0.639890432 -0.523718059 -0.417510331 0.376755714
1403636978001666560.000000 0.209796160 -3.287084818 0.411427140 -0.645040214 -0.513492644 -0.419403404 0.379933178
1403636978251666432.000000 0.319490016 -3.253198624 0.382428974 -0.644914687 -0.517138124 -0.425648004 0.368072152
1403636978751666432.000000 0.530712605 -3.171764374 0.401260287 -0.659984171 -0.529843509 -0.408748001 0.341484845
1403636978851666432.000000 0.571012259 -3.141059875 0.395374388 -0.659887552 -0.529734075 -0.409243852 0.341247231
1403636979001666560.000000 0.631606638 -3.082130194 0.381054282 -0.651664257 -0.523271203 -0.422354281 0.350909948
1403636979351666432.000000 0.756941259 -2.933538675 0.300451726 -0.648933589 -0.522370994 -0.425827503 0.353107363
1403636979501666560.000000 0.802621067 -2.864537001 0.275616258 -0.654501379 -0.526949883 -0.417044997 0.346446663
1403636979801666560.000000 0.886962295 -2.699908972 0.270050615 -0.656975091 -0.527304113 -0.417211860 0.340981424
1403636980251666432.000000 0.988053679 -2.390325308 0.269117683 -0.651914716 -0.514400899 -0.434807032 0.348341525
1403636980651666432.000000 1.042811632 -2.122754097 0.190079913 -0.649033308 -0.499676734 -0.439214379 0.369011879
1403636980851666432.000000 1.067846298 -2.001372099 0.162756801 -0.647529006 -0.508596480 -0.438195109 0.360584170
1403636981201666560.000000 1.102590203 -1.787903190 0.146230236 -0.649472237 -0.510384858 -0.433566540 0.360157132
1403636981501666560.000000 1.127851009 -1.616203666 0.094911143 -0.655750573 -0.497940570 -0.430117726 0.370196313
1403636981901666560.000000 1.177940249 -1.406911135 0.066796616 -0.659910798 -0.515222311 -0.434062123 0.332646728
1403636982101666560.000000 1.192651749 -1.285606384 0.080031298 -0.672648787 -0.517473578 -0.418556690 0.323380709
1403636982301666560.000000 1.205260277 -1.139889240 0.079152882 -0.678819358 -0.511142075 -0.410785258 0.330444366
1403636982501666560.000000 1.227519274 -0.970269084 0.073210739 -0.669752717 -0.498927563 -0.423532009 0.350889325
1403636982701666560.000000 1.264247656 -0.789408922 0.086942025 -0.664581597 -0.498299390 -0.427509457 0.356741786
1403636982851666432.000000 1.298997521 -0.654728413 0.098054312 -0.665194273 -0.504836798 -0.423634201 0.350984991
1403636983051666432.000000 1.351722479 -0.472317696 0.094612837 -0.660534561 -0.507545531 -0.428993076 0.349366128
1403636983251666432.000000 1.406027555 -0.287013531 0.067510575 -0.653784513 -0.507249594 -0.438741505 0.350385010
1403636983501666560.000000 1.468988657 -0.060505502 0.012997037 -0.652297497 -0.506652594 -0.443093777 0.348538578
1403636983701666560.000000 1.510086775 0.114339761 -0.013806747 -0.657798052 -0.509633541 -0.438149273 0.340000838
1403636983951666432.000000 1.549602389 0.340837657 -0.002622763 -0.664124846 -0.512004793 -0.433027118 0.330570459
1403636984201666560.000000 1.579663515 0.586095214 0.030666493 -0.666041732 -0.509092391 -0.434773684 0.328915209
1403636984501666560.000000 1.602079988 0.898863912 0.021995785 -0.660851121 -0.501159012 -0.447091252 0.334999889
1403636984701666560.000000 1.604253054 1.109054446 0.001291631 -0.659338593 -0.500777900 -0.449258447 0.335650116
1403636984901666560.000000 1.597189069 1.315772891 -0.000124004 -0.661896765 -0.496282816 -0.444738418 0.343225658
1403636985151666432.000000 1.583111763 1.557577252 0.014027780 -0.662233829 -0.497244716 -0.444777548 0.341126323
1403636985601666560.000000 1.528949738 1.975701213 -0.037921414 -0.646220267 -0.516411960 -0.444446743 0.343780875
1403636985851666432.000000 1.469576120 2.203701973 -0.021146880 -0.629114747 -0.523549020 -0.451998025 0.354695618
1403636986151666432.000000 1.359083414 2.442961216 -0.019671822 -0.613400519 -0.518281460 -0.465769500 0.371729642
1403636986401666560.000000 1.233176708 2.593907595 -0.059264593 -0.629608691 -0.529420316 -0.442863554 0.356621653
1403636986701666560.000000 1.058195829 2.757646799 -0.085076742 -0.639834285 -0.521868110 -0.427397311 0.368235528
1403636986951666432.000000 0.921286702 2.886128187 -0.044881113 -0.641586304 -0.517389357 -0.425056309 0.374169141
1403636987251666432.000000 0.777415931 3.022219181 0.044613685 -0.638664901 -0.516287982 -0.434037089 0.370358914
1403636987501666560.000000 0.660481095 3.117600679 0.083642974 -0.631243885 -0.516757846 -0.440319449 0.374981761
1403636987851666432.000000 0.485535204 3.204084396 0.107217252 -0.620551050 -0.520985603 -0.443731010 0.382874876
1403636988101666560.000000 0.356281340 3.224658251 0.147863209 -0.632899284 -0.518662572 -0.422406971 0.389871955
1403636988351666432.000000 0.246836871 3.223284245 0.169765860 -0.635744572 -0.509322286 -0.419797271 0.400237322
1403636988651666432.000000 0.162085980 3.173544645 0.228319108 -0.627741933 -0.502461851 -0.430998892 0.409526855
1403636988951666432.000000 0.120019004 3.049523354 0.277302772 -0.624138057 -0.497149706 -0.435500026 0.416693747
1403636989301666560.000000 0.127987832 2.797497749 0.292953759 -0.625789702 -0.500133932 -0.436943263 0.409064710
1403636989601666560.000000 0.176127166 2.517801046 0.350249618 -0.634219825 -0.520253122 -0.429361314 0.377823889
1403636989901666560.000000 0.227370068 2.231981277 0.403193861 -0.632717073 -0.524978042 -0.431698948 0.371083736
1403636990201666560.000000 0.267827362 1.942902088 0.436244488 -0.625954032 -0.518928349 -0.440687478 0.380380601
1403636990451666432.000000 0.293351948 1.687807798 0.497587740 -0.627877772 -0.527118385 -0.434347928 0.373172432
1403636990751666432.000000 0.310700744 1.380073428 0.542262018 -0.629510224 -0.533889651 -0.426600277 0.369717419
1403636991051666432.000000 0.313863665 1.082623005 0.529200494 -0.627384305 -0.535347223 -0.427625507 0.370038956
1403636991351666432.000000 0.304980099 0.794807017 0.504071891 -0.629646301 -0.534583807 -0.427172452 0.367817134
1403636991651666432.000000 0.284789920 0.518258274 0.554010689 -0.635307491 -0.529638112 -0.424554914 0.368267536
1403636992151666432.000000 0.273562014 0.108581059 0.696514547 0.641584456 0.518360555 0.429581344 -0.367602617
1403636992651666432.000000 0.286287010 -0.265015483 0.732662022 0.646721840 0.520393729 0.432563305 -0.351895392
1403636992801666560.000000 0.287800342 -0.365191102 0.761754513 0.648197711 0.520629942 0.433325320 -0.347869992
