1403636585613555456.000000 3.261119366 -0.828158319 -1.074312925 -0.544578195 -0.621148050 -0.379684150 0.416472882
1403636585813555456.000000 3.264264107 -0.852721870 -1.121872306 -0.553170085 -0.635450423 -0.345142722 0.413620681
1403636588163555584.000000 3.570611238 -0.805397034 -1.111009717 -0.644016623 -0.650060773 -0.265466183 0.303630173
1403636588263555584.000000 3.586556673 -0.801912904 -1.115396261 -0.643463075 -0.650256991 -0.264863729 0.304907084
1403636588613555456.000000 3.576359510 -0.808364272 -1.115683317 -0.642551303 -0.647831738 -0.267028838 0.310060591
1403636588663555584.000000 3.566761971 -0.811851025 -1.113516092 -0.641852975 -0.648225725 -0.266979545 0.310725152
1403636589713555456.000000 3.136889458 -0.931509376 -1.091687918 -0.606864035 -0.675916314 -0.252493680 0.333316922
1403636589913555456.000000 3.057121992 -0.952621877 -1.099538326 -0.600369334 -0.686082482 -0.238836050 0.334372461
1403636590013555456.000000 3.026361942 -0.960815966 -1.103718638 -0.596829474 -0.689542472 -0.231984466 0.338391900
1403636590113555456.000000 3.004394770 -0.966484308 -1.103846073 -0.591843188 -0.690183520 -0.232128963 0.345665276
1403636590213555456.000000 2.993820667 -0.969761550 -1.102198243 -0.588246822 -0.689918220 -0.232983708 0.351706147
1403636590413555456.000000 3.011340380 -0.971434712 -1.097931147 -0.589418590 -0.690409601 -0.236831039 0.346166730
1403636590663555584.000000 3.091053963 -0.962677360 -1.089593410 -0.594733179 -0.683542311 -0.251754969 0.340120286
1403636591063555584.000000 3.268446445 -0.923028529 -1.095721722 -0.607809424 -0.678295612 -0.248348385 0.329857320
1403636591263555584.000000 3.350975990 -0.899052739 -1.100341558 -0.611335516 -0.675931871 -0.246110246 0.329870850
1403636593663555584.000000 3.093454361 -0.911733568 -1.147729278 -0.550981700 -0.715160489 -0.190540746 0.385563225
1403636593863555584.000000 3.167499065 -0.983290315 -1.158665180 -0.597210169 -0.683929980 -0.211476237 0.361742496
1403636593963555584.000000 3.219462633 -1.005735636 -1.159394741 -0.621515930 -0.658234537 -0.235532299 0.353510618
1403636594263555584.000000 3.387819767 -0.992781401 -1.158388019 -0.678575993 -0.596728981 -0.289219946 0.315913111
1403636594363555584.000000 3.439967394 -0.956276894 -1.160055518 -0.685447276 -0.589261055 -0.299845934 0.305001497
1403636594663555584.000000 3.535148621 -0.799136877 -1.163113594 -0.677543104 -0.580117941 -0.325088084 0.314191580
1403636594763555584.000000 3.524415731 -0.753590584 -1.164865613 -0.670972824 -0.584416986 -0.323420107 0.321949929
1403636594863555584.000000 3.487696171 -0.717426300 -1.168677926 -0.656470418 -0.597324252 -0.317612737 0.333725125
1403636596063555584.000000 3.381504774 -0.934253514 -1.206281781 -0.607775927 -0.663486779 -0.275797993 0.338126004
1403636596163555584.000000 3.409670830 -0.965540826 -1.207555771 -0.624098599 -0.650798440 -0.282454938 0.327386171
1403636596263555584.000000 3.409698725 -1.000855803 -1.203181267 -0.631903529 -0.642663062 -0.284907609 0.326358497
1403636596363555584.000000 3.387903690 -1.041432500 -1.192502737 -0.634346247 -0.637814045 -0.287128180 0.329174191
1403636596463555584.000000 3.356445074 -1.086297154 -1.178883195 -0.630791783 -0.637731075 -0.291935205 0.331925750
1403636596563555584.000000 3.324776173 -1.126141548 -1.167256474 -0.624329090 -0.640849411 -0.295842320 0.334668010
1403636596663555584.000000 3.298136711 -1.155038238 -1.160155773 -0.622954607 -0.642921627 -0.295904189 0.333196789
1403636596763555584.000000 3.281223536 -1.166684866 -1.158199787 -0.620372593 -0.646149039 -0.295257658 0.332343459
1403636597013555456.000000 3.281183720 -1.096232891 -1.164682508 -0.613042474 -0.649249554 -0.305475414 0.330664217
1403636597113555456.000000 3.288548231 -1.037510037 -1.169767141 -0.614784360 -0.654566526 -0.297589153 0.324073553
1403636598213555456.000000 3.212342739 -0.880588830 -1.182692051 -0.518424153 -0.731297076 -0.238205150 0.373763740
1403636598413555456.000000 3.236091614 -0.921999156 -1.210669279 -0.528400838 -0.737440705 -0.237026900 0.347551465
1403636598513555456.000000 3.246499777 -0.912576199 -1.225721240 -0.527900279 -0.736377478 -0.241671711 0.347367734
1403636598613555456.000000 3.253077745 -0.885809541 -1.238836884 -0.521687210 -0.733974040 -0.245191753 0.359173596
1403636598713555456.000000 3.256561518 -0.850444555 -1.252894282 -0.511860132 -0.730915606 -0.248112902 0.377096355
1403636598913555456.000000 3.260013819 -0.783053279 -1.294381022 -0.492976755 -0.716946125 -0.259218723 0.419246733
1403636599013555456.000000 3.261937857 -0.756812334 -1.318163157 -0.486847520 -0.710871637 -0.268484235 0.430763602
1403636599113555456.000000 3.262303829 -0.737387896 -1.336763740 -0.480537802 -0.703163564 -0.272458225 0.447672784
1403636600063555584.000000 3.266902208 -0.684802830 -1.395470858 -0.469699442 -0.647492826 -0.320812225 0.507163703
1403636602813555456.000000 3.267719984 -0.685544193 -1.395671129 -0.470112175 -0.644245565 -0.319584817 0.511671603
1403636605563555584.000000 3.267766476 -0.685435653 -1.395663738 -0.470242351 -0.644168615 -0.319447845 0.511734247
1403636608063555584.000000 3.267694473 -0.685607135 -1.395668030 -0.470268875 -0.644174516 -0.319585145 0.511616886
1403636610813555456.000000 3.267714024 -0.685469747 -1.395587921 -0.470343441 -0.644335568 -0.319461614 0.511422575
1403636613563555584.000000 3.268361092 -0.685311019 -1.395977497 -0.470289320 -0.643915534 -0.319430649 0.512020409
1403636616063555584.000000 3.268460989 -0.685186684 -1.396080256 -0.470203102 -0.643980801 -0.319484234 0.511984110
1403636618563555584.000000 3.268403292 -0.685223222 -1.396054029 -0.470149606 -0.643995583 -0.319383621 0.512077212
1403636621063555584.000000 3.268518209 -0.685293198 -1.395925403 -0.470291287 -0.643880188 -0.319846839 0.511803091
1403636623913555456.000000 3.268934488 -0.684931159 -1.395856977 -0.471644461 -0.643044770 -0.320093036 0.511454284
1403636624813555456.000000 3.315160513 -0.704056084 -1.396034956 -0.477182865 -0.658186555 -0.329017848 0.480452120
1403636624913555456.000000 3.332764387 -0.712926924 -1.390659213 -0.473444581 -0.668975413 -0.333327919 0.466062903
1403636625063555584.000000 3.357077599 -0.729909003 -1.365904689 -0.471737623 -0.683620751 -0.333956063 0.445645243
1403636625163555584.000000 3.366796970 -0.739920616 -1.340510607 -0.475896984 -0.685972095 -0.326939523 0.442803383
1403636625263555584.000000 3.371856451 -0.746279538 -1.311100960 -0.477230340 -0.681186974 -0.324261576 0.450655133
1403636625363555584.000000 3.373837471 -0.748264313 -1.292641044 -0.476940185 -0.677072942 -0.323035061 0.457983315
1403636625513555456.000000 3.374166012 -0.747777820 -1.298438787 -0.478366345 -0.680375159 -0.318690866 0.454633296
1403636627113555456.000000 3.374134064 -0.644225240 -1.076103568 -0.464522690 -0.678658247 -0.317898244 0.471786350
1403636627513555456.000000 3.415032625 -0.661260188 -1.014694691 -0.464204103 -0.669797897 -0.320879459 0.482619703
1403636627763555584.000000 3.449948549 -0.676105440 -1.003309727 -0.484636962 -0.667010307 -0.323567063 0.464250654
1403636627963555584.000000 3.479001045 -0.678762496 -1.022935748 -0.504459441 -0.665548146 -0.327818960 0.441702425
1403636629163555584.000000 3.676216125 -0.513170183 -0.894705117 -0.531215429 -0.635453939 -0.352840364 0.435330003
1403636629463555584.000000 3.750829935 -0.447129875 -0.881134212 -0.549315751 -0.609151125 -0.366337359 0.439299643
1403636629963555584.000000 3.920253754 -0.305921495 -0.970658123 -0.613228619 -0.565797329 -0.395256907 0.384182453
1403636630163555584.000000 3.995611191 -0.229738101 -0.990344763 -0.620404780 -0.546363413 -0.413616121 0.381453365
1403636631863555584.000000 4.532801628 0.533708632 -1.002677798 -0.604913831 -0.553378880 -0.422730684 0.386199176
1403636634563555584.000000 4.872440338 2.081636906 -1.140793204 -0.539580524 -0.612579405 -0.377303272 0.437311798
1403636634713555456.000000 4.899000168 2.198380470 -1.150081992 -0.530729234 -0.618544579 -0.376904279 0.440082222
1403636634863555584.000000 4.922092438 2.309349775 -1.156106591 -0.526078939 -0.627142608 -0.368792593 0.440369368
1403636635013555456.000000 4.941125870 2.417748213 -1.147788882 -0.521016538 -0.634883940 -0.362797797 0.440274745
1403636635513555456.000000 4.982690334 2.780893087 -1.148779988 -0.524016201 -0.640489995 -0.342860639 0.444551647
1403636635713555456.000000 5.000756741 2.933231354 -1.128573418 -0.525265157 -0.637198448 -0.343012094 0.447680146
1403636635813555456.000000 5.011136055 3.014099598 -1.108173251 -0.526126921 -0.630898833 -0.343268722 0.455328107
1403636635913555456.000000 5.024720192 3.096148491 -1.080916047 -0.529822409 -0.626790881 -0.339632958 0.459424406
1403636636113555456.000000 5.064416409 3.263668776 -1.026345253 -0.531591713 -0.637143910 -0.339298457 0.443096399
1403636636213555456.000000 5.087179661 3.350771666 -0.997689366 -0.525260270 -0.637736320 -0.348493069 0.442658693
1403636636313555456.000000 5.110181808 3.438474178 -0.961538672 -0.518474340 -0.634755373 -0.358220965 0.447155297
1403636636713555456.000000 5.196456432 3.752346277 -0.856472731 -0.497776866 -0.631592214 -0.386821002 0.451308221
1403636636963555584.000000 5.224377155 3.893780708 -0.856125772 -0.497139812 -0.637806535 -0.385376155 0.444454759
1403636637163555584.000000 5.226636887 3.980102301 -0.883176327 -0.509424031 -0.635717809 -0.364564419 0.451046497
1403636637613555456.000000 5.212259769 4.177358627 -0.892676175 -0.514495134 -0.644539058 -0.350204617 0.444095731
1403636637913555456.000000 5.192037582 4.317417145 -0.821814299 -0.510372996 -0.642905056 -0.352618515 0.449280322
1403636638063555584.000000 5.179548740 4.391620159 -0.794760644 -0.507830381 -0.640589356 -0.355017900 0.453559190
1403636638363555584.000000 5.155566692 4.530057430 -0.822177827 -0.511218131 -0.640127242 -0.348300040 0.455609858
1403636638513555456.000000 5.146479130 4.597321987 -0.856431127 -0.527882874 -0.647144496 -0.323588490 0.444785535
1403636638663555584.000000 5.143812656 4.672632217 -0.877946675 -0.526721358 -0.651942134 -0.324553311 0.438407600
1403636638813555456.000000 5.144992828 4.763474941 -0.873375833 -0.518066764 -0.650001168 -0.336542815 0.442543060
1403636639213555456.000000 5.157567978 5.034923077 -0.835531890 -0.526095927 -0.634274960 -0.323305070 0.465179861
1403636639513555456.000000 5.207269192 5.265685081 -0.900351882 -0.512897074 -0.646031201 -0.342606246 0.449668080
1403636639813555456.000000 5.259776592 5.499018192 -0.982276201 -0.501760125 -0.642172277 -0.356844455 0.456632882
1403636640563555584.000000 5.362649441 5.975081444 -0.981973052 -0.477266461 -0.659550071 -0.340997487 0.470033079
1403636641363555584.000000 5.437979698 6.340105057 -1.031004786 -0.480631173 -0.658546448 -0.333360463 0.473477662
1403636642463555584.000000 5.559338093 6.645585060 -1.015628338 -0.507949591 -0.631720722 -0.362875819 0.459605694
1403636642763555584.000000 5.594378948 6.687595844 -1.061264277 -0.524606168 -0.633675218 -0.357213020 0.442315519
1403636643613555456.000000 5.693240643 6.852965832 -1.060642123 -0.529573083 -0.637595236 -0.347531170 0.438459575
1403636643913555456.000000 5.734777451 6.953017712 -1.008540869 -0.531142652 -0.647398651 -0.340351373 0.427695543
1403636644063555584.000000 5.753213406 7.020020485 -0.997426152 -0.531581521 -0.649600565 -0.339345396 0.424599797
1403636644513555456.000000 5.800896168 7.286067963 -1.029970050 -0.530530691 -0.617070675 -0.342800051 0.469307154
1403636644813555456.000000 5.877933979 7.470468521 -1.131865501 -0.518118322 -0.623696089 -0.362372279 0.459611684
1403636645863555584.000000 6.154718876 8.205678940 -1.346458793 -0.533221900 -0.639272094 -0.349676251 0.429804683
1403636646013555456.000000 6.181368828 8.353130341 -1.329435110 -0.535584033 -0.631101012 -0.352976590 0.436198205
1403636646163555584.000000 6.213292122 8.501609802 -1.299800873 -0.549741149 -0.611286998 -0.362199187 0.439231843
1403636646313555456.000000 6.252875328 8.652897835 -1.276556611 -0.572264254 -0.582176089 -0.378303856 0.436429709
1403636646763555584.000000 6.418167591 9.043125153 -1.235469818 -0.609559596 -0.530497134 -0.432698011 0.399727881
1403636647063555584.000000 6.531883717 9.247784615 -1.158376217 -0.616720736 -0.527704179 -0.434831917 0.390006632
1403636647363555584.000000 6.643138409 9.426659584 -1.122159004 -0.618907869 -0.531004667 -0.428508133 0.389060199
1403636647513555456.000000 6.698383808 9.508695602 -1.119220018 -0.615812063 -0.528382659 -0.429055691 0.396860749
1403636647663555584.000000 6.756705284 9.581417084 -1.115544558 -0.613237500 -0.522203743 -0.431031227 0.406761616
1403636647813555456.000000 6.821621895 9.647822380 -1.102109432 -0.615179062 -0.524034679 -0.432617754 0.399730235
1403636648113555456.000000 6.964796543 9.748712540 -1.108247161 -0.638637304 -0.499394089 -0.448424280 0.376382321
1403636649313555456.000000 7.559568405 9.880460739 -1.162449360 -0.712091863 -0.391183734 -0.507482708 0.286987364
1403636649463555584.000000 7.629121780 9.894985199 -1.107687116 -0.713441849 -0.397372812 -0.501279891 0.286031544
1403636649613555456.000000 7.694764137 9.907291412 -1.036435008 -0.709688306 -0.397328824 -0.502476931 0.293239325
1403636649763555584.000000 7.758254528 9.912507057 -0.968080521 -0.710554183 -0.386402428 -0.508787572 0.294858098
1403636650513555456.000000 8.019599915 9.812036514 -0.898117602 -0.754260302 -0.304008126 -0.535705447 0.227354556
1403636651263555584.000000 8.171475410 9.607866287 -0.916959703 -0.768037796 -0.261508048 -0.550924361 0.195483863
1403636651763555584.000000 8.216351509 9.455987930 -0.870232165 -0.762735128 -0.266553342 -0.550675333 0.209621683
1403636652213555456.000000 8.235731125 9.244913101 -0.926231682 -0.788534164 -0.189190209 -0.563871503 0.156428605
1403636653213555456.000000 8.334283829 8.696538925 -1.015405536 -0.817046940 -0.095845886 -0.564269662 0.069625087
1403636653513555456.000000 8.418090820 8.571026802 -1.016967773 -0.806734324 -0.107687533 -0.575918615 0.076817840
1403636653963555584.000000 8.497619629 8.399524689 -0.975260794 -0.799986362 -0.113695532 -0.583005667 0.084849991
1403636654163555584.000000 8.506504059 8.323887825 -0.996099830 -0.802282393 -0.106222995 -0.580731034 0.088381156
1403636655013555456.000000 8.455367088 7.980803967 -0.937348962 -0.815500557 -0.015323218 -0.578345597 0.015507184
1403636655413555456.000000 8.403688431 7.839624882 -0.978623033 0.803744078 -0.004375583 0.594835103 -0.012151943
1403636655813555456.000000 8.274574280 7.684015751 -1.013323903 0.819858313 -0.053490110 0.569906175 0.013348478
1403636655913555456.000000 8.240036964 7.641107082 -1.043603897 0.820749998 -0.070972115 0.566435754 0.021976469
1403636656013555456.000000 8.206859589 7.595839500 -1.074058175 0.818966448 -0.088382803 0.566121101 0.031454131
1403636656113555456.000000 8.173787117 7.547913551 -1.096216083 0.817668319 -0.099851049 0.565411150 0.041935060
1403636656513555456.000000 8.058715820 7.339694023 -1.081003547 0.820422351 -0.111333035 0.557632089 0.059654787
1403636656613555456.000000 8.037592888 7.284809589 -1.063517928 0.819009423 -0.108560264 0.560091615 0.061119836
1403636656813555456.000000 8.000572205 7.173679352 -1.039809227 0.804864824 -0.102036960 0.581382096 0.061449204
1403636657113555456.000000 7.927092075 7.012174129 -1.057771921 0.798094511 -0.097237565 0.592021167 0.055685513
1403636657313555456.000000 7.853371143 6.909197330 -1.079494238 0.801444054 -0.100023553 0.587691188 0.047977842
1403636657713555456.000000 7.677530289 6.683836460 -1.117808819 0.814595103 -0.107039690 0.568599522 0.040889546
1403636658013555456.000000 7.552674294 6.481628418 -1.171172619 0.817192018 -0.122522973 0.562053621 0.035791423
1403636658213555456.000000 7.472604752 6.322031498 -1.176620841 0.818806052 -0.115334988 0.559816658 0.053478301
1403636658413555456.000000 7.400751591 6.155503273 -1.186289549 0.820330143 -0.110000409 0.557320237 0.065973587
1403636658613555456.000000 7.341123581 5.992707253 -1.209609389 0.821508586 -0.102412887 0.555322528 0.079070933
1403636658713555456.000000 7.316024303 5.915865421 -1.224663258 0.820826590 -0.100398973 0.556183159 0.082608655
1403636658813555456.000000 7.294002056 5.843074799 -1.241937876 0.818085670 -0.096484713 0.559974134 0.088630982
1403636659013555456.000000 7.257920265 5.714230537 -1.284806252 0.810064316 -0.100566648 0.571595907 0.083428495
1403636659213555456.000000 7.221203804 5.602950573 -1.341660380 0.803510129 -0.103597522 0.580914438 0.078597873
1403636659313555456.000000 7.199125767 5.553671360 -1.369953990 0.804924548 -0.104103565 0.578973472 0.077774189
1403636659513555456.000000 7.153483391 5.463468552 -1.408550978 0.813620389 -0.103344262 0.566669226 0.078917250
1403636659813555456.000000 7.091065884 5.347581863 -1.457543612 0.809413731 -0.105161548 0.571858585 0.082269408
1403636660013555456.000000 7.049256802 5.288273811 -1.517890215 0.814775705 -0.108652070 0.563439012 0.082896866
1403636660113555456.000000 7.029465199 5.263337612 -1.554393768 0.819513857 -0.110386036 0.556140065 0.083188243
1403636660313555456.000000 6.999541283 5.219318867 -1.632058501 0.825946510 -0.111646511 0.546234429 0.083519228
1403636660663555584.000000 7.009329796 5.159504414 -1.726326942 0.824697852 -0.108281441 0.548161089 0.087566860
1403636660813555456.000000 7.036663532 5.142551422 -1.774303317 0.813158333 -0.099614374 0.564989328 0.098171607
1403636661013555456.000000 7.074821472 5.140745163 -1.856877089 0.807673633 -0.096881732 0.572870672 0.100481562
1403636661213555456.000000 7.110841274 5.163591862 -1.952219367 0.804057062 -0.104225092 0.578378499 0.090042897
1403636661713555456.000000 7.153847694 5.284654140 -2.086298466 0.804664075 -0.109445550 0.578093588 0.079657950
1403636662113555456.000000 7.139173508 5.398990154 -2.061828375 0.800136626 -0.114985213 0.584839463 0.067251429
1403636662513555456.000000 7.070595741 5.510745525 -2.043383360 0.814357579 -0.105878092 0.564073622 0.086212344
1403636662613555456.000000 7.051620960 5.545038700 -2.052370310 0.817246795 -0.111819446 0.559717417 0.079502165
1403636662813555456.000000 7.021297932 5.610861778 -2.079626560 0.812364638 -0.129923090 0.565557301 0.057694972
1403636663213555456.000000 6.979073048 5.683685303 -2.153006315 0.823179901 -0.138945118 0.548279047 0.049591031
1403636663613555456.000000 6.996802330 5.682446003 -2.241195917 0.837734997 -0.110903330 0.527119458 0.089697175
1403636663913555456.000000 7.099305153 5.696488380 -2.318363190 0.832343638 -0.090585209 0.535444796 0.110893279
1403636664213555456.000000 7.273758888 5.778672695 -2.334600687 0.815288067 -0.084739149 0.563120425 0.104976602
1403636664313555456.000000 7.337938786 5.822754383 -2.337578773 0.810674429 -0.087066539 0.571000993 0.095835216
1403636664413555456.000000 7.400178432 5.872008324 -2.356974363 0.808412015 -0.087131456 0.575216591 0.089465536
1403636664513555456.000000 7.459906101 5.925751686 -2.387677908 0.806961477 -0.086083591 0.578200340 0.084186152
1403636664613555456.000000 7.517253399 5.983711720 -2.419337273 0.805586159 -0.087783843 0.581274986 0.073786311
1403636664713555456.000000 7.570634842 6.044562340 -2.445399046 0.805708647 -0.088645294 0.581994832 0.065251671
1403636665113555456.000000 7.755680084 6.303651333 -2.476465702 0.819406867 -0.078803018 0.564750135 0.058479879
1403636665213555456.000000 7.798783302 6.371212482 -2.465500116 0.821621299 -0.080491543 0.561787367 0.053428967
1403636666463555584.000000 8.294410706 7.183091640 -2.349857569 0.805685639 -0.095055126 0.582917094 0.045197628
1403636666613555456.000000 8.326671600 7.269032478 -2.348069668 0.811180592 -0.090903468 0.575786531 0.046825241
1403636667363555584.000000 8.500137329 7.619498730 -2.321014881 0.810295701 -0.073146380 0.578587174 0.057510097
1403636668113555456.000000 8.701144218 7.914169312 -2.359402895 0.821961761 -0.084116764 0.561404824 0.046129767
1403636668563555584.000000 8.863099098 8.061313629 -2.443415165 0.821050882 -0.085762739 0.560716033 0.064170316
1403636669013555456.000000 9.060649872 8.247040749 -2.526147842 0.810767114 -0.077885211 0.573987365 0.084434830
1403636669163555584.000000 9.121993065 8.333042145 -2.527945757 0.807142913 -0.086255431 0.579284191 0.074229397
1403636669313555456.000000 9.175845146 8.425571442 -2.536002159 0.805764794 -0.088022664 0.580986977 0.073819824
1403636669763555584.000000 9.295222282 8.736679077 -2.600360394 0.788920045 -0.086066201 0.604082942 0.072674356
1403636669913555456.000000 9.304419518 8.850172997 -2.609674931 0.790224850 -0.107009403 0.602218211 0.037773136
1403636670063555584.000000 9.294372559 8.952447891 -2.604071379 0.796599507 -0.119231679 0.592360437 0.017952640
1403636670363555584.000000 9.228258133 9.087709427 -2.569767237 0.787626326 -0.125127271 0.602908254 -0.022128640
1403636670913555456.000000 8.928018570 8.958425522 -2.489290953 0.794328332 -0.046878595 0.595660031 -0.109700032
1403636671513555456.000000 8.423508644 8.133685112 -2.270351648 -0.809586942 -0.144251764 -0.556089699 0.120518625
1403636672113555456.000000 8.047806740 7.201302052 -2.097567797 -0.840092778 -0.200318143 -0.495806783 0.091063283
1403636672963555584.000000 8.044045448 6.637058258 -2.005292416 -0.803361654 -0.197234824 -0.549021006 0.119517706
1403636673663555584.000000 8.125449181 6.615504742 -2.016530275 -0.798573732 -0.256316304 -0.525144458 0.144240379
1403636674663555584.000000 8.319963455 7.104384422 -2.150348425 -0.776229560 -0.254280359 -0.539350092 0.204721302
1403636676513555456.000000 8.964067459 8.392663002 -2.495074511 -0.687297642 -0.459313750 -0.488065988 0.280079246
1403636678413555456.000000 9.020577431 9.769117355 -2.569471598 -0.547968566 -0.607079983 -0.378673315 0.433348536
1403636678713555456.000000 9.034317017 9.898417473 -2.522891998 -0.502440870 -0.645426393 -0.356799394 0.451300502
1403636679613555456.000000 8.890930176 10.134019852 -2.522546053 -0.353944600 -0.729430854 -0.248018011 0.530227363
1403636680063555584.000000 8.839696884 10.159771919 -2.390938282 -0.314478844 -0.741462409 -0.259676099 0.532827377
1403636680363555584.000000 8.807835579 10.112530708 -2.287642002 -0.305501848 -0.743577778 -0.280034363 0.524729848
1403636680513555456.000000 8.781415939 10.059356689 -2.258014679 -0.305953622 -0.749348760 -0.286677510 0.512527883
1403636681513555456.000000 8.381871223 9.497076035 -2.268105984 -0.341180652 -0.737698793 -0.248444244 0.526945710
1403636681813555456.000000 8.243453026 9.335706711 -2.263250113 -0.333442807 -0.740229428 -0.251401752 0.526947439
1403636681963555584.000000 8.172624588 9.248341560 -2.261750937 -0.332212031 -0.739552081 -0.248989999 0.529813170
1403636682263555584.000000 8.034415245 9.058284760 -2.218733549 -0.336663485 -0.741891503 -0.238035813 0.528766215
1403636683463555584.000000 7.521955013 8.260298729 -2.188879013 -0.338062882 -0.737188220 -0.244037345 0.531707525
1403636683613555456.000000 7.463057041 8.144351959 -2.209500074 -0.337306380 -0.738524556 -0.242162287 0.531190455
1403636683763555584.000000 7.406471252 8.027572632 -2.234131336 -0.339508623 -0.742168248 -0.236238316 0.527362883
1403636684063555584.000000 7.293610573 7.806554794 -2.237928867 -0.337279260 -0.744363487 -0.231708229 0.527709305
1403636684213555456.000000 7.238529205 7.701732159 -2.214360476 -0.334019482 -0.743269920 -0.231563762 0.531374812
1403636685113555456.000000 7.012459755 7.072093964 -2.203676462 -0.324341625 -0.743094265 -0.238269225 0.534641147
1403636685863555584.000000 6.892609596 6.505185127 -2.206657171 -0.330301672 -0.743629515 -0.248385891 0.525566816
1403636687813555456.000000 6.503437519 5.278550625 -2.269228458 -0.335575938 -0.738425136 -0.228697881 0.538344085
1403636689013555456.000000 6.381196022 4.648882866 -2.590143442 -0.317251503 -0.755432069 -0.228440017 0.525822163
1403636689163555584.000000 6.346164227 4.565165043 -2.603601933 -0.315303564 -0.758876204 -0.214886531 0.527744710
1403636689463555584.000000 6.267809391 4.415090084 -2.578009367 -0.307817161 -0.763889015 -0.203592494 0.529407501
1403636689613555456.000000 6.226959229 4.349297047 -2.539959192 -0.308197856 -0.766719759 -0.198473021 0.527032614
1403636689763555584.000000 6.185261250 4.290723324 -2.502659559 -0.317461193 -0.769289911 -0.185332835 0.522554517
1403636690063555584.000000 6.094003201 4.224882126 -2.454215765 -0.328660518 -0.760981262 -0.176441148 0.530809045
1403636690213555456.000000 6.052969456 4.219993114 -2.440075636 -0.322305918 -0.766502619 -0.189180493 0.522305787
1403636690363555584.000000 6.008697510 4.230754852 -2.414226055 -0.319232106 -0.767313302 -0.195996508 0.520486891
1403636690513555456.000000 5.959931374 4.252820015 -2.383691072 -0.321089596 -0.764195263 -0.194263831 0.524565279
1403636690813555456.000000 5.863182068 4.330375195 -2.366538525 -0.340497285 -0.744987488 -0.166400596 0.548968256
1403636690963555584.000000 5.831712246 4.390607357 -2.393854380 -0.341994286 -0.729534626 -0.163217723 0.569367409
1403636691113555456.000000 5.827515125 4.467629433 -2.409958363 -0.335479081 -0.715604186 -0.169510737 0.588753521
1403636691263555584.000000 5.862005234 4.550683975 -2.406178236 -0.316151887 -0.715100646 -0.194862530 0.592205763
1403636691413555456.000000 5.930972576 4.624782562 -2.390211344 -0.302980423 -0.727884948 -0.209775001 0.578256786
1403636691563555584.000000 6.016055584 4.690029144 -2.357673407 -0.304578871 -0.742822409 -0.201453879 0.561126530
1403636691713555456.000000 6.109020710 4.753379822 -2.307059050 -0.297829002 -0.754086494 -0.206740588 0.547640264
1403636692013555456.000000 6.297834396 4.865849018 -2.233975172 -0.296763152 -0.750625432 -0.206054971 0.553203762
1403636692163555584.000000 6.394100666 4.917143822 -2.204159737 -0.294980735 -0.752015710 -0.210279644 0.550673544
1403636692313555456.000000 6.490951538 4.963324547 -2.160632849 -0.295054734 -0.754875004 -0.211993769 0.546044946
1403636692463555584.000000 6.589383125 5.001604557 -2.100609779 -0.297013760 -0.756342828 -0.211595193 0.543098390
1403636692613555456.000000 6.684844017 5.035921574 -2.026801109 -0.296542197 -0.757078350 -0.215156212 0.540927768
1403636692763555584.000000 6.778097153 5.065469742 -1.946938396 -0.294675916 -0.762059987 -0.221466154 0.532337725
1403636693113555456.000000 6.948632240 5.109807968 -1.800314784 -0.292310417 -0.768540442 -0.226356745 0.522171319
1403636693463555584.000000 7.048171520 5.127439499 -1.722307086 -0.306434661 -0.774618983 -0.200586587 0.515585423
1403636693613555456.000000 7.075323105 5.141331673 -1.704525590 -0.311995208 -0.782501996 -0.191154063 0.503795207
1403636693813555456.000000 7.089065075 5.180718422 -1.684992075 -0.308518559 -0.778098166 -0.194428727 0.511445999
1403636694563555584.000000 7.062247753 5.386821270 -1.634594321 -0.298851430 -0.762209892 -0.203806862 0.536830306
1403636694763555584.000000 7.055267334 5.435093880 -1.635751367 -0.299926639 -0.760221779 -0.204979405 0.538600385
1403636695063555584.000000 7.047774792 5.506819248 -1.672428608 -0.311503351 -0.755553544 -0.193862528 0.542698681
1403636695313555456.000000 7.054798603 5.577063560 -1.679597855 -0.307130665 -0.756771088 -0.207625702 0.538386285
1403636695613555456.000000 7.067074299 5.657872677 -1.648546338 -0.304081649 -0.755943179 -0.218736976 0.536878526
1403636696013555456.000000 7.075899601 5.737486839 -1.664291978 -0.310790747 -0.756509781 -0.215636104 0.533482134
1403636696963555584.000000 7.058728218 5.819920540 -1.755812287 -0.307989389 -0.750008583 -0.228795558 0.538778543
1403636699763555584.000000 6.429070950 4.990282059 -1.804696918 -0.659208357 -0.497258067 -0.422156423 0.374116123
1403636700013555456.000000 6.422216415 4.957670689 -1.831600666 -0.668211043 -0.476354301 -0.445582062 0.357823074
1403636701063555584.000000 6.585090637 4.785306931 -2.142665863 -0.700539827 -0.433805376 -0.472039789 0.313425183
1403636702063555584.000000 6.867814064 4.710609913 -2.135306835 -0.708786309 -0.411297649 -0.486690491 0.302636176
1403636702513555456.000000 7.007163048 4.680715561 -2.248789787 -0.740546823 -0.364769608 -0.503037691 0.255903751
1403636703813555456.000000 7.457923889 4.841879368 -2.542919159 -0.736944914 -0.360619813 -0.509365976 0.259638220
1403636704813555456.000000 7.856729984 4.988088608 -2.631137371 -0.746897519 -0.381416976 -0.485370189 0.247146010
1403636705013555456.000000 7.949126244 5.058428764 -2.663460016 -0.751194954 -0.386806637 -0.476330757 0.243302152
1403636705213555456.000000 8.052343369 5.159336567 -2.700979710 -0.738188148 -0.384692580 -0.494426250 0.250265032
1403636705413555456.000000 8.155609131 5.281279564 -2.720474243 -0.730808794 -0.382522970 -0.504387140 0.255319923
1403636705613555456.000000 8.252232552 5.414019108 -2.739585400 -0.737203717 -0.384200960 -0.495698422 0.251402944
1403636705813555456.000000 8.348613739 5.561442375 -2.776353598 -0.735203683 -0.379859805 -0.499335319 0.256605446
1403636706213555456.000000 8.547399521 5.863497257 -2.804807425 -0.728475332 -0.364572525 -0.505303025 0.284744740
1403636706613555456.000000 8.750651360 6.122087955 -2.867729664 -0.725581765 -0.387282968 -0.506836951 0.258184850
1403636706813555456.000000 8.841526031 6.258631229 -2.874156475 -0.731106579 -0.388463914 -0.500315487 0.253502280
1403636707013555456.000000 8.928453445 6.406793594 -2.862646103 -0.733022213 -0.384476274 -0.501223624 0.252252519
1403636707313555456.000000 9.051610947 6.648149490 -2.833482742 -0.733978450 -0.377926320 -0.507314682 0.247142240
1403636707513555456.000000 9.124503136 6.820981503 -2.786144972 -0.737030566 -0.375646353 -0.505799651 0.244627267
1403636707913555456.000000 9.266983032 7.194211006 -2.714778662 -0.743183255 -0.364868462 -0.495947748 0.261888176
1403636708313555456.000000 9.430226326 7.575769901 -2.782907963 -0.732817531 -0.367064148 -0.503329813 0.273681641
1403636708713555456.000000 9.619338036 7.914597988 -2.846809864 -0.727318227 -0.363892138 -0.511290252 0.277800441
1403636709313555456.000000 9.858181953 8.322608948 -2.896799088 -0.725724816 -0.366025031 -0.527053058 0.248121366
1403636709513555456.000000 9.895299911 8.450047493 -2.892736435 -0.729068995 -0.368535578 -0.522996187 0.243135497
1403636709913555456.000000 9.918523788 8.718255043 -2.938035250 -0.728977859 -0.373110771 -0.519411027 0.244114593
1403636710113555456.000000 9.907354355 8.861129761 -2.939634323 -0.726220429 -0.375172049 -0.520122349 0.247633994
1403636710513555456.000000 9.841415405 9.153747559 -3.004370451 -0.725531518 -0.372891456 -0.502267480 0.286850870
1403636710913555456.000000 9.780234337 9.409873009 -3.114462614 -0.692718685 -0.426377505 -0.490241915 0.313058913
1403636711313555456.000000 9.712946892 9.619832039 -3.144921303 -0.665613949 -0.464817852 -0.487992167 0.320571721
1403636711513555456.000000 9.655608177 9.708837509 -3.137227774 -0.658313811 -0.454194933 -0.496604234 0.337215304
1403636711913555456.000000 9.490824699 9.827991486 -3.103878021 -0.665144265 -0.447559088 -0.495516926 0.334270746
1403636712313555456.000000 9.291862488 9.864925385 -3.018370628 -0.665613949 -0.454593033 -0.483494699 0.341374040
1403636712713555456.000000 9.081231117 9.841554642 -2.877429247 -0.632489979 -0.485112041 -0.481491834 0.364401519
1403636713063555584.000000 8.872318268 9.751937866 -2.808727026 -0.631586432 -0.495096058 -0.470426261 0.366984606
1403636713463555584.000000 8.622920990 9.577569008 -2.681815863 -0.638796926 -0.495927602 -0.458785087 0.368117690
1403636713863555584.000000 8.394484520 9.368177414 -2.536443472 -0.653326213 -0.485892802 -0.445060015 0.372819841
1403636714513555456.000000 8.133120537 8.986359596 -2.468053341 -0.660391927 -0.488647461 -0.444981098 0.356508076
1403636716213555456.000000 7.848647594 8.387819290 -2.306350231 -0.576014757 -0.566692889 -0.410473406 0.422584742
1403636716463555584.000000 7.845931530 8.275449753 -2.280635357 -0.586154997 -0.566587090 -0.406404138 0.412598163
1403636716763555584.000000 7.844199657 8.140339851 -2.299192667 -0.575452149 -0.575564027 -0.404623568 0.416966110
1403636717013555456.000000 7.838101387 8.021116257 -2.323453426 -0.547516584 -0.603250325 -0.382972628 0.435484409
1403636717613555456.000000 7.819035530 7.727153778 -2.293171644 -0.494168043 -0.648395061 -0.366224349 0.448621869
1403636717863555584.000000 7.780284882 7.594989777 -2.319094419 -0.488460273 -0.652895987 -0.364761680 0.449535668
1403636718313555456.000000 7.632263184 7.332016945 -2.317814589 -0.448294461 -0.682803273 -0.319818109 0.480133563
1403636718563555584.000000 7.529819965 7.179481506 -2.354035378 -0.427878767 -0.696232557 -0.290399402 0.497843653
1403636718813555456.000000 7.434209347 7.038965225 -2.415951252 -0.416001350 -0.704353631 -0.267887205 0.508984566
1403636719013555456.000000 7.371965408 6.941175461 -2.458348036 -0.399466783 -0.712640285 -0.278343052 0.505069613
1403636719413555456.000000 7.255300045 6.748170853 -2.477584600 -0.394477904 -0.701271653 -0.285781860 0.520513237
1403636720663555584.000000 7.079181671 6.120694637 -2.589739799 -0.415875614 -0.704729795 -0.274863631 0.504830122
1403636720913555456.000000 7.073502541 6.030646324 -2.584231853 -0.426228106 -0.698383033 -0.284103543 0.499876082
1403636722163555584.000000 7.179981709 5.644165993 -2.637833118 -0.488743544 -0.650567114 -0.350012153 0.464094490
1403636723213555456.000000 7.225304604 5.272466183 -2.631577253 -0.501442194 -0.641374648 -0.351024866 0.462575197
1403636725813555456.000000 7.118611336 4.410947323 -2.309251785 -0.595697105 -0.561354995 -0.411993563 0.400358349
1403636726313555456.000000 7.104007244 4.309800148 -2.322985888 -0.591623545 -0.563258827 -0.411391765 0.404324204
1403636727963555584.000000 7.119490147 3.936999083 -1.896942019 -0.569301188 -0.581110775 -0.419618875 0.402649283
1403636728463555584.000000 7.021441460 3.768816233 -1.791174173 -0.578949690 -0.569383204 -0.407768697 0.417546093
1403636729363555584.000000 6.849083424 3.397984982 -1.739107251 -0.532056868 -0.612129986 -0.384461671 0.440910131
1403636729713555456.000000 6.774384499 3.214753389 -1.716051936 -0.531856477 -0.612845361 -0.381482303 0.442741960
1403636730263555584.000000 6.650303841 2.916478872 -1.690032363 -0.538348734 -0.618343532 -0.372769594 0.434597164
1403636730513555456.000000 6.592743397 2.788092136 -1.714449167 -0.541078687 -0.622438133 -0.366975486 0.430271685
1403636730763555584.000000 6.532704353 2.689476252 -1.696191311 -0.545463562 -0.626776099 -0.359704286 0.424539804
1403636731163555584.000000 6.438907146 2.600068808 -1.624915719 -0.552699089 -0.606507599 -0.351684630 0.450544477
1403636731413555456.000000 6.411024570 2.567899466 -1.617176294 -0.541635990 -0.609927654 -0.370773286 0.444011122
1403636733363555584.000000 6.361811161 2.061174393 -1.725607038 -0.524851143 -0.619645655 -0.381625921 0.441511363
1403636733663555584.000000 6.302826881 1.897947311 -1.648657680 -0.530994475 -0.622531533 -0.371100217 0.439071923
1403636733963555584.000000 6.239800453 1.735627532 -1.614956021 -0.528368831 -0.625598848 -0.373523325 0.435812771
1403636736613555456.000000 5.652378559 0.796685100 -1.265866280 -0.493289948 -0.648161232 -0.362281322 0.453105241
1403636737913555456.000000 5.291777611 0.495873034 -1.249390006 -0.499786496 -0.654524803 -0.320378512 0.468154162
1403636738413555456.000000 5.225865364 0.442967951 -1.101027250 -0.499954343 -0.651664972 -0.331274331 0.464366138
1403636738913555456.000000 5.213575363 0.446488887 -1.095248818 -0.555005789 -0.601637840 -0.363480568 0.444839656
1403636740763555584.000000 5.559680462 0.515768409 -1.506405592 -0.660650074 -0.482321411 -0.454822689 0.352198541
1403636741063555584.000000 5.608082294 0.510440588 -1.589739561 -0.648653209 -0.491049320 -0.469454378 0.343121260
1403636742363555584.000000 5.727081299 0.461543292 -2.016613722 -0.671575308 -0.482274413 -0.451109290 0.336003512
1403636742613555456.000000 5.745779037 0.491694987 -2.027285337 -0.663837433 -0.480867654 -0.456842273 0.345515966
1403636743013555456.000000 5.778126240 0.539599478 -2.104587555 -0.660317957 -0.477494985 -0.460400820 0.352150351
1403636743263555584.000000 5.802418709 0.561622798 -2.196583986 -0.687883973 -0.480968982 -0.436140090 0.324447870
1403636743763555584.000000 5.905782700 0.709104776 -2.299183369 -0.678233027 -0.468794733 -0.460135877 0.329403162
1403636746263555584.000000 6.383344650 1.258796453 -3.179867268 -0.683830202 -0.428960711 -0.508224845 0.300127357
1403636746613555456.000000 6.315110683 1.271070480 -3.117632389 -0.693768501 -0.426191211 -0.493476868 0.305821836
1403636746863555584.000000 6.246912479 1.279365063 -3.124837399 -0.714177191 -0.428899586 -0.455725580 0.313544780
1403636747113555456.000000 6.211115837 1.307918668 -3.115405798 -0.702606857 -0.432944596 -0.468227893 0.315698028
1403636747363555584.000000 6.193661690 1.354816675 -3.056411266 -0.691448033 -0.435949266 -0.485897243 0.309437782
1403636747863555584.000000 6.127882957 1.469296217 -2.927279234 -0.699941874 -0.427036285 -0.485427052 0.303450078
1403636748463555584.000000 6.070427418 1.619365692 -2.757153511 -0.702701509 -0.420607090 -0.488850892 0.300541312
1403636749063555584.000000 6.059545994 1.753048182 -2.616239548 -0.712020874 -0.397115141 -0.483239144 0.319070339
1403636749813555456.000000 6.143150330 1.807800174 -2.436976194 -0.697134256 -0.409246743 -0.508354902 0.296810180
1403636750063555584.000000 6.143084049 1.806123137 -2.413893938 -0.689370751 -0.407671392 -0.512428224 0.309821457
1403636750813555456.000000 6.055300713 1.714425087 -2.183629274 -0.690269828 -0.431663007 -0.490798622 0.310340673
1403636751163555584.000000 5.991859913 1.660560966 -1.979555011 -0.692799985 -0.436524510 -0.486777097 0.304175198
1403636751663555584.000000 5.892860413 1.622827411 -1.756255865 -0.700573027 -0.423841894 -0.472182304 0.326495767
1403636752163555584.000000 5.879195690 1.602993846 -1.579110146 -0.693430543 -0.450485915 -0.466182977 0.314467639
1403636752563555584.000000 5.895964146 1.623343110 -1.422115564 -0.655116141 -0.483068734 -0.462296635 0.351780295
1403636753063555584.000000 5.903041840 1.629334331 -1.298930287 -0.588529468 -0.568238080 -0.422257930 0.390431702
1403636753513555456.000000 5.852733612 1.632734418 -1.313387990 -0.524001062 -0.626638472 -0.381849229 0.432363719
1403636754663555584.000000 5.562021732 1.477680683 -1.223382950 -0.504953265 -0.632319927 -0.377992600 0.449794888
1403636754963555584.000000 5.445993423 1.371074915 -1.217458844 -0.477812022 -0.653928757 -0.355310857 0.466719419
1403636755463555584.000000 5.237978935 1.134052157 -1.198045254 -0.474551201 -0.673592150 -0.332371354 0.458916306
1403636755963555584.000000 4.994051456 0.907690704 -1.168416739 -0.475200266 -0.664110303 -0.339171588 0.467017025
1403636756413555456.000000 4.756080627 0.709176064 -1.122134089 -0.471179038 -0.662160218 -0.342385739 0.471493661
1403636756963555584.000000 4.467749119 0.429832906 -1.096343994 -0.467788517 -0.662289739 -0.339120686 0.477015197
1403636757463555584.000000 4.230884075 0.117958024 -1.076322913 -0.465975761 -0.668239772 -0.337956190 0.471283138
1403636757713555456.000000 4.108278275 -0.049448512 -1.074168801 -0.462139994 -0.688300192 -0.319934249 0.458597422
1403636757963555584.000000 3.965977669 -0.190827310 -1.019390106 -0.457854122 -0.696679771 -0.304217130 0.460932732
1403636758163555584.000000 3.843005896 -0.279832542 -0.962890208 -0.446860790 -0.685323775 -0.312008828 0.483008623
1403636758413555456.000000 3.696201324 -0.391054809 -0.934512973 -0.448994815 -0.683064520 -0.306347877 0.487829357
1403636758663555584.000000 3.559537411 -0.493202835 -0.947869301 -0.474246413 -0.693139255 -0.270134896 0.470824212
1403636758913555456.000000 3.441952467 -0.540638745 -0.960043490 -0.456418246 -0.680618703 -0.299751490 0.488456339
1403636759163555584.000000 3.344452143 -0.576908767 -0.993305624 -0.460009873 -0.669828832 -0.293674886 0.503463387
1403636759413555456.000000 3.285186052 -0.606163561 -1.047583342 -0.461910367 -0.667350173 -0.288960546 0.507724881
1403636759813555456.000000 3.271928549 -0.649463236 -1.130993485 -0.442184836 -0.679775059 -0.312928319 0.494423300
1403636760013555456.000000 3.274061203 -0.678695858 -1.144125462 -0.448131800 -0.687292397 -0.304889977 0.483579487
1403636760213555456.000000 3.275676250 -0.705752492 -1.165775180 -0.452284515 -0.690160096 -0.300133973 0.478578508
1403636760663555584.000000 3.284072876 -0.753358305 -1.232586861 -0.445266336 -0.690002263 -0.309555233 0.479385495
1403636761063555584.000000 3.274704218 -0.804575682 -1.286267161 -0.442701429 -0.693497241 -0.309939414 0.476460516
1403636761263555584.000000 3.255145550 -0.828016877 -1.314019918 -0.452343106 -0.704261184 -0.294511586 0.461156100
1403636761463555584.000000 3.223837376 -0.832391322 -1.325052619 -0.446645588 -0.696858108 -0.303048790 0.472290277
1403636761663555584.000000 3.186925411 -0.828285098 -1.323026299 -0.443794191 -0.684410810 -0.309358090 0.488800764
1403636762063555584.000000 3.140886784 -0.824336171 -1.301447153 -0.443545848 -0.683006108 -0.313683301 0.488234192
1403636762263555584.000000 3.126718521 -0.827808201 -1.285138607 -0.437504411 -0.696599960 -0.324167252 0.467176646
1403636762463555584.000000 3.094065428 -0.832332611 -1.292628884 -0.453999013 -0.699096441 -0.301896811 0.462609321
1403636762663555584.000000 3.052313566 -0.823298693 -1.328505397 -0.470150858 -0.671066940 -0.278558463 0.501031518
1403636762863555584.000000 3.037348509 -0.806831181 -1.376841068 -0.449425906 -0.656529844 -0.306023985 0.522813857
1403636763063555584.000000 3.072128534 -0.828636169 -1.390866637 -0.476098508 -0.658967078 -0.311826080 0.491789699
1403636763263555584.000000 3.084712982 -0.838571668 -1.402974963 -0.490450650 -0.642176449 -0.317689896 0.496125758
1403636763463555584.000000 3.087553501 -0.848277807 -1.414003015 -0.490106672 -0.640972435 -0.318365157 0.497587621
1403636763663555584.000000 3.091239214 -0.861799538 -1.425625086 -0.490263551 -0.640782773 -0.318119109 0.497834682
1403636763813555456.000000 3.094659805 -0.873242378 -1.434203982 0.490652204 0.640544891 0.317701131 -0.498024881
