1403636585413555456.000000 4.691410542 5.023624420 -4.928117752 -0.562188268 -0.588192463 -0.410525888 0.411633909
1403636585463555584.000000 4.693018436 5.022298336 -4.954899311 -0.561517894 -0.592578232 -0.406851918 0.409902692
1403636588013555456.000000 4.969142914 5.012501240 -5.058200359 -0.653854787 -0.634395301 -0.275803357 0.306511223
1403636588263555584.000000 5.023388863 5.021313667 -5.070638657 -0.659984589 -0.633776724 -0.271123469 0.298729837
1403636588763555584.000000 4.978209019 5.004668236 -5.066776752 -0.656600893 -0.634613633 -0.269902498 0.305439860
1403636588863555584.000000 4.947402477 4.996629715 -5.066324711 -0.654892087 -0.637657583 -0.266140044 0.306069791
1403636589763555584.000000 4.544009209 4.909384251 -5.046850681 -0.622511804 -0.661864042 -0.257270485 0.328978866
1403636589863555584.000000 4.503374577 4.900699615 -5.050827980 -0.619336724 -0.667583704 -0.250078797 0.328960061
1403636589963555584.000000 4.468982697 4.893392563 -5.055635929 -0.616463304 -0.672682106 -0.241652265 0.330266565
1403636590163555584.000000 4.424773693 4.884090900 -5.056851864 -0.607312322 -0.674675584 -0.239645600 0.344317764
1403636590263555584.000000 4.420739174 4.881876469 -5.054871082 -0.605011642 -0.675063670 -0.241220251 0.346500963
1403636590413555456.000000 4.438575268 4.880294800 -5.051691055 -0.606987596 -0.675192893 -0.244132906 0.340704858
1403636590713555456.000000 4.539430141 4.887377739 -5.042850018 -0.613756180 -0.666994393 -0.260430306 0.332562536
1403636591013555456.000000 4.675889015 4.910994053 -5.049036503 -0.625200748 -0.663058460 -0.255544096 0.322761267
1403636591113555456.000000 4.720878601 4.921204567 -5.051267624 -0.625023127 -0.662338734 -0.254697949 0.325242370
1403636592163555584.000000 4.909482956 5.024235249 -5.088716507 -0.662531853 -0.597166359 -0.319936097 0.319507271
1403636593663555584.000000 4.524205208 4.936519146 -5.101974487 -0.568835497 -0.701079607 -0.198852971 0.381275684
1403636593763555584.000000 4.552850246 4.895157814 -5.108563900 -0.589696765 -0.689250648 -0.203656226 0.368395865
1403636593863555584.000000 4.595054626 4.860808372 -5.113070965 -0.614308596 -0.668747783 -0.219170630 0.356883228
1403636593963555584.000000 4.646027565 4.835657120 -5.113896847 -0.638011515 -0.642471075 -0.243013799 0.348018110
1403636594163555584.000000 4.758823395 4.822492123 -5.111695766 -0.679346025 -0.594255865 -0.284455597 0.323162436
1403636594263555584.000000 4.814971924 4.840175152 -5.113318443 -0.693610847 -0.579623222 -0.295720041 0.309015542
1403636594363555584.000000 4.868838787 4.874147892 -5.115164280 -0.700311542 -0.571998477 -0.306066513 0.297833502
1403636594463555584.000000 4.917657375 4.921080589 -5.116427422 -0.699305892 -0.568470061 -0.318512529 0.293875635
1403636594863555584.000000 4.927995682 5.111320019 -5.124342918 -0.671612680 -0.580701053 -0.324592143 0.326132953
1403636595063555584.000000 4.792797089 5.145658493 -5.129588127 -0.624159455 -0.626156986 -0.300675184 0.357696712
1403636596263555584.000000 4.835559368 4.830663681 -5.158064842 -0.648357928 -0.626330495 -0.291800886 0.319678754
1403636596363555584.000000 4.811771870 4.791101933 -5.147356510 -0.650677919 -0.621421099 -0.294103861 0.322423607
1403636596463555584.000000 4.778099537 4.747766495 -5.133645535 -0.647122264 -0.621429086 -0.298987806 0.325061500
1403636596563555584.000000 4.744464874 4.709486008 -5.121904850 -0.640738189 -0.624710023 -0.302972823 0.327718526
1403636596663555584.000000 4.716408730 4.681925774 -5.114693165 -0.639416277 -0.626814902 -0.303006917 0.326246440
1403636596763555584.000000 4.698926449 4.671159744 -5.112662315 -0.636912346 -0.630106628 -0.302339375 0.325421751
1403636596963555584.000000 4.698287964 4.717391968 -5.117195606 -0.628666341 -0.632854283 -0.313199967 0.325852633
1403636597063555584.000000 4.707620621 4.769721031 -5.121923447 -0.630580306 -0.635910332 -0.309795529 0.319395095
1403636597163555584.000000 4.718180180 4.833077908 -5.126146317 -0.629945219 -0.643366814 -0.299219966 0.315777749
1403636597263555584.000000 4.727889538 4.902785778 -5.124603748 -0.622521579 -0.652699172 -0.291353166 0.318691045
1403636598163555584.000000 4.640861034 4.981490135 -5.132779598 -0.533361197 -0.715063274 -0.250185817 0.376320958
1403636598263555584.000000 4.648600101 4.943522930 -5.144245148 -0.539774954 -0.721146882 -0.243508071 0.359574795
1403636598513555456.000000 4.676542759 4.927155972 -5.180677891 -0.546748757 -0.722549856 -0.249172553 0.341907382
1403636598613555456.000000 4.684456348 4.953573227 -5.193770885 -0.540478766 -0.720299721 -0.252992898 0.353617996
1403636598713555456.000000 4.689708710 4.988775730 -5.207840443 -0.530583978 -0.717474163 -0.256375223 0.371460915
1403636598813555456.000000 4.693047047 5.024222851 -5.226620674 -0.518889606 -0.712499499 -0.260478497 0.394016534
1403636598913555456.000000 4.696483612 5.056057453 -5.249421120 -0.511377454 -0.703943014 -0.268566668 0.413315147
1403636599113555456.000000 4.701015472 5.101700783 -5.291979313 -0.498616129 -0.690450668 -0.282529891 0.441403180
1403636599213555456.000000 4.701422691 5.117113113 -5.303461075 -0.488589376 -0.678329468 -0.293495119 0.463691890
1403636600613555456.000000 4.708638191 5.153686523 -5.350896358 -0.486579239 -0.631845653 -0.331343174 0.504205823
1403636603163555584.000000 4.708688736 5.153499603 -5.350882053 -0.486917585 -0.631755888 -0.331252575 0.504051149
1403636605663555584.000000 4.708705425 5.153568745 -5.350929737 -0.486948311 -0.631739855 -0.331151098 0.504108191
1403636608563555584.000000 4.708669186 5.153512478 -5.350949764 -0.486982524 -0.631717682 -0.331247091 0.504039943
1403636611513555456.000000 4.709497929 5.153802395 -5.351193905 -0.486825615 -0.631941557 -0.331501245 0.503743649
1403636614413555456.000000 4.709432602 5.153909683 -5.351301670 -0.486948103 -0.631524980 -0.331012964 0.504468143
1403636617213555456.000000 4.709407330 5.153862000 -5.351296425 -0.486908793 -0.631493032 -0.331162095 0.504448295
1403636619763555584.000000 4.709362507 5.153801918 -5.351339340 -0.487241507 -0.631236672 -0.331110328 0.504481912
1403636622263555584.000000 4.709469318 5.153952599 -5.351301193 -0.486982942 -0.631474495 -0.331112832 0.504432321
1403636624963555584.000000 4.781835079 5.116562843 -5.340635300 -0.489202410 -0.662442565 -0.345300972 0.450131387
1403636625063555584.000000 4.796496868 5.104322433 -5.321614265 -0.489347667 -0.671199262 -0.343917221 0.437894225
1403636625163555584.000000 4.805648327 5.093882561 -5.295999050 -0.493542850 -0.673467398 -0.336820811 0.435211331
1403636625463555584.000000 4.812768459 5.084875584 -5.249864578 -0.494616091 -0.667448282 -0.330896616 0.447632909
1403636625613555456.000000 4.809789658 5.091614723 -5.260302544 -0.494501293 -0.669696569 -0.328629941 0.446068764
1403636627113555456.000000 4.818594456 5.190351009 -5.031682968 -0.481791526 -0.666645944 -0.328620166 0.464186251
1403636627513555456.000000 4.859052658 5.170897961 -4.970118046 -0.481243521 -0.657759607 -0.331934750 0.474948823
1403636627813555456.000000 4.901331425 5.152122498 -4.964180470 -0.507215381 -0.654239714 -0.334625125 0.450254470
1403636629013555456.000000 5.086280823 5.288177013 -4.874269962 -0.540825546 -0.625641227 -0.358497918 0.433082044
1403636629113555456.000000 5.111731052 5.301420212 -4.861773014 -0.544486165 -0.623981118 -0.360944390 0.428837359
1403636629913555456.000000 5.358487129 5.485473633 -4.920056820 -0.622565329 -0.555255592 -0.399780363 0.379841089
1403636630013555456.000000 5.397848129 5.518239498 -4.938101768 -0.631591499 -0.545452535 -0.407026887 0.371352822
1403636632513555456.000000 6.146420479 6.587221146 -4.983586788 -0.622659147 -0.536674738 -0.428948611 0.374538332
1403636634763555584.000000 6.480869293 7.974328041 -5.111670971 -0.544442713 -0.608174741 -0.384606749 0.431025982
1403636634913555456.000000 6.507957935 8.081575394 -5.113574505 -0.540544271 -0.616182029 -0.376292020 0.431898206
1403636635213555456.000000 6.551027775 8.291400909 -5.099093914 -0.534024000 -0.628446043 -0.366836399 0.430470645
1403636635463555584.000000 6.578160763 8.470255852 -5.109591484 -0.538704276 -0.628069997 -0.355052233 0.435044676
1403636635563555584.000000 6.588478088 8.545946121 -5.103814602 -0.540741920 -0.626796484 -0.352286965 0.436598569
1403636635663555584.000000 6.601101398 8.619773865 -5.093897820 -0.541471124 -0.624844313 -0.352353632 0.438435286
1403636635963555584.000000 6.651539803 8.859562874 -5.026005268 -0.547646224 -0.614226401 -0.347922832 0.449176341
1403636636063555584.000000 6.675732613 8.942369461 -4.998103619 -0.548748732 -0.620534837 -0.347534746 0.439352989
1403636636163555584.000000 6.702141762 9.027450562 -4.972261906 -0.545320153 -0.624567151 -0.352976829 0.433530986
1403636636263555584.000000 6.729478836 9.114155769 -4.939794540 -0.537526965 -0.623112500 -0.364160746 0.436099291
1403636636763555584.000000 6.854147911 9.499310493 -4.810328484 -0.512314379 -0.620576739 -0.399137646 0.439440221
1403636637063555584.000000 6.882815361 9.653106689 -4.827061176 -0.520491242 -0.622214913 -0.383640736 0.441313297
1403636637363555584.000000 6.886652946 9.782654762 -4.866684437 -0.529873192 -0.628244102 -0.366229296 0.436371386
1403636637663555584.000000 6.878322124 9.912927628 -4.847646236 -0.531445086 -0.631518066 -0.358939260 0.435790896
1403636638113555456.000000 6.855319500 10.131490707 -4.756330013 -0.523377419 -0.626456380 -0.366086692 0.446776390
1403636638563555584.000000 6.834740162 10.336368561 -4.831251144 -0.546725869 -0.634874284 -0.329991460 0.434892029
1403636638713555456.000000 6.838290691 10.417346001 -4.843299389 -0.540452242 -0.638776720 -0.338387907 0.430545419
1403636638863555584.000000 6.844809055 10.511186600 -4.831664085 -0.532910287 -0.634701967 -0.348698795 0.437686205
1403636639313555456.000000 6.885491371 10.821466446 -4.812949657 -0.541221261 -0.622386754 -0.335240275 0.455333203
1403636639463555584.000000 6.918052197 10.935634613 -4.848066807 -0.532834411 -0.630643308 -0.347327799 0.444679707
1403636640813555456.000000 7.158400059 11.786955833 -4.964765072 -0.492396265 -0.650440991 -0.347571254 0.462241024
1403636641213555456.000000 7.202455521 11.963062286 -4.973396778 -0.492522001 -0.650228739 -0.349008054 0.461322069
1403636641563555584.000000 7.235613346 12.090018272 -5.024571419 -0.498440027 -0.645035028 -0.343399972 0.466437399
1403636641863555584.000000 7.273882389 12.174935341 -5.030883312 -0.495739996 -0.646046996 -0.349339724 0.463494331
1403636643213555456.000000 7.433901310 12.433089256 -5.026314735 -0.540912211 -0.614329576 -0.368279397 0.440889418
1403636643613555456.000000 7.488357544 12.513628960 -5.021818638 -0.546009898 -0.623801529 -0.356876165 0.430562705
1403636643913555456.000000 7.534121037 12.609915733 -4.969944000 -0.547780812 -0.633607328 -0.349486589 0.419925123
1403636644363555584.000000 7.590002060 12.843201637 -4.965720654 -0.547074139 -0.615210772 -0.351947874 0.445374370
1403636644813555456.000000 7.699574471 13.115371704 -5.092058182 -0.534211755 -0.610261142 -0.372344166 0.451175272
1403636645463555584.000000 7.910643578 13.487414360 -5.254369736 -0.552781940 -0.630100727 -0.352929264 0.415747851
1403636645613555456.000000 7.950946331 13.607167244 -5.276705265 -0.550346851 -0.627247095 -0.357782066 0.419131786
1403636645763555584.000000 7.988031864 13.738064766 -5.301100731 -0.548676193 -0.626043677 -0.359974265 0.421239108
1403636646513555456.000000 8.207467079 14.450209618 -5.228453159 -0.607620478 -0.531294942 -0.422556847 0.412272811
1403636646663555584.000000 8.270879745 14.572305679 -5.216427803 -0.617028415 -0.519804060 -0.437902480 0.396637291
1403636646813555456.000000 8.334169388 14.683530807 -5.185923576 -0.624262094 -0.513693631 -0.443095833 0.387403876
1403636647113555456.000000 8.456495285 14.875396729 -5.112598896 -0.631646454 -0.514163017 -0.440968961 0.377101600
1403636647563555584.000000 8.635588646 15.123064041 -5.082333088 -0.627350867 -0.511358500 -0.438216418 0.391036749
1403636647713555456.000000 8.699955940 15.190652847 -5.076134682 -0.626733363 -0.507493973 -0.440136105 0.394886702
1403636647863555584.000000 8.770304680 15.251433372 -5.062700272 -0.630312264 -0.508221745 -0.441566825 0.386569560
1403636648463555584.000000 9.080772400 15.388190269 -5.151359558 -0.695466757 -0.418284327 -0.489106655 0.319591880
1403636649663555584.000000 9.658805847 15.459225655 -4.987779617 -0.718667686 -0.376507640 -0.511055231 0.283868402
1403636649813555456.000000 9.721975327 15.458684921 -4.925673008 -0.720853567 -0.366194963 -0.517353594 0.280386716
1403636649963555584.000000 9.781111717 15.452334404 -4.880413532 -0.722459197 -0.359269053 -0.523373425 0.273968518
1403636650313555456.000000 9.900670052 15.402420998 -4.858201027 -0.739300430 -0.323910654 -0.535641611 0.248203218
1403636651063555584.000000 10.073117256 15.194799423 -4.923718929 -0.773517609 -0.240037113 -0.557737112 0.181609735
1403636651463555584.000000 10.118442535 15.076359749 -4.860147953 -0.777870476 -0.249232560 -0.546812117 0.183840081
1403636652113555456.000000 10.144506454 14.827598572 -4.881453991 -0.783685029 -0.193086609 -0.565489531 0.169638038
1403636653063555584.000000 10.177633286 14.284839630 -4.983492374 -0.827959657 -0.072376259 -0.553517401 0.053507492
1403636653163555584.000000 10.203601837 14.237459183 -4.987953663 -0.823069692 -0.074860208 -0.560257792 0.055347916
1403636653513555456.000000 10.295475006 14.085913658 -4.993994713 -0.809557617 -0.088503733 -0.576858759 0.063384853
1403636653963555584.000000 10.365277290 13.911710739 -4.953970909 -0.803004265 -0.094543487 -0.584094644 0.071267888
1403636654563555584.000000 10.354026794 13.671945572 -4.949919224 -0.813986361 -0.038860977 -0.578748643 0.031080732
1403636655163555584.000000 10.295461655 13.449482918 -4.927702904 0.809238315 -0.007914035 0.587427199 -0.000140978
1403636655363555584.000000 10.264544487 13.381500244 -4.951364517 0.804619849 -0.019011872 0.593485296 0.000878693
1403636655463555584.000000 10.241922379 13.346752167 -4.960739613 0.803289652 -0.027407974 0.594938993 0.004717937
1403636655963555584.000000 10.062746048 13.154637337 -5.039107800 0.818332613 -0.099467732 0.564610720 0.040654089
1403636656263555584.000000 9.957967758 13.013582230 -5.088767529 0.816123903 -0.126901016 0.559691012 0.067704886
1403636656363555584.000000 9.925202370 12.963745117 -5.084621429 0.817033052 -0.130217761 0.557218373 0.070767649
1403636656563555584.000000 9.872632027 12.858883858 -5.053114414 0.817531168 -0.128740147 0.556447804 0.073718809
1403636656663555584.000000 9.850667953 12.805078506 -5.036833763 0.814202785 -0.125926912 0.561863482 0.074335359
1403636657063555584.000000 9.756553650 12.590245247 -5.031085491 0.796501219 -0.114907347 0.589240849 0.071953803
1403636657263555584.000000 9.683795929 12.490911484 -5.056479454 0.797652006 -0.117724314 0.588206649 0.062491328
1403636657663555584.000000 9.502030373 12.279709816 -5.089673042 0.812895715 -0.124748930 0.566299379 0.054253314
1403636657963555584.000000 9.366066933 12.091260910 -5.143367767 0.814092219 -0.140077382 0.561555743 0.047827553
1403636658063555584.000000 9.322916985 12.018445015 -5.153023243 0.815646410 -0.140215561 0.558910608 0.051764559
1403636658263555584.000000 9.236719131 11.860348701 -5.154792309 0.816770196 -0.131108567 0.557303369 0.071484208
1403636658363555584.000000 9.197128296 11.779264450 -5.159744740 0.817542076 -0.129104823 0.555932820 0.076783434
1403636658463555584.000000 9.160394669 11.698595047 -5.168759823 0.818628967 -0.127111703 0.554114580 0.081524342
1403636658563555584.000000 9.126856804 11.618922234 -5.179985046 0.819291651 -0.122847654 0.553000629 0.088656947
1403636658663555584.000000 9.096958160 11.541826248 -5.193594456 0.819315016 -0.119859666 0.552821517 0.093514472
1403636658763555584.000000 9.070583344 11.468467712 -5.209793568 0.817673445 -0.117149778 0.555089891 0.097782150
1403636658963555584.000000 9.027636528 11.336253166 -5.249430656 0.809690297 -0.116806313 0.566448271 0.099470235
1403636659263555584.000000 8.966751099 11.172770500 -5.332835197 0.801221430 -0.122174755 0.578600585 0.091318361
1403636659363555584.000000 8.942181587 11.126858711 -5.358584881 0.804649770 -0.122695588 0.573839188 0.090515032
1403636659463555584.000000 8.917314529 11.083884239 -5.378643036 0.810475230 -0.122389719 0.565630853 0.090621673
1403636659563555584.000000 8.893549919 11.043068886 -5.390929222 0.811704636 -0.123122200 0.563723505 0.090512015
1403636659763555584.000000 8.848871231 10.968961716 -5.422242165 0.807516336 -0.123355538 0.569009960 0.094490990
1403636659863555584.000000 8.827252388 10.937417984 -5.446516037 0.806939662 -0.124855690 0.569387615 0.095169358
1403636659963555584.000000 8.804743767 10.909271240 -5.476945400 0.810140967 -0.126350567 0.564342618 0.096044347
1403636660363555584.000000 8.734916687 10.820323944 -5.623775482 0.827491164 -0.130793378 0.537533402 0.095965631
1403636660713555456.000000 8.755072594 10.762746811 -5.714435577 0.817844212 -0.124631047 0.552264810 0.102963679
1403636660863555584.000000 8.782390594 10.748153687 -5.766060352 0.808982670 -0.114599720 0.564913869 0.115266569
1403636661163555584.000000 8.838225365 10.761696815 -5.900918007 0.803124189 -0.121070758 0.573822618 0.105170585
1403636661263555584.000000 8.854845047 10.777214050 -5.946364403 0.801993668 -0.123820148 0.575459361 0.101593956
1403636661413555456.000000 8.873056412 10.807805061 -6.000629902 0.800948441 -0.124654911 0.576985598 0.100152038
1403636661813555456.000000 8.897996902 10.917224884 -6.060803413 0.799993753 -0.133020297 0.578940809 0.084517568
1403636661963555584.000000 8.894293785 10.962553024 -6.054290771 0.798130572 -0.135020941 0.581780314 0.079300515
1403636662413555456.000000 8.838894844 11.084451675 -6.008906364 0.806147635 -0.123290397 0.570173144 0.099137232
1403636662613555456.000000 8.803219795 11.151175499 -6.022241116 0.814802408 -0.130563557 0.557235181 0.092407256
1403636663063555584.000000 8.748976707 11.275142670 -6.101665020 0.817231417 -0.155760020 0.551246047 0.063240796
1403636663463555584.000000 8.736962318 11.290183067 -6.165669441 0.830606818 -0.133709088 0.531889558 0.096476376
1403636663763555584.000000 8.794903755 11.289753914 -6.254651070 0.836047411 -0.122652866 0.523341298 0.109977446
1403636664063555584.000000 8.939735413 11.323817253 -6.300665855 0.820927620 -0.099756710 0.546903610 0.130471885
1403636664163555584.000000 9.001657486 11.353115082 -6.303017616 0.816245139 -0.101641938 0.555220008 0.123058781
1403636664363555584.000000 9.131642342 11.435132980 -6.312571526 0.807805419 -0.105822712 0.570190310 0.105522767
1403636664463555584.000000 9.194627762 11.483659744 -6.339104176 0.806302309 -0.105308346 0.573420584 0.099878438
1403636664563555584.000000 9.255460739 11.536420822 -6.371324062 0.804677367 -0.104341432 0.576873779 0.093935862
1403636664763555584.000000 9.366768837 11.652653694 -6.422472954 0.805485904 -0.104335971 0.577900589 0.079607412
1403636664863555584.000000 9.417423248 11.712919235 -6.436566353 0.807657242 -0.099098608 0.575650096 0.080600061
1403636665063555584.000000 9.514155388 11.839055061 -6.445278645 0.815308332 -0.097787425 0.565961659 0.073466375
1403636665913555456.000000 9.907102585 12.371411324 -6.335078716 0.807910204 -0.102758288 0.575629950 0.073294178
1403636666413555456.000000 10.096611977 12.689229012 -6.317602158 0.802715778 -0.112979233 0.582314134 0.061590705
1403636666563555584.000000 10.136035919 12.775071144 -6.321671963 0.806587517 -0.112346306 0.577345788 0.058878075
1403636666863555584.000000 10.194490433 12.935161591 -6.287483692 0.823012769 -0.103675999 0.555013299 0.062140964
1403636668063555584.000000 10.526612282 13.409140587 -6.324685097 0.820327401 -0.104621403 0.559422672 0.056247339
1403636668363555584.000000 10.631050110 13.500468254 -6.366954327 0.822092354 -0.102489598 0.555308580 0.072749302
1403636668663555584.000000 10.753579140 13.597012520 -6.433880806 0.819115281 -0.106283948 0.558000207 0.079935975
1403636668963555584.000000 10.892364502 13.713829041 -6.488077164 0.810802996 -0.093951046 0.568560421 0.102522515
1403636669113555456.000000 10.958995819 13.792760849 -6.492858410 0.806032240 -0.103245221 0.575765252 0.090260282
1403636669263555584.000000 11.018949509 13.879939079 -6.496717930 0.803880572 -0.107099697 0.578569531 0.086965531
1403636669713555456.000000 11.159880638 14.177538872 -6.559200764 0.788738489 -0.104358748 0.599299073 0.088552788
1403636669863555584.000000 11.181655884 14.288501740 -6.573654652 0.785970211 -0.117258668 0.603461921 0.065840855
1403636670163555584.000000 11.167117119 14.486285210 -6.556848526 0.794236302 -0.140020087 0.590827763 0.022486474
1403636670313555456.000000 11.135478020 14.552465439 -6.538084030 0.785241723 -0.144229904 0.602156699 -0.000811385
1403636670463555584.000000 11.083694458 14.589540482 -6.531912804 0.787065268 -0.139182165 0.600597203 -0.020968867
1403636670863555584.000000 10.852864265 14.491791725 -6.465670586 0.794336736 -0.074738443 0.597183526 -0.082554229
1403636672063555584.000000 9.878821373 12.817775726 -6.089037418 -0.846168935 -0.175706416 -0.495597005 0.086655013
1403636672363555584.000000 9.820695877 12.494328499 -5.954987049 -0.835836709 -0.189488709 -0.512110472 0.056690913
1403636673413555456.000000 9.853177071 12.131622314 -5.993278503 -0.817605972 -0.232199237 -0.512341976 0.122921936
1403636673663555584.000000 9.911820412 12.170101166 -5.990046978 -0.804706275 -0.237208620 -0.528048456 0.131699070
1403636674013555456.000000 10.004183769 12.293628693 -5.993442059 -0.789818287 -0.238042995 -0.548121870 0.138148725
1403636676763555584.000000 10.861692429 14.112630844 -6.480420113 -0.685869932 -0.456244051 -0.473249733 0.312183589
1403636678313555456.000000 10.937523842 15.203052521 -6.537808418 -0.572638690 -0.583953202 -0.396727830 0.416762173
1403636679963555584.000000 10.793552399 15.639780045 -6.393312931 -0.341609448 -0.730069518 -0.258942336 0.532212675
1403636680263555584.000000 10.765192986 15.617914200 -6.275625706 -0.327082783 -0.733157277 -0.283441722 0.524555206
1403636680413555456.000000 10.743002892 15.579325676 -6.236041546 -0.323919326 -0.738085568 -0.294331580 0.513492882
1403636680563555584.000000 10.709300995 15.521093369 -6.210235119 -0.327540696 -0.741551697 -0.296351403 0.504969418
1403636681163555584.000000 10.465219498 15.172444344 -6.214290619 -0.377148598 -0.744217634 -0.239776030 0.496393532
1403636681313555456.000000 10.394152641 15.098952293 -6.226148605 -0.364345789 -0.737880230 -0.256587178 0.506900489
1403636681463555584.000000 10.318980217 15.027722359 -6.225524426 -0.360511094 -0.729998112 -0.260088325 0.519123018
1403636682363555584.000000 9.880016327 14.519014359 -6.165228367 -0.359854013 -0.738609016 -0.243794933 0.515291989
1403636682513555456.000000 9.809289932 14.429996490 -6.158051968 -0.359812528 -0.736899793 -0.246933490 0.516272783
1403636682963555584.000000 9.599572182 14.164326668 -6.146780014 -0.354868770 -0.726058245 -0.266418487 0.525289357
1403636683413555456.000000 9.394840240 13.851834297 -6.134153843 -0.356942177 -0.728005469 -0.257546991 0.525613904
1403636683563555584.000000 9.329486847 13.739871979 -6.151872158 -0.356256664 -0.728664219 -0.254714847 0.526545405
1403636683713555456.000000 9.266813278 13.626819611 -6.176705360 -0.357366472 -0.732171774 -0.250259668 0.523052514
1403636684313555456.000000 9.025447845 13.207897186 -6.142340183 -0.350571156 -0.733240843 -0.243479356 0.529316127
1403636684963555584.000000 8.837700844 12.767391205 -6.140940666 -0.344555885 -0.731157064 -0.245106801 0.535362780
1403636685113555456.000000 8.811202049 12.662588120 -6.152996063 -0.343126059 -0.734592795 -0.249932677 0.529312432
1403636685863555584.000000 8.665657043 12.105792046 -6.155025005 -0.349164277 -0.734999478 -0.259854138 0.519938469
1403636686613555456.000000 8.476261139 11.554361343 -6.182329178 -0.361974925 -0.738164663 -0.240854979 0.515825510
1403636686913555456.000000 8.398666382 11.372095108 -6.197527885 -0.359877884 -0.734827101 -0.241230384 0.521847606
1403636689063555584.000000 8.050844193 10.248071671 -6.538733959 -0.336056232 -0.747958302 -0.235499889 0.521693885
1403636689213555456.000000 8.010150909 10.166895866 -6.546378613 -0.333528161 -0.751947820 -0.223655477 0.522792220
1403636689363555584.000000 7.967746735 10.091713905 -6.536327362 -0.330073506 -0.754760921 -0.217033252 0.523721337
1403636689513555456.000000 7.922478199 10.025227547 -6.507777691 -0.327054530 -0.756292522 -0.214062750 0.524627626
1403636689663555584.000000 7.878969193 9.963103294 -6.467135906 -0.330048829 -0.759239078 -0.206670389 0.521450996
1403636689963555584.000000 7.786340237 9.876592636 -6.406947136 -0.348372549 -0.753521860 -0.185362071 0.525815785
1403636690263555584.000000 7.701603413 9.864471436 -6.372139931 -0.341109902 -0.758322299 -0.202914193 0.517124057
1403636690563555584.000000 7.607955933 9.910103798 -6.314543724 -0.342162102 -0.753914595 -0.203738332 0.522521377
1403636690713555456.000000 7.559329033 9.948863983 -6.300523758 -0.352134019 -0.744962811 -0.189766377 0.533873498
1403636690863555584.000000 7.518720150 10.000710487 -6.315574169 -0.361007392 -0.731239796 -0.176531062 0.551179469
1403636691013555456.000000 7.497822285 10.068931580 -6.342015266 -0.359265029 -0.714067698 -0.177561179 0.574027956
1403636691163555584.000000 7.510100842 10.149106979 -6.351486206 -0.349203110 -0.704291224 -0.188680634 0.588583648
1403636691313555456.000000 7.561657429 10.228900909 -6.343123436 -0.327983856 -0.709701777 -0.216994613 0.584519744
1403636691463555584.000000 7.640725136 10.296529770 -6.323389053 -0.322059602 -0.726115465 -0.220609695 0.566008270
1403636691613555456.000000 7.731828213 10.356562614 -6.283898354 -0.322970450 -0.738325000 -0.212879494 0.552493215
1403636691763555584.000000 7.829056263 10.415469170 -6.233321190 -0.314015746 -0.748236597 -0.222575501 0.540366828
1403636691913555456.000000 7.926212788 10.468166351 -6.195849419 -0.315420389 -0.748853147 -0.219275892 0.540043533
1403636692063555584.000000 8.023001671 10.517237663 -6.167308331 -0.316982597 -0.741770864 -0.217025489 0.549725473
1403636692313555456.000000 8.187943459 10.590169907 -6.105532646 -0.314353138 -0.746887028 -0.224132538 0.541393161
1403636692463555584.000000 8.287948608 10.624016762 -6.045915127 -0.316332877 -0.748331130 -0.223576009 0.538468122
1403636692763555584.000000 8.478381157 10.679182053 -5.893727779 -0.314187765 -0.754168689 -0.233252838 0.527360201
1403636693313555456.000000 8.716876984 10.721488953 -5.695635319 -0.319784254 -0.762037098 -0.223915130 0.516623259
1403636693613555456.000000 8.780572891 10.741152763 -5.652698517 -0.331934899 -0.774195850 -0.202138126 0.499580055
1403636693763555584.000000 8.794482231 10.767677307 -5.637696266 -0.330340803 -0.772377789 -0.202893183 0.503132164
1403636694513555456.000000 8.779354095 10.973771095 -5.586943626 -0.318131953 -0.753681660 -0.216001034 0.533010006
1403636695113555456.000000 8.771068573 11.119740486 -5.625999928 -0.329601169 -0.747773290 -0.208963633 0.537152231
1403636695863555584.000000 8.806440353 11.310344696 -5.599499226 -0.325839013 -0.746918917 -0.231016397 0.531575561
1403636696463555584.000000 8.795351982 11.407503128 -5.680783749 -0.327368259 -0.738223970 -0.236881599 0.540131986
1403636697963555584.000000 8.668542862 11.167996407 -5.590668678 -0.385182619 -0.722529709 -0.275691181 0.503566921
1403636700013555456.000000 8.118796349 10.596453667 -5.785249710 -0.680326223 -0.459792942 -0.453208119 0.346913785
1403636700763555584.000000 8.210280418 10.478505135 -6.018908978 -0.697640479 -0.420302153 -0.483952790 0.320052564
1403636701013555456.000000 8.265521049 10.426266670 -6.090475082 -0.708959997 -0.415224105 -0.481728405 0.304799110
1403636702263555584.000000 8.621220589 10.313418388 -6.136160374 -0.736166894 -0.361159533 -0.504575253 0.270233065
1403636703063555584.000000 8.871928215 10.328326225 -6.442303181 -0.755197287 -0.344709635 -0.505602121 0.234986961
1403636704213555456.000000 9.310527802 10.475769043 -6.547260761 -0.746451735 -0.344365746 -0.508703589 0.255817711
1403636705013555456.000000 9.655553818 10.627575874 -6.622726917 -0.760720193 -0.368831694 -0.481226206 0.231709555
1403636705213555456.000000 9.763157845 10.723087311 -6.660745621 -0.747646630 -0.367024869 -0.499541074 0.238277450
1403636705413555456.000000 9.871907234 10.839535713 -6.680558681 -0.740230858 -0.365009427 -0.509632051 0.243108436
1403636705813555456.000000 10.077636719 11.108773232 -6.736447811 -0.744548976 -0.362310648 -0.504531384 0.244593546
1403636706013555456.000000 10.181569099 11.259996414 -6.760823727 -0.741308689 -0.349133343 -0.508084118 0.265363723
1403636706213555456.000000 10.289877892 11.400606155 -6.766142368 -0.737446070 -0.347173423 -0.511225879 0.272565752
1403636706413555456.000000 10.401117325 11.525905609 -6.797084332 -0.733840704 -0.363436937 -0.514729500 0.253860176
1403636706613555456.000000 10.504522324 11.649148941 -6.829967976 -0.735058963 -0.369893610 -0.512194037 0.246017203
1403636707013555456.000000 10.695032120 11.925047874 -6.825568676 -0.742412329 -0.366936713 -0.506458461 0.240169138
1403636707213555456.000000 10.785359383 12.079506874 -6.809290886 -0.741749048 -0.361596793 -0.512083650 0.238383293
1403636707613555456.000000 10.949324608 12.418503761 -6.716259956 -0.748366535 -0.355913848 -0.508365512 0.234173998
1403636707813555456.000000 11.025436401 12.599588394 -6.679527283 -0.754032254 -0.347878039 -0.499794453 0.246214971
1403636708013555456.000000 11.108653069 12.782225609 -6.686466217 -0.749168694 -0.349408984 -0.503930986 0.250426114
1403636709013555456.000000 11.608984947 13.592503548 -6.857589245 -0.728339553 -0.351148993 -0.534542084 0.245928451
1403636709213555456.000000 11.684095383 13.719984055 -6.863527775 -0.730456650 -0.347841442 -0.536669314 0.239636168
1403636709613555456.000000 11.766690254 13.967191696 -6.864374161 -0.739609003 -0.352225333 -0.525586724 0.229509398
1403636710013555456.000000 11.787014008 14.237147331 -6.902011395 -0.737178266 -0.356836736 -0.524257660 0.233215958
1403636710813555456.000000 11.690946579 14.798224449 -7.053874969 -0.714549243 -0.389436096 -0.498407841 0.298912168
1403636711213555456.000000 11.642637253 15.017672539 -7.102638721 -0.679523528 -0.447404474 -0.495431721 0.304342538
1403636711413555456.000000 11.597830772 15.114398003 -7.104251862 -0.675194204 -0.445313752 -0.495855391 0.316126555
1403636711813555456.000000 11.459787369 15.262001038 -7.074818134 -0.668185532 -0.435093731 -0.511939764 0.319592386
1403636712213555456.000000 11.263526917 15.325275421 -7.008366108 -0.686725080 -0.425677538 -0.487090588 0.331587106
1403636713013555456.000000 10.826145172 15.254542351 -6.777742386 -0.644038022 -0.480378777 -0.478579760 0.354136646
1403636713413555456.000000 10.570242882 15.099768639 -6.664622307 -0.650147915 -0.481310874 -0.467609495 0.356355101
1403636713813555456.000000 10.328174591 14.906232834 -6.510514259 -0.664832890 -0.471080929 -0.452586621 0.362277985
1403636714013555456.000000 10.227685928 14.798512459 -6.464594364 -0.666010797 -0.471744210 -0.455743700 0.355224788
1403636714613555456.000000 9.988664627 14.454723358 -6.431032658 -0.671917140 -0.481432676 -0.443092138 0.347014964
1403636715013555456.000000 9.876898766 14.263865471 -6.397482395 -0.622514725 -0.548299551 -0.415252060 0.373374820
1403636716263555584.000000 9.704916000 13.906572342 -6.249748707 -0.593603730 -0.552950323 -0.417331815 0.409530014
1403636716713555456.000000 9.692386627 13.703021049 -6.244402409 -0.593591928 -0.558631301 -0.415177435 0.403989375
1403636717363555584.000000 9.666705132 13.395638466 -6.253021240 -0.519263685 -0.629642963 -0.377484947 0.437515765
1403636717763555584.000000 9.621226311 13.194728851 -6.257311821 -0.510058641 -0.636128604 -0.375334203 0.440800309
1403636717963555584.000000 9.572804451 13.088486671 -6.274655819 -0.496454060 -0.647750378 -0.370929837 0.443129748
1403636718163555584.000000 9.500311852 12.976638794 -6.266808510 -0.476691276 -0.662814260 -0.348791420 0.460203439
1403636718363555584.000000 9.416846275 12.860516548 -6.271587849 -0.461777091 -0.674337924 -0.324736446 0.476000696
1403636718963555584.000000 9.176182747 12.539624214 -6.395859718 -0.420705497 -0.701102316 -0.287086308 0.499042988
1403636719413555456.000000 9.033983231 12.330185890 -6.422759533 -0.412505448 -0.691111386 -0.297002882 0.513803065
1403636720713555456.000000 8.825688362 11.692967415 -6.536269665 -0.433331907 -0.693350732 -0.286792308 0.499237746
1403636722513555456.000000 8.927450180 11.112977982 -6.578031063 -0.510182142 -0.634648979 -0.357406825 0.457378626
1403636723313555456.000000 8.932599068 10.818471909 -6.568478107 -0.516881585 -0.630158484 -0.363091439 0.451551110
1403636724563555584.000000 8.879543304 10.329178810 -6.589652538 -0.600958288 -0.553078055 -0.420769513 0.394850522
1403636724813555456.000000 8.859501839 10.256964684 -6.556967258 -0.609395564 -0.543866992 -0.426789403 0.388196647
1403636726813555456.000000 8.759178162 9.839950562 -6.218153000 -0.605683327 -0.541154742 -0.412540495 0.412443519
1403636727313555456.000000 8.798748970 9.723427773 -6.045440674 -0.587008357 -0.563099921 -0.424094498 0.398100048
1403636727813555456.000000 8.781784058 9.583153725 -5.910646915 -0.588044822 -0.562144458 -0.422014594 0.400125861
1403636728913555456.000000 8.562399864 9.206929207 -5.711359501 -0.566692412 -0.581793368 -0.406873345 0.418127239
1403636729163555584.000000 8.511191368 9.104589462 -5.686655045 -0.549192309 -0.594509363 -0.401451528 0.428699285
1403636729463555584.000000 8.441728592 8.966913223 -5.690715313 -0.546328247 -0.599052131 -0.394404143 0.432559162
1403636729963555584.000000 8.319297791 8.703622818 -5.638575077 -0.552713156 -0.602738798 -0.386035532 0.426838070
1403636730213555456.000000 8.254329681 8.571582794 -5.639397144 -0.554507196 -0.604263425 -0.382566124 0.425477058
1403636730713555456.000000 8.127315521 8.345438957 -5.651947498 -0.561270416 -0.612427354 -0.369225711 0.416630208
1403636731713555456.000000 7.971735001 8.173707008 -5.587012291 -0.561376512 -0.592779875 -0.374691248 0.439402908
1403636732213555456.000000 7.984378338 8.111851692 -5.702158928 -0.552873254 -0.597122133 -0.383787900 0.436443657
1403636732963555584.000000 7.976437092 7.917994976 -5.719691753 -0.536328912 -0.598597348 -0.401333630 0.439276695
1403636734863555584.000000 7.528892994 6.962131023 -5.464851379 -0.546155393 -0.615536392 -0.373005450 0.428597897
1403636737263555584.000000 6.964592934 6.369204521 -5.238341808 -0.506921411 -0.637609839 -0.355078459 0.458697915
1403636737763555584.000000 6.812114239 6.254991531 -5.234056950 -0.513544023 -0.643751919 -0.334454864 0.458253205
1403636738513555456.000000 6.701458454 6.176944733 -5.042464256 -0.520469248 -0.636916935 -0.343673944 0.453140974
1403636740963555584.000000 7.072605610 6.230197430 -5.502907276 -0.667472064 -0.469799936 -0.467550963 0.339359999
1403636741463555584.000000 7.123007774 6.190265179 -5.718133450 -0.684864044 -0.450601220 -0.468588740 0.329157203
1403636741713555456.000000 7.140788555 6.163857460 -5.799232483 -0.695209086 -0.452289432 -0.458677322 0.318957388
1403636743063555584.000000 7.264626980 6.248751163 -6.061752796 -0.677182496 -0.460760504 -0.464693189 0.336428076
1403636743313555456.000000 7.291143894 6.272797108 -6.148861408 -0.703297734 -0.463217765 -0.440497935 0.311067849
1403636743563555584.000000 7.340157509 6.335564137 -6.190624714 -0.701536298 -0.455474138 -0.448489130 0.315036118
1403636743863555584.000000 7.419258595 6.447563171 -6.272193909 -0.691543698 -0.443802983 -0.472056538 0.319325626
1403636746213555456.000000 7.892252445 6.928376198 -7.131810188 -0.696333408 -0.414940774 -0.511380017 0.285367131
1403636746713555456.000000 7.796134472 6.949365616 -7.055052280 -0.717823684 -0.413150311 -0.478011042 0.292474777
1403636746963555584.000000 7.737405777 6.967316151 -7.066300869 -0.723462164 -0.411446065 -0.462562531 0.305533171
1403636747213555456.000000 7.715925217 7.004541397 -7.036954880 -0.706841230 -0.417742640 -0.485319853 0.300551742
1403636747463555584.000000 7.699912071 7.056611061 -6.968367100 -0.702566445 -0.417844862 -0.494861484 0.294818997
1403636747763555584.000000 7.663899422 7.126273632 -6.903051853 -0.709499300 -0.412736416 -0.491828799 0.290454686
1403636748663555584.000000 7.593737125 7.352183819 -6.649804115 -0.713465929 -0.399571627 -0.495718092 0.292528003
1403636749463555584.000000 7.641139984 7.473863125 -6.476090431 -0.717007995 -0.385352701 -0.504925966 0.287145734
1403636749963555584.000000 7.683351040 7.488284111 -6.360702038 -0.701951206 -0.389455587 -0.519342244 0.293040127
1403636750463555584.000000 7.640221119 7.445694923 -6.291533470 -0.704718649 -0.403651446 -0.502345979 0.296792448
1403636750813555456.000000 7.589234829 7.398070812 -6.126963615 -0.701468647 -0.414469540 -0.497461289 0.297806978
1403636751063555584.000000 7.544883251 7.360572815 -5.976136684 -0.701703906 -0.419921994 -0.495903045 0.292159915
1403636751563555584.000000 7.439294338 7.320647240 -5.743319988 -0.712678969 -0.405614167 -0.482812911 0.307339638
1403636752063555584.000000 7.404892921 7.296735287 -5.562139988 -0.710257709 -0.432339728 -0.467587382 0.299964041
1403636752563555584.000000 7.427427769 7.319423676 -5.374793530 -0.667662621 -0.466526568 -0.470038593 0.340063691
1403636752863555584.000000 7.434945583 7.325881958 -5.280874729 -0.634912908 -0.516415000 -0.443423748 0.365481436
1403636753213555456.000000 7.427166462 7.327529907 -5.249397755 -0.579110622 -0.579303861 -0.417328179 0.393541902
1403636753563555584.000000 7.374847412 7.332548141 -5.268594742 -0.538509727 -0.614345133 -0.387253046 0.427343398
1403636753813555456.000000 7.322592258 7.325320244 -5.254870892 -0.533994198 -0.615265787 -0.382385492 0.435981214
1403636754313555456.000000 7.203431606 7.275168419 -5.237235069 -0.534224153 -0.603805959 -0.398243099 0.437521964
1403636754813555456.000000 7.032196522 7.146596909 -5.172338009 -0.506423056 -0.632250428 -0.376003772 0.449907035
1403636755813555456.000000 6.579697609 6.716201305 -5.122152805 -0.492487639 -0.655593932 -0.348293424 0.454251319
1403636756313555456.000000 6.312119007 6.510119915 -5.091911793 -0.489648342 -0.649646759 -0.352199256 0.462773472
1403636756563555584.000000 6.175492287 6.402923107 -5.074499607 -0.487059116 -0.650397778 -0.352371186 0.464317620
1403636756813555456.000000 6.039262772 6.285102844 -5.071859837 -0.484772474 -0.649503648 -0.351749927 0.468415082
1403636757063555584.000000 5.909048080 6.149945259 -5.042622566 -0.484897792 -0.650084853 -0.348374665 0.469998777
1403636757813555456.000000 5.522187710 5.690372467 -5.021290302 -0.478584230 -0.683023334 -0.321547776 0.448378593
1403636758063555584.000000 5.367225170 5.573071957 -4.947048664 -0.468661338 -0.679038763 -0.319756985 0.465852350
1403636758313555456.000000 5.211442471 5.472023964 -4.896564484 -0.461856842 -0.668875694 -0.324229181 0.483910233
1403636758713555456.000000 4.985222816 5.321909428 -4.905877113 -0.489753366 -0.678007960 -0.284856319 0.468298852
1403636758913555456.000000 4.891667366 5.291642189 -4.915961742 -0.473726541 -0.668671191 -0.310887009 0.481467843
1403636759313555456.000000 4.748388767 5.241408825 -4.978509426 -0.486348480 -0.649554491 -0.289730012 0.507543802
1403636759513555456.000000 4.723084927 5.223240852 -5.030374050 -0.470742941 -0.660994053 -0.312143356 0.494018823
1403636759913555456.000000 4.716042519 5.174884796 -5.090837002 -0.461874127 -0.670913100 -0.320830017 0.483338445
1403636760113555456.000000 4.717187405 5.144237041 -5.109731674 -0.469503492 -0.678978324 -0.311092377 0.470931590
1403636760513555456.000000 4.719261646 5.104229450 -5.161702633 -0.460286289 -0.669586301 -0.325074971 0.483856440
1403636760713555456.000000 4.722942829 5.078132629 -5.195218086 -0.462887943 -0.680695355 -0.319833696 0.469143003
1403636760913555456.000000 4.719346523 5.054420948 -5.220826626 -0.455758899 -0.679075420 -0.328079671 0.472762197
1403636761313555456.000000 4.682497978 5.009040356 -5.274061680 -0.470312029 -0.693194270 -0.304814965 0.453184545
1403636761713555456.000000 4.612143993 5.015808582 -5.276978970 -0.464121968 -0.669355989 -0.317007840 0.485859394
1403636761913555456.000000 4.584471226 5.018325329 -5.268212318 -0.471037507 -0.664268076 -0.308458239 0.491655588
1403636762163555584.000000 4.570436478 5.020829678 -5.246998310 -0.451414496 -0.678834796 -0.339190304 0.469423234
1403636762363555584.000000 4.547003746 5.015076637 -5.239737034 -0.463753462 -0.689544141 -0.323437363 0.452603459
1403636762563555584.000000 4.505842209 5.019166470 -5.261671543 -0.481924623 -0.672253311 -0.298207104 0.476336837
1403636762763555584.000000 4.474270344 5.037194729 -5.312957287 -0.479539037 -0.659341216 -0.300955027 0.494709611
1403636762963555584.000000 4.486179829 5.032713890 -5.336053371 -0.467836499 -0.657715440 -0.325712115 0.492393166
1403636763163555584.000000 4.515560627 5.011770248 -5.347341061 -0.496740103 -0.624600887 -0.339301646 0.497993499
1403636763363555584.000000 4.518775940 5.005338669 -5.364508152 -0.505765975 -0.627720892 -0.330417454 0.490908980
1403636763563555584.000000 4.521560669 4.992692947 -5.376935959 -0.506615698 -0.627852738 -0.329584718 0.490423769
1403636763763555584.000000 4.525687695 4.976828098 -5.389076233 -0.506730378 -0.627832472 -0.329601228 0.490320057
