1403636584663555584.000000 5.033071518 -3.115581989 6.224768639 -0.596589029 -0.569092572 -0.412562966 0.387307316
1403636584713555456.000000 5.033590794 -3.113352299 6.259626865 -0.593525410 -0.563220441 -0.420762211 0.391751975
1403636587063555584.000000 5.064615726 -3.197839737 6.098338127 -0.665869117 -0.614759445 -0.294083536 0.303651363
1403636588163555584.000000 5.352390766 -3.154459238 6.087215424 -0.699895740 -0.589112222 -0.293567330 0.277328461
1403636588263555584.000000 5.368669033 -3.153856993 6.082934856 -0.699362397 -0.589364529 -0.293074369 0.278656185
1403636588713555456.000000 5.335597992 -3.162258387 6.086063862 -0.697206855 -0.588208377 -0.294078141 0.285362393
1403636589013555456.000000 5.232429981 -3.174340487 6.090525627 -0.689229250 -0.597844005 -0.286545366 0.292296678
1403636589813555456.000000 4.860232830 -3.203315258 6.101991653 -0.662279367 -0.622722268 -0.277872920 0.310467094
1403636590013555456.000000 4.790562630 -3.208773851 6.092767715 -0.656495631 -0.632863164 -0.263233751 0.314969540
1403636590113555456.000000 4.767923355 -3.210357666 6.092521667 -0.651579797 -0.633971989 -0.264021784 0.322204769
1403636590213555456.000000 4.756915569 -3.211649179 6.094081879 -0.647964597 -0.634049952 -0.265408903 0.328147411
1403636590413555456.000000 4.773811817 -3.216426134 6.098272800 -0.649162829 -0.634431899 -0.268723428 0.322291166
1403636590613555456.000000 4.834374428 -3.221501112 6.105343819 -0.652528644 -0.628851950 -0.280584693 0.316265702
1403636590713555456.000000 4.874256611 -3.222485304 6.107545376 -0.655331731 -0.625759125 -0.284460515 0.313126445
1403636591463555584.000000 5.178246975 -3.198073387 6.084142208 -0.676082969 -0.613326669 -0.276798666 0.300208002
1403636591563555584.000000 5.197533131 -3.192462683 6.076215744 -0.678475261 -0.608043730 -0.284485966 0.298365504
1403636592163555584.000000 5.257297039 -3.135792494 6.064272881 -0.699210167 -0.552780390 -0.343071312 0.296379954
1403636593863555584.000000 4.925437450 -3.255620003 6.038175106 -0.656191170 -0.627523839 -0.244934842 0.340049922
1403636593963555584.000000 4.972399712 -3.287059546 6.037492752 -0.678026140 -0.599701285 -0.268175393 0.329728603
1403636594063555584.000000 5.025879860 -3.308078051 6.039270878 -0.697448015 -0.572450638 -0.292385459 0.316823751
1403636594163555584.000000 5.082066536 -3.314718723 6.040201664 -0.715963125 -0.548757195 -0.307971835 0.302350253
1403636594263555584.000000 5.139894485 -3.304600000 6.038914680 -0.729204297 -0.533165693 -0.318307698 0.287533820
1403636594463555584.000000 5.251986027 -3.238307238 6.036611557 -0.734088898 -0.521605015 -0.340048939 0.270940095
1403636594863555584.000000 5.287101746 -3.052579641 6.029397488 -0.707213342 -0.535764933 -0.348146617 0.302653760
1403636595763555584.000000 4.987975121 -3.151945114 6.006512642 -0.612606406 -0.652468860 -0.265155137 0.358734727
1403636596063555584.000000 5.144204140 -3.246608019 5.991439819 -0.664908826 -0.605992198 -0.306917608 0.310598314
1403636596413555456.000000 5.111881733 -3.371982336 6.011938095 -0.687871993 -0.577512205 -0.319994241 0.301522136
1403636596513555456.000000 5.072009563 -3.408977032 6.024498940 -0.682453811 -0.579797626 -0.324752569 0.304347306
1403636596613555456.000000 5.036514759 -3.437973976 6.033946037 -0.678299785 -0.583061278 -0.327278942 0.304692537
1403636596713555456.000000 5.010722637 -3.454732895 6.038390636 -0.677804291 -0.585433185 -0.325385481 0.303271472
1403636596963555584.000000 5.008829117 -3.410958767 6.034577847 -0.667807043 -0.590810001 -0.336593598 0.302790672
1403636597063555584.000000 5.024971485 -3.360632658 6.030076981 -0.669934630 -0.593714237 -0.332777917 0.296563596
1403636597163555584.000000 5.043778419 -3.299602509 6.026136398 -0.669833064 -0.601192832 -0.321988493 0.293622643
1403636597263555584.000000 5.062538624 -3.232176304 6.027950287 -0.663069308 -0.611007512 -0.314316243 0.297009021
1403636597363555584.000000 5.076815605 -3.162763834 6.032505512 -0.651992619 -0.620454848 -0.310788333 0.305535674
1403636598463555584.000000 5.009310722 -3.207153559 5.979036331 -0.592657924 -0.686895669 -0.271365881 0.321390033
1403636598563555584.000000 5.021178246 -3.190085888 5.965068817 -0.588968098 -0.685472965 -0.275798380 0.327381492
1403636598663555584.000000 5.032033920 -3.159379005 5.952205181 -0.580963254 -0.683192730 -0.280492902 0.342130333
1403636598763555584.000000 5.040886402 -3.124300718 5.935915470 -0.569157064 -0.680424452 -0.285272390 0.362908512
1403636598863555584.000000 5.048776150 -3.091415882 5.915057182 -0.558636546 -0.674144208 -0.292887300 0.384281099
1403636598963555584.000000 5.056280136 -3.062903166 5.891485691 -0.552046120 -0.666720212 -0.303594977 0.398195148
1403636599213555456.000000 5.065807819 -3.017396212 5.849917889 -0.530906916 -0.645922303 -0.325716287 0.441396832
1403636600213555456.000000 5.078411579 -2.981892586 5.802895069 -0.525108397 -0.600513577 -0.367248625 0.478302389
1403636602913555456.000000 5.078156948 -2.982204199 5.802985191 -0.525929868 -0.599789381 -0.365924895 0.479321957
1403636605413555456.000000 5.078207493 -2.982220411 5.802978516 -0.526007831 -0.599721014 -0.365841061 0.479385823
1403636607913555456.000000 5.078133106 -2.982198954 5.802950859 -0.526070416 -0.599697530 -0.365839601 0.479347646
1403636610413555456.000000 5.078175545 -2.982150793 5.802915096 -0.526152611 -0.599644065 -0.365784973 0.479366153
1403636613213555456.000000 5.078961849 -2.982077599 5.802600861 -0.525759041 -0.599797964 -0.366142750 0.479332209
1403636616113555456.000000 5.078926086 -2.982015133 5.802591801 -0.525973439 -0.599503100 -0.365857810 0.479683369
1403636618613555456.000000 5.078925133 -2.981811285 5.802513599 -0.525976479 -0.599542379 -0.365658522 0.479782879
1403636621463555584.000000 5.078991413 -2.981837749 5.802574635 -0.526063502 -0.599447310 -0.365920782 0.479606301
1403636624413555456.000000 5.083412170 -2.984714746 5.802924156 -0.533997357 -0.602351964 -0.363748401 0.468728125
1403636624813555456.000000 5.121347904 -3.008805513 5.802616119 -0.534300208 -0.612670004 -0.372380197 0.447763056
1403636624913555456.000000 5.136933327 -3.020558834 5.807638168 -0.531612217 -0.623632073 -0.375346184 0.433112860
1403636625013555456.000000 5.151728153 -3.034478903 5.821632862 -0.530470669 -0.634250224 -0.375695616 0.418545485
1403636625113555456.000000 5.162184238 -3.047277927 5.843715668 -0.532799423 -0.640855730 -0.371012419 0.409607798
1403636625213555456.000000 5.167614937 -3.056164026 5.871971607 -0.536784947 -0.638172090 -0.364679635 0.414254785
1403636625413555456.000000 5.170779228 -3.062762260 5.906109810 -0.536024034 -0.632315934 -0.363127232 0.425433218
1403636625563555584.000000 5.170181274 -3.059096575 5.894880772 -0.537251949 -0.635698080 -0.359116703 0.422236323
1403636625663555584.000000 5.167307854 -3.051215172 5.895577908 -0.535293043 -0.636310160 -0.360376149 0.422728866
1403636627063555584.000000 5.183917522 -2.957717419 6.125746727 -0.521714628 -0.632024169 -0.363496393 0.442978323
1403636627813555456.000000 5.264956951 -3.009051085 6.187780857 -0.547829986 -0.620243251 -0.365998596 0.425706059
1403636627963555584.000000 5.285984039 -3.013683319 6.173624516 -0.561885178 -0.617516756 -0.368097723 0.409221530
1403636628713555456.000000 5.387444019 -2.930121899 6.282834053 -0.565542340 -0.585973978 -0.383624017 0.435464025
1403636629163555584.000000 5.505291939 -2.877360344 6.297285080 -0.585929096 -0.584944367 -0.392235070 0.400847524
1403636630063555584.000000 5.822922707 -2.692695856 6.210048676 -0.667091787 -0.498292238 -0.436880946 0.340335846
1403636630563555584.000000 6.047053814 -2.514879942 6.246179581 -0.664120972 -0.482305348 -0.461237073 0.337024212
1403636630663555584.000000 6.090318680 -2.479386091 6.264931679 -0.661747873 -0.487189382 -0.461526603 0.334259510
1403636631213555456.000000 6.304447174 -2.262210131 6.276998997 -0.657630026 -0.487925738 -0.456515074 0.347915471
1403636634063555584.000000 6.987567425 -0.914971828 6.038414001 -0.612773776 -0.554242492 -0.396409750 0.400228590
1403636634963555584.000000 7.263114929 -0.268264353 6.056204319 -0.577764273 -0.582876861 -0.403754532 0.404259086
1403636635363555584.000000 7.351507187 0.004081255 6.060597897 -0.576566994 -0.592258096 -0.388197899 0.407557786
1403636635463555584.000000 7.371522903 0.075393274 6.059250355 -0.577773452 -0.591706753 -0.385432065 0.409271568
1403636635563555584.000000 7.391928673 0.149265736 6.065518856 -0.579726756 -0.590336800 -0.382772654 0.410979897
1403636635863555584.000000 7.464938164 0.374654382 6.116695881 -0.581370354 -0.578042924 -0.384262741 0.424519837
1403636636063555584.000000 7.530590057 0.530518532 6.173550129 -0.587257445 -0.583704829 -0.378184378 0.413997591
1403636636163555584.000000 7.568052292 0.610818505 6.199782848 -0.584078372 -0.587959468 -0.383213103 0.407803625
1403636636263555584.000000 7.606647015 0.692586601 6.232614994 -0.576181054 -0.587034225 -0.394518197 0.409587115
1403636636563555584.000000 7.717746258 0.925287783 6.335295677 -0.557764173 -0.578957677 -0.419782579 0.421295226
1403636637013555456.000000 7.827388763 1.186717868 6.354158878 -0.555843711 -0.589266539 -0.419147015 0.410022527
1403636637163555584.000000 7.839370728 1.247524142 6.331727505 -0.564194322 -0.587399065 -0.405319065 0.415167004
1403636637613555456.000000 7.860742092 1.441851497 6.320564270 -0.570002913 -0.595655918 -0.390502214 0.409632474
1403636638063555584.000000 7.867941856 1.661492825 6.420762062 -0.562927961 -0.592303872 -0.396219403 0.418686509
1403636638213555456.000000 7.868399143 1.736176133 6.414856434 -0.561143935 -0.590908468 -0.397697359 0.421641558
1403636638363555584.000000 7.869045258 1.805937171 6.393837452 -0.566349745 -0.591664433 -0.389577240 0.421201617
1403636638513555456.000000 7.872408390 1.874176383 6.359604836 -0.583611131 -0.597225547 -0.363968104 0.412609965
1403636638663555584.000000 7.883828163 1.949243546 6.338325024 -0.582858980 -0.602150798 -0.364327908 0.406146526
1403636638963555584.000000 7.921617508 2.133846760 6.360966206 -0.571349800 -0.595084250 -0.379691392 0.418651015
1403636639263555584.000000 7.976595879 2.340334415 6.374198437 -0.581495583 -0.584289789 -0.364263713 0.433336407
1403636639713555456.000000 8.118505478 2.671061993 6.261381149 -0.557430685 -0.599207878 -0.397924215 0.414580762
1403636639863555584.000000 8.160984993 2.777502060 6.226801395 -0.557613909 -0.592892826 -0.397284389 0.423921973
1403636640913555456.000000 8.403900146 3.361171961 6.205707550 -0.533119440 -0.619071841 -0.378811300 0.434782475
1403636641813555456.000000 8.548242569 3.675577641 6.140563965 -0.536261499 -0.613177538 -0.381481528 0.436931223
1403636642113555456.000000 8.596944809 3.751074553 6.184218884 -0.545714736 -0.601531506 -0.391557842 0.432478666
1403636643013555456.000000 8.723147392 3.884925365 6.143732548 -0.583797514 -0.584351003 -0.392747611 0.404306531
1403636643513555456.000000 8.799200058 3.967862844 6.148110867 -0.582561195 -0.583531439 -0.391520381 0.408442646
1403636643863555584.000000 8.865348816 4.064795494 6.203602314 -0.586586654 -0.595818162 -0.380316645 0.395317733
1403636644163555584.000000 8.925209045 4.193027496 6.224358559 -0.587109566 -0.599301934 -0.378609776 0.390889019
1403636644613555456.000000 9.032010078 4.454078197 6.164184093 -0.583783746 -0.562885284 -0.384824067 0.440757453
1403636645813555456.000000 9.501507759 5.186531067 5.882091045 -0.587623954 -0.588777065 -0.389109045 0.395770013
1403636645963555584.000000 9.553399086 5.324236393 5.890998363 -0.588796437 -0.585161567 -0.389541000 0.398951888
1403636646113555456.000000 9.608392715 5.463981152 5.919483662 -0.596922278 -0.567798734 -0.397349715 0.404229760
1403636646263555584.000000 9.670838356 5.605491161 5.946898937 -0.614888847 -0.540149331 -0.411258578 0.401269078
1403636646713555456.000000 9.899628639 5.969588757 5.984979153 -0.651751816 -0.476156384 -0.467082590 0.361010581
1403636647463555584.000000 10.263148308 6.387681484 6.116751671 -0.661654294 -0.472487092 -0.463602453 0.352196544
1403636647613555456.000000 10.332800865 6.451673508 6.118751526 -0.656787634 -0.466675073 -0.466559649 0.364919960
1403636647763555584.000000 10.407354355 6.506954193 6.129134178 -0.658514321 -0.466878861 -0.467162579 0.360752344
1403636647913555456.000000 10.486064911 6.553346634 6.141272545 -0.662926257 -0.464047343 -0.470386803 0.352030069
1403636648213555456.000000 10.649106979 6.613557816 6.113017559 -0.691372991 -0.422661185 -0.490393698 0.320741326
1403636649113555456.000000 11.106227875 6.615728855 6.021620750 -0.756786823 -0.327935606 -0.516302407 0.230572850
1403636649413555456.000000 11.256977081 6.623124599 6.114476681 -0.744327188 -0.329566896 -0.529336095 0.239094079
1403636649713555456.000000 11.389597893 6.619243145 6.254132271 -0.741235495 -0.325433344 -0.531860054 0.248572007
1403636649863555584.000000 11.449938774 6.607348919 6.312477112 -0.742431641 -0.316233277 -0.538733184 0.241988346
1403636650163555584.000000 11.555518150 6.566349983 6.368616104 -0.747416496 -0.299484849 -0.547100365 0.228819966
1403636650463555584.000000 11.637269974 6.487235069 6.354429722 -0.772514999 -0.245342284 -0.555413604 0.185859263
1403636651263555584.000000 11.761046410 6.242858410 6.333635330 -0.787655473 -0.191946238 -0.567458808 0.144034818
1403636651513555456.000000 11.772214890 6.165135384 6.375576973 -0.790802777 -0.199500024 -0.559643328 0.147071719
1403636652113555456.000000 11.761893272 5.929015636 6.338481426 -0.793314278 -0.141493842 -0.577501655 0.130857810
1403636653163555584.000000 11.748866081 5.338274479 6.239895344 -0.824955583 -0.020358950 -0.564574480 0.017012572
1403636653613555456.000000 11.837685585 5.130618095 6.251293659 -0.811763883 -0.037409931 -0.582155645 0.027106989
1403636653763555584.000000 11.856463432 5.068352699 6.271185875 -0.807176769 -0.040369894 -0.588172734 0.029814100
1403636654263555584.000000 11.858073235 4.873995304 6.247491837 -0.807821214 -0.026825652 -0.588136017 0.028309960
1403636654763555584.000000 11.791961670 4.675806522 6.307284832 0.818069279 -0.043648198 0.572998643 0.023022283
1403636655163555584.000000 11.734021187 4.538367748 6.298907757 0.805406272 -0.061548207 0.588176370 0.039763968
1403636655363555584.000000 11.694489479 4.474905968 6.274734020 0.800042093 -0.072376773 0.594134688 0.041212037
1403636655863555584.000000 11.504695892 4.313434601 6.217736244 0.810714126 -0.135319546 0.565348506 0.069371253
1403636655963555584.000000 11.463399887 4.276245594 6.185709953 0.808426857 -0.153819844 0.562609851 0.079093285
1403636656163555584.000000 11.381682396 4.194169998 6.141882420 0.803764045 -0.176721677 0.559584737 0.097968802
1403636656263555584.000000 11.340219498 4.150368214 6.136166573 0.804363906 -0.181002155 0.555931926 0.105719909
1403636656563555584.000000 11.233972549 4.007109165 6.172434330 0.805643022 -0.183052868 0.552246034 0.111603670
1403636656963555584.000000 11.117895126 3.802230358 6.205533981 0.787244797 -0.168188497 0.581859827 0.115746990
1403636657263555584.000000 10.995491028 3.664557934 6.170593739 0.786429942 -0.170909792 0.584609807 0.102709509
1403636657363555584.000000 10.944892883 3.620441675 6.164578438 0.789973795 -0.172725037 0.579740286 0.100043178
1403636657463555584.000000 10.891636848 3.575526953 6.159006119 0.795753062 -0.176540852 0.571425498 0.095307022
1403636657863555584.000000 10.672863960 3.368235350 6.098237038 0.799770057 -0.187642306 0.562995493 0.090522304
1403636657963555584.000000 10.619101524 3.307274580 6.079800129 0.801360130 -0.194071472 0.559207082 0.086288862
1403636658163555584.000000 10.511341095 3.167767048 6.067854881 0.803908050 -0.189605698 0.554692149 0.100490510
1403636658263555584.000000 10.458495140 3.092355013 6.068190098 0.804596126 -0.185304523 0.553378284 0.109817781
1403636658463555584.000000 10.360039711 2.940041065 6.054009438 0.806741893 -0.181408867 0.549496353 0.119633220
1403636658563555584.000000 10.315587997 2.864456654 6.042621136 0.807682872 -0.177242756 0.547892332 0.126678035
1403636658663555584.000000 10.275153160 2.791018009 6.028799057 0.807914078 -0.174247190 0.547370195 0.131524697
1403636658763555584.000000 10.238701820 2.720893145 6.012420177 0.806481063 -0.171438932 0.549280882 0.135969132
1403636658963555584.000000 10.177352905 2.593807220 5.972619057 0.798556387 -0.170506984 0.560425162 0.138415039
1403636659263555584.000000 10.094261169 2.437557936 5.888877869 0.789785385 -0.175290033 0.572984874 0.131151929
1403636659363555584.000000 10.063385963 2.394519091 5.862823963 0.793224633 -0.175908238 0.568268001 0.130086571
1403636659563555584.000000 10.003662109 2.315818548 5.829914570 0.800246835 -0.176582187 0.558288097 0.129376277
1403636659663555584.000000 9.975648880 2.279915333 5.816481590 0.798322380 -0.176005542 0.560655475 0.131791219
1403636659863555584.000000 9.923100471 2.217751980 5.772979259 0.795330226 -0.177965090 0.563667715 0.134376466
1403636659963555584.000000 9.896994591 2.192155123 5.742054462 0.798420548 -0.179626033 0.558618724 0.134923667
1403636660063555584.000000 9.872222900 2.169602871 5.707005024 0.803172529 -0.182093844 0.551200032 0.133918583
1403636660463555584.000000 9.809325218 2.093624353 5.564255714 0.820807338 -0.186930507 0.523551404 0.131248653
1403636660913555456.000000 9.863611221 2.028920412 5.428572655 0.796629965 -0.166140616 0.559706688 0.156545788
1403636661113555456.000000 9.903059959 2.033071041 5.337563992 0.792472720 -0.172213957 0.566303313 0.147071481
1403636661213555456.000000 9.923063278 2.043819666 5.289319515 0.790315092 -0.175422639 0.569433808 0.142738208
1403636661513555456.000000 9.968192101 2.100788116 5.186244488 0.790297329 -0.178196564 0.569793105 0.137884066
1403636661713555456.000000 9.987368584 2.155953169 5.154716969 0.790475368 -0.180648163 0.570085883 0.132352486
1403636662213555456.000000 9.985434532 2.300423861 5.192940235 0.788287818 -0.181749746 0.573984385 0.126930609
1403636662563555584.000000 9.939960480 2.414005041 5.193337440 0.802217305 -0.180198699 0.552792549 0.135633186
1403636662763555584.000000 9.920284271 2.486763000 5.169271469 0.797933042 -0.198792323 0.557794333 0.112472393
1403636662963555584.000000 9.903178215 2.544779778 5.128714561 0.800989866 -0.203932807 0.552414477 0.108004972
1403636663463555584.000000 9.885857582 2.581510782 5.044006348 0.818431139 -0.188758045 0.526157141 0.133039996
1403636663663555584.000000 9.914707184 2.576345682 4.983514309 0.824239731 -0.184776530 0.517034888 0.138425246
1403636664113555456.000000 10.125901222 2.598156214 4.906199932 0.808682024 -0.154578298 0.543011010 0.165160581
1403636664313555456.000000 10.266264915 2.655790567 4.903201103 0.798499167 -0.159262925 0.561424077 0.147774994
1403636664413555456.000000 10.336678505 2.693342686 4.883693218 0.796235323 -0.159118876 0.566210866 0.141759679
1403636664513555456.000000 10.405507088 2.735714674 4.852881908 0.794874966 -0.157970861 0.569658756 0.136777267
1403636664613555456.000000 10.472766876 2.782678366 4.821126938 0.793359280 -0.159454763 0.573675454 0.126695320
1403636664813555456.000000 10.596529961 2.885475159 4.776674747 0.796974599 -0.154370546 0.571356416 0.120635875
1403636665513555456.000000 10.988992691 3.278209209 4.812137604 0.805496395 -0.151532426 0.562685192 0.107698552
1403636665663555584.000000 11.067570686 3.359241247 4.834959507 0.807932377 -0.145635873 0.558324873 0.119619623
1403636666263555584.000000 11.375358582 3.715861320 4.903473854 0.793998897 -0.162573844 0.575827897 0.107506581
1403636666413555456.000000 11.438021660 3.800703287 4.893032551 0.792006731 -0.165962249 0.578780353 0.100971341
1403636666513555456.000000 11.474065781 3.855442524 4.888114452 0.793916702 -0.167007118 0.576580346 0.096747264
1403636667363555584.000000 11.735918045 4.224414349 4.922221184 0.799308121 -0.145750090 0.572474539 0.110165104
1403636667663555584.000000 11.833241463 4.333391190 4.884761810 0.811989486 -0.153200656 0.554817200 0.096853472
1403636667963555584.000000 11.935703278 4.436291218 4.891376495 0.810871363 -0.159479395 0.555765986 0.090433560
1403636668713555456.000000 12.249074936 4.637167454 4.762222290 0.808442831 -0.158905819 0.553563654 0.121393621
1403636669163555584.000000 12.482345581 4.817164898 4.715153217 0.794969141 -0.158711463 0.571621120 0.126823023
1403636669313555456.000000 12.551714897 4.899160862 4.707433224 0.793438554 -0.160317600 0.573354244 0.126564369
1403636669763555584.000000 12.722793579 5.182384968 4.643845081 0.776785672 -0.156737313 0.596515179 0.127307400
1403636669913555456.000000 12.752490997 5.293273926 4.634777069 0.776219666 -0.177655384 0.597829401 0.092312820
1403636670063555584.000000 12.761121750 5.396499634 4.640584469 0.781473875 -0.190349415 0.589856267 0.071661636
1403636670213555456.000000 12.750432968 5.481526375 4.659898281 0.778360784 -0.193973511 0.594693422 0.053558681
1403636670513555456.000000 12.663889885 5.574926853 4.681633472 0.776182175 -0.186451927 0.602196038 0.011702101
1403636670863555584.000000 12.439937592 5.499139786 4.745257854 0.786214650 -0.126849189 0.603301287 -0.042465683
1403636671513555456.000000 11.750197411 4.746040344 4.971950531 -0.818371534 -0.070927583 -0.566108346 0.068983920
1403636672663555584.000000 11.118119240 3.449460983 5.309258461 -0.809631288 -0.118999571 -0.573057652 0.044058107
1403636673363555584.000000 11.112088203 3.267383099 5.217369556 -0.830263376 -0.175149143 -0.522052109 0.086296365
1403636673713555456.000000 11.199971199 3.310086250 5.223474503 -0.813191593 -0.183752820 -0.543512344 0.097717859
1403636675463555584.000000 11.809963226 4.111372471 4.951295376 -0.798442662 -0.232972607 -0.539479375 0.131053656
1403636676663555584.000000 12.371603966 5.023515224 4.733305931 -0.716847420 -0.408336490 -0.499727517 0.263938546
1403636676963555584.000000 12.453667641 5.290230751 4.745428562 -0.710727572 -0.413419455 -0.483967632 0.299543142
1403636679513555456.000000 12.586668015 6.612121105 4.711281300 -0.430253863 -0.685971677 -0.307171404 0.499970317
1403636679813555456.000000 12.545097351 6.647161484 4.762697697 -0.400480241 -0.706408560 -0.285869539 0.508803666
1403636680113555456.000000 12.518954277 6.657971859 4.875748634 -0.374817848 -0.712637126 -0.314282387 0.502878368
1403636680263555584.000000 12.500123024 6.640655518 4.930723667 -0.373493403 -0.711062372 -0.319160938 0.503020227
1403636680563555584.000000 12.431674004 6.551859856 4.995217800 -0.374275774 -0.719359219 -0.330830276 0.482691795
1403636680863555584.000000 12.298711777 6.401387691 5.012877464 -0.402860016 -0.708948314 -0.301027447 0.494447827
1403636681313555456.000000 12.065953255 6.174158096 4.974162579 -0.410653204 -0.713308513 -0.291356862 0.487510204
1403636681463555584.000000 11.981897354 6.114078045 4.973912239 -0.406291574 -0.705737948 -0.295664519 0.499443322
1403636681763555584.000000 11.814429283 5.984161377 4.982101440 -0.399520963 -0.707420945 -0.298257887 0.500979960
1403636682663555584.000000 11.312248230 5.514447689 5.029862881 -0.401563644 -0.707349122 -0.292724222 0.502709210
1403636683013555456.000000 11.123911858 5.325548172 5.048029423 -0.398893923 -0.703335702 -0.304666460 0.503369510
1403636683313555456.000000 10.961665154 5.136098862 5.057816029 -0.402175426 -0.703488231 -0.296555340 0.505385280
1403636683613555456.000000 10.801647186 4.932684898 5.024799824 -0.401909739 -0.705620646 -0.289962590 0.506448150
1403636683763555584.000000 10.725529671 4.828331470 4.999645233 -0.404376864 -0.709089935 -0.283750415 0.503146648
1403636684063555584.000000 10.575552940 4.631145477 4.994373322 -0.402283579 -0.711463213 -0.279348284 0.503937125
1403636684963555584.000000 10.210206985 4.063249588 5.036233902 -0.390233487 -0.707854331 -0.282203227 0.516741097
1403636685113555456.000000 10.169795036 3.962695360 5.023837090 -0.389182538 -0.711254537 -0.286622494 0.510393500
1403636685263555584.000000 10.131665230 3.857298613 5.026500702 -0.391755551 -0.714754581 -0.288212299 0.502580583
1403636687713555456.000000 9.367750168 2.334727526 4.979477882 -0.400767565 -0.704708576 -0.277957708 0.515277326
1403636689063555584.000000 9.093365669 1.657648683 4.625377178 -0.383224756 -0.724935114 -0.271957546 0.503633738
1403636689213555456.000000 9.042317390 1.583527565 4.616843700 -0.380926758 -0.729148328 -0.260183662 0.505511761
1403636689363555584.000000 8.990463257 1.515218616 4.626140118 -0.377634138 -0.732261837 -0.253605306 0.506823003
1403636689513555456.000000 8.936837196 1.455637455 4.654113293 -0.374724478 -0.733991563 -0.250686914 0.507931113
1403636689663555584.000000 8.885331154 1.399891019 4.694313049 -0.377973169 -0.736773551 -0.243107796 0.505172908
1403636689963555584.000000 8.780666351 1.327268362 4.752717495 -0.395896822 -0.729907453 -0.222123146 0.511040330
1403636690263555584.000000 8.694672585 1.326030731 4.787157059 -0.388914943 -0.735118568 -0.239058629 0.501195431
1403636690563555584.000000 8.607697487 1.383035064 4.844659328 -0.389642745 -0.730676293 -0.240270838 0.506518126
1403636690713555456.000000 8.564404488 1.427786112 4.858648777 -0.398983419 -0.721155584 -0.227050111 0.518840134
1403636690863555584.000000 8.530994415 1.484637856 4.843652725 -0.406932443 -0.706966341 -0.214942992 0.537032783
1403636691163555584.000000 8.542715073 1.633559585 4.809946537 -0.393244326 -0.681102335 -0.229451194 0.573420227
1403636691313555456.000000 8.604423523 1.705474615 4.818512440 -0.372358710 -0.687802315 -0.257396549 0.567471564
1403636691463555584.000000 8.691674232 1.761857271 4.838932991 -0.367513806 -0.704497337 -0.259831280 0.548730254
1403636691613555456.000000 8.789855957 1.809110641 4.879390717 -0.369297177 -0.716526508 -0.251273870 0.535790026
1403636691763555584.000000 8.893904686 1.854562879 4.930757999 -0.361021876 -0.726929724 -0.260146260 0.523029983
1403636691913555456.000000 8.997271538 1.894014001 4.968878746 -0.362549037 -0.727377474 -0.256902397 0.522954464
1403636692063555584.000000 9.099633217 1.929856300 4.998012543 -0.363616794 -0.720228314 -0.255283296 0.532808125
1403636692213555456.000000 9.203731537 1.962646246 5.031316280 -0.360084683 -0.724392951 -0.262184709 0.526168346
1403636692363555584.000000 9.307551384 1.987274885 5.080552101 -0.363208443 -0.725082815 -0.259578228 0.524360418
1403636692513555456.000000 9.410410881 2.006399870 5.145322323 -0.361712247 -0.728110015 -0.264631093 0.518642962
1403636692663555584.000000 9.508777618 2.020999908 5.223544121 -0.364110768 -0.727131426 -0.264112204 0.518602073
1403636693113555456.000000 9.747846603 2.040643692 5.422391891 -0.359759599 -0.739454031 -0.273842454 0.498789638
1403636693413555456.000000 9.838200569 2.038682222 5.493071556 -0.372536927 -0.742445469 -0.251444072 0.496756405
1403636693563555584.000000 9.870169640 2.043985128 5.512836933 -0.379736871 -0.749155700 -0.239441469 0.487066180
1403636693863555584.000000 9.900510788 2.099959612 5.540894985 -0.374457777 -0.744210541 -0.243960038 0.496402651
1403636694263555584.000000 9.904102325 2.217504263 5.556180477 -0.361977458 -0.726024091 -0.257864714 0.524754465
1403636694613555456.000000 9.912097931 2.303049326 5.590161800 -0.366060078 -0.733022571 -0.252531707 0.514690042
1403636695663555584.000000 9.972763062 2.567565203 5.579490185 -0.369059503 -0.726229846 -0.270053685 0.513280094
1403636695963555584.000000 9.987367630 2.626703024 5.567779064 -0.375065953 -0.725506663 -0.265841007 0.512146652
1403636696213555456.000000 9.992887497 2.668743372 5.532787323 -0.377724409 -0.732815444 -0.266355932 0.499359936
1403636698313555456.000000 9.701420784 2.370708942 5.582719803 -0.460476547 -0.676858306 -0.326625764 0.472376853
1403636701163555584.000000 9.352324486 1.747032166 5.085216999 -0.739202857 -0.372289032 -0.494586319 0.265262991
1403636701913555456.000000 9.554892540 1.658580661 5.120684624 -0.731431305 -0.368203282 -0.506901205 0.269231737
1403636702163555584.000000 9.627022743 1.629023314 5.087766647 -0.749981165 -0.327302933 -0.519382536 0.246257782
1403636702613555456.000000 9.758735657 1.577342868 4.954805851 -0.772306204 -0.294943303 -0.524797797 0.202827290
1403636704313555456.000000 10.398995399 1.683518052 4.637421608 -0.768167913 -0.298958004 -0.523169875 0.216415375
1403636704713555456.000000 10.572793007 1.716600180 4.621376038 -0.774816215 -0.310350150 -0.511680841 0.203777716
1403636704913555456.000000 10.670924187 1.757527232 4.599186897 -0.780606627 -0.315097392 -0.501060188 0.200763002
1403636705113555456.000000 10.783605576 1.824187040 4.560468674 -0.779094160 -0.319004536 -0.501657426 0.198967651
1403636705713555456.000000 11.150607109 2.146338940 4.484932423 -0.767953157 -0.315802485 -0.518116355 0.205114812
1403636705913555456.000000 11.274230003 2.280688763 4.449638844 -0.762675166 -0.307009965 -0.525782287 0.218230173
1403636706113555456.000000 11.398668289 2.414617062 4.440093994 -0.761251509 -0.292571723 -0.525463521 0.242458671
1403636706313555456.000000 11.528147697 2.530811071 4.425050735 -0.755268991 -0.306869566 -0.532715976 0.227186039
1403636706713555456.000000 11.769791603 2.750610590 4.367960930 -0.758626282 -0.321671069 -0.526840806 0.208453342
1403636706913555456.000000 11.882740974 2.875138283 4.372466087 -0.764546335 -0.319958389 -0.520388305 0.205649316
1403636707163555584.000000 12.022852898 3.048497915 4.392185211 -0.762074411 -0.313224643 -0.528454602 0.204618305
1403636707463555584.000000 12.182689667 3.277123928 4.441709042 -0.766211927 -0.309417516 -0.527678192 0.196814299
1403636708063555584.000000 12.508197784 3.793393135 4.515715599 -0.767578483 -0.301463485 -0.522946060 0.215570405
1403636708463555584.000000 12.735184669 4.129676819 4.427086830 -0.762994409 -0.288853675 -0.524207354 0.244150907
1403636708663555584.000000 12.862432480 4.274698257 4.403798580 -0.758946180 -0.293653518 -0.530994952 0.236247167
1403636709263555584.000000 13.186315536 4.638208866 4.345809460 -0.752601981 -0.299595028 -0.551128149 0.200226739
1403636709663555584.000000 13.295415878 4.879194736 4.336407661 -0.760288179 -0.303183645 -0.540945232 0.193442538
1403636710063555584.000000 13.345991135 5.153118134 4.304927826 -0.757082760 -0.307956219 -0.541064978 0.198084608
1403636710463555584.000000 13.339548111 5.452419758 4.253021240 -0.756022751 -0.304963380 -0.530604064 0.232134208
1403636710663555584.000000 13.326796532 5.595147133 4.195257664 -0.749812067 -0.317998976 -0.520678580 0.256031990
1403636711263555584.000000 13.298094749 5.945885181 4.100705624 -0.704738736 -0.403726578 -0.516565263 0.271124393
1403636711713555456.000000 13.192296028 6.153831005 4.122490406 -0.690512002 -0.391945183 -0.536740720 0.285449713
1403636711913555456.000000 13.108040810 6.217159271 4.141478062 -0.702097416 -0.386402160 -0.524583578 0.287340760
1403636712313555456.000000 12.916800499 6.289315701 4.227522850 -0.703248978 -0.393287063 -0.513282478 0.295478225
1403636712513555456.000000 12.817742348 6.304142475 4.296951771 -0.685364068 -0.418637723 -0.514743984 0.300095230
1403636712913555456.000000 12.579738617 6.284252167 4.414377213 -0.672073245 -0.433107853 -0.505434275 0.324455529
1403636713313555456.000000 12.308937073 6.179818153 4.503237724 -0.677101731 -0.437980235 -0.494972885 0.323586941
1403636713713555456.000000 12.034503937 6.028185368 4.665122509 -0.689969540 -0.429373831 -0.480725586 0.329367787
1403636714313555456.000000 11.704071045 5.739108086 4.771978378 -0.695084155 -0.422408015 -0.486242265 0.319371462
1403636714713555456.000000 11.530803680 5.530825615 4.766341209 -0.695313990 -0.449381709 -0.460162759 0.320694387
1403636716413555456.000000 11.203866005 5.007822037 4.959563255 -0.633567989 -0.511863053 -0.442806810 0.374846667
1403636716713555456.000000 11.179848671 4.875218391 4.948843479 -0.627765179 -0.518402398 -0.443416446 0.374902159
1403636717213555456.000000 11.126564980 4.643490314 4.924520016 -0.574662864 -0.578305662 -0.406360418 0.412548661
1403636717713555456.000000 11.052324295 4.403225899 4.937994957 -0.551162124 -0.599357188 -0.405075043 0.415818989
1403636717963555584.000000 10.978770256 4.280013084 4.913357258 -0.536672592 -0.613900840 -0.401955038 0.416582018
1403636718213555456.000000 10.869093895 4.153024197 4.921633720 -0.513939738 -0.633795798 -0.374515980 0.440348238
1403636718663555584.000000 10.642868042 3.919960260 4.860323429 -0.485019684 -0.658249736 -0.322393984 0.476996154
1403636719063555584.000000 10.478007317 3.744217157 4.772893906 -0.459530175 -0.674258947 -0.325329483 0.477878392
1403636719563555584.000000 10.297146797 3.522569656 4.732206821 -0.459765345 -0.661867738 -0.330947936 0.490938246
1403636720563555584.000000 10.071852684 3.045417547 4.650311470 -0.478401542 -0.663432896 -0.321266174 0.477259666
1403636721063555584.000000 10.030376434 2.873396873 4.643772125 -0.499853164 -0.644597709 -0.339158118 0.468628258
1403636722063555584.000000 10.073908806 2.558490992 4.596617699 -0.545263767 -0.603276134 -0.393068612 0.429234594
1403636723113555456.000000 10.060540199 2.173154354 4.598042011 -0.556477726 -0.594439566 -0.392259240 0.427909911
1403636724013555456.000000 9.978719711 1.822631478 4.637026787 -0.593045115 -0.565124214 -0.409114808 0.401941776
1403636725313555456.000000 9.830121040 1.411991119 4.810467720 -0.646886110 -0.502430081 -0.442403913 0.365214020
1403636727313555456.000000 9.762777328 1.026275158 5.133592129 -0.621479273 -0.523422122 -0.451837569 0.368287444
1403636727813555456.000000 9.727566719 0.890791774 5.267765045 -0.622414768 -0.522386014 -0.449941158 0.370493889
1403636728313555456.000000 9.619531631 0.746539295 5.419316769 -0.623048007 -0.519354939 -0.451057881 0.372328371
1403636728813555456.000000 9.484643936 0.584315181 5.449292660 -0.613164902 -0.532747984 -0.437654614 0.385573477
1403636729063555584.000000 9.421803474 0.492002040 5.482612133 -0.590560079 -0.553085864 -0.433263391 0.397010982
1403636729363555584.000000 9.338460922 0.368876696 5.484872818 -0.584554017 -0.561739564 -0.424128622 0.403559297
1403636729663555584.000000 9.246589661 0.227463812 5.499500275 -0.584005475 -0.563161314 -0.421998888 0.404603392
1403636729963555584.000000 9.151420593 0.075852603 5.534821987 -0.589839935 -0.565527439 -0.415623099 0.399405956
1403636730713555456.000000 8.911662102 -0.255122900 5.520390511 -0.599067748 -0.574628532 -0.398251474 0.390276462
1403636731813555456.000000 8.731118202 -0.421771824 5.565630436 -0.595863700 -0.557296097 -0.408169508 0.409591347
1403636732313555456.000000 8.744009972 -0.484670967 5.443716049 -0.588064313 -0.560021579 -0.415136218 0.410144001
1403636733063555584.000000 8.685763359 -0.707303107 5.449799538 -0.575457394 -0.564945221 -0.427830845 0.408223659
1403636733413555456.000000 8.599650383 -0.876543403 5.507294178 -0.579537034 -0.570533514 -0.418729305 0.404096782
1403636733663555584.000000 8.526591301 -1.001872063 5.571415424 -0.584398389 -0.572203219 -0.410949260 0.402719349
1403636736313555456.000000 7.743756294 -1.916720986 5.899044037 -0.570046663 -0.583599150 -0.399972200 0.417709261
1403636738163555584.000000 7.232248783 -2.218190193 6.047206879 -0.555016816 -0.605972469 -0.369407892 0.433925897
1403636738663555584.000000 7.187743187 -2.232172966 6.132853985 -0.574564636 -0.591257393 -0.379964530 0.419424683
1403636740563555584.000000 7.517303944 -2.221553802 5.763456345 -0.698918462 -0.417444378 -0.492584378 0.307593763
1403636740963555584.000000 7.577082634 -2.232336521 5.660596848 -0.695455432 -0.425054014 -0.491308063 0.307062447
1403636741213555456.000000 7.609326363 -2.248874426 5.563527107 -0.692264259 -0.420860976 -0.505449653 0.296929270
1403636742213555456.000000 7.690566540 -2.316763639 5.225906372 -0.713362813 -0.422659814 -0.482317090 0.282563925
1403636742463555584.000000 7.710995674 -2.298176527 5.196986198 -0.707548678 -0.418937266 -0.484736323 0.298156202
1403636743313555456.000000 7.804562092 -2.218313932 5.013017654 -0.730773866 -0.416203201 -0.462548047 0.280702233
1403636743563555584.000000 7.861001015 -2.164306641 4.971128464 -0.728486955 -0.408516109 -0.470802665 0.284194052
1403636743813555456.000000 7.937877655 -2.082659721 4.905811310 -0.716971993 -0.402549654 -0.492545784 0.285138100
1403636746313555456.000000 8.493547440 -1.634115815 4.053963661 -0.714608133 -0.362558514 -0.541396141 0.254513115
1403636746613555456.000000 8.431364059 -1.615264058 4.099712849 -0.728490651 -0.361932099 -0.520851731 0.258882374
1403636746863555584.000000 8.365471840 -1.594791412 4.092351437 -0.749150813 -0.362789929 -0.483997852 0.270004958
1403636747163555584.000000 8.333985329 -1.551074982 4.112046242 -0.734646738 -0.368552595 -0.501400769 0.270297080
1403636747413555456.000000 8.325336456 -1.499140024 4.177254677 -0.726760626 -0.371393532 -0.514886856 0.262254566
1403636747663555584.000000 8.306236267 -1.439610124 4.230065823 -0.731728792 -0.367199391 -0.512660682 0.258682400
1403636747963555584.000000 8.271954536 -1.355699062 4.330139160 -0.738267243 -0.351112664 -0.509414375 0.268660516
1403636748363555584.000000 8.251932144 -1.251813531 4.442597866 -0.740515530 -0.350148410 -0.510912895 0.260769844
1403636749013555456.000000 8.262883186 -1.106072426 4.593899250 -0.743006170 -0.334217995 -0.512446582 0.271364450
1403636749663555584.000000 8.344632149 -1.063848972 4.748686314 -0.734669983 -0.346527785 -0.530710101 0.241920054
1403636749913555456.000000 8.359355927 -1.058201909 4.795685291 -0.726129591 -0.342608869 -0.538700700 0.255257934
1403636750413555456.000000 8.319634438 -1.087367535 4.855972767 -0.728217483 -0.354397535 -0.524454713 0.262771755
1403636750713555456.000000 8.270811081 -1.121299386 4.981214046 -0.725522518 -0.364878058 -0.520146728 0.264439911
1403636750963555584.000000 8.224377632 -1.152631640 5.127811909 -0.725622356 -0.371959388 -0.517045200 0.260351151
1403636751463555584.000000 8.110219955 -1.191872358 5.376944065 -0.738493919 -0.362343669 -0.503012598 0.265164375
1403636751963555584.000000 8.050242424 -1.209798574 5.568769932 -0.738367796 -0.379569560 -0.486340523 0.272420347
1403636752463555584.000000 8.071924210 -1.197629929 5.749026299 -0.703887045 -0.405957520 -0.500299394 0.299068868
1403636752813555456.000000 8.082464218 -1.188906789 5.876554966 -0.671339393 -0.464633435 -0.473534167 0.330431163
1403636753263555584.000000 8.070733070 -1.183699727 5.916845322 -0.606144786 -0.549968004 -0.440910816 0.368403882
1403636754963555584.000000 7.586015224 -1.356608391 5.991636276 -0.534312427 -0.608358920 -0.397665054 0.431592762
1403636755463555584.000000 7.339170933 -1.552631140 6.011342525 -0.532885432 -0.628314078 -0.374138892 0.425763577
1403636755963555584.000000 7.058654308 -1.730731726 6.039723396 -0.532643080 -0.618862629 -0.381632924 0.433193743
1403636756413555456.000000 6.788961887 -1.881494761 6.082797050 -0.528500557 -0.617236733 -0.385237157 0.437376738
1403636757163555584.000000 6.335399628 -2.203340530 6.129591942 -0.525394976 -0.617968798 -0.380541265 0.444143116
1403636757413555456.000000 6.193336010 -2.338984728 6.126844406 -0.524033010 -0.621820629 -0.380795479 0.440140247
1403636757663555584.000000 6.045980930 -2.481796503 6.120356560 -0.521833360 -0.639527023 -0.367050707 0.428916007
1403636757913555456.000000 5.883901596 -2.602677822 6.163148880 -0.519866228 -0.653612256 -0.347222298 0.426575661
1403636758163555584.000000 5.713408947 -2.687328100 6.235213280 -0.506396949 -0.642514050 -0.355946064 0.451708078
1403636758413555456.000000 5.549765110 -2.770183086 6.263488293 -0.508330882 -0.640101612 -0.350755304 0.456990659
1403636758663555584.000000 5.397736549 -2.846130133 6.249986172 -0.534496129 -0.647835076 -0.313214839 0.443305910
1403636758863555584.000000 5.296433449 -2.868692636 6.241668701 -0.520009816 -0.637167156 -0.337327242 0.458059251
1403636759113555456.000000 5.191322803 -2.886420250 6.212754726 -0.513699710 -0.630551100 -0.346660346 0.467273593
1403636759363555584.000000 5.116183758 -2.905512094 6.163063526 -0.523466051 -0.619745255 -0.329871416 0.482787699
1403636759813555456.000000 5.088032722 -2.949270964 6.067012310 -0.501285851 -0.637533247 -0.357832640 0.462838709
1403636760013555456.000000 5.084788322 -2.978187084 6.053781509 -0.507911742 -0.644466221 -0.348852307 0.452759534
1403636760463555584.000000 5.080183029 -3.026418447 5.999472618 -0.502348840 -0.637431681 -0.358197659 0.461542070
1403636760863555584.000000 5.077088833 -3.075204372 5.938187122 -0.500356793 -0.649254739 -0.358435869 0.446805507
1403636761263555584.000000 5.039918423 -3.119246960 5.883739948 -0.513661146 -0.660962999 -0.336465687 0.431359440
1403636761463555584.000000 5.008513927 -3.117863417 5.872776031 -0.507286787 -0.654140830 -0.345951736 0.441675544
1403636761863555584.000000 4.942052841 -3.100163460 5.881688595 -0.512604535 -0.632260442 -0.341841340 0.469710320
1403636762063555584.000000 4.928549290 -3.095204830 5.895919323 -0.502903521 -0.640682757 -0.357954204 0.456598938
1403636762263555584.000000 4.913838863 -3.096197844 5.912065506 -0.498115987 -0.654720426 -0.366476029 0.434645772
1403636762463555584.000000 4.880843163 -3.094790697 5.904557228 -0.514819086 -0.655708909 -0.343916029 0.432121515
1403636762663555584.000000 4.841394424 -3.078426838 5.868855476 -0.528388977 -0.626404464 -0.324186742 0.472573251
1403636762863555584.000000 4.829549313 -3.059813261 5.820962906 -0.506362975 -0.613835335 -0.353461832 0.491800189
1403636763063555584.000000 4.859493256 -3.088278770 5.807673931 -0.533150673 -0.613765478 -0.356467307 0.460405797
1403636763263555584.000000 4.869809151 -3.101569414 5.796380043 -0.545919061 -0.595733702 -0.362711877 0.464234620
1403636763463555584.000000 4.870728493 -3.113432646 5.786237240 -0.545482397 -0.594551146 -0.363519460 0.465630323
1403636763663555584.000000 4.871931076 -3.129715443 5.775565624 -0.545647383 -0.594343543 -0.363292545 0.465879083
