1403636626113555456.000000 109.766960144 -84.839492798 -14.119085312 -0.577681839 -0.571421087 -0.401373088 0.422683448
1403636626213555456.000000 109.763732910 -84.826011658 -14.078678131 -0.580629110 -0.566915631 -0.396450251 0.429306179
1403636627463555584.000000 109.854286194 -84.849220276 -14.017451286 -0.570442915 -0.579412222 -0.400190502 0.422757506
1403636627713555456.000000 109.880798340 -84.872138977 -13.990121841 -0.586895943 -0.572386086 -0.400031269 0.409758985
1403636627963555584.000000 109.913002014 -84.888381958 -14.016510963 -0.611620307 -0.566908598 -0.399486095 0.380718023
1403636628213555456.000000 109.943908691 -84.866828918 -13.994119644 -0.610214233 -0.547499180 -0.419485539 0.389762998
1403636628313555456.000000 109.955833435 -84.854064941 -13.972960472 -0.610195994 -0.538387418 -0.422299922 0.399327815
1403636629613555456.000000 110.293968201 -84.750564575 -13.886837959 -0.659883380 -0.487950534 -0.441078454 0.363191336
1403636629913555456.000000 110.421363831 -84.712348938 -13.947813034 -0.697656751 -0.456279576 -0.452152967 0.317240655
1403636630013555456.000000 110.466865540 -84.695426941 -13.965840340 -0.705216408 -0.445303112 -0.457876623 0.307772607
1403636632613555456.000000 111.498497009 -83.888404846 -14.030207634 -0.700240850 -0.440535188 -0.465802073 0.314038187
1403636633913555456.000000 111.846572876 -83.266677856 -14.149875641 -0.652686179 -0.509933412 -0.426992029 0.362831354
1403636634813555456.000000 112.214462280 -82.680641174 -14.136228561 -0.626825392 -0.523556471 -0.441634774 0.371399194
1403636634913555456.000000 112.251739502 -82.618400574 -14.135116577 -0.624956369 -0.529103220 -0.436410397 0.372860998
1403636635213555456.000000 112.353233337 -82.431678772 -14.118222237 -0.620287836 -0.542156339 -0.426873147 0.372946203
1403636635413555456.000000 112.414680481 -82.303993225 -14.126163483 -0.624452353 -0.541857779 -0.416531712 0.378088325
1403636635613555456.000000 112.478309631 -82.170989990 -14.116999626 -0.626783669 -0.538641989 -0.413340479 0.382304549
1403636635713555456.000000 112.512695312 -82.104408264 -14.105105400 -0.626836896 -0.536572695 -0.414547056 0.383817792
1403636635913555456.000000 112.589721680 -81.963722229 -14.058996201 -0.629400551 -0.525661469 -0.413279116 0.395898193
1403636636013555456.000000 112.634544373 -81.893676758 -14.030536652 -0.633225799 -0.529036939 -0.408896953 0.389805555
1403636636113555456.000000 112.683029175 -81.823043823 -14.005353928 -0.632925928 -0.535560906 -0.410204589 0.379883528
1403636636513555456.000000 112.882347107 -81.537605286 -13.873719215 -0.605735421 -0.528774083 -0.448624671 0.390151978
1403636636663555584.000000 112.949150085 -81.446128845 -13.842209816 -0.600159585 -0.534021556 -0.456274062 0.382679313
1403636636963555584.000000 113.042785645 -81.295394897 -13.836017609 -0.599071622 -0.542101681 -0.455760986 0.373525113
1403636637263555584.000000 113.088287354 -81.173706055 -13.876879692 -0.614251494 -0.540786088 -0.430090964 0.381139398
1403636637663555584.000000 113.131172180 -81.007720947 -13.865835190 -0.617556930 -0.546303689 -0.419962764 0.379219115
1403636637863555584.000000 113.150344849 -80.915809631 -13.819518089 -0.613772988 -0.545631468 -0.423440903 0.382448584
1403636638263555584.000000 113.183578491 -80.725593567 -13.787774086 -0.607448101 -0.541784823 -0.429985583 0.390625745
1403636638463555584.000000 113.200286865 -80.638061523 -13.826303482 -0.625320256 -0.545334280 -0.403074950 0.386155128
1403636638663555584.000000 113.228828430 -80.544456482 -13.859692574 -0.630309045 -0.551323831 -0.394855231 0.377944410
1403636638763555584.000000 113.249679565 -80.489547729 -13.858846664 -0.624415100 -0.551987827 -0.403291613 0.377850831
1403636638863555584.000000 113.272285461 -80.430366516 -13.848664284 -0.619606316 -0.549192965 -0.410006344 0.382583112
1403636638963555584.000000 113.295578003 -80.370910645 -13.834457397 -0.618439078 -0.545189679 -0.411054134 0.389019132
1403636639363555584.000000 113.419403076 -80.114265442 -13.841401100 -0.623816669 -0.538835287 -0.402777642 0.397843689
1403636639563555584.000000 113.507736206 -79.982055664 -13.894119263 -0.611939013 -0.550558865 -0.419853389 0.382281005
1403636640963555584.000000 113.968063354 -79.242958069 -13.985932350 -0.582347870 -0.572441757 -0.411486000 0.404797196
1403636641713555456.000000 114.124290466 -79.001571655 -14.052518845 -0.585087717 -0.565913916 -0.413369328 0.408092707
1403636642813555456.000000 114.318756104 -78.818847656 -14.044542313 -0.627336681 -0.533473492 -0.426030934 0.374636412
1403636643263555584.000000 114.389976501 -78.762054443 -14.042366028 -0.623966098 -0.527385712 -0.430885017 0.383234710
1403636643463555584.000000 114.425758362 -78.736633301 -14.047739983 -0.627310455 -0.530940771 -0.424662709 0.379796177
1403636643863555584.000000 114.515083313 -78.643676758 -13.991105080 -0.633739710 -0.544732094 -0.409781784 0.365677208
1403636644213555456.000000 114.607398987 -78.502685547 -13.970743179 -0.633292973 -0.545119226 -0.409806341 0.365846723
1403636644663555584.000000 114.761054993 -78.263916016 -14.047076225 -0.626312554 -0.513531983 -0.421098441 0.408281356
1403636645263555584.000000 115.046058655 -78.014312744 -14.249112129 -0.644296825 -0.547103941 -0.401214749 0.352966756
1403636645413555456.000000 115.117752075 -77.931663513 -14.261332512 -0.639959693 -0.543513656 -0.408859819 0.357600570
1403636645713555456.000000 115.264129639 -77.724998474 -14.303993225 -0.633976102 -0.539045930 -0.419155031 0.363060445
1403636645863555584.000000 115.337181091 -77.603775024 -14.315318108 -0.634689450 -0.537802994 -0.418106109 0.364862442
1403636646463555584.000000 115.670921326 -77.106750488 -14.235945702 -0.676845253 -0.443094790 -0.470666915 0.352165014
1403636646613555456.000000 115.767509460 -77.004302979 -14.226291656 -0.683051348 -0.425272554 -0.490144193 0.335175753
1403636647063555584.000000 116.037200928 -76.760467529 -14.125932693 -0.697818816 -0.413916647 -0.495084673 0.310826600
1403636647363555584.000000 116.200355530 -76.630920410 -14.089801788 -0.700519264 -0.416757286 -0.488741100 0.310995758
1403636647513555456.000000 116.279960632 -76.572357178 -14.087082863 -0.696939349 -0.414843202 -0.490598142 0.318581581
1403636647813555456.000000 116.444076538 -76.482475281 -14.070619583 -0.695482790 -0.410739064 -0.494663924 0.320787758
1403636648113555456.000000 116.614669800 -76.434600830 -14.078072548 -0.714419246 -0.382420540 -0.506245852 0.295084447
1403636648263555584.000000 116.699302673 -76.425651550 -14.104161263 -0.729256213 -0.353461087 -0.517246962 0.275147617
1403636649463555584.000000 117.290969849 -76.517387390 -14.081166267 -0.770817041 -0.269235492 -0.542708933 0.197029158
1403636649613555456.000000 117.356697083 -76.528244019 -14.010214806 -0.767127573 -0.269771725 -0.545110643 0.203943476
1403636650063555584.000000 117.523818970 -76.595474243 -13.860684395 -0.767759204 -0.245202675 -0.560253322 0.191148296
1403636651163555584.000000 117.697937012 -76.938575745 -13.910703659 -0.798999071 -0.124191694 -0.579991639 0.098927088
1403636651513555456.000000 117.699874878 -77.048416138 -13.853530884 -0.804964483 -0.133654431 -0.568792760 0.103167959
1403636651963555584.000000 117.672187805 -77.204566956 -13.866150856 -0.797823310 -0.104071960 -0.583139539 0.112228975
1403636652563555584.000000 117.555778503 -77.533218384 -13.996152878 0.828862488 -0.034561761 0.558346570 0.006458955
1403636653463555584.000000 117.583175659 -78.008804321 -14.000617981 0.813191116 -0.033302665 0.580614924 0.022305710
1403636653763555584.000000 117.606117249 -78.139793396 -13.962270737 0.808631539 -0.025550267 0.587545514 0.015887523
1403636654063555584.000000 117.599449158 -78.255172729 -13.968963623 0.809437394 -0.026951075 0.586493075 0.010519687
1403636654663555584.000000 117.503479004 -78.480323792 -13.942123413 0.811855435 -0.098100685 0.572380543 0.060395136
1403636655363555584.000000 117.351181030 -78.696586609 -13.963834763 0.792549789 -0.136835709 0.587866485 0.086913556
1403636655563555584.000000 117.281349182 -78.750274658 -13.976181030 0.790927768 -0.156108618 0.583683133 0.096837834
1403636655763555584.000000 117.190101624 -78.801330566 -13.992501259 0.798959613 -0.184747577 0.562415123 0.105929703
1403636655963555584.000000 117.096733093 -78.859405518 -14.050024986 0.794594944 -0.218394205 0.553199470 0.122038074
1403636656163555584.000000 117.003410339 -78.927688599 -14.093925476 0.788150132 -0.240888998 0.548639178 0.140666276
1403636656563555584.000000 116.829620361 -79.088279724 -14.063480377 0.789512455 -0.247379601 0.540268242 0.153569907
1403636656763555584.000000 116.757682800 -79.179740906 -14.034497261 0.778488040 -0.239869028 0.558504105 0.156500638
1403636656863555584.000000 116.720451355 -79.225875854 -14.029969215 0.774689436 -0.234299511 0.565111816 0.160027146
1403636657163555584.000000 116.592208862 -79.348594666 -14.056718826 0.769643962 -0.231823385 0.575188756 0.151868731
1403636657363555584.000000 116.484252930 -79.419891357 -14.073485374 0.774726331 -0.235782877 0.568719625 0.144095734
1403636657863555584.000000 116.180130005 -79.624671936 -14.137259483 0.783361793 -0.251488119 0.552596450 0.133173570
1403636657963555584.000000 116.117660522 -79.675590515 -14.155961037 0.784407139 -0.258084446 0.549131811 0.128655538
1403636658263555584.000000 115.926185608 -79.860603333 -14.168435097 0.788372159 -0.249478340 0.541523695 0.151598275
1403636658363555584.000000 115.864700317 -79.927307129 -14.173674583 0.789435148 -0.247633502 0.539381862 0.156642556
1403636658463555584.000000 115.806076050 -79.994323730 -14.182879448 0.790811896 -0.245770961 0.536861300 0.161224127
1403636658563555584.000000 115.750976562 -80.061256409 -14.194331169 0.792095363 -0.241667643 0.534697235 0.168168187
1403636658763555584.000000 115.653892517 -80.189666748 -14.224580765 0.791383922 -0.235882372 0.535310447 0.177521229
1403636658863555584.000000 115.611778259 -80.249160767 -14.243131638 0.788402498 -0.231892541 0.539297819 0.183861971
1403636658963555584.000000 115.573844910 -80.303504944 -14.264719963 0.783515155 -0.234442458 0.546276152 0.180895507
1403636659263555584.000000 115.467842102 -80.442161560 -14.347987175 0.774393857 -0.238524809 0.559360862 0.174744517
1403636659363555584.000000 115.430839539 -80.479240417 -14.373970985 0.777735770 -0.239447251 0.554765940 0.173282638
1403636659463555584.000000 115.394325256 -80.513519287 -14.394279480 0.783578634 -0.239865392 0.546661079 0.172135964
1403636659663555584.000000 115.326522827 -80.577278137 -14.420046806 0.782796681 -0.239956170 0.547028542 0.174384892
1403636659763555584.000000 115.295104980 -80.605102539 -14.438884735 0.780534029 -0.240184084 0.549486101 0.176474914
1403636659963555584.000000 115.235145569 -80.650283813 -14.493959427 0.782690704 -0.243374512 0.544700146 0.177386463
1403636660163555584.000000 115.181335449 -80.684509277 -14.566349983 0.791027546 -0.247764975 0.531128883 0.175471097
1403636660263555584.000000 115.159751892 -80.700416565 -14.605730057 0.793285787 -0.248975143 0.527430296 0.174717754
1403636660563555584.000000 115.133010864 -80.749076843 -14.693059921 0.802622676 -0.250760019 0.512829065 0.172981724
1403636660763555584.000000 115.152679443 -80.785217285 -14.748462677 0.787178636 -0.239322007 0.536711037 0.187126175
1403636661163555584.000000 115.225540161 -80.801216125 -14.919049263 0.776689231 -0.237462446 0.552404881 0.187655032
1403636661363555584.000000 115.263931274 -80.775985718 -15.002406120 0.774204195 -0.240731552 0.556043029 0.182954371
1403636661763555584.000000 115.323471069 -80.683975220 -15.077893257 0.773146510 -0.246309042 0.558503449 0.172192588
1403636662013555456.000000 115.340179443 -80.611419678 -15.067093849 0.769498646 -0.249976650 0.564501643 0.163467377
1403636662213555456.000000 115.335716248 -80.553321838 -15.037636757 0.772455275 -0.244779766 0.560556114 0.170800224
1403636662413555456.000000 115.319992065 -80.489585876 -15.028548241 0.779220045 -0.239876628 0.549953818 0.181179851
1403636662563555584.000000 115.308670044 -80.434936523 -15.037480354 0.786424816 -0.244342476 0.538756430 0.177691311
1403636662763555584.000000 115.301277161 -80.360900879 -15.061436653 0.780613303 -0.262570292 0.545568943 0.155094668
1403636663263555584.000000 115.282653809 -80.260719299 -15.147945404 0.790429413 -0.269813895 0.528953016 0.150434926
1403636663713555456.000000 115.324127197 -80.276458740 -15.260495186 0.808690906 -0.247433245 0.501978397 0.181145385
1403636663863555584.000000 115.377540588 -80.288391113 -15.297904015 0.806907952 -0.233389467 0.505883455 0.196241960
1403636664113555456.000000 115.520591736 -80.285888672 -15.323166847 0.794984877 -0.218962699 0.526773989 0.206309676
1403636664413555456.000000 115.742523193 -80.225173950 -15.345150948 0.782200217 -0.222830251 0.551665187 0.184864774
1403636664513555456.000000 115.816619873 -80.194435120 -15.375816345 0.780927956 -0.221546754 0.555525601 0.180166319
1403636664613555456.000000 115.889831543 -80.158882141 -15.407435417 0.779276967 -0.222995162 0.560295522 0.170498133
1403636664813555456.000000 116.027107239 -80.077186584 -15.451444626 0.783308744 -0.218275875 0.558392465 0.164258644
1403636664913555456.000000 116.093070984 -80.032791138 -15.461336136 0.784585536 -0.216035232 0.558269203 0.161523879
1403636665413555456.000000 116.412414551 -79.794624329 -15.426183701 0.789070487 -0.221574783 0.555217445 0.141442135
1403636666513555456.000000 117.038581848 -79.263618469 -15.336204529 0.779101670 -0.230876133 0.565456212 0.141266182
1403636666663555584.000000 117.092803955 -79.194580078 -15.327775955 0.786813259 -0.224674940 0.555989802 0.146018326
1403636666963555584.000000 117.194404602 -79.061012268 -15.296031952 0.802164018 -0.234834418 0.534803212 0.123980656
1403636667713555456.000000 117.482505798 -78.836212158 -15.344752312 0.798291326 -0.220935032 0.543503284 0.136098936
1403636668013555456.000000 117.599319458 -78.756149292 -15.336489677 0.795879245 -0.225152105 0.545858383 0.133871213
1403636668313555456.000000 117.723144531 -78.697029114 -15.371902466 0.798014104 -0.221769810 0.539530456 0.151322871
1403636668763555584.000000 117.945739746 -78.609909058 -15.472828865 0.793588102 -0.221159443 0.540954053 0.169337615
1403636669213555456.000000 118.204605103 -78.458389282 -15.509000778 0.779669702 -0.223940670 0.559474409 0.170159489
1403636669513555456.000000 118.358924866 -78.307365417 -15.543157578 0.775377154 -0.224547312 0.565054834 0.170534208
1403636669663555584.000000 118.425903320 -78.220787048 -15.570430756 0.767211914 -0.220653415 0.576650739 0.173700929
1403636669813555456.000000 118.483634949 -78.124290466 -15.587568283 0.761213243 -0.224003211 0.585694015 0.165346712
1403636669963555584.000000 118.524162292 -78.019737244 -15.590486526 0.761392474 -0.246458456 0.585568428 0.129032612
1403636670263555584.000000 118.538894653 -77.845909119 -15.556572914 0.757568419 -0.257529855 0.592547119 0.093040079
1403636670413555456.000000 118.509552002 -77.788162231 -15.546613693 0.755812764 -0.255716264 0.598232210 0.073989891
1403636670813555456.000000 118.284111023 -77.787086487 -15.489020348 0.773261368 -0.199185088 0.601770103 0.016275788
1403636671263555584.000000 117.797889709 -78.109367371 -15.355526924 0.788250804 -0.081246912 0.607299805 -0.056979518
1403636672463555584.000000 116.650535583 -79.497154236 -14.938268661 -0.843542099 -0.071258143 -0.531642437 -0.026748082
1403636672913555456.000000 116.598449707 -79.702072144 -14.983750343 -0.824763834 -0.050787896 -0.562746227 0.022404972
1403636673363555584.000000 116.590881348 -79.782150269 -15.013539314 -0.842118859 -0.107081443 -0.526532531 0.046182726
1403636676213555456.000000 117.883796692 -78.576141357 -15.387709618 -0.779529929 -0.254955262 -0.541541874 0.184562773
1403636676963555584.000000 118.225494385 -78.010490417 -15.468066216 -0.742144823 -0.353762388 -0.505612373 0.261590183
1403636677113555456.000000 118.288291931 -77.892478943 -15.481188774 -0.736991882 -0.361990333 -0.510686815 0.254960865
1403636679313555456.000000 118.602058411 -76.784416199 -15.495721817 -0.514480174 -0.625457644 -0.375171155 0.450954050
1403636679763555584.000000 118.536163330 -76.699043274 -15.455053329 -0.460990906 -0.669441223 -0.324637741 0.483679950
1403636679913555456.000000 118.524658203 -76.684700012 -15.409311295 -0.447082609 -0.670461059 -0.332253069 0.490109324
1403636680363555584.000000 118.466751099 -76.712600708 -15.247035980 -0.427954823 -0.679635704 -0.365093410 0.470804334
1403636680663555584.000000 118.360008240 -76.808227539 -15.199763298 -0.436937928 -0.682287216 -0.365221709 0.458456635
1403636681263555584.000000 118.014068604 -77.066085815 -15.226331711 -0.471298456 -0.678336263 -0.324513674 0.460899830
1403636681713555456.000000 117.738395691 -77.212944031 -15.220248222 -0.457159042 -0.670703232 -0.336613804 0.477340609
1403636682313555456.000000 117.355552673 -77.463218689 -15.174361229 -0.460847080 -0.675063908 -0.321335405 0.478176117
1403636682613555456.000000 117.169761658 -77.593048096 -15.164275169 -0.459650517 -0.672493577 -0.328407824 0.478144407
1403636683063555584.000000 116.892784119 -77.794860840 -15.139081001 -0.455259532 -0.666279614 -0.344429880 0.479769051
1403636683363555584.000000 116.702171326 -77.958427429 -15.136211395 -0.459220111 -0.666965604 -0.333984196 0.482419401
1403636683813555456.000000 116.420730591 -78.221725464 -15.190406799 -0.462134629 -0.674391508 -0.320829242 0.478221983
1403636684113555456.000000 116.244445801 -78.387588501 -15.183603287 -0.458185256 -0.674854457 -0.318805069 0.482701898
1403636684263555584.000000 116.159217834 -78.466323853 -15.155941963 -0.455262899 -0.674016654 -0.318370551 0.486906052
1403636685413555456.000000 115.656608582 -79.142852783 -15.141547203 -0.451180130 -0.679432631 -0.330005974 0.475293458
1403636685863555584.000000 115.465660095 -79.435012817 -15.160645485 -0.452799946 -0.675300717 -0.334516943 0.476486802
1403636688413555456.000000 114.547103882 -80.711090088 -15.387007713 -0.454470932 -0.674133360 -0.318996936 0.487074375
1403636689013555456.000000 114.366752625 -80.991775513 -15.540756226 -0.441940874 -0.689107776 -0.314948320 0.480235696
1403636689163555584.000000 114.306045532 -81.058441162 -15.553932190 -0.440566599 -0.692893684 -0.301909059 0.484407157
1403636689463555584.000000 114.183197021 -81.174560547 -15.528004646 -0.433982283 -0.699094653 -0.291128665 0.488026828
1403636689613555456.000000 114.123207092 -81.222412109 -15.489788055 -0.434816986 -0.701841354 -0.285738409 0.486524880
1403636689763555584.000000 114.064880371 -81.263229370 -15.452432632 -0.444411665 -0.702805400 -0.271996081 0.484335542
1403636689913555456.000000 114.008178711 -81.288383484 -15.423934937 -0.452482015 -0.696949422 -0.262513876 0.490518123
1403636690213555456.000000 113.918380737 -81.285041809 -15.389752388 -0.448647648 -0.699336588 -0.275659621 0.483379096
1403636690363555584.000000 113.880760193 -81.260116577 -15.363854408 -0.445707440 -0.700686753 -0.282067895 0.480438024
1403636690513555456.000000 113.842590332 -81.223144531 -15.333430290 -0.446954608 -0.697350383 -0.281057000 0.484707177
1403636690813555456.000000 113.776977539 -81.118507385 -15.317297935 -0.462788820 -0.674975693 -0.257848769 0.513564467
1403636690963555584.000000 113.767684937 -81.051284790 -15.344291687 -0.461605012 -0.659489572 -0.258154601 0.534182191
1403636691113555456.000000 113.789566040 -80.977615356 -15.360419273 -0.452865273 -0.646853507 -0.267708093 0.552110493
1403636691263555584.000000 113.849800110 -80.911254883 -15.356871605 -0.433735132 -0.649731338 -0.293254465 0.551112413
1403636691413555456.000000 113.939231873 -80.865112305 -15.341234207 -0.422968596 -0.664603114 -0.305581987 0.534808397
1403636691713555456.000000 114.148368835 -80.804428101 -15.258137703 -0.422321051 -0.691276848 -0.297529370 0.505230188
1403636691863555584.000000 114.256790161 -80.781074524 -15.215425491 -0.419892699 -0.695351958 -0.299069643 0.500732601
1403636692013555456.000000 114.362915039 -80.761878967 -15.185388565 -0.420600355 -0.688174486 -0.297719985 0.510758340
1403636692163555584.000000 114.469970703 -80.746047974 -15.156880379 -0.419078916 -0.689817905 -0.301436812 0.507602274
1403636692313555456.000000 114.576004028 -80.735336304 -15.114575386 -0.419579834 -0.692667484 -0.302353024 0.502739727
1403636692463555584.000000 114.680915833 -80.732582092 -15.055789948 -0.421734542 -0.693827808 -0.301409155 0.499895573
1403636692613555456.000000 114.781913757 -80.732719421 -14.982946396 -0.421450585 -0.694635034 -0.304532200 0.497113377
1403636692763555584.000000 114.879425049 -80.736778259 -14.903914452 -0.420482218 -0.699864328 -0.309295565 0.487566352
1403636693363555584.000000 115.127357483 -80.767501831 -14.699130058 -0.429871827 -0.707729340 -0.294123203 0.477305830
1403636693513555456.000000 115.161621094 -80.771255493 -14.676827431 -0.437491596 -0.712033212 -0.281178892 0.471750319
1403636693663555584.000000 115.188819885 -80.761894226 -14.661090851 -0.441854119 -0.718176723 -0.273056358 0.463063121
1403636693813555456.000000 115.206687927 -80.734863281 -14.646968842 -0.436869770 -0.713283420 -0.279052943 0.471700221
1403636694163555584.000000 115.226333618 -80.635475159 -14.633709908 -0.421863228 -0.692923903 -0.297648787 0.503282309
1403636695513555456.000000 115.333892822 -80.309524536 -14.618886948 -0.430310845 -0.692130387 -0.303486019 0.493643969
1403636695863555584.000000 115.369186401 -80.237007141 -14.610480309 -0.431215763 -0.690667987 -0.307732403 0.492271781
1403636696413555456.000000 115.387870789 -80.146881104 -14.684570312 -0.431012660 -0.685956001 -0.314964771 0.494458884
1403636697113555456.000000 115.390937805 -80.137084961 -14.728661537 -0.421964109 -0.692527473 -0.332284719 0.481600404
1403636700013555456.000000 114.504142761 -80.734542847 -14.794331551 -0.740149558 -0.353919655 -0.499720424 0.277847260
1403636700763555584.000000 114.555885315 -80.878479004 -15.029078484 -0.751524806 -0.312271893 -0.526025176 0.246970117
1403636702063555584.000000 114.842834473 -81.126693726 -15.106724739 -0.768702626 -0.283235282 -0.530763507 0.217173204
1403636702313555456.000000 114.908584595 -81.171302795 -15.161012650 -0.784299314 -0.242703333 -0.538774669 0.188922361
1403636704563555584.000000 115.744514465 -81.216850281 -15.598005295 -0.794588208 -0.241561159 -0.530779898 0.168969393
1403636704963555584.000000 115.945793152 -81.176353455 -15.629625320 -0.805441737 -0.251228452 -0.511978388 0.161325708
1403636705163555584.000000 116.072036743 -81.123123169 -15.668833733 -0.798195720 -0.253144890 -0.521902978 0.162537694
1403636705363555584.000000 116.210380554 -81.046806335 -15.693424225 -0.784355342 -0.251459509 -0.541682661 0.167734206
1403636705563555584.000000 116.346069336 -80.957618713 -15.709491730 -0.790844560 -0.252657861 -0.532436609 0.165046379
1403636705763555584.000000 116.484596252 -80.854614258 -15.743561745 -0.790531337 -0.250242472 -0.533524573 0.166704610
1403636706163555584.000000 116.772163391 -80.632743835 -15.777782440 -0.781527758 -0.230387300 -0.543899000 0.200773567
1403636706563555584.000000 117.053184509 -80.455780029 -15.838713646 -0.780435205 -0.257001519 -0.544031084 0.170003787
1403636706763555584.000000 117.184371948 -80.360908508 -15.851679802 -0.784822881 -0.257466406 -0.538175285 0.167724490
1403636706963555584.000000 117.315025330 -80.254013062 -15.843871117 -0.788768709 -0.255154580 -0.534552336 0.164298460
1403636707163555584.000000 117.446640015 -80.134597778 -15.827356339 -0.785542011 -0.249600068 -0.542072475 0.163649231
1403636707363555584.000000 117.575317383 -80.006477356 -15.802095413 -0.788087308 -0.246267915 -0.541679025 0.157652736
1403636707563555584.000000 117.700897217 -79.865211487 -15.746566772 -0.790503979 -0.243088037 -0.539674222 0.157364264
1403636707963555584.000000 117.963500977 -79.559165955 -15.692685127 -0.792986095 -0.233797610 -0.534552991 0.175399214
1403636708363555584.000000 118.241470337 -79.256797791 -15.770421982 -0.784728229 -0.231680542 -0.541568995 0.192947671
1403636708763555584.000000 118.535072327 -79.013290405 -15.827171326 -0.776969194 -0.238371998 -0.553817451 0.181063622
1403636709163555584.000000 118.789299011 -78.812324524 -15.873321533 -0.770691752 -0.237480760 -0.569043219 0.160707861
1403636709363555584.000000 118.879959106 -78.709953308 -15.863085747 -0.779510796 -0.236759424 -0.558693528 0.155465364
1403636709763555584.000000 119.010147095 -78.481697083 -15.890820503 -0.783334970 -0.241071790 -0.552366853 0.152189597
1403636710563555584.000000 119.118690491 -77.913482666 -15.981542587 -0.777535915 -0.246579841 -0.541168690 0.204383567
1403636710963555584.000000 119.145561218 -77.662887573 -16.085294724 -0.751111090 -0.311524570 -0.535880923 0.227192163
1403636711163555584.000000 119.152572632 -77.553657532 -16.101598740 -0.739118338 -0.339057416 -0.535296261 0.228477761
1403636711563555584.000000 119.114944458 -77.345512390 -16.094665527 -0.723015130 -0.334002018 -0.551354468 0.248394981
1403636711963555584.000000 118.986755371 -77.186073303 -16.057563782 -0.735743761 -0.324558645 -0.540021062 0.248435512
1403636712363555584.000000 118.811866760 -77.092933655 -15.962364197 -0.729157448 -0.342259318 -0.535187006 0.254485518
1403636712563555584.000000 118.714012146 -77.065376282 -15.889312744 -0.714986682 -0.364610851 -0.535668015 0.262512654
1403636712963555584.000000 118.470817566 -77.056602478 -15.783801079 -0.706737697 -0.377992511 -0.526770234 0.283119589
1403636713363555584.000000 118.183616638 -77.122985840 -15.683771133 -0.712258935 -0.381037742 -0.516849756 0.283485234
1403636713763555584.000000 117.893051147 -77.231620789 -15.524175644 -0.724863827 -0.368975759 -0.502965271 0.292327434
1403636714613555456.000000 117.405403137 -77.583030701 -15.433173180 -0.734719515 -0.377032101 -0.489989966 0.279184431
1403636715013555456.000000 117.246688843 -77.733673096 -15.399156570 -0.695578992 -0.450494170 -0.466413230 0.309327602
1403636715713555456.000000 117.062545776 -77.872566223 -15.292664528 -0.667321444 -0.464991242 -0.459207624 0.357202441
1403636716213555456.000000 116.989059448 -78.005104065 -15.262298584 -0.664700389 -0.459198684 -0.475883186 0.347627878
1403636716763555584.000000 116.899658203 -78.235298157 -15.255060196 -0.665720284 -0.468023807 -0.469171911 0.342998445
1403636717613555456.000000 116.739982605 -78.613052368 -15.249543190 -0.597934604 -0.553542078 -0.436963260 0.380957484
1403636717863555584.000000 116.659660339 -78.722007751 -15.275433540 -0.593055844 -0.558974862 -0.435674548 0.382125080
1403636718113555456.000000 116.544586182 -78.829475403 -15.277107239 -0.571883738 -0.580846310 -0.420205027 0.398741037
1403636718363555584.000000 116.404960632 -78.936729431 -15.279474258 -0.554839015 -0.598722339 -0.392119288 0.424178869
1403636718813555456.000000 116.151535034 -79.119392395 -15.371903419 -0.530161619 -0.622019291 -0.350531399 0.457327515
1403636719013555456.000000 116.061164856 -79.189384460 -15.414453506 -0.515286505 -0.632932067 -0.360326588 0.451709658
1403636719313555456.000000 115.930633545 -79.292289734 -15.425761223 -0.508391500 -0.625602007 -0.368819565 0.462744534
1403636719813555456.000000 115.735160828 -79.507026672 -15.486521721 -0.523788512 -0.622265995 -0.362558305 0.454952925
1403636720463555584.000000 115.549255371 -79.783775330 -15.530503273 -0.531201005 -0.620353341 -0.359758109 0.451177835
1403636721313555456.000000 115.445114136 -80.057617188 -15.569480896 -0.572768211 -0.574046016 -0.395391077 0.431362659
1403636722063555584.000000 115.449775696 -80.304695129 -15.594406128 -0.593113542 -0.555356801 -0.425563633 0.398360163
1403636722513555456.000000 115.430000305 -80.461662292 -15.585347176 -0.597350419 -0.552032530 -0.421439141 0.401025712
1403636724313555456.000000 115.188873291 -81.125457764 -15.583566666 -0.662616909 -0.488315910 -0.451343715 0.344637930
1403636724813555456.000000 115.115592957 -81.261535645 -15.566832542 -0.682330191 -0.447596163 -0.479691803 0.322457761
1403636726313555456.000000 114.933700562 -81.552055359 -15.289973259 -0.679606378 -0.452708662 -0.473864466 0.329609811
1403636726813555456.000000 114.900794983 -81.630722046 -15.228204727 -0.678285182 -0.445552170 -0.468990773 0.348511457
1403636727313555456.000000 114.904464722 -81.749839783 -15.056883812 -0.663056791 -0.469907343 -0.478429675 0.332637578
1403636729013555456.000000 114.505882263 -82.195831299 -14.712375641 -0.638278842 -0.498774022 -0.462535352 0.360396653
1403636729363555584.000000 114.388435364 -82.316734314 -14.705196381 -0.629353583 -0.510836661 -0.453900695 0.370046228
1403636729663555584.000000 114.275833130 -82.438171387 -14.690733910 -0.628962874 -0.512237370 -0.451887041 0.371236801
1403636729963555584.000000 114.158630371 -82.568176270 -14.655655861 -0.634913564 -0.514167428 -0.445142567 0.366557896
1403636730213555456.000000 114.058586121 -82.673011780 -14.656657219 -0.636928797 -0.515355766 -0.441544741 0.365743786
1403636730713555456.000000 113.871940613 -82.845893860 -14.668864250 -0.644883811 -0.522453189 -0.427055091 0.358875424
1403636731263555584.000000 113.719459534 -82.919082642 -14.580500603 -0.644015670 -0.501404166 -0.431465119 0.384285778
1403636731763555584.000000 113.668998718 -82.972183228 -14.612364769 -0.641195476 -0.504465759 -0.437383443 0.378257126
1403636732263555584.000000 113.666885376 -83.035362244 -14.732025146 -0.633113563 -0.509203255 -0.445882231 0.375590652
1403636734013555456.000000 113.241249084 -83.654037476 -14.581980705 -0.626383185 -0.523864985 -0.445463598 0.367112905
1403636736363555584.000000 112.452140808 -84.275085449 -14.276479721 -0.613670111 -0.537033439 -0.430264741 0.387138724
1403636737563555584.000000 112.076599121 -84.420700073 -14.278960228 -0.596704483 -0.562811255 -0.409213096 0.399664730
1403636738663555584.000000 111.876701355 -84.484169006 -14.060564041 -0.621733487 -0.540766418 -0.411839485 0.389111161
1403636740463555584.000000 112.179794312 -84.521652222 -14.390754700 -0.733571589 -0.357879162 -0.514144361 0.263535380
1403636741063555584.000000 112.263450623 -84.551246643 -14.560658455 -0.723781228 -0.371451378 -0.521060646 0.258187115
1403636741313555456.000000 112.282844543 -84.575241089 -14.673538208 -0.731616080 -0.350868195 -0.523303151 0.260352194
1403636742063555584.000000 112.331748962 -84.643669128 -14.917124748 -0.741684318 -0.358788848 -0.513177156 0.240466788
1403636742563555584.000000 112.380332947 -84.618835449 -14.991740227 -0.738584042 -0.358671546 -0.507228613 0.261854082
1403636742963555584.000000 112.426673889 -84.583244324 -15.053307533 -0.731178284 -0.356960893 -0.514400303 0.270831376
1403636743213555456.000000 112.453063965 -84.571884155 -15.145569801 -0.755967319 -0.353655666 -0.490151644 0.251381308
1403636743463555584.000000 112.503997803 -84.540428162 -15.200544357 -0.764842272 -0.348843008 -0.483128071 0.244769514
1403636743713555456.000000 112.587608337 -84.479217529 -15.248055458 -0.751864016 -0.346110910 -0.504076719 0.246605799
1403636746413555456.000000 113.220619202 -84.093399048 -16.092576981 -0.739379048 -0.297508508 -0.564392924 0.215100124
1403636746663555584.000000 113.160041809 -84.071350098 -16.073421478 -0.763971865 -0.301392496 -0.527283013 0.217903867
1403636746913555456.000000 113.103561401 -84.038124084 -16.082736969 -0.777087450 -0.298457742 -0.502163529 0.234286174
1403636747163555584.000000 113.086502075 -83.998359680 -16.063934326 -0.763678551 -0.305719167 -0.519929647 0.230226189
1403636747413555456.000000 113.087310791 -83.946052551 -15.998643875 -0.756192446 -0.309283257 -0.532598794 0.221032754
1403636747663555584.000000 113.078857422 -83.884803772 -15.946029663 -0.760863662 -0.304695785 -0.529985547 0.217628613
1403636749113555456.000000 113.101043701 -83.540534973 -15.574669838 -0.770875812 -0.264151484 -0.529894650 0.234917536
1403636749713555456.000000 113.185287476 -83.526466370 -15.423649788 -0.761393249 -0.283862412 -0.547184646 0.200727403
1403636749963555584.000000 113.197036743 -83.523689270 -15.385258675 -0.751278222 -0.280747265 -0.557451367 0.214499161
1403636750463555584.000000 113.144638062 -83.549392700 -15.315848351 -0.756200254 -0.294413984 -0.541113019 0.220631301
1403636751463555584.000000 112.932090759 -83.614875793 -14.812970161 -0.766975582 -0.299436986 -0.521156371 0.224681810
1403636751963555584.000000 112.872779846 -83.624565125 -14.622219086 -0.768213212 -0.316737443 -0.505022168 0.233406022
1403636752213555456.000000 112.884208679 -83.627182007 -14.537497520 -0.757059157 -0.325083494 -0.516482711 0.233297884
1403636752463555584.000000 112.899803162 -83.617843628 -14.441699028 -0.736066341 -0.345916063 -0.521146774 0.258755624
1403636753313555456.000000 112.897331238 -83.602447510 -14.278843880 -0.642126620 -0.507473826 -0.465415388 0.336945564
1403636754513555456.000000 112.606452942 -83.613952637 -14.223463058 -0.614613235 -0.521769822 -0.457203954 0.375461578
1403636755013555456.000000 112.375587463 -83.708427429 -14.201991081 -0.580075741 -0.564685941 -0.428938776 0.400815994
1403636755513555456.000000 112.101409912 -83.860992432 -14.170945168 -0.583903253 -0.581241310 -0.406460881 0.394974709
1403636756013555456.000000 111.798889160 -83.984458923 -14.150634766 -0.582409024 -0.570354581 -0.414864868 0.404206067
1403636756513555456.000000 111.481025696 -84.096046448 -14.103296280 -0.577996373 -0.569780052 -0.417802572 0.408303827
1403636757013555456.000000 111.156440735 -84.245391846 -14.077953339 -0.574569464 -0.570670962 -0.416549295 0.413148105
1403636757263555584.000000 110.996612549 -84.341987610 -14.058892250 -0.574828625 -0.570878983 -0.414651752 0.414407104
1403636757513555456.000000 110.836799622 -84.449325562 -14.070575714 -0.573519588 -0.579148769 -0.412989885 0.406326622
1403636757763555584.000000 110.666336060 -84.554634094 -14.059210777 -0.574225724 -0.600392401 -0.389346778 0.397747308
1403636758013555456.000000 110.488311768 -84.624511719 -13.993076324 -0.567084074 -0.603546798 -0.383135021 0.409089923
1403636758263555584.000000 110.311889648 -84.671249390 -13.935667038 -0.555721879 -0.593520820 -0.392941266 0.429538637
1403636758513555456.000000 110.142623901 -84.725456238 -13.929582596 -0.572480977 -0.597679317 -0.368242353 0.423606485
1403636758763555584.000000 109.995491028 -84.754875183 -13.942714691 -0.580061257 -0.594613910 -0.359788030 0.424871624
1403636758963555584.000000 109.902359009 -84.752174377 -13.956040382 -0.564485133 -0.589082599 -0.383819252 0.432459205
1403636760013555456.000000 109.721786499 -84.821052551 -14.131111145 -0.560430825 -0.597709417 -0.383867174 0.425801247
1403636760213555456.000000 109.714118958 -84.846237183 -14.151915550 -0.565019190 -0.599793494 -0.378325045 0.421747893
1403636760413555456.000000 109.709564209 -84.862426758 -14.175627708 -0.555537641 -0.590879202 -0.392243236 0.434033513
1403636760613555456.000000 109.706741333 -84.885681152 -14.209103584 -0.557587326 -0.597998619 -0.388861448 0.424594969
1403636760813555456.000000 109.700180054 -84.909423828 -14.237626076 -0.555848420 -0.603543282 -0.389868826 0.418055505
1403636761013555456.000000 109.684906006 -84.930656433 -14.262965202 -0.553381205 -0.603559613 -0.391869396 0.419432402
1403636761213555456.000000 109.660255432 -84.949050903 -14.291419983 -0.565240622 -0.612338126 -0.373405069 0.407570690
1403636761413555456.000000 109.630432129 -84.948204041 -14.307182312 -0.563996077 -0.610264242 -0.375052571 0.410879105
1403636761613555456.000000 109.598182678 -84.932266235 -14.306524277 -0.554652452 -0.598347664 -0.390326917 0.426597685
1403636761763555584.000000 109.573959351 -84.921852112 -14.303030014 -0.560541332 -0.588737428 -0.383057892 0.438689440
1403636761913555456.000000 109.556358337 -84.914634705 -14.295730591 -0.564142287 -0.585558295 -0.378806233 0.442007780
1403636762163555584.000000 109.544075012 -84.908409119 -14.274667740 -0.547004938 -0.602858961 -0.405914158 0.415428072
1403636762313555456.000000 109.528060913 -84.907958984 -14.266502380 -0.556405008 -0.610398352 -0.393946081 0.403278977
1403636762463555584.000000 109.502799988 -84.901779175 -14.274970055 -0.568378031 -0.608151436 -0.377418131 0.405775726
1403636762613555456.000000 109.474082947 -84.885650635 -14.298612595 -0.579037368 -0.583587527 -0.361856163 0.439547032
1403636762763555584.000000 109.458526611 -84.865486145 -14.339045525 -0.571858585 -0.579471231 -0.371763587 0.446074843
1403636762913555456.000000 109.463294983 -84.864936829 -14.354640961 -0.550330281 -0.563831508 -0.402704984 0.465896308
1403636763063555584.000000 109.484054565 -84.891319275 -14.369278908 -0.583205819 -0.564664602 -0.392093539 0.432767391
1403636763213555456.000000 109.492012024 -84.906242371 -14.373553276 -0.590110481 -0.542948842 -0.404668033 0.439567864
1403636763363555584.000000 109.493209839 -84.910400391 -14.381286621 -0.593205810 -0.544304788 -0.400116295 0.437888235
1403636763513555456.000000 109.493087769 -84.919807434 -14.386633873 -0.594169796 -0.544203162 -0.399018198 0.437709570
1403636763663555584.000000 109.493362427 -84.930961609 -14.391209602 -0.594075799 -0.544247508 -0.399174631 0.437639296
1403636763813555456.000000 109.493865967 -84.943374634 -14.395148277 0.594407618 0.543942690 0.398790300 -0.437918127
