#LBA time[ms], KF opt[#], KF fixed[#], MP[#], Edges[#]
4.198185,3,1,0,700
1.975807,4,1,0,670
2.540049,3,1,0,725
3.934389,4,1,0,1179
5.891207,5,1,0,1398
4.769607,3,1,0,1118
4.105037,3,1,0,740
4.986888,4,1,0,1245
6.936814,3,1,0,1317
1.441171,3,1,0,370
4.540124,3,1,0,791
3.455329,4,1,0,960
8.300437,5,1,0,1103
4.967337,6,1,0,1485
7.206582,7,1,0,1849
9.360353,8,1,0,2393
10.297147,9,1,0,2852
11.633321,10,1,0,3327
13.370682,0,0,0,0
14.692699,0,0,0,0
21.207292,0,0,0,0
18.398306,0,0,0,0
20.086737,0,0,0,0
24.180122,0,0,0,0
22.566466,0,0,0,0
27.230205,0,0,0,0
26.006739,0,0,0,0
30.181986,0,0,0,0
39.836314,0,0,0,0
33.980097,0,0,0,0
36.549884,0,0,0,0
31.603859,0,0,0,0
34.924705,0,0,0,0
34.742808,0,0,0,0
36.518973,0,0,0,0
36.821264,0,0,0,0
37.340212,0,0,0,0
36.039884,0,0,0,0
37.115606,0,0,0,0
34.546433,0,0,0,0
34.051042,0,0,0,0
35.978830,0,0,0,0
35.537165,0,0,0,0
37.610594,0,0,0,0
37.881264,0,0,0,0
40.240347,0,0,0,0
38.174151,0,0,0,0
38.737124,0,0,0,0
39.268180,0,0,0,0
41.178522,0,0,0,0
42.350471,0,0,0,0
40.254747,0,0,0,0
41.222916,0,0,0,0
42.064343,0,0,0,0
41.627669,0,0,0,0
42.213974,0,0,0,0
42.011843,0,0,0,0
44.926584,0,0,0,0
43.032892,0,0,0,0
42.389047,0,0,0,0
44.139594,0,0,0,0
43.721919,0,0,0,0
59.931490,0,0,0,0
43.044423,0,0,0,0
42.448703,0,0,0,0
42.600207,0,0,0,0
41.896572,0,0,0,0
42.242820,0,0,0,0
40.962636,0,0,0,0
41.533438,0,0,0,0
41.346549,0,0,0,0
43.457091,0,0,0,0
43.828337,0,0,0,0
42.792979,0,0,0,0
42.977797,0,0,0,0
41.226395,0,0,0,0
42.450424,0,0,0,0
47.471003,0,0,0,0
42.154557,0,0,0,0
42.575561,0,0,0,0
42.409943,0,0,0,0
43.921086,0,0,0,0
42.210209,0,0,0,0
43.935367,0,0,0,0
40.979414,0,0,0,0
42.996694,0,0,0,0
41.565889,0,0,0,0
40.530884,0,0,0,0
40.224350,0,0,0,0
40.257609,0,0,0,0
40.650258,0,0,0,0
41.775305,0,0,0,0
41.081557,0,0,0,0
42.785397,0,0,0,0
41.052384,0,0,0,0
40.832647,0,0,0,0
41.994192,0,0,0,0
41.429840,0,0,0,0
43.056175,0,0,0,0
42.260657,0,0,0,0
42.006982,0,0,0,0
41.567618,0,0,0,0
42.177342,0,0,0,0
40.898014,0,0,0,0
41.738182,0,0,0,0
41.386789,0,0,0,0
41.652076,0,0,0,0
41.976719,0,0,0,0
44.272889,0,0,0,0
43.604398,0,0,0,0
42.594229,0,0,0,0
44.490820,0,0,0,0
44.567002,0,0,0,0
44.550817,0,0,0,0
44.114660,0,0,0,0
44.820755,0,0,0,0
46.352717,0,0,0,0
44.519571,0,0,0,0
46.556023,0,0,0,0
48.431545,0,0,0,0
46.735415,0,0,0,0
47.113101,0,0,0,0
48.579501,0,0,0,0
47.911159,0,0,0,0
61.449429,0,0,0,0
46.820799,0,0,0,0
47.442415,0,0,0,0
49.628948,0,0,0,0
47.351068,0,0,0,0
46.833594,0,0,0,0
46.660153,0,0,0,0
46.953596,0,0,0,0
45.582468,0,0,0,0
52.645538,0,0,0,0
44.520857,0,0,0,0
52.052690,0,0,0,0
44.542482,0,0,0,0
56.858842,0,0,0,0
43.905764,0,0,0,0
52.002106,0,0,0,0
43.720686,0,0,0,0
43.519622,0,0,0,0
44.707237,0,0,0,0
43.085086,0,0,0,0
43.816380,0,0,0,0
45.480392,0,0,0,0
43.723789,0,0,0,0
44.746417,0,0,0,0
44.525808,0,0,0,0
47.952388,0,0,0,0
46.668756,0,0,0,0
43.986749,0,0,0,0
44.017732,0,0,0,0
45.702391,0,0,0,0
44.008285,0,0,0,0
43.482623,0,0,0,0
46.011738,0,0,0,0
44.112291,0,0,0,0
44.650574,0,0,0,0
46.235720,0,0,0,0
48.756129,0,0,0,0
44.510953,0,0,0,0
42.759127,0,0,0,0
43.287379,0,0,0,0
44.628934,0,0,0,0
43.970073,0,0,0,0
59.084689,0,0,0,0
45.128883,0,0,0,0
44.963101,0,0,0,0
44.892689,0,0,0,0
49.459930,0,0,0,0
45.969676,0,0,0,0
42.054947,0,0,0,0
43.759472,0,0,0,0
43.416264,0,0,0,0
43.598723,0,0,0,0
43.979327,0,0,0,0
43.169352,0,0,0,0
43.238708,0,0,0,0
46.135121,0,0,0,0
43.224796,0,0,0,0
46.114737,0,0,0,0
45.139243,0,0,0,0
42.458413,0,0,0,0
46.169126,0,0,0,0
43.243271,0,0,0,0
46.405165,0,0,0,0
45.332754,0,0,0,0
41.224637,0,0,0,0
43.022385,0,0,0,0
42.922944,0,0,0,0
44.044673,0,0,0,0
44.646502,0,0,0,0
41.089494,0,0,0,0
41.775110,0,0,0,0
42.945533,0,0,0,0
42.906583,0,0,0,0
63.852636,0,0,0,0
40.760062,0,0,0,0
61.658811,0,0,0,0
42.093913,0,0,0,0
43.665638,0,0,0,0
47.901822,0,0,0,0
44.525476,0,0,0,0
42.186071,0,0,0,0
45.556804,0,0,0,0
42.823606,0,0,0,0
43.305405,0,0,0,0
45.963875,0,0,0,0
44.012176,0,0,0,0
41.316272,0,0,0,0
41.630695,0,0,0,0
41.944617,0,0,0,0
43.391916,0,0,0,0
41.215553,0,0,0,0
42.975640,0,0,0,0
41.954169,0,0,0,0
41.925673,0,0,0,0
40.895894,0,0,0,0
40.132451,0,0,0,0
39.437060,0,0,0,0
41.378201,0,0,0,0
41.833861,0,0,0,0
42.720229,0,0,0,0
42.060388,0,0,0,0
44.711078,0,0,0,0
40.749392,0,0,0,0
45.961999,0,0,0,0
41.489225,0,0,0,0
44.970469,0,0,0,0
41.345714,0,0,0,0
43.207593,0,0,0,0
43.370835,0,0,0,0
43.015903,0,0,0,0
47.834409,0,0,0,0
46.171842,0,0,0,0
44.533446,0,0,0,0
45.211359,0,0,0,0
46.353798,0,0,0,0
51.495900,0,0,0,0
45.750435,0,0,0,0
45.925846,0,0,0,0
54.758867,0,0,0,0
45.884175,0,0,0,0
53.134765,0,0,0,0
50.308198,0,0,0,0
49.290238,0,0,0,0
47.609829,0,0,0,0
55.403782,0,0,0,0
47.529169,0,0,0,0
45.386237,0,0,0,0
46.605114,0,0,0,0
47.857758,0,0,0,0
47.473267,0,0,0,0
49.088712,0,0,0,0
44.956480,0,0,0,0
50.947601,0,0,0,0
53.080245,0,0,0,0
48.261657,0,0,0,0
20.111200,0,0,0,0
44.235836,0,0,0,0
44.896599,0,0,0,0
44.618633,0,0,0,0
42.713598,0,0,0,0
44.235566,0,0,0,0
48.465223,0,0,0,0
47.211121,0,0,0,0
43.622432,0,0,0,0
46.146048,0,0,0,0
44.409847,0,0,0,0
44.002316,0,0,0,0
43.437153,0,0,0,0
43.523411,0,0,0,0
43.979279,0,0,0,0
45.280414,0,0,0,0
45.980600,0,0,0,0
46.047754,0,0,0,0
46.642838,0,0,0,0
46.888830,0,0,0,0
47.565738,0,0,0,0
45.926574,0,0,0,0
46.093177,0,0,0,0
46.799028,0,0,0,0
46.989470,0,0,0,0
48.448748,0,0,0,0
48.482361,0,0,0,0
53.239531,0,0,0,0
53.247306,0,0,0,0
50.908982,0,0,0,0
50.346998,0,0,0,0
50.954092,0,0,0,0
49.768813,0,0,0,0
51.563754,0,0,0,0
50.798404,0,0,0,0
50.595386,0,0,0,0
50.567336,0,0,0,0
51.985519,0,0,0,0
52.683405,0,0,0,0
52.563522,0,0,0,0
51.699412,0,0,0,0
52.809080,0,0,0,0
52.240521,0,0,0,0
51.489507,0,0,0,0
53.049124,0,0,0,0
57.294723,0,0,0,0
59.945512,0,0,0,0
59.266108,0,0,0,0
54.347241,0,0,0,0
55.267746,0,0,0,0
56.530937,0,0,0,0
57.374355,0,0,0,0
60.263541,0,0,0,0
57.927166,0,0,0,0
66.353146,0,0,0,0
55.993454,0,0,0,0
57.293729,0,0,0,0
58.824151,0,0,0,0
56.498662,0,0,0,0
57.065309,0,0,0,0
55.932740,0,0,0,0
62.646288,0,0,0,0
55.982153,0,0,0,0
56.106334,0,0,0,0
56.658166,0,0,0,0
56.062373,0,0,0,0
57.149631,0,0,0,0
53.696194,0,0,0,0
53.392668,0,0,0,0
55.339347,0,0,0,0
56.144990,0,0,0,0
56.911505,0,0,0,0
54.990433,0,0,0,0
54.772895,0,0,0,0
55.322137,0,0,0,0
54.576837,0,0,0,0
55.466906,0,0,0,0
59.332685,0,0,0,0
55.015794,0,0,0,0
54.483003,0,0,0,0
53.535724,0,0,0,0
55.257464,0,0,0,0
53.928674,0,0,0,0
54.908952,0,0,0,0
54.739000,0,0,0,0
55.679606,0,0,0,0
55.453085,0,0,0,0
55.307630,0,0,0,0
61.134174,0,0,0,0
58.787994,0,0,0,0
56.212491,0,0,0,0
59.131652,0,0,0,0
61.688038,0,0,0,0
57.159695,0,0,0,0
57.946010,0,0,0,0
59.540635,0,0,0,0
57.831822,0,0,0,0
57.945938,0,0,0,0
58.652904,0,0,0,0
58.155412,0,0,0,0
57.904692,0,0,0,0
57.457873,0,0,0,0
57.381320,0,0,0,0
58.881788,0,0,0,0
58.535813,0,0,0,0
60.568971,0,0,0,0
59.712091,0,0,0,0
63.938017,0,0,0,0
59.340944,0,0,0,0
58.646355,0,0,0,0
59.117612,0,0,0,0
62.756260,0,0,0,0
58.211423,0,0,0,0
57.791281,0,0,0,0
56.772322,0,0,0,0
58.612452,0,0,0,0
58.660441,0,0,0,0
59.949898,0,0,0,0
61.506491,0,0,0,0
60.406897,0,0,0,0
59.920519,0,0,0,0
58.923692,0,0,0,0
59.744546,0,0,0,0
59.123813,0,0,0,0
59.515370,0,0,0,0
58.493195,0,0,0,0
55.541719,0,0,0,0
55.258439,0,0,0,0
55.465121,0,0,0,0
62.654817,0,0,0,0
59.326563,0,0,0,0
58.149645,0,0,0,0
59.929889,0,0,0,0
59.864725,0,0,0,0
60.142592,0,0,0,0
60.610881,0,0,0,0
63.130720,0,0,0,0
60.154955,0,0,0,0
67.169007,0,0,0,0
62.190571,0,0,0,0
61.967915,0,0,0,0
61.483855,0,0,0,0
61.872811,0,0,0,0
61.849517,0,0,0,0
63.869591,0,0,0,0
59.525626,0,0,0,0
61.587454,0,0,0,0
57.554215,0,0,0,0
58.042329,0,0,0,0
55.803693,0,0,0,0
57.359891,0,0,0,0
56.400695,0,0,0,0
60.961760,0,0,0,0
58.055694,0,0,0,0
57.679852,0,0,0,0
59.086111,0,0,0,0
56.959581,0,0,0,0
57.952112,0,0,0,0
62.883368,0,0,0,0
60.679123,0,0,0,0
59.604949,0,0,0,0
58.902056,0,0,0,0
60.612928,0,0,0,0
59.695218,0,0,0,0
59.291864,0,0,0,0
57.538556,0,0,0,0
56.714858,0,0,0,0
55.932927,0,0,0,0
55.561655,0,0,0,0
53.924602,0,0,0,0
57.019857,0,0,0,0
56.228630,0,0,0,0
56.957783,0,0,0,0
54.487841,0,0,0,0
54.819338,0,0,0,0
53.139257,0,0,0,0
53.687787,0,0,0,0
54.643670,0,0,0,0
53.289069,0,0,0,0
54.575526,0,0,0,0
53.513443,0,0,0,0
53.163266,0,0,0,0
53.024916,0,0,0,0
53.613972,0,0,0,0
53.464427,0,0,0,0
53.803000,0,0,0,0
51.964234,0,0,0,0
51.873841,0,0,0,0
50.344271,0,0,0,0
48.963062,0,0,0,0
48.479980,0,0,0,0
49.928048,0,0,0,0
48.210942,0,0,0,0
48.730241,0,0,0,0
50.593458,0,0,0,0
49.292039,0,0,0,0
48.782548,0,0,0,0
48.796785,0,0,0,0
48.965842,0,0,0,0
48.524934,0,0,0,0
48.523656,0,0,0,0
48.233961,0,0,0,0
48.820717,0,0,0,0
46.929378,0,0,0,0
45.859669,0,0,0,0
45.357488,0,0,0,0
44.781647,0,0,0,0
44.328041,0,0,0,0
44.465448,0,0,0,0
44.476489,0,0,0,0
44.021270,0,0,0,0
44.544655,0,0,0,0
44.107305,0,0,0,0
43.036923,0,0,0,0
43.653562,0,0,0,0
42.153430,0,0,0,0
42.102296,0,0,0,0
42.545787,0,0,0,0
45.036336,0,0,0,0
43.682084,0,0,0,0
44.048691,0,0,0,0
42.925418,0,0,0,0
40.649438,0,0,0,0
41.952582,0,0,0,0
52.853367,0,0,0,0
43.076305,0,0,0,0
42.874073,0,0,0,0
42.707067,0,0,0,0
60.866087,0,0,0,0
43.654272,0,0,0,0
47.428722,0,0,0,0
43.565968,0,0,0,0
43.322440,0,0,0,0
43.424985,0,0,0,0
44.500627,0,0,0,0
44.762636,0,0,0,0
44.440211,0,0,0,0
44.246618,0,0,0,0
46.286302,0,0,0,0
45.682159,0,0,0,0
46.500869,0,0,0,0
45.041202,0,0,0,0
44.298171,0,0,0,0
44.792119,0,0,0,0
45.333785,0,0,0,0
45.229463,0,0,0,0
45.943314,0,0,0,0
44.583600,0,0,0,0
46.091431,0,0,0,0
45.886795,0,0,0,0
46.481994,0,0,0,0
48.295835,0,0,0,0
47.704553,0,0,0,0
46.518136,0,0,0,0
46.794457,0,0,0,0
48.507355,0,0,0,0
48.762230,0,0,0,0
49.595439,0,0,0,0
47.893803,0,0,0,0
50.238668,0,0,0,0
52.505929,0,0,0,0
52.005954,0,0,0,0
52.641876,0,0,0,0
72.882075,0,0,0,0
52.563465,0,0,0,0
53.344873,0,0,0,0
56.934391,0,0,0,0
61.314442,0,0,0,0
55.767077,0,0,0,0
56.644654,0,0,0,0
56.169220,0,0,0,0
56.746692,0,0,0,0
56.795902,0,0,0,0
56.353041,0,0,0,0
55.169324,0,0,0,0
56.978355,0,0,0,0
56.854865,0,0,0,0
55.886118,0,0,0,0
68.307823,0,0,0,0
57.600606,0,0,0,0
57.679077,0,0,0,0
63.581747,0,0,0,0
57.223725,0,0,0,0
57.024567,0,0,0,0
78.725920,0,0,0,0
57.005795,0,0,0,0
58.993500,0,0,0,0
58.840909,0,0,0,0
58.869519,0,0,0,0
57.295369,0,0,0,0
58.681822,0,0,0,0
57.574700,0,0,0,0
59.914266,0,0,0,0
59.233866,0,0,0,0
60.073827,0,0,0,0
58.668600,0,0,0,0
58.839008,0,0,0,0
56.730366,0,0,0,0
60.173239,0,0,0,0
56.252985,0,0,0,0
57.674851,0,0,0,0
59.424086,0,0,0,0
58.906406,0,0,0,0
60.412621,0,0,0,0
62.433963,0,0,0,0
81.962317,0,0,0,0
64.046072,0,0,0,0
67.330906,0,0,0,0
64.968882,0,0,0,0
66.264391,0,0,0,0
61.589321,0,0,0,0
63.044449,0,0,0,0
63.446123,0,0,0,0
64.657965,0,0,0,0
69.427592,0,0,0,0
63.764511,0,0,0,0
66.354775,0,0,0,0
71.842379,0,0,0,0
64.986425,0,0,0,0
70.725312,0,0,0,0
65.164182,0,0,0,0
64.562632,0,0,0,0
65.852404,0,0,0,0
64.133435,0,0,0,0
65.656524,0,0,0,0
66.716289,0,0,0,0
67.884048,0,0,0,0
71.391046,0,0,0,0
76.594571,0,0,0,0
75.499287,0,0,0,0
78.445797,0,0,0,0
70.607266,0,0,0,0
79.227242,0,0,0,0
75.534901,0,0,0,0
77.577622,0,0,0,0
77.355735,0,0,0,0
75.328995,0,0,0,0
80.820022,0,0,0,0
77.634106,0,0,0,0
77.004315,0,0,0,0
79.629257,0,0,0,0
79.555986,0,0,0,0
80.059374,0,0,0,0
78.760764,0,0,0,0
77.389110,0,0,0,0
75.893228,0,0,0,0
79.315948,0,0,0,0
80.004963,0,0,0,0
81.038226,0,0,0,0
80.316296,0,0,0,0
73.121404,0,0,0,0
72.326515,0,0,0,0
73.674223,0,0,0,0
72.768435,0,0,0,0
76.202275,0,0,0,0
74.292367,0,0,0,0
79.549434,0,0,0,0
83.723683,0,0,0,0
79.318567,0,0,0,0
79.248520,0,0,0,0
84.435612,0,0,0,0
83.349086,0,0,0,0
83.972199,0,0,0,0
84.159129,0,0,0,0
79.816156,0,0,0,0
77.173360,0,0,0,0
76.931850,0,0,0,0
82.111165,0,0,0,0
82.570520,0,0,0,0
76.029652,0,0,0,0
72.026219,0,0,0,0
66.789365,0,0,0,0
72.224925,0,0,0,0
67.590293,0,0,0,0
69.125498,0,0,0,0
65.111828,0,0,0,0
73.495581,0,0,0,0
67.403594,0,0,0,0
66.157544,0,0,0,0
67.936451,0,0,0,0
67.417528,0,0,0,0
65.502723,0,0,0,0
68.904722,0,0,0,0
65.324856,0,0,0,0
70.630953,0,0,0,0
63.892830,0,0,0,0
62.218709,0,0,0,0
62.760061,0,0,0,0
62.071690,0,0,0,0
61.304239,0,0,0,0
62.920339,0,0,0,0
64.407326,0,0,0,0
63.965318,0,0,0,0
64.960924,0,0,0,0
66.511625,0,0,0,0
73.555311,0,0,0,0
63.511777,0,0,0,0
70.100732,0,0,0,0
63.778241,0,0,0,0
70.481262,0,0,0,0
61.958323,0,0,0,0
62.987161,0,0,0,0
61.528560,0,0,0,0
65.597298,0,0,0,0
62.356093,0,0,0,0
70.649123,0,0,0,0
62.920638,0,0,0,0
63.730092,0,0,0,0
62.221063,0,0,0,0
63.711362,0,0,0,0
66.920511,0,0,0,0
64.676817,0,0,0,0
69.800025,0,0,0,0
61.007081,0,0,0,0
63.664895,0,0,0,0
59.952180,0,0,0,0
59.569484,0,0,0,0
60.831296,0,0,0,0
59.174817,0,0,0,0
62.155602,0,0,0,0
61.565573,0,0,0,0
59.063712,0,0,0,0
58.152738,0,0,0,0
59.122131,0,0,0,0
58.836221,0,0,0,0
60.458137,0,0,0,0
59.597469,0,0,0,0
59.931622,0,0,0,0
57.055612,0,0,0,0
64.029845,0,0,0,0
57.092831,0,0,0,0
59.553411,0,0,0,0
58.057572,0,0,0,0
58.526470,0,0,0,0
58.207683,0,0,0,0
59.434723,0,0,0,0
59.010511,0,0,0,0
59.845460,0,0,0,0
59.848656,0,0,0,0
60.270663,0,0,0,0
65.842563,0,0,0,0
66.346707,0,0,0,0
63.560093,0,0,0,0
68.805021,0,0,0,0
69.137461,0,0,0,0
73.186636,0,0,0,0
68.581081,0,0,0,0
68.924161,0,0,0,0
72.920045,0,0,0,0
67.302343,0,0,0,0
73.126877,0,0,0,0
68.240527,0,0,0,0
69.231996,0,0,0,0
73.603096,0,0,0,0
70.578184,0,0,0,0
71.978334,0,0,0,0
71.690722,0,0,0,0
70.813017,0,0,0,0
72.119268,0,0,0,0
72.232040,0,0,0,0
73.184473,0,0,0,0
77.494408,0,0,0,0
77.819396,0,0,0,0
82.103591,0,0,0,0
85.513907,0,0,0,0
90.784932,0,0,0,0
90.191610,0,0,0,0
102.094960,0,0,0,0
99.287952,0,0,0,0
103.564604,0,0,0,0
103.384841,0,0,0,0
100.654032,0,0,0,0
108.371153,0,0,0,0
100.518287,0,0,0,0
109.117955,0,0,0,0
106.745586,0,0,0,0
106.611712,0,0,0,0
98.631362,0,0,0,0
99.487403,0,0,0,0
99.796538,0,0,0,0
97.537853,0,0,0,0
100.645448,0,0,0,0
121.864628,0,0,0,0
114.023394,0,0,0,0
115.315880,0,0,0,0
107.831174,0,0,0,0
103.438910,0,0,0,0
107.998824,0,0,0,0
96.879398,0,0,0,0
99.789168,0,0,0,0
96.812633,0,0,0,0
103.995966,0,0,0,0
94.489133,0,0,0,0
97.865125,0,0,0,0
92.669655,0,0,0,0
93.375594,0,0,0,0
93.221282,0,0,0,0
93.960462,0,0,0,0
88.746848,0,0,0,0
92.963447,0,0,0,0
85.246717,0,0,0,0
86.116767,0,0,0,0
85.125158,0,0,0,0
86.793046,0,0,0,0
84.196585,0,0,0,0
84.131759,0,0,0,0
84.046551,0,0,0,0
82.935953,0,0,0,0
80.634603,0,0,0,0
90.014548,0,0,0,0
88.279593,0,0,0,0
79.708195,0,0,0,0
79.959463,0,0,0,0
79.632641,0,0,0,0
79.868979,0,0,0,0
79.505894,0,0,0,0
80.542861,0,0,0,0
79.459408,0,0,0,0
78.067464,0,0,0,0
78.582099,0,0,0,0
79.114680,0,0,0,0
79.722977,0,0,0,0
82.024703,0,0,0,0
78.820986,0,0,0,0
79.175058,0,0,0,0
79.206047,0,0,0,0
79.907068,0,0,0,0
80.047519,0,0,0,0
81.347157,0,0,0,0
80.298977,0,0,0,0
83.134357,0,0,0,0
82.005171,0,0,0,0
81.701834,0,0,0,0
81.946142,0,0,0,0
82.543240,0,0,0,0
81.175547,0,0,0,0
81.448658,0,0,0,0
83.414232,0,0,0,0
82.183764,0,0,0,0
83.663209,0,0,0,0
95.713667,0,0,0,0
88.133400,0,0,0,0
95.133111,0,0,0,0
88.601922,0,0,0,0
89.325777,0,0,0,0
89.582624,0,0,0,0
89.268766,0,0,0,0
90.328139,0,0,0,0
92.862571,0,0,0,0
92.849848,0,0,0,0
95.150741,0,0,0,0
95.919132,0,0,0,0
96.720079,0,0,0,0
103.302118,0,0,0,0
99.986222,0,0,0,0
97.921077,0,0,0,0
98.793500,0,0,0,0
103.474533,0,0,0,0
117.381591,0,0,0,0
102.875308,0,0,0,0
100.897146,0,0,0,0
101.499088,0,0,0,0
100.318421,0,0,0,0
98.349485,0,0,0,0
106.448063,0,0,0,0
103.248052,0,0,0,0
102.719673,0,0,0,0
102.812105,0,0,0,0
102.570632,0,0,0,0
104.631473,0,0,0,0
104.995363,0,0,0,0
102.922526,0,0,0,0
104.305978,0,0,0,0
105.545214,0,0,0,0
103.447169,0,0,0,0
104.277428,0,0,0,0
107.463150,0,0,0,0
104.910689,0,0,0,0
110.064161,0,0,0,0
107.071607,0,0,0,0
106.370714,0,0,0,0
104.863765,0,0,0,0
104.500513,0,0,0,0
107.602064,0,0,0,0
106.205846,0,0,0,0
104.492083,0,0,0,0
107.058628,0,0,0,0
110.960790,0,0,0,0
109.348952,0,0,0,0
112.559753,0,0,0,0
110.487102,0,0,0,0
108.399638,0,0,0,0
115.103183,0,0,0,0
112.297545,0,0,0,0
109.288606,0,0,0,0
108.531092,0,0,0,0
111.065549,0,0,0,0
108.913541,0,0,0,0
109.198561,0,0,0,0
116.698791,0,0,0,0
110.440010,0,0,0,0
108.799545,0,0,0,0
111.489119,0,0,0,0
108.755729,0,0,0,0
114.247268,0,0,0,0
111.182504,0,0,0,0
107.841457,0,0,0,0
113.363589,0,0,0,0
137.648865,0,0,0,0
111.840066,0,0,0,0
107.491792,0,0,0,0
104.557967,0,0,0,0
104.718079,0,0,0,0
106.320840,0,0,0,0
120.386322,0,0,0,0
100.392721,0,0,0,0
100.466688,0,0,0,0
113.332681,0,0,0,0
104.090105,0,0,0,0
104.368966,0,0,0,0
110.698018,0,0,0,0
109.734830,0,0,0,0
106.285450,0,0,0,0
107.365417,0,0,0,0
106.208622,0,0,0,0
104.356227,0,0,0,0
97.270956,0,0,0,0
103.151386,0,0,0,0
105.186359,0,0,0,0
108.311642,0,0,0,0
107.183990,0,0,0,0
104.050235,0,0,0,0
99.180017,0,0,0,0
101.255878,0,0,0,0
103.408761,0,0,0,0
94.993583,0,0,0,0
96.344210,0,0,0,0
94.592372,0,0,0,0
95.343751,0,0,0,0
102.621838,0,0,0,0
98.668847,0,0,0,0
100.974884,0,0,0,0
97.012590,0,0,0,0
102.633209,0,0,0,0
95.816199,0,0,0,0
100.758575,0,0,0,0
97.809070,0,0,0,0
98.304377,0,0,0,0
95.208682,0,0,0,0
93.045342,0,0,0,0
91.986178,0,0,0,0
90.863905,0,0,0,0
90.462880,0,0,0,0
90.480789,0,0,0,0
94.481296,0,0,0,0
89.258157,0,0,0,0
92.617157,0,0,0,0
89.792728,0,0,0,0
89.328927,0,0,0,0
92.091940,0,0,0,0
92.737418,0,0,0,0
95.141598,0,0,0,0
93.649488,0,0,0,0
94.395607,0,0,0,0
97.476520,0,0,0,0
99.664013,0,0,0,0
103.386097,0,0,0,0
107.504501,0,0,0,0
102.466496,0,0,0,0
105.647433,0,0,0,0
104.645003,0,0,0,0
110.169073,0,0,0,0
111.694332,0,0,0,0
110.536046,0,0,0,0
109.322013,0,0,0,0
109.248867,0,0,0,0
108.763365,0,0,0,0
107.570110,0,0,0,0
113.377296,0,0,0,0
113.187665,0,0,0,0
109.188901,0,0,0,0
109.177318,0,0,0,0
102.837656,0,0,0,0
104.409865,0,0,0,0
111.310841,0,0,0,0
104.037234,0,0,0,0
104.537961,0,0,0,0
106.004045,0,0,0,0
102.245526,0,0,0,0
99.586943,0,0,0,0
101.566080,0,0,0,0
102.336415,0,0,0,0
105.591379,0,0,0,0
107.834470,0,0,0,0
104.373265,0,0,0,0
102.261593,0,0,0,0
102.094785,0,0,0,0
96.046609,0,0,0,0
92.604741,0,0,0,0
89.318513,0,0,0,0
90.406921,0,0,0,0
86.820526,0,0,0,0
86.308238,0,0,0,0
86.723114,0,0,0,0
85.720069,0,0,0,0
83.531511,0,0,0,0
80.736722,0,0,0,0
81.019292,0,0,0,0
