#LBA time[ms], KF opt[#], KF fixed[#], MP[#], Edges[#]
3.718305,3,1,0,724
3.687545,4,1,0,675
5.156876,3,1,0,732
2.666004,4,1,0,902
3.342847,3,1,0,604
2.756863,3,1,0,902
3.900929,4,1,0,1234
4.318442,5,1,0,1432
4.230680,6,1,0,1300
2.620007,3,1,0,452
5.816238,4,1,0,852
4.106495,5,1,0,1321
4.519641,6,1,0,1414
5.230210,7,1,0,1604
3.927275,3,1,0,923
4.527349,4,1,0,1425
6.100145,5,1,0,2021
9.769407,6,1,0,2719
10.824124,7,1,0,3156
9.849285,8,1,0,3227
15.908995,9,1,0,3298
14.540595,10,1,0,3503
13.136330,0,0,0,0
13.533256,0,0,0,0
16.182234,0,0,0,0
22.303428,0,0,0,0
20.202853,0,0,0,0
22.661369,0,0,0,0
25.167283,0,0,0,0
27.398097,0,0,0,0
52.531524,0,0,0,0
68.232712,0,0,0,0
32.534156,0,0,0,0
33.653137,0,0,0,0
32.122559,0,0,0,0
32.650438,0,0,0,0
34.396399,0,0,0,0
30.207256,0,0,0,0
32.390395,0,0,0,0
34.618898,0,0,0,0
36.981579,0,0,0,0
38.268508,0,0,0,0
40.195924,0,0,0,0
40.486701,0,0,0,0
38.850057,0,0,0,0
38.976268,0,0,0,0
38.623347,0,0,0,0
38.127047,0,0,0,0
40.330631,0,0,0,0
41.094070,0,0,0,0
43.261761,0,0,0,0
52.229849,0,0,0,0
38.750206,0,0,0,0
39.683381,0,0,0,0
40.614410,0,0,0,0
43.802067,0,0,0,0
42.816701,0,0,0,0
56.464985,0,0,0,0
41.278224,0,0,0,0
40.321238,0,0,0,0
40.399427,0,0,0,0
39.501144,0,0,0,0
41.619597,0,0,0,0
41.565186,0,0,0,0
40.683516,0,0,0,0
40.028686,0,0,0,0
41.375726,0,0,0,0
58.716335,0,0,0,0
41.979564,0,0,0,0
43.849375,0,0,0,0
43.720697,0,0,0,0
41.750125,0,0,0,0
47.137156,0,0,0,0
41.588607,0,0,0,0
40.426574,0,0,0,0
39.906898,0,0,0,0
41.196687,0,0,0,0
40.792151,0,0,0,0
42.219662,0,0,0,0
43.068768,0,0,0,0
41.084384,0,0,0,0
40.457172,0,0,0,0
40.656124,0,0,0,0
40.694729,0,0,0,0
41.761263,0,0,0,0
49.937731,0,0,0,0
41.968920,0,0,0,0
44.399625,0,0,0,0
42.412546,0,0,0,0
41.502575,0,0,0,0
42.797495,0,0,0,0
43.006026,0,0,0,0
44.325342,0,0,0,0
43.584328,0,0,0,0
43.491656,0,0,0,0
46.089260,0,0,0,0
43.620653,0,0,0,0
44.014216,0,0,0,0
48.266752,0,0,0,0
45.302485,0,0,0,0
45.869615,0,0,0,0
45.635662,0,0,0,0
44.335974,0,0,0,0
45.488210,0,0,0,0
45.215908,0,0,0,0
45.428270,0,0,0,0
44.265994,0,0,0,0
47.576554,0,0,0,0
45.445181,0,0,0,0
44.335235,0,0,0,0
45.656872,0,0,0,0
44.103556,0,0,0,0
50.001488,0,0,0,0
46.487099,0,0,0,0
46.822304,0,0,0,0
48.667423,0,0,0,0
46.525884,0,0,0,0
46.398348,0,0,0,0
46.410478,0,0,0,0
45.962945,0,0,0,0
44.442222,0,0,0,0
42.210218,0,0,0,0
48.242556,0,0,0,0
41.087583,0,0,0,0
41.604404,0,0,0,0
44.557652,0,0,0,0
41.505033,0,0,0,0
40.107892,0,0,0,0
40.353538,0,0,0,0
43.662808,0,0,0,0
39.738431,0,0,0,0
40.118520,0,0,0,0
40.098601,0,0,0,0
39.563595,0,0,0,0
40.887158,0,0,0,0
40.022288,0,0,0,0
40.810364,0,0,0,0
41.352668,0,0,0,0
40.808055,0,0,0,0
39.680063,0,0,0,0
43.922220,0,0,0,0
42.658184,0,0,0,0
40.009181,0,0,0,0
39.812559,0,0,0,0
40.374224,0,0,0,0
40.544348,0,0,0,0
39.919980,0,0,0,0
39.004857,0,0,0,0
40.048186,0,0,0,0
40.982210,0,0,0,0
46.130417,0,0,0,0
42.949590,0,0,0,0
41.439356,0,0,0,0
38.103007,0,0,0,0
38.616710,0,0,0,0
40.856982,0,0,0,0
38.544834,0,0,0,0
53.659912,0,0,0,0
40.049714,0,0,0,0
39.529834,0,0,0,0
41.261613,0,0,0,0
42.090297,0,0,0,0
39.255960,0,0,0,0
38.428794,0,0,0,0
39.387652,0,0,0,0
37.942121,0,0,0,0
44.427886,0,0,0,0
38.443401,0,0,0,0
39.253088,0,0,0,0
41.914547,0,0,0,0
40.060698,0,0,0,0
38.898909,0,0,0,0
39.672713,0,0,0,0
40.346363,0,0,0,0
38.372442,0,0,0,0
38.864272,0,0,0,0
39.803408,0,0,0,0
40.068175,0,0,0,0
39.119229,0,0,0,0
39.921288,0,0,0,0
39.947192,0,0,0,0
43.603613,0,0,0,0
40.369269,0,0,0,0
39.405568,0,0,0,0
39.647332,0,0,0,0
40.389433,0,0,0,0
40.171959,0,0,0,0
37.586889,0,0,0,0
40.868047,0,0,0,0
38.862576,0,0,0,0
39.078064,0,0,0,0
53.432406,0,0,0,0
37.893440,0,0,0,0
38.528169,0,0,0,0
38.335670,0,0,0,0
47.202818,0,0,0,0
41.370652,0,0,0,0
37.412274,0,0,0,0
43.990958,0,0,0,0
37.692924,0,0,0,0
39.464306,0,0,0,0
38.699255,0,0,0,0
37.601697,0,0,0,0
41.156068,0,0,0,0
36.903866,0,0,0,0
37.236678,0,0,0,0
37.645031,0,0,0,0
39.657468,0,0,0,0
40.264789,0,0,0,0
37.252547,0,0,0,0
36.550571,0,0,0,0
45.094469,0,0,0,0
38.658399,0,0,0,0
39.883940,0,0,0,0
24.288701,0,0,0,0
22.189691,0,0,0,0
35.386942,0,0,0,0
35.755420,0,0,0,0
40.901202,0,0,0,0
37.760846,0,0,0,0
41.093093,0,0,0,0
36.505710,0,0,0,0
35.750649,0,0,0,0
37.411663,0,0,0,0
49.479142,0,0,0,0
36.451472,0,0,0,0
48.155079,0,0,0,0
37.781541,0,0,0,0
37.269426,0,0,0,0
43.122093,0,0,0,0
37.496671,0,0,0,0
38.265384,0,0,0,0
41.826562,0,0,0,0
49.490452,0,0,0,0
50.531973,0,0,0,0
53.310878,0,0,0,0
38.665312,0,0,0,0
40.284138,0,0,0,0
41.734678,0,0,0,0
41.623372,0,0,0,0
41.379729,0,0,0,0
43.162707,0,0,0,0
51.639519,0,0,0,0
44.230354,0,0,0,0
41.639086,0,0,0,0
43.239626,0,0,0,0
43.889701,0,0,0,0
47.358515,0,0,0,0
47.133679,0,0,0,0
45.464267,0,0,0,0
46.759430,0,0,0,0
58.959130,0,0,0,0
44.407762,0,0,0,0
45.236118,0,0,0,0
45.751940,0,0,0,0
46.118043,0,0,0,0
59.103176,0,0,0,0
45.887255,0,0,0,0
43.008852,0,0,0,0
49.919690,0,0,0,0
52.818782,0,0,0,0
43.291803,0,0,0,0
45.692030,0,0,0,0
28.388839,0,0,0,0
42.320971,0,0,0,0
41.084981,0,0,0,0
38.685885,0,0,0,0
37.801480,0,0,0,0
39.480587,0,0,0,0
40.051667,0,0,0,0
40.813176,0,0,0,0
40.665085,0,0,0,0
42.242754,0,0,0,0
48.993119,0,0,0,0
41.453560,0,0,0,0
42.398440,0,0,0,0
43.650913,0,0,0,0
43.136411,0,0,0,0
43.554001,0,0,0,0
43.233423,0,0,0,0
43.684779,0,0,0,0
43.685466,0,0,0,0
45.590305,0,0,0,0
43.805709,0,0,0,0
50.173721,0,0,0,0
43.609781,0,0,0,0
44.144617,0,0,0,0
47.625784,0,0,0,0
53.822314,0,0,0,0
44.308998,0,0,0,0
45.682667,0,0,0,0
44.886045,0,0,0,0
45.005940,0,0,0,0
46.516971,0,0,0,0
47.336383,0,0,0,0
47.944787,0,0,0,0
48.743341,0,0,0,0
53.652149,0,0,0,0
64.256030,0,0,0,0
56.893445,0,0,0,0
51.864883,0,0,0,0
48.816977,0,0,0,0
50.570357,0,0,0,0
50.379479,0,0,0,0
57.368131,0,0,0,0
51.819768,0,0,0,0
52.656752,0,0,0,0
60.128133,0,0,0,0
57.682247,0,0,0,0
54.853035,0,0,0,0
55.272400,0,0,0,0
55.145464,0,0,0,0
59.463001,0,0,0,0
54.363377,0,0,0,0
54.942077,0,0,0,0
53.818271,0,0,0,0
55.436422,0,0,0,0
58.878241,0,0,0,0
57.210999,0,0,0,0
55.385880,0,0,0,0
61.496667,0,0,0,0
56.699119,0,0,0,0
62.118494,0,0,0,0
59.289122,0,0,0,0
64.173393,0,0,0,0
58.671952,0,0,0,0
59.200730,0,0,0,0
63.486410,0,0,0,0
62.361098,0,0,0,0
56.205429,0,0,0,0
58.158551,0,0,0,0
59.107747,0,0,0,0
56.286790,0,0,0,0
56.243212,0,0,0,0
60.124930,0,0,0,0
54.791538,0,0,0,0
58.515555,0,0,0,0
56.314932,0,0,0,0
59.260538,0,0,0,0
61.574999,0,0,0,0
65.199160,0,0,0,0
56.923585,0,0,0,0
59.825009,0,0,0,0
57.232129,0,0,0,0
56.161299,0,0,0,0
55.052029,0,0,0,0
57.772477,0,0,0,0
59.698770,0,0,0,0
55.190479,0,0,0,0
55.316278,0,0,0,0
58.386799,0,0,0,0
59.859136,0,0,0,0
57.257233,0,0,0,0
57.988160,0,0,0,0
57.551624,0,0,0,0
55.887193,0,0,0,0
59.377092,0,0,0,0
57.810695,0,0,0,0
59.322179,0,0,0,0
59.162064,0,0,0,0
59.618757,0,0,0,0
62.490012,0,0,0,0
83.057135,0,0,0,0
59.906991,0,0,0,0
58.489262,0,0,0,0
69.000945,0,0,0,0
64.376928,0,0,0,0
81.681401,0,0,0,0
62.916300,0,0,0,0
58.458696,0,0,0,0
59.013252,0,0,0,0
59.047249,0,0,0,0
58.333700,0,0,0,0
60.014794,0,0,0,0
73.072692,0,0,0,0
59.331494,0,0,0,0
59.094426,0,0,0,0
62.780528,0,0,0,0
57.496547,0,0,0,0
62.794887,0,0,0,0
57.146625,0,0,0,0
56.712365,0,0,0,0
56.599511,0,0,0,0
57.137315,0,0,0,0
58.700068,0,0,0,0
61.587791,0,0,0,0
56.688484,0,0,0,0
60.103362,0,0,0,0
58.269620,0,0,0,0
57.894067,0,0,0,0
57.542173,0,0,0,0
58.854752,0,0,0,0
61.471073,0,0,0,0
56.676694,0,0,0,0
56.443531,0,0,0,0
61.274747,0,0,0,0
62.855931,0,0,0,0
59.703029,0,0,0,0
60.079311,0,0,0,0
60.132430,0,0,0,0
67.843453,0,0,0,0
60.605552,0,0,0,0
59.706600,0,0,0,0
60.061706,0,0,0,0
61.297761,0,0,0,0
60.710367,0,0,0,0
62.638709,0,0,0,0
61.310939,0,0,0,0
61.985713,0,0,0,0
61.682957,0,0,0,0
74.639524,0,0,0,0
67.140708,0,0,0,0
62.959165,0,0,0,0
60.489446,0,0,0,0
59.784744,0,0,0,0
58.292052,0,0,0,0
58.434394,0,0,0,0
61.251365,0,0,0,0
60.572234,0,0,0,0
64.354488,0,0,0,0
57.424229,0,0,0,0
73.098280,0,0,0,0
60.241482,0,0,0,0
60.279809,0,0,0,0
59.153076,0,0,0,0
58.919775,0,0,0,0
59.792161,0,0,0,0
60.352549,0,0,0,0
63.365229,0,0,0,0
59.762858,0,0,0,0
58.564118,0,0,0,0
65.969135,0,0,0,0
56.378074,0,0,0,0
55.367213,0,0,0,0
56.433117,0,0,0,0
62.052065,0,0,0,0
56.562089,0,0,0,0
56.825466,0,0,0,0
55.554541,0,0,0,0
55.718667,0,0,0,0
55.458703,0,0,0,0
54.401912,0,0,0,0
55.980372,0,0,0,0
54.599082,0,0,0,0
54.753908,0,0,0,0
55.764934,0,0,0,0
54.764600,0,0,0,0
53.073857,0,0,0,0
53.360101,0,0,0,0
56.031374,0,0,0,0
52.970891,0,0,0,0
56.417460,0,0,0,0
54.507347,0,0,0,0
54.806398,0,0,0,0
56.915760,0,0,0,0
57.154424,0,0,0,0
52.797366,0,0,0,0
53.181428,0,0,0,0
51.066227,0,0,0,0
52.234937,0,0,0,0
52.158913,0,0,0,0
53.368266,0,0,0,0
50.689430,0,0,0,0
70.335657,0,0,0,0
47.319177,0,0,0,0
46.726316,0,0,0,0
46.027122,0,0,0,0
47.150557,0,0,0,0
48.063381,0,0,0,0
48.344695,0,0,0,0
51.037963,0,0,0,0
47.337587,0,0,0,0
49.678965,0,0,0,0
44.331576,0,0,0,0
52.441245,0,0,0,0
44.231850,0,0,0,0
45.576614,0,0,0,0
45.175489,0,0,0,0
43.788807,0,0,0,0
44.830193,0,0,0,0
44.549669,0,0,0,0
43.792745,0,0,0,0
43.461995,0,0,0,0
44.134190,0,0,0,0
43.208095,0,0,0,0
43.407661,0,0,0,0
42.710283,0,0,0,0
42.199683,0,0,0,0
43.335866,0,0,0,0
41.461797,0,0,0,0
45.477355,0,0,0,0
42.330461,0,0,0,0
42.490132,0,0,0,0
41.762608,0,0,0,0
45.334110,0,0,0,0
44.594013,0,0,0,0
47.550962,0,0,0,0
48.355178,0,0,0,0
45.541432,0,0,0,0
44.631654,0,0,0,0
44.882266,0,0,0,0
44.791827,0,0,0,0
43.716938,0,0,0,0
43.868451,0,0,0,0
44.144300,0,0,0,0
44.489557,0,0,0,0
44.409025,0,0,0,0
46.204265,0,0,0,0
43.876937,0,0,0,0
45.688019,0,0,0,0
45.149853,0,0,0,0
46.691681,0,0,0,0
48.798701,0,0,0,0
46.979920,0,0,0,0
47.015142,0,0,0,0
47.696001,0,0,0,0
46.652574,0,0,0,0
46.794748,0,0,0,0
46.824296,0,0,0,0
49.834090,0,0,0,0
47.628289,0,0,0,0
47.097048,0,0,0,0
48.470794,0,0,0,0
46.463208,0,0,0,0
46.432546,0,0,0,0
47.397397,0,0,0,0
50.233306,0,0,0,0
49.311209,0,0,0,0
48.599094,0,0,0,0
57.757116,0,0,0,0
51.777670,0,0,0,0
53.354826,0,0,0,0
50.654750,0,0,0,0
51.841541,0,0,0,0
54.433470,0,0,0,0
60.614953,0,0,0,0
55.978148,0,0,0,0
54.480181,0,0,0,0
58.326414,0,0,0,0
56.422526,0,0,0,0
57.099191,0,0,0,0
56.870432,0,0,0,0
69.078588,0,0,0,0
65.355986,0,0,0,0
62.477334,0,0,0,0
55.925345,0,0,0,0
56.735238,0,0,0,0
59.750714,0,0,0,0
59.447664,0,0,0,0
59.312698,0,0,0,0
57.499979,0,0,0,0
63.860001,0,0,0,0
59.014340,0,0,0,0
67.925685,0,0,0,0
61.484998,0,0,0,0
57.776967,0,0,0,0
58.936496,0,0,0,0
60.047032,0,0,0,0
60.357373,0,0,0,0
60.232908,0,0,0,0
57.892613,0,0,0,0
61.590366,0,0,0,0
55.786882,0,0,0,0
59.070835,0,0,0,0
60.148063,0,0,0,0
60.655933,0,0,0,0
59.602410,0,0,0,0
61.394196,0,0,0,0
62.211109,0,0,0,0
58.909922,0,0,0,0
59.829063,0,0,0,0
70.205701,0,0,0,0
59.313224,0,0,0,0
61.275912,0,0,0,0
59.275193,0,0,0,0
60.344308,0,0,0,0
66.674150,0,0,0,0
69.136110,0,0,0,0
76.897722,0,0,0,0
65.322700,0,0,0,0
66.210401,0,0,0,0
66.651622,0,0,0,0
65.641062,0,0,0,0
61.785270,0,0,0,0
61.625794,0,0,0,0
68.104527,0,0,0,0
63.374942,0,0,0,0
66.933202,0,0,0,0
71.051057,0,0,0,0
73.586142,0,0,0,0
64.171253,0,0,0,0
74.907246,0,0,0,0
66.977759,0,0,0,0
76.791417,0,0,0,0
65.348320,0,0,0,0
72.342142,0,0,0,0
66.128347,0,0,0,0
66.442938,0,0,0,0
67.566024,0,0,0,0
71.050400,0,0,0,0
74.358891,0,0,0,0
76.392146,0,0,0,0
81.162116,0,0,0,0
81.045373,0,0,0,0
78.268612,0,0,0,0
80.930911,0,0,0,0
73.826326,0,0,0,0
79.559976,0,0,0,0
79.138739,0,0,0,0
75.423965,0,0,0,0
84.185991,0,0,0,0
78.626402,0,0,0,0
81.276293,0,0,0,0
78.127143,0,0,0,0
78.708639,0,0,0,0
90.790331,0,0,0,0
81.288538,0,0,0,0
75.603541,0,0,0,0
77.696478,0,0,0,0
74.798123,0,0,0,0
83.675858,0,0,0,0
81.819478,0,0,0,0
72.947137,0,0,0,0
95.666201,0,0,0,0
77.650849,0,0,0,0
77.094226,0,0,0,0
81.462436,0,0,0,0
77.583862,0,0,0,0
78.499574,0,0,0,0
82.605210,0,0,0,0
81.633783,0,0,0,0
83.375682,0,0,0,0
78.361965,0,0,0,0
83.411713,0,0,0,0
80.810134,0,0,0,0
82.862586,0,0,0,0
84.986444,0,0,0,0
79.934353,0,0,0,0
77.036718,0,0,0,0
81.661040,0,0,0,0
83.210128,0,0,0,0
70.666504,0,0,0,0
70.223288,0,0,0,0
72.633164,0,0,0,0
66.731160,0,0,0,0
72.244073,0,0,0,0
67.153225,0,0,0,0
69.755580,0,0,0,0
77.938509,0,0,0,0
66.312561,0,0,0,0
72.172513,0,0,0,0
65.605593,0,0,0,0
64.039910,0,0,0,0
66.611283,0,0,0,0
66.223848,0,0,0,0
67.814834,0,0,0,0
65.935700,0,0,0,0
64.561378,0,0,0,0
68.528119,0,0,0,0
68.359000,0,0,0,0
61.938470,0,0,0,0
67.814426,0,0,0,0
63.382103,0,0,0,0
68.711915,0,0,0,0
63.974725,0,0,0,0
67.666139,0,0,0,0
66.314298,0,0,0,0
66.269541,0,0,0,0
66.841670,0,0,0,0
64.189875,0,0,0,0
64.042507,0,0,0,0
66.129888,0,0,0,0
63.863143,0,0,0,0
70.207806,0,0,0,0
63.737857,0,0,0,0
75.063498,0,0,0,0
61.612112,0,0,0,0
63.514912,0,0,0,0
78.008183,0,0,0,0
62.942944,0,0,0,0
63.429362,0,0,0,0
60.802513,0,0,0,0
60.391550,0,0,0,0
67.264059,0,0,0,0
59.236452,0,0,0,0
60.170647,0,0,0,0
67.734557,0,0,0,0
61.920684,0,0,0,0
60.291388,0,0,0,0
59.008820,0,0,0,0
59.097401,0,0,0,0
61.654530,0,0,0,0
58.565006,0,0,0,0
58.545197,0,0,0,0
58.424273,0,0,0,0
58.271834,0,0,0,0
58.419192,0,0,0,0
65.003586,0,0,0,0
57.557076,0,0,0,0
58.527596,0,0,0,0
55.869089,0,0,0,0
59.771110,0,0,0,0
61.462249,0,0,0,0
59.047064,0,0,0,0
67.220932,0,0,0,0
59.154249,0,0,0,0
58.284634,0,0,0,0
60.722485,0,0,0,0
61.777561,0,0,0,0
58.890547,0,0,0,0
60.989489,0,0,0,0
66.725692,0,0,0,0
71.642987,0,0,0,0
68.011129,0,0,0,0
69.077876,0,0,0,0
73.709175,0,0,0,0
69.823287,0,0,0,0
66.998420,0,0,0,0
69.756681,0,0,0,0
67.452181,0,0,0,0
70.199390,0,0,0,0
69.234516,0,0,0,0
68.342268,0,0,0,0
76.117850,0,0,0,0
70.480264,0,0,0,0
70.204720,0,0,0,0
74.359727,0,0,0,0
72.421502,0,0,0,0
72.900544,0,0,0,0
73.059548,0,0,0,0
83.839675,0,0,0,0
75.782902,0,0,0,0
76.163725,0,0,0,0
74.330211,0,0,0,0
75.348792,0,0,0,0
85.946455,0,0,0,0
81.934042,0,0,0,0
82.637150,0,0,0,0
84.316175,0,0,0,0
85.527300,0,0,0,0
93.396902,0,0,0,0
103.085431,0,0,0,0
91.461549,0,0,0,0
96.331906,0,0,0,0
103.012982,0,0,0,0
103.765199,0,0,0,0
97.338051,0,0,0,0
104.609414,0,0,0,0
105.092618,0,0,0,0
111.104487,0,0,0,0
106.735119,0,0,0,0
103.725278,0,0,0,0
100.233920,0,0,0,0
99.133292,0,0,0,0
98.920974,0,0,0,0
102.242648,0,0,0,0
109.165522,0,0,0,0
109.794043,0,0,0,0
116.883988,0,0,0,0
100.389158,0,0,0,0
97.020496,0,0,0,0
99.797398,0,0,0,0
103.700525,0,0,0,0
107.820127,0,0,0,0
101.824036,0,0,0,0
102.001458,0,0,0,0
111.979396,0,0,0,0
100.091060,0,0,0,0
98.330019,0,0,0,0
98.419773,0,0,0,0
96.797646,0,0,0,0
97.958629,0,0,0,0
96.777076,0,0,0,0
92.256258,0,0,0,0
97.436261,0,0,0,0
92.461508,0,0,0,0
115.621512,0,0,0,0
92.454252,0,0,0,0
89.703195,0,0,0,0
90.544351,0,0,0,0
89.220602,0,0,0,0
97.313948,0,0,0,0
90.131381,0,0,0,0
89.856053,0,0,0,0
83.443262,0,0,0,0
83.623802,0,0,0,0
95.481536,0,0,0,0
83.597130,0,0,0,0
84.896368,0,0,0,0
83.510957,0,0,0,0
82.286329,0,0,0,0
81.755153,0,0,0,0
85.051720,0,0,0,0
86.765296,0,0,0,0
84.472049,0,0,0,0
88.641169,0,0,0,0
87.625667,0,0,0,0
89.897461,0,0,0,0
84.943912,0,0,0,0
81.297905,0,0,0,0
82.493805,0,0,0,0
82.856579,0,0,0,0
85.364052,0,0,0,0
81.934290,0,0,0,0
89.814070,0,0,0,0
94.465369,0,0,0,0
85.632351,0,0,0,0
93.165311,0,0,0,0
84.923050,0,0,0,0
86.628114,0,0,0,0
88.027770,0,0,0,0
86.520257,0,0,0,0
85.005147,0,0,0,0
85.370344,0,0,0,0
95.078727,0,0,0,0
84.898835,0,0,0,0
102.442615,0,0,0,0
98.288710,0,0,0,0
89.397363,0,0,0,0
91.947437,0,0,0,0
103.491633,0,0,0,0
98.877359,0,0,0,0
103.905774,0,0,0,0
98.979510,0,0,0,0
97.084735,0,0,0,0
99.029275,0,0,0,0
105.801086,0,0,0,0
100.643331,0,0,0,0
101.773108,0,0,0,0
102.270048,0,0,0,0
112.581559,0,0,0,0
110.992257,0,0,0,0
110.440627,0,0,0,0
104.855677,0,0,0,0
101.497761,0,0,0,0
108.268181,0,0,0,0
104.235132,0,0,0,0
104.205854,0,0,0,0
113.809533,0,0,0,0
103.320921,0,0,0,0
107.173729,0,0,0,0
112.680045,0,0,0,0
109.061109,0,0,0,0
104.677268,0,0,0,0
103.757502,0,0,0,0
113.788924,0,0,0,0
105.789899,0,0,0,0
104.099467,0,0,0,0
105.776999,0,0,0,0
114.661485,0,0,0,0
113.242593,0,0,0,0
105.513983,0,0,0,0
105.919673,0,0,0,0
108.933002,0,0,0,0
129.912118,0,0,0,0
107.609001,0,0,0,0
109.147917,0,0,0,0
109.697721,0,0,0,0
119.317523,0,0,0,0
113.965635,0,0,0,0
112.363409,0,0,0,0
113.698687,0,0,0,0
123.681628,0,0,0,0
116.912982,0,0,0,0
115.034158,0,0,0,0
130.109103,0,0,0,0
116.161300,0,0,0,0
128.045549,0,0,0,0
121.807811,0,0,0,0
112.807615,0,0,0,0
141.491309,0,0,0,0
115.681909,0,0,0,0
122.582863,0,0,0,0
119.700057,0,0,0,0
113.270827,0,0,0,0
112.032946,0,0,0,0
114.576874,0,0,0,0
123.863684,0,0,0,0
119.044310,0,0,0,0
116.985478,0,0,0,0
112.501233,0,0,0,0
107.614421,0,0,0,0
115.190732,0,0,0,0
113.556895,0,0,0,0
109.345583,0,0,0,0
117.527899,0,0,0,0
103.650461,0,0,0,0
101.801193,0,0,0,0
107.070789,0,0,0,0
159.393044,0,0,0,0
111.583925,0,0,0,0
104.951514,0,0,0,0
101.345926,0,0,0,0
99.719081,0,0,0,0
101.836150,0,0,0,0
100.886230,0,0,0,0
98.204249,0,0,0,0
101.884262,0,0,0,0
95.459099,0,0,0,0
96.687020,0,0,0,0
95.637716,0,0,0,0
97.602415,0,0,0,0
96.794899,0,0,0,0
99.439855,0,0,0,0
98.523255,0,0,0,0
103.153847,0,0,0,0
100.511743,0,0,0,0
97.498163,0,0,0,0
98.564556,0,0,0,0
105.036270,0,0,0,0
102.913188,0,0,0,0
104.607770,0,0,0,0
107.307917,0,0,0,0
106.323127,0,0,0,0
100.571108,0,0,0,0
103.398964,0,0,0,0
101.816735,0,0,0,0
103.085555,0,0,0,0
102.410458,0,0,0,0
103.425791,0,0,0,0
98.799955,0,0,0,0
93.829440,0,0,0,0
109.039723,0,0,0,0
94.956267,0,0,0,0
99.178854,0,0,0,0
93.649776,0,0,0,0
117.696497,0,0,0,0
94.168276,0,0,0,0
94.837362,0,0,0,0
94.472855,0,0,0,0
90.727295,0,0,0,0
99.279464,0,0,0,0
93.462856,0,0,0,0
97.465382,0,0,0,0
99.693574,0,0,0,0
100.245652,0,0,0,0
103.501836,0,0,0,0
107.289599,0,0,0,0
105.492418,0,0,0,0
131.901133,0,0,0,0
117.704374,0,0,0,0
115.473652,0,0,0,0
123.011041,0,0,0,0
111.716442,0,0,0,0
110.211446,0,0,0,0
109.164926,0,0,0,0
122.541958,0,0,0,0
109.049226,0,0,0,0
108.736290,0,0,0,0
114.595366,0,0,0,0
105.348915,0,0,0,0
124.329192,0,0,0,0
113.735771,0,0,0,0
110.317321,0,0,0,0
108.045629,0,0,0,0
110.769820,0,0,0,0
105.421495,0,0,0,0
116.282410,0,0,0,0
104.770618,0,0,0,0
102.826793,0,0,0,0
127.420924,0,0,0,0
105.497855,0,0,0,0
107.890297,0,0,0,0
107.217139,0,0,0,0
108.959334,0,0,0,0
100.495758,0,0,0,0
105.973032,0,0,0,0
98.461642,0,0,0,0
110.585854,0,0,0,0
93.176092,0,0,0,0
95.315425,0,0,0,0
87.941525,0,0,0,0
83.683248,0,0,0,0
104.389024,0,0,0,0
87.459426,0,0,0,0
78.301602,0,0,0,0
74.393316,0,0,0,0
