#LBA time[ms], KF opt[#], KF fixed[#], MP[#], Edges[#]
2.083931,2,1,0,674
3.701641,2,2,0,660
3.660326,2,2,0,1280
6.306603,2,3,0,1830
7.019595,2,4,0,1568
1.960537,2,2,0,559
2.698135,2,3,0,1065
3.555490,2,4,0,1192
4.198561,2,2,0,977
2.897875,2,1,0,972
4.464218,2,2,0,1226
6.356008,2,3,0,1790
4.316576,2,5,0,1943
8.941066,2,6,0,2130
8.502604,2,6,0,1728
4.180947,2,7,0,1591
11.256050,2,8,0,1805
13.070187,0,0,0,0
13.475573,0,0,0,0
18.808282,0,0,0,0
16.634786,0,0,0,0
18.945631,0,0,0,0
26.798713,0,0,0,0
22.682253,0,0,0,0
24.546841,0,0,0,0
25.679741,0,0,0,0
28.010274,0,0,0,0
29.814846,0,0,0,0
32.057180,0,0,0,0
34.463403,0,0,0,0
31.247663,0,0,0,0
32.702556,0,0,0,0
35.807552,0,0,0,0
37.578486,0,0,0,0
35.180671,0,0,0,0
37.640659,0,0,0,0
40.041066,0,0,0,0
42.350876,0,0,0,0
39.230618,0,0,0,0
36.818382,0,0,0,0
38.729291,0,0,0,0
41.473267,0,0,0,0
39.921810,0,0,0,0
39.045413,0,0,0,0
38.253425,0,0,0,0
39.426187,0,0,0,0
39.939127,0,0,0,0
39.538310,0,0,0,0
39.648743,0,0,0,0
40.903875,0,0,0,0
41.167457,0,0,0,0
41.240421,0,0,0,0
41.600222,0,0,0,0
41.381632,0,0,0,0
44.479647,0,0,0,0
42.030098,0,0,0,0
41.095158,0,0,0,0
43.145567,0,0,0,0
42.764104,0,0,0,0
41.999419,0,0,0,0
40.615105,0,0,0,0
52.131409,0,0,0,0
40.499181,0,0,0,0
42.174258,0,0,0,0
41.960372,0,0,0,0
57.763413,0,0,0,0
44.574889,0,0,0,0
42.460017,0,0,0,0
41.055985,0,0,0,0
42.746063,0,0,0,0
41.362877,0,0,0,0
40.884370,0,0,0,0
40.827739,0,0,0,0
50.209164,0,0,0,0
43.496350,0,0,0,0
42.233780,0,0,0,0
42.763705,0,0,0,0
42.291119,0,0,0,0
42.181358,0,0,0,0
43.583539,0,0,0,0
49.887003,0,0,0,0
42.885934,0,0,0,0
41.595493,0,0,0,0
41.563930,0,0,0,0
47.885835,0,0,0,0
41.930316,0,0,0,0
42.840133,0,0,0,0
41.981455,0,0,0,0
41.378492,0,0,0,0
41.400410,0,0,0,0
41.048861,0,0,0,0
43.124442,0,0,0,0
41.168120,0,0,0,0
41.751721,0,0,0,0
40.156255,0,0,0,0
40.380409,0,0,0,0
40.659197,0,0,0,0
41.780959,0,0,0,0
43.153349,0,0,0,0
43.286666,0,0,0,0
44.701415,0,0,0,0
43.321677,0,0,0,0
43.484169,0,0,0,0
43.888012,0,0,0,0
45.785848,0,0,0,0
45.301312,0,0,0,0
45.080911,0,0,0,0
46.606706,0,0,0,0
44.081227,0,0,0,0
45.452905,0,0,0,0
46.243816,0,0,0,0
46.447945,0,0,0,0
51.191323,0,0,0,0
47.546406,0,0,0,0
49.803789,0,0,0,0
45.720719,0,0,0,0
54.610199,0,0,0,0
47.783510,0,0,0,0
47.770277,0,0,0,0
47.346340,0,0,0,0
47.111282,0,0,0,0
47.751655,0,0,0,0
48.271793,0,0,0,0
46.766659,0,0,0,0
45.135702,0,0,0,0
46.985882,0,0,0,0
48.386704,0,0,0,0
55.525381,0,0,0,0
46.761022,0,0,0,0
50.720810,0,0,0,0
79.578983,0,0,0,0
46.262416,0,0,0,0
51.580286,0,0,0,0
46.642974,0,0,0,0
46.306706,0,0,0,0
45.374328,0,0,0,0
46.095854,0,0,0,0
54.371026,0,0,0,0
46.059198,0,0,0,0
53.326148,0,0,0,0
45.386999,0,0,0,0
46.277031,0,0,0,0
49.263566,0,0,0,0
47.403519,0,0,0,0
46.433480,0,0,0,0
45.801725,0,0,0,0
46.270148,0,0,0,0
46.883807,0,0,0,0
56.723028,0,0,0,0
45.148757,0,0,0,0
49.780460,0,0,0,0
46.728516,0,0,0,0
46.442112,0,0,0,0
46.803982,0,0,0,0
58.114271,0,0,0,0
46.991415,0,0,0,0
49.587347,0,0,0,0
48.052235,0,0,0,0
47.667337,0,0,0,0
47.877123,0,0,0,0
45.467833,0,0,0,0
50.442424,0,0,0,0
45.479619,0,0,0,0
51.970829,0,0,0,0
45.241912,0,0,0,0
49.841497,0,0,0,0
46.698925,0,0,0,0
47.316328,0,0,0,0
44.910195,0,0,0,0
48.243534,0,0,0,0
46.417046,0,0,0,0
44.760652,0,0,0,0
44.274662,0,0,0,0
49.050838,0,0,0,0
44.861192,0,0,0,0
52.419840,0,0,0,0
44.264774,0,0,0,0
47.447497,0,0,0,0
47.592700,0,0,0,0
46.512864,0,0,0,0
44.794189,0,0,0,0
45.010319,0,0,0,0
48.143648,0,0,0,0
47.604254,0,0,0,0
45.256016,0,0,0,0
46.680460,0,0,0,0
45.935688,0,0,0,0
43.818548,0,0,0,0
50.091390,0,0,0,0
45.559798,0,0,0,0
44.484286,0,0,0,0
44.524325,0,0,0,0
43.464160,0,0,0,0
44.969653,0,0,0,0
48.702339,0,0,0,0
44.805241,0,0,0,0
43.846263,0,0,0,0
43.793814,0,0,0,0
44.119949,0,0,0,0
58.397648,0,0,0,0
43.190707,0,0,0,0
43.843019,0,0,0,0
43.283993,0,0,0,0
44.748237,0,0,0,0
45.590840,0,0,0,0
55.772161,0,0,0,0
45.562808,0,0,0,0
42.181000,0,0,0,0
43.687554,0,0,0,0
42.977799,0,0,0,0
43.684717,0,0,0,0
47.031248,0,0,0,0
43.829699,0,0,0,0
42.632560,0,0,0,0
54.255502,0,0,0,0
42.262793,0,0,0,0
55.195224,0,0,0,0
42.401636,0,0,0,0
42.452019,0,0,0,0
58.238270,0,0,0,0
43.385498,0,0,0,0
45.849348,0,0,0,0
44.263238,0,0,0,0
44.146561,0,0,0,0
43.283375,0,0,0,0
45.081602,0,0,0,0
46.633741,0,0,0,0
47.903464,0,0,0,0
46.438314,0,0,0,0
49.085515,0,0,0,0
52.290150,0,0,0,0
61.629495,0,0,0,0
53.429831,0,0,0,0
53.560595,0,0,0,0
51.440622,0,0,0,0
50.878065,0,0,0,0
51.359297,0,0,0,0
27.317218,0,0,0,0
45.591566,0,0,0,0
44.737966,0,0,0,0
44.180400,0,0,0,0
44.049816,0,0,0,0
44.960707,0,0,0,0
43.428889,0,0,0,0
44.073128,0,0,0,0
47.143215,0,0,0,0
44.686717,0,0,0,0
47.636021,0,0,0,0
48.911788,0,0,0,0
51.104695,0,0,0,0
47.239660,0,0,0,0
46.775363,0,0,0,0
48.026661,0,0,0,0
47.902936,0,0,0,0
47.589338,0,0,0,0
48.127562,0,0,0,0
50.368281,0,0,0,0
45.406027,0,0,0,0
45.796975,0,0,0,0
49.247486,0,0,0,0
46.903597,0,0,0,0
48.426525,0,0,0,0
47.773937,0,0,0,0
50.018012,0,0,0,0
49.167218,0,0,0,0
50.186965,0,0,0,0
52.902204,0,0,0,0
50.874186,0,0,0,0
49.475211,0,0,0,0
49.106957,0,0,0,0
49.179115,0,0,0,0
49.300927,0,0,0,0
49.816745,0,0,0,0
51.054596,0,0,0,0
50.414440,0,0,0,0
53.093173,0,0,0,0
52.414205,0,0,0,0
51.483133,0,0,0,0
54.685532,0,0,0,0
51.957170,0,0,0,0
52.860687,0,0,0,0
50.906597,0,0,0,0
52.051322,0,0,0,0
49.764417,0,0,0,0
49.467921,0,0,0,0
51.896175,0,0,0,0
50.656473,0,0,0,0
50.081259,0,0,0,0
50.330561,0,0,0,0
53.366957,0,0,0,0
50.945099,0,0,0,0
51.885011,0,0,0,0
51.749198,0,0,0,0
52.786569,0,0,0,0
54.004669,0,0,0,0
53.868325,0,0,0,0
54.191082,0,0,0,0
58.472319,0,0,0,0
59.940130,0,0,0,0
55.332102,0,0,0,0
56.955026,0,0,0,0
57.215150,0,0,0,0
56.926710,0,0,0,0
56.548835,0,0,0,0
60.983011,0,0,0,0
57.290421,0,0,0,0
57.153681,0,0,0,0
58.968060,0,0,0,0
58.217958,0,0,0,0
57.567983,0,0,0,0
57.223261,0,0,0,0
59.027689,0,0,0,0
56.061508,0,0,0,0
65.700438,0,0,0,0
57.419625,0,0,0,0
57.306201,0,0,0,0
65.380273,0,0,0,0
56.827467,0,0,0,0
56.771307,0,0,0,0
56.973350,0,0,0,0
57.555069,0,0,0,0
57.226195,0,0,0,0
66.664215,0,0,0,0
56.747098,0,0,0,0
56.384269,0,0,0,0
56.708147,0,0,0,0
56.712032,0,0,0,0
56.771607,0,0,0,0
57.443556,0,0,0,0
58.549641,0,0,0,0
69.342404,0,0,0,0
59.886535,0,0,0,0
58.681367,0,0,0,0
57.489235,0,0,0,0
57.095807,0,0,0,0
57.294355,0,0,0,0
58.372736,0,0,0,0
82.195273,0,0,0,0
61.704139,0,0,0,0
57.953338,0,0,0,0
57.717292,0,0,0,0
57.370784,0,0,0,0
58.927598,0,0,0,0
59.195218,0,0,0,0
59.799399,0,0,0,0
60.419918,0,0,0,0
60.327427,0,0,0,0
59.909296,0,0,0,0
59.979075,0,0,0,0
59.814548,0,0,0,0
59.620975,0,0,0,0
59.771306,0,0,0,0
60.255144,0,0,0,0
62.004259,0,0,0,0
58.879750,0,0,0,0
60.285304,0,0,0,0
61.029674,0,0,0,0
59.117724,0,0,0,0
60.420514,0,0,0,0
59.222287,0,0,0,0
59.758310,0,0,0,0
59.959288,0,0,0,0
59.495457,0,0,0,0
62.615309,0,0,0,0
62.076763,0,0,0,0
65.861564,0,0,0,0
61.682752,0,0,0,0
58.699479,0,0,0,0
61.284872,0,0,0,0
58.582934,0,0,0,0
59.940598,0,0,0,0
58.841231,0,0,0,0
63.687328,0,0,0,0
57.213094,0,0,0,0
57.510114,0,0,0,0
60.716235,0,0,0,0
58.258946,0,0,0,0
57.283643,0,0,0,0
61.232077,0,0,0,0
58.649258,0,0,0,0
57.436846,0,0,0,0
58.432206,0,0,0,0
65.128998,0,0,0,0
64.251575,0,0,0,0
62.443878,0,0,0,0
61.260669,0,0,0,0
60.512162,0,0,0,0
59.858853,0,0,0,0
60.616326,0,0,0,0
59.653115,0,0,0,0
63.387742,0,0,0,0
60.636068,0,0,0,0
59.109657,0,0,0,0
62.101293,0,0,0,0
66.790610,0,0,0,0
61.969862,0,0,0,0
62.951662,0,0,0,0
62.533814,0,0,0,0
60.690120,0,0,0,0
59.930876,0,0,0,0
58.048079,0,0,0,0
59.619778,0,0,0,0
56.996071,0,0,0,0
60.719445,0,0,0,0
57.208986,0,0,0,0
56.628060,0,0,0,0
58.432299,0,0,0,0
58.859285,0,0,0,0
60.543428,0,0,0,0
59.018245,0,0,0,0
62.405231,0,0,0,0
60.622259,0,0,0,0
59.817428,0,0,0,0
65.090055,0,0,0,0
71.585632,0,0,0,0
59.381249,0,0,0,0
69.615664,0,0,0,0
55.577295,0,0,0,0
56.127124,0,0,0,0
54.549472,0,0,0,0
55.509478,0,0,0,0
54.932255,0,0,0,0
55.734179,0,0,0,0
58.674545,0,0,0,0
55.712159,0,0,0,0
56.023861,0,0,0,0
54.448726,0,0,0,0
54.249857,0,0,0,0
53.384528,0,0,0,0
53.169405,0,0,0,0
53.763687,0,0,0,0
54.007233,0,0,0,0
55.992708,0,0,0,0
55.275649,0,0,0,0
55.957113,0,0,0,0
56.131621,0,0,0,0
57.879026,0,0,0,0
54.899923,0,0,0,0
51.392238,0,0,0,0
52.354938,0,0,0,0
50.243274,0,0,0,0
49.453549,0,0,0,0
50.697913,0,0,0,0
52.660986,0,0,0,0
51.274619,0,0,0,0
49.406041,0,0,0,0
50.803764,0,0,0,0
49.760151,0,0,0,0
50.918190,0,0,0,0
52.202392,0,0,0,0
50.785250,0,0,0,0
50.331953,0,0,0,0
50.202909,0,0,0,0
48.650375,0,0,0,0
47.757314,0,0,0,0
47.786581,0,0,0,0
45.756483,0,0,0,0
45.746578,0,0,0,0
44.545366,0,0,0,0
45.928361,0,0,0,0
48.006677,0,0,0,0
45.032300,0,0,0,0
43.582964,0,0,0,0
43.920975,0,0,0,0
43.367577,0,0,0,0
44.491130,0,0,0,0
43.848215,0,0,0,0
44.853020,0,0,0,0
43.357682,0,0,0,0
44.572948,0,0,0,0
43.338776,0,0,0,0
42.128777,0,0,0,0
43.425533,0,0,0,0
42.979246,0,0,0,0
44.830475,0,0,0,0
46.662410,0,0,0,0
44.811662,0,0,0,0
42.730259,0,0,0,0
42.913918,0,0,0,0
44.380875,0,0,0,0
43.816607,0,0,0,0
47.017339,0,0,0,0
44.941253,0,0,0,0
47.429812,0,0,0,0
44.504777,0,0,0,0
45.803017,0,0,0,0
46.247130,0,0,0,0
47.544808,0,0,0,0
44.765037,0,0,0,0
45.403945,0,0,0,0
45.841964,0,0,0,0
44.745587,0,0,0,0
45.227135,0,0,0,0
47.216463,0,0,0,0
46.675654,0,0,0,0
46.115986,0,0,0,0
46.033910,0,0,0,0
45.577433,0,0,0,0
45.548526,0,0,0,0
46.590152,0,0,0,0
46.403443,0,0,0,0
46.948952,0,0,0,0
47.059410,0,0,0,0
46.297182,0,0,0,0
46.963991,0,0,0,0
48.041013,0,0,0,0
48.752710,0,0,0,0
48.938592,0,0,0,0
48.318273,0,0,0,0
49.156527,0,0,0,0
52.474908,0,0,0,0
51.674637,0,0,0,0
51.660607,0,0,0,0
55.465799,0,0,0,0
51.510925,0,0,0,0
54.347441,0,0,0,0
55.180637,0,0,0,0
55.204039,0,0,0,0
57.280488,0,0,0,0
58.001333,0,0,0,0
58.233710,0,0,0,0
59.383418,0,0,0,0
58.195696,0,0,0,0
61.679891,0,0,0,0
57.177510,0,0,0,0
58.946658,0,0,0,0
65.913672,0,0,0,0
57.642052,0,0,0,0
57.647012,0,0,0,0
59.055723,0,0,0,0
58.406735,0,0,0,0
62.379939,0,0,0,0
57.975747,0,0,0,0
69.985242,0,0,0,0
60.805780,0,0,0,0
59.565540,0,0,0,0
61.506054,0,0,0,0
59.927159,0,0,0,0
59.052455,0,0,0,0
59.408035,0,0,0,0
59.572641,0,0,0,0
57.466731,0,0,0,0
69.747370,0,0,0,0
62.277903,0,0,0,0
60.647381,0,0,0,0
59.857401,0,0,0,0
57.841157,0,0,0,0
60.912808,0,0,0,0
58.014950,0,0,0,0
60.700495,0,0,0,0
61.399368,0,0,0,0
63.995538,0,0,0,0
58.858387,0,0,0,0
58.598932,0,0,0,0
58.062509,0,0,0,0
60.304051,0,0,0,0
63.459167,0,0,0,0
62.460261,0,0,0,0
64.150796,0,0,0,0
67.800455,0,0,0,0
67.907324,0,0,0,0
67.473317,0,0,0,0
63.936181,0,0,0,0
75.378138,0,0,0,0
61.938339,0,0,0,0
67.929919,0,0,0,0
70.443511,0,0,0,0
62.962434,0,0,0,0
62.388074,0,0,0,0
66.471923,0,0,0,0
64.393432,0,0,0,0
64.483827,0,0,0,0
64.754451,0,0,0,0
68.564430,0,0,0,0
68.444392,0,0,0,0
67.341236,0,0,0,0
69.267674,0,0,0,0
76.273202,0,0,0,0
73.632102,0,0,0,0
73.693069,0,0,0,0
74.069940,0,0,0,0
76.544467,0,0,0,0
69.555890,0,0,0,0
69.698783,0,0,0,0
77.783044,0,0,0,0
72.931250,0,0,0,0
72.661034,0,0,0,0
71.102780,0,0,0,0
73.332850,0,0,0,0
82.436752,0,0,0,0
96.510318,0,0,0,0
77.520406,0,0,0,0
79.160156,0,0,0,0
81.017716,0,0,0,0
82.322923,0,0,0,0
83.583289,0,0,0,0
84.342821,0,0,0,0
82.602218,0,0,0,0
81.390797,0,0,0,0
75.386165,0,0,0,0
82.532695,0,0,0,0
74.677945,0,0,0,0
73.919754,0,0,0,0
77.119929,0,0,0,0
76.119569,0,0,0,0
84.480390,0,0,0,0
77.437226,0,0,0,0
82.369823,0,0,0,0
81.988367,0,0,0,0
81.092527,0,0,0,0
80.102410,0,0,0,0
76.974349,0,0,0,0
83.018396,0,0,0,0
81.084141,0,0,0,0
81.079729,0,0,0,0
79.056724,0,0,0,0
70.869340,0,0,0,0
72.484414,0,0,0,0
69.277444,0,0,0,0
67.442536,0,0,0,0
66.294629,0,0,0,0
69.585821,0,0,0,0
68.013192,0,0,0,0
85.402808,0,0,0,0
70.798381,0,0,0,0
68.183261,0,0,0,0
70.137366,0,0,0,0
68.034403,0,0,0,0
72.129667,0,0,0,0
73.475527,0,0,0,0
68.600906,0,0,0,0
68.541284,0,0,0,0
66.955804,0,0,0,0
66.738941,0,0,0,0
62.748883,0,0,0,0
70.012042,0,0,0,0
62.919207,0,0,0,0
62.091306,0,0,0,0
65.841138,0,0,0,0
66.362867,0,0,0,0
63.709294,0,0,0,0
66.906594,0,0,0,0
65.203592,0,0,0,0
70.179068,0,0,0,0
70.918422,0,0,0,0
66.916646,0,0,0,0
65.055876,0,0,0,0
65.060026,0,0,0,0
76.274317,0,0,0,0
65.303089,0,0,0,0
64.678665,0,0,0,0
69.385475,0,0,0,0
67.101851,0,0,0,0
64.630474,0,0,0,0
67.015473,0,0,0,0
64.338307,0,0,0,0
65.678898,0,0,0,0
64.711326,0,0,0,0
71.476899,0,0,0,0
62.534873,0,0,0,0
65.261636,0,0,0,0
62.666970,0,0,0,0
62.138432,0,0,0,0
69.443226,0,0,0,0
63.993762,0,0,0,0
65.924829,0,0,0,0
63.228840,0,0,0,0
65.405095,0,0,0,0
62.750987,0,0,0,0
68.594179,0,0,0,0
60.823990,0,0,0,0
60.475954,0,0,0,0
58.949338,0,0,0,0
61.306795,0,0,0,0
58.949502,0,0,0,0
60.065533,0,0,0,0
59.081295,0,0,0,0
57.912492,0,0,0,0
59.903767,0,0,0,0
58.992144,0,0,0,0
60.442012,0,0,0,0
58.762502,0,0,0,0
61.598111,0,0,0,0
60.267707,0,0,0,0
59.369212,0,0,0,0
68.394691,0,0,0,0
60.349774,0,0,0,0
60.771897,0,0,0,0
62.489813,0,0,0,0
69.210524,0,0,0,0
71.699947,0,0,0,0
69.095045,0,0,0,0
69.647879,0,0,0,0
70.677522,0,0,0,0
69.850438,0,0,0,0
69.981959,0,0,0,0
73.597657,0,0,0,0
68.034355,0,0,0,0
69.308452,0,0,0,0
74.116900,0,0,0,0
69.341503,0,0,0,0
68.831712,0,0,0,0
69.693688,0,0,0,0
70.044459,0,0,0,0
72.414174,0,0,0,0
72.970815,0,0,0,0
73.622712,0,0,0,0
71.033446,0,0,0,0
74.991256,0,0,0,0
73.884125,0,0,0,0
72.374210,0,0,0,0
77.812451,0,0,0,0
79.615944,0,0,0,0
87.155918,0,0,0,0
86.612016,0,0,0,0
89.904808,0,0,0,0
93.091146,0,0,0,0
92.439005,0,0,0,0
103.345401,0,0,0,0
100.036039,0,0,0,0
105.422903,0,0,0,0
107.099566,0,0,0,0
100.569070,0,0,0,0
101.277048,0,0,0,0
110.354100,0,0,0,0
107.451032,0,0,0,0
105.098172,0,0,0,0
105.261554,0,0,0,0
98.228731,0,0,0,0
101.779040,0,0,0,0
98.950948,0,0,0,0
99.385442,0,0,0,0
115.117155,0,0,0,0
109.534722,0,0,0,0
100.135630,0,0,0,0
98.050691,0,0,0,0
99.019945,0,0,0,0
95.808554,0,0,0,0
97.524309,0,0,0,0
97.119684,0,0,0,0
101.348552,0,0,0,0
98.481760,0,0,0,0
97.859037,0,0,0,0
98.457503,0,0,0,0
95.006038,0,0,0,0
97.329813,0,0,0,0
94.635425,0,0,0,0
96.352120,0,0,0,0
92.011905,0,0,0,0
87.198497,0,0,0,0
89.242489,0,0,0,0
88.136708,0,0,0,0
89.474038,0,0,0,0
88.207164,0,0,0,0
92.310601,0,0,0,0
89.491310,0,0,0,0
94.706913,0,0,0,0
90.695740,0,0,0,0
91.549116,0,0,0,0
87.952712,0,0,0,0
83.094022,0,0,0,0
83.749235,0,0,0,0
83.306530,0,0,0,0
83.048172,0,0,0,0
83.082321,0,0,0,0
83.551775,0,0,0,0
83.424995,0,0,0,0
83.542223,0,0,0,0
90.644820,0,0,0,0
81.854303,0,0,0,0
85.381664,0,0,0,0
80.020763,0,0,0,0
79.934666,0,0,0,0
81.594383,0,0,0,0
82.551840,0,0,0,0
87.592281,0,0,0,0
82.661137,0,0,0,0
85.549873,0,0,0,0
87.381485,0,0,0,0
83.821529,0,0,0,0
86.015827,0,0,0,0
87.755151,0,0,0,0
82.176963,0,0,0,0
83.770166,0,0,0,0
82.958052,0,0,0,0
81.068345,0,0,0,0
81.989812,0,0,0,0
84.489397,0,0,0,0
82.649328,0,0,0,0
82.253598,0,0,0,0
85.977493,0,0,0,0
88.480832,0,0,0,0
97.536240,0,0,0,0
88.990540,0,0,0,0
99.818517,0,0,0,0
100.472296,0,0,0,0
94.735225,0,0,0,0
97.462062,0,0,0,0
100.383366,0,0,0,0
101.653747,0,0,0,0
124.757611,0,0,0,0
103.644880,0,0,0,0
100.231837,0,0,0,0
108.849109,0,0,0,0
101.840224,0,0,0,0
106.148010,0,0,0,0
105.044323,0,0,0,0
103.724948,0,0,0,0
108.289821,0,0,0,0
125.480889,0,0,0,0
106.986066,0,0,0,0
103.833274,0,0,0,0
106.763112,0,0,0,0
108.996023,0,0,0,0
106.865827,0,0,0,0
104.635029,0,0,0,0
105.562784,0,0,0,0
111.762132,0,0,0,0
105.304144,0,0,0,0
101.477460,0,0,0,0
102.431181,0,0,0,0
103.121483,0,0,0,0
101.089017,0,0,0,0
101.851623,0,0,0,0
102.494140,0,0,0,0
102.982418,0,0,0,0
103.740845,0,0,0,0
109.788176,0,0,0,0
102.454639,0,0,0,0
107.606427,0,0,0,0
103.804175,0,0,0,0
105.978332,0,0,0,0
106.250219,0,0,0,0
118.427494,0,0,0,0
106.861472,0,0,0,0
108.458384,0,0,0,0
109.270025,0,0,0,0
109.397992,0,0,0,0
109.975196,0,0,0,0
120.519884,0,0,0,0
114.477665,0,0,0,0
109.686747,0,0,0,0
111.349693,0,0,0,0
111.072461,0,0,0,0
139.279658,0,0,0,0
113.364334,0,0,0,0
113.537574,0,0,0,0
112.857539,0,0,0,0
116.267596,0,0,0,0
112.123862,0,0,0,0
118.567672,0,0,0,0
118.792464,0,0,0,0
113.145219,0,0,0,0
113.017791,0,0,0,0
112.660169,0,0,0,0
109.690864,0,0,0,0
109.600619,0,0,0,0
108.459976,0,0,0,0
111.822802,0,0,0,0
106.701773,0,0,0,0
106.990484,0,0,0,0
105.213071,0,0,0,0
108.039521,0,0,0,0
106.061402,0,0,0,0
107.290957,0,0,0,0
106.790366,0,0,0,0
109.472412,0,0,0,0
107.640278,0,0,0,0
101.924115,0,0,0,0
102.289083,0,0,0,0
109.327456,0,0,0,0
100.147334,0,0,0,0
99.871867,0,0,0,0
98.269897,0,0,0,0
98.531889,0,0,0,0
96.699581,0,0,0,0
102.925202,0,0,0,0
97.933411,0,0,0,0
99.321347,0,0,0,0
96.894352,0,0,0,0
100.956475,0,0,0,0
99.681820,0,0,0,0
98.657835,0,0,0,0
118.810856,0,0,0,0
99.472404,0,0,0,0
100.161688,0,0,0,0
98.807300,0,0,0,0
102.066281,0,0,0,0
102.530143,0,0,0,0
108.655659,0,0,0,0
100.299372,0,0,0,0
101.443556,0,0,0,0
100.656731,0,0,0,0
96.869930,0,0,0,0
97.143572,0,0,0,0
93.679905,0,0,0,0
95.063024,0,0,0,0
94.792177,0,0,0,0
94.578328,0,0,0,0
92.700755,0,0,0,0
93.257801,0,0,0,0
92.157695,0,0,0,0
87.529196,0,0,0,0
91.818337,0,0,0,0
94.931183,0,0,0,0
93.107915,0,0,0,0
94.842650,0,0,0,0
95.481110,0,0,0,0
95.205350,0,0,0,0
97.222111,0,0,0,0
99.684517,0,0,0,0
101.373538,0,0,0,0
103.248866,0,0,0,0
105.893517,0,0,0,0
107.687286,0,0,0,0
110.117883,0,0,0,0
108.024488,0,0,0,0
110.733774,0,0,0,0
111.895589,0,0,0,0
111.408723,0,0,0,0
111.751535,0,0,0,0
112.788325,0,0,0,0
122.184486,0,0,0,0
112.940587,0,0,0,0
110.554175,0,0,0,0
121.528388,0,0,0,0
113.151407,0,0,0,0
108.074186,0,0,0,0
107.610466,0,0,0,0
112.488415,0,0,0,0
114.622791,0,0,0,0
116.642729,0,0,0,0
116.653726,0,0,0,0
108.203549,0,0,0,0
111.977496,0,0,0,0
109.773926,0,0,0,0
109.726952,0,0,0,0
111.932691,0,0,0,0
108.728304,0,0,0,0
116.333684,0,0,0,0
107.694705,0,0,0,0
105.626270,0,0,0,0
102.073136,0,0,0,0
103.305464,0,0,0,0
97.489712,0,0,0,0
95.288371,0,0,0,0
92.114622,0,0,0,0
91.621672,0,0,0,0
88.716646,0,0,0,0
85.535001,0,0,0,0
87.055108,0,0,0,0
81.886014,0,0,0,0
77.146533,0,0,0,0
